44.899 0.262
44.931 0.262
45.197 0.262
45.432 0.261
45.467 0.261
45.665 0.262
45.865 0.264
45.898 0.264
77.759 0.353
77.793 0.355
90.322 0.325
100.423 0.316
108.819 0.332
108.853 0.332
124.748 0.303
124.784 0.302
135.717 0.301
135.750 0.301
143.650 0.289
143.679 0.287
151.177 0.291
151.210 0.293
185.202 0.418
185.238 0.419
185.375 0.420
185.404 0.421
185.538 0.424
185.703 0.424
185.738 0.425
196.613 0.403
204.603 0.382
204.635 0.382
212.268 0.372
212.300 0.373
212.333 0.374
220.530 0.382
220.562 0.380
220.598 0.382
220.629 0.382
228.930 0.387
228.963 0.388
236.960 0.381
236.994 0.381
237.026 0.381
245.057 0.395
245.092 0.395
245.124 0.395
252.658 0.357
252.689 0.358
252.723 0.358
252.758 0.358
259.656 0.361
259.690 0.360
259.722 0.359
