31.030 0.265
31.062 0.265
50.433 0.275
55.891 0.276
55.923 0.276
55.956 0.277
61.265 0.278
61.298 0.278
66.561 0.289
66.588 0.290
70.788 0.281
70.819 0.282
75.023 0.274
75.053 0.275
79.883 0.288
79.918 0.289
79.951 0.289
84.585 0.271
84.615 0.272
89.352 0.269
89.386 0.270
93.757 0.269
93.781 0.270
98.613 0.272
98.647 0.272
98.679 0.272
141.636 0.390
141.671 0.391
145.938 0.389
145.970 0.390
150.635 0.408
154.633 0.398
159.169 0.402
159.202 0.403
162.367 0.387
167.244 0.384
172.165 0.390
172.197 0.391
177.203 0.399
177.236 0.398
