47.131 0.252
47.162 0.251
47.326 0.249
47.528 0.245
55.561 0.249
55.760 0.248
55.792 0.248
58.523 0.252
58.559 0.252
58.693 0.252
58.858 0.252
58.992 0.252
59.025 0.253
72.824 0.266
77.091 0.294
77.122 0.294
81.155 0.317
81.186 0.317
81.220 0.319
81.255 0.318
84.754 0.322
84.784 0.321
84.819 0.320
84.852 0.319
84.952 0.317
84.985 0.319
85.018 0.320
89.088 0.323
89.118 0.323
89.155 0.324
89.258 0.338
89.287 0.345
92.618 0.328
92.653 0.329
92.686 0.330
92.719 0.330
92.920 0.327
92.956 0.326
92.989 0.327
93.017 0.327
96.351 0.328
96.383 0.328
96.419 0.328
99.982 0.333
100.015 0.332
100.049 0.330
100.085 0.332
103.351 0.329
103.384 0.328
103.417 0.330
103.449 0.330
103.483 0.332
103.516 0.331
103.550 0.332
106.981 0.345
107.022 0.346
107.161 0.358
107.186 0.361
110.814 0.346
110.847 0.346
110.881 0.345
111.013 0.342
114.914 0.346
114.949 0.346
115.085 0.350
115.113 0.354
117.782 0.337
117.816 0.337
121.247 0.342
121.278 0.342
121.311 0.341
124.644 0.338
124.677 0.334
124.715 0.333
128.275 0.339
128.310 0.340
128.343 0.341
128.377 0.342
158.905 0.403
159.038 0.405
159.071 0.405
159.241 0.406
169.800 0.407
169.833 0.408
169.867 0.408
176.601 0.440
176.634 0.440
180.432 0.440
180.465 0.438
180.499 0.439
184.031 0.432
184.070 0.435
184.099 0.433
187.533 0.417
187.565 0.415
187.599 0.417
187.631 0.418
191.364 0.422
191.398 0.423
191.432 0.424
194.497 0.438
194.529 0.438
194.564 0.438
197.663 0.417
197.697 0.418
197.731 0.418
200.732 0.401
200.763 0.403
200.796 0.402
204.027 0.414
204.063 0.416
204.093 0.417
204.127 0.423
207.063 0.408
207.094 0.409
207.128 0.410
209.959 0.410
209.992 0.412
210.024 0.413
