0 0 2.29
0 0 2.35
0 0 2.37
0 0 2.39
0 0 2.41
0 0 2.43
0 0 2.45
0 0 2.47
0 0 2.5
0 0 2.53
0 0 2.56
0 0 2.59
0 0 2.62
0 0 2.66
0 0 2.69
0 0 2.72
0 0 2.76
0 0 2.8
0 0 2.83
0 0 2.86
0 0 2.89
0 0 2.93
0 0 2.96
0 0 2.99
0 0 3.03
0 0 3.06
0 0 3.09
0 0 3.13
0 0 3.16
0 0 3.19
0 0 3.23
0 0 3.26
0 0 3.3
0 0 3.33
0 0 3.36
0 0 3.41
0 0 3.44
0 0 3.47
0 0 3.5
0 0 3.53
0 0 3.56
0 0 3.6
0 0 3.63
0 0 3.66
0 0 3.7
0 0 3.77
0 0 3.8
0 0 3.83
0 0 3.86
0 0 3.88
0 0 3.9
0 0 3.95
0 0 3.98
0 0 4.01
0 0 4.03
0 0 4.06
0 0 4.09
0 0 4.13
0 0 4.16
0 0 4.2
0 0 4.23
0 0 4.26
0 0 4.3
0 0 4.33
0 0 4.36
0 0 4.4
0 0 4.43
0 0 4.46
0 0 4.5
0 0 4.53
0 0 4.57
0 0 4.6
0 0 4.63
0 0 4.66
0 0 4.7
0 0 4.73
0 0 4.77
0 0 4.8
0 0 4.84
0 0 4.86
0 0 4.89
0 0 4.93
0 0 4.96
0 0 4.99
0 0 5.03
0 0 5.06
0 0 5.1
0 0 5.13
0 0 5.16
0 0 5.2
0 0 5.23
0 0 5.26
0 0 5.3
0 0 5.33
0 0 5.36
0 0 5.4
0 0 5.43
0 0 5.46
0 0 5.49
0 0 5.53
0 0 5.59
0 0 5.62
0 0 5.65
0 0 5.68
0 0 5.71
0 0 5.73
0 0 5.76
0 0 5.79
0 0 5.83
0 0 5.86
0 0 5.89
0 0 5.93
0 0 5.96
0 0 5.99
0 0 6.03
0 0 6.07
0 0 6.1
0 0 6.13
0 0 6.16
0 0 6.19
0 0 6.23
0 0 6.26
0 0 6.29
0 0 6.32
0 0 6.36
0 0 6.39
0 0 6.43
0 0 6.47
0 0 6.51
0 0 6.53
0 0 6.56
0 0 6.59
0 0 6.63
0 0 6.66
0 0 6.69
0 0 6.73
0 0 6.76
0 0 6.79
0 0 6.83
0 0 6.86
0 0 6.9
0 0 6.93
0 0 6.96
0 0 6.99
0 0 7.03
0 0 7.06
0 0 7.09
0 0 7.12
0 0 7.16
0 0 7.19
0 0 7.22
0 0 7.26
0 0 7.29
0 0 7.32
0 0 7.36
0 0 7.4
0 0 7.43
0 0 7.46
0 0 7.49
0 0 7.54
0 0 7.56
0 0 7.59
0 0 7.63
0 0 7.66
0 0 7.7
0 0 7.73
0 0 7.76
0 0 7.79
0 0 7.83
0 0 7.86
0 0 7.9
0 0 7.93
0 0 7.96
0 0 7.99
0 0 8.03
0 0 8.06
0 0 8.1
0 0 8.13
0 0 8.16
0 0 8.21
0 0 8.24
0 0 8.27
0 0 8.3
0 0 8.33
0 0 8.36
0 0 8.39
0 0 8.43
0 0 8.46
0 0 8.49
0 0 8.53
0 0 8.56
0 0 8.59
0 0 8.63
0 0 8.66
0 0 8.69
0 0 8.73
0 0 8.76
0 0 8.79
0 0 8.82
0 0 8.86
0 0 8.91
0 0 8.93
0 0 8.96
0 0 8.99
0 0 9.03
0 0 9.06
0 0 9.09
0 0 9.13
0 0 9.16
0 0 9.19
0 0 9.22
0 0 9.26
0 0 9.29
0 0 9.32
0 0 9.37
0 0 9.4
0 0 9.44
0 0 9.47
0 0 9.5
0 0 9.53
0 0 9.56
0 0 9.59
0 0 9.63
0 0 9.66
0 0 9.69
0 0 9.72
0 0 9.76
0 0 9.79
0 0 9.83
0 0 9.86
0 0 9.89
0 0 9.92
0 0 9.96
0 0 9.99
0 0 10.03
0 0 10.06
0 0 10.09
0 0 10.12
0 0 10.16
0 0 10.19
0 0 10.23
0 0 10.26
0 0 10.29
0 0 10.33
0 0 10.38
0 0 10.41
0 0 10.44
0 0 10.47
0 0 10.5
0 0 10.53
0 0 10.57
0 0 10.6
0 0 10.64
0 0 10.67
0 0 10.71
0 0 10.73
0 0 10.76
0 0 10.79
0 0 10.82
0 0 10.86
0 0 10.89
0 0 10.93
0 0 10.99
0 0 11.02
0 0 11.05
0 0 11.08
0 0 11.11
0 0 11.14
0 0 11.16
0 0 11.19
0 0 11.22
0 0 11.26
0 0 11.29
0 0 11.32
0 0 11.36
0 0 11.39
0 0 11.42
0 0 11.46
0 0 11.49
0 0 11.53
0 0 11.56
0 0 11.59
0 0 11.62
0 0 11.66
0 0 11.69
0 0 11.72
0 0 11.76
0 0 11.79
0 0 11.85
0 0 11.88
0 0 11.9
0 0 11.94
0 0 11.96
0 0 11.99
0 0 12.03
0 0 12.06
0 0 12.09
0 0 12.12
0 0 12.16
0 0 12.19
0 0 12.22
0 0 12.26
0 0 12.29
0 0 12.33
0 0 12.36
0 0 12.39
0 0 12.42
0 0 12.49
0 0 12.52
0 0 12.55
0 0 12.58
0 0 12.61
0 0 12.63
0 0 12.66
0 0 12.69
0 0 12.72
0 0 12.76
0 0 12.79
0 0 12.82
0 0 12.86
0 0 12.89
0 0 12.92
0 0 12.96
0 0 12.99
0 0 13.03
0 0 13.06
0 0 13.09
0 0 13.13
0 0 13.16
0 0 13.19
0 0 13.22
0 0 13.26
0 0 13.29
0 0 13.32
0 0 13.36
0 0 13.39
0 0 13.44
0 0 13.49
0 0 13.52
0 0 13.55
0 0 13.58
0 0 13.61
0 0 13.62
0 0 13.66
0 0 13.69
0 0 13.72
0 0 13.76
0 0 13.79
0 0 13.82
0 0 13.86
0 0 13.89
0 0 13.92
0 0 13.97
0 0 13.99
0 0 14.02
0 0 14.06
0 0 14.09
0 0 14.12
0 0 14.16
0 0 14.19
0 0 14.22
0 0 14.26
0 0 14.29
0 0 14.32
0 0 14.38
0 0 14.4
0 0 14.44
0 0 14.46
0 0 14.49
0 0 14.53
0 0 14.56
0 0 14.59
0 0 14.62
0 0 14.66
0 0 14.69
0 0 14.72
0 0 14.76
0 0 14.79
0 0 14.82
0 0 14.86
0 0 14.89
0 0 14.93
0 0 14.96
0 0 14.99
0 0 15.02
0 0 15.06
0 0 15.09
0 0 15.12
0 0 15.16
0 0 15.19
0 0 15.22
0 0 15.26
0 0 15.29
0 0 15.32
0 0 15.36
0 0 15.39
0 0 15.42
0 0 15.47
0 0 15.5
0 0 15.53
0 0 15.58
0 0 15.61
0 0 15.62
0 0 15.66
0 0 15.69
0 0 15.72
0 0 15.76
0 0 15.79
0 0 15.82
0 0 15.86
0 0 15.89
0 0 15.93
0 0 15.96
0 0 15.99
0 0 16.03
0 0 16.06
0 0 16.09
0 0 16.13
0 0 16.16
0 0 16.2
0 0 16.23
0 0 16.26
0 0 16.29
0 0 16.33
0 0 16.36
0 0 16.39
0 0 16.44
0 0 16.46
0 0 16.49
0 0 16.53
0 0 16.56
0 0 16.59
0 0 16.62
0 0 16.66
0 0 16.69
0 0 16.72
0 0 16.76
0 0 16.79
0 0 16.82
0 0 16.87
0 0 16.9
0 0 16.92
0 0 16.96
0 0 16.99
0 0 17.03
0 0 17.06
0 0 17.09
0 0 17.12
0 0 17.16
0 0 17.2
0 0 17.23
0 0 17.26
0 0 17.29
0 0 17.32
0 0 17.39
0 0 17.42
0 0 17.43
0 0 17.47
0 0 17.49
0 0 17.52
0 0 17.56
0 0 17.59
0 0 17.62
0 0 17.66
0 0 17.69
0 0 17.73
0 0 17.76
0 0 17.79
0 0 17.82
0 0 17.86
0 0 17.89
0 0 17.92
0 0 17.96
0 0 17.99
0 0 18.02
0 0 18.06
0 0 18.09
0 0 18.12
0 0 18.16
0 0 18.19
0 0 18.22
0 0 18.26
0 0 18.29
0 0 18.32
0 0 18.36
0 0 18.39
0 0 18.42
0 0 18.46
0 0 18.49
0 0 18.52
0 0 18.56
0 0 18.59
0 0 18.63
0 0 18.66
0 0 18.69
0 0 18.72
0 0 18.76
0 0 18.79
0 0 18.83
0 0 18.86
0 0 18.89
0 0 18.94
0 0 18.96
0 0 18.99
0 0 19.03
0 0 19.06
0 0 19.09
0 0 19.12
0 0 19.16
0 0 19.19
0 0 19.22
0 0 19.26
0 0 19.29
0 0 19.32
0 0 19.36
0 0 19.39
0 0 19.43
0 0 19.46
0 0 19.5
0 0 19.53
0 0 19.56
0 0 19.59
0 0 19.62
0 0 19.66
0 0 19.69
0 0 19.73
0 0 19.78
0 0 19.8
0 0 19.82
0 0 19.86
0 0 19.89
0 0 19.92
0 0 19.96
0 0 19.99
0 0 20.03
0 0 20.06
0 0 20.09
0 0 20.13
0 0 20.16
0 0 20.19
0 0 20.23
0 0 20.26
0 0 20.29
0 0 20.32
0 0 20.36
0 0 20.39
0 0 20.42
0 0 20.46
0 0 20.49
0 0 20.53
0 0 20.56
0 0 20.59
0 0 20.62
0 0 20.66
0 0 20.69
0 0 20.72
0 0 20.76
0 0 20.79
0 0 20.82
0 0 20.86
0 0 20.89
0 0 20.92
0 0 20.96
0 0 20.99
0 0 21.03
0 0 21.06
0 0 21.09
0 0 21.12
0 0 21.16
0 0 21.19
0 0 21.22
0 0 21.26
0 0 21.29
0 0 21.32
0 0 21.36
0 0 21.39
0 0 21.42
0 0 21.46
0 0 21.49
0 0 21.52
0 0 21.56
0 0 21.59
0 0 21.62
0 0 21.66
0 0 21.69
0 0 21.72
0 0 21.75
0 0 21.79
0 0 21.82
0 0 21.86
0 0 21.89
0 0 21.92
0 0 21.96
0 0 21.99
0 0 22.02
0 0 22.05
0 0 22.09
0 0 22.12
0 0 22.16
0 0 22.19
0 0 22.22
0 0 22.26
0 0 22.29
0 0 22.33
0 0 22.36
0 0 22.4
0 0 22.42
0 0 22.45
0 0 22.49
0 0 22.52
0 0 22.55
0 0 22.59
0 0 22.62
0 0 22.65
0 0 22.69
0 0 22.72
0 0 22.75
0 0 22.83
0 0 22.86
0 0 22.88
0 0 22.89
0 0 22.92
0 0 22.95
0 0 22.99
0 0 23.02
0 0 23.06
0 0 23.09
0 0 23.12
0 0 23.16
0 0 23.19
0 0 23.22
0 0 23.25
0 0 23.29
0 0 23.32
0 0 23.36
0 0 23.39
0 0 23.42
0 0 23.45
0 0 23.49
0 0 23.52
0 0 23.56
0 0 23.59
0 0 23.62
0 0 23.66
0 0 23.69
0 0 23.72
0 0 23.76
0 0 23.79
0 0 23.82
0 0 23.86
0 0 23.89
0 0 23.93
0 0 23.96
0 0 24.01
0 0 24.03
0 0 24.06
0 0 24.09
0 0 24.12
0 0 24.15
0 0 24.19
0 0 24.22
0 0 24.26
0 0 24.29
0 0 24.32
0 0 24.35
0 0 24.39
0 0 24.42
0 0 24.45
0 0 24.49
0 0 24.52
0 0 24.56
0 0 24.59
0 0 24.63
0 0 24.67
0 0 24.71
0 0 24.74
0 0 24.77
0 0 24.8
0 0 24.85
0 0 24.9
0 0 24.93
0 0 24.97
0 0 25.0
0 0 25.03
0 0 25.06
0 0 25.08
0 0 25.1
0 0 25.12
0 0 25.15
0 0 25.19
0 0 25.22
0 0 25.26
0 0 25.29
0 0 25.32
0 0 25.36
0 0 25.39
0 0 25.42
0 0 25.45
0 0 25.49
0 0 25.53
0 0 25.56
0 0 25.59
0 0 25.62
0 0 25.65
0 0 25.69
0 0 25.72
0 0 25.75
0 0 25.79
0 0 25.82
0 0 25.85
0 0 25.89
0 0 25.92
0 0 25.95
0 0 25.99
0 0 26.02
0 0 26.05
0 0 26.09
0 0 26.12
0 0 26.15
0 0 26.19
0 0 26.22
0 0 26.26
0 0 26.29
0 0 26.32
0 0 26.36
0 0 26.39
0 0 26.42
0 0 26.45
0 0 26.49
0 0 26.52
0 0 26.56
0 0 26.59
0 0 26.62
0 0 26.65
0 0 26.69
0 0 26.72
0 0 26.76
0 0 26.8
0 0 26.83
0 0 26.87
0 0 26.9
0 0 26.93
0 0 26.96
0 0 26.99
0 0 27.02
0 0 27.06
0 0 27.09
0 0 27.12
0 0 27.16
0 0 27.19
0 0 27.22
0 0 27.26
0 0 27.29
0 0 27.32
0 0 27.36
0 0 27.4
0 0 27.43
0 0 27.47
0 0 27.52
0 0 27.56
0 0 27.58
0 0 27.62
0 0 27.65
0 0 27.68
0 0 27.71
0 0 27.75
0 0 27.8
0 0 27.83
0 0 27.88
0 0 27.92
0 0 27.97
0 0 28.01
0 0 28.05
0 0 28.08
0 0 28.09
0 0 28.11
0 0 28.14
0 0 28.17
0 0 28.2
0 0 28.23
0 0 28.26
0 0 28.28
0 0 28.29
0 0 28.32
0 0 28.35
0 0 28.39
0 0 28.42
0 0 28.46
0 0 28.49
0 0 28.52
0 0 28.55
0 0 28.59
0 0 28.62
0 0 28.65
0 0 28.69
0 0 28.72
0 0 28.75
0 0 28.79
0 0 28.82
0 0 28.86
0 0 28.89
0 0 28.92
0 0 28.95
0 0 28.99
0 0 29.02
0 0 29.05
0 0 29.09
0 0 29.14
0 0 29.17
0 0 29.23
0 0 29.25
0 0 29.27
0 0 29.29
0 0 29.32
0 0 29.36
0 0 29.4
0 0 29.43
0 0 29.48
0 0 29.52
0 0 29.56
0 0 29.61
0 0 29.64
0 0 29.67
0 0 29.72
0 0 29.77
0 0 29.81
0 0 29.84
0 0 29.89
0 0 29.92
0 0 29.97
0 0 30.0
0 0 30.05
0 0 30.08
0 0 30.11
0 0 30.12
0 0 30.14
0 0 30.15
0 0 30.18
0 0 30.21
0 0 30.25
0 0 30.26
0 0 30.29
0 0 30.31
0 0 30.32
0 0 30.35
0 0 30.39
0 0 30.42
0 0 30.45
0 0 30.49
0 0 30.52
0 0 30.55
0 0 30.6
0 0 30.63
0 0 30.66
0 0 30.69
0 0 30.72
0 0 30.75
0 0 30.79
0 0 30.82
0 0 30.85
0 0 30.89
0 0 30.92
0 0 30.95
0 0 30.99
0 0 31.02
0 0 31.06
0 0 31.09
0 0 31.12
0 0 31.15
0 0 31.19
0 0 31.22
0 0 31.26
0 0 31.3
0 0 31.33
0 0 31.38
0 0 31.42
0 0 31.46
0 0 31.5
0 0 31.54
0 0 31.58
0 0 31.62
0 0 31.64
0 0 31.68
0 0 31.71
0 0 31.75
0 0 31.79
0 0 31.82
0 0 31.84
0 0 31.88
0 0 31.91
0 0 31.95
0 0 31.99
0 0 32.03
0 0 32.07
0 0 32.12
0 0 32.16
0 0 32.19
0 0 32.22
0 0 32.25
0 0 32.29
0 0 32.32
0 0 32.35
0 0 32.38
0 0 32.42
0 0 32.45
0 0 32.48
0 0 32.51
0 0 32.54
0 0 32.56
0 0 32.59
0 0 32.62
0 0 32.63
0 0 32.66
0 0 32.69
0 0 32.71
0 0 32.74
0 0 32.77
0 0 32.79
0 0 32.82
0 0 32.85
0 0 32.89
0 0 32.92
0 0 32.95
0 0 32.99
0 0 33.02
0 0 33.05
0 0 33.09
0 0 33.12
0 0 33.15
0 0 33.19
0 0 33.23
0 0 33.27
0 0 33.3
0 0 33.33
0 0 33.37
0 0 33.41
0 0 33.44
0 0 33.48
0 0 33.52
0 0 33.55
0 0 33.59
0 0 33.62
0 0 33.65
0 0 33.66
0 0 33.69
0 0 33.72
0 0 33.75
0 0 33.79
0 0 33.82
0 0 33.86
0 0 33.89
0 0 33.92
0 0 33.95
0 0 33.99
0 0 34.02
0 0 34.05
0 0 34.09
0 0 34.13
0 0 34.16
0 0 34.19
0 0 34.23
0 0 34.26
0 0 34.29
0 0 34.32
0 0 34.36
0 0 34.4
0 0 34.43
0 0 34.46
0 0 34.49
0 0 34.53
0 0 34.55
0 0 34.59
0 0 34.62
0 0 34.65
0 0 34.69
0 0 34.72
0 0 34.75
0 0 34.79
0 0 34.82
0 0 34.86
0 0 34.89
0 0 34.92
0 0 34.95
0 0 34.99
0 0 35.02
0 0 35.05
0 0 35.09
0 0 35.12
0 0 35.15
0 0 35.19
0 0 35.22
0 0 35.25
0 0 35.29
0 0 35.32
0 0 35.35
0 0 35.39
0 0 35.42
0 0 35.45
0 0 35.49
0 0 35.52
0 0 35.55
0 0 35.59
0 0 35.62
0 0 35.65
0 0 35.69
0 0 35.72
0 0 35.75
0 0 35.79
0 0 35.82
0 0 35.85
0 0 35.89
0 0 35.94
0.494 0.454 35.97
0.489 0.012 36.0
0.485 0.013 36.02
0.484 0.009 36.05
0.481 0.01 36.09
0.479 0.009 36.12
0.478 0.006 36.16
0.476 0.007 36.19
0 0 36.22
0.473 0.01 36.25
0 0 36.28
0.469 0.006 36.32
0 0 36.36
0.468 0.005 36.39
0.466 0.003 36.42
0.464 0.005 36.46
0.462 0.004 36.49
0.459 0.006 36.53
0.456 0.007 36.56
0.454 0.005 36.6
0.452 0.004 36.62
0 0 36.65
0.448 0.009 36.69
0.447 0.003 36.72
0.445 0.004 36.75
0 0 36.79
0.442 0.006 36.82
0.44 0.003 36.86
0.437 0.003 36.89
0.436 0.004 36.92
0.433 0.004 36.95
0.43 0.004 36.99
0.427 0.004 37.02
0.426 0.004 37.06
0.424 0.003 37.09
0.422 0.003 37.13
0.421 0.003 37.16
0.42 0.002 37.19
0 0 37.22
0.419 0.004 37.26
0.419 0.002 37.29
0.419 0.002 37.33
0.42 0.001 37.36
0.419 0.002 37.39
0.417 0.002 37.42
0.416 0.002 37.46
0.415 0.003 37.49
0.413 0.002 37.53
0.412 0.003 37.56
0.411 0.002 37.59
0.41 0.002 37.62
0.409 0.002 37.66
0.408 0.002 37.69
0.407 0.002 37.73
0.406 0.002 37.76
0.406 0.002 37.79
0.406 0.001 37.83
0.406 0.003 37.86
0.405 0.001 37.89
0.406 0.002 37.92
0.406 0.002 37.95
0.406 0.001 37.99
0.406 0.001 38.03
0.406 0.001 38.06
0.406 0.002 38.09
0.407 0.003 38.13
0.407 0.001 38.16
0.407 0.002 38.19
0.406 0.002 38.23
0.406 0.002 38.26
0.405 0.002 38.29
0.404 0.002 38.33
0.403 0.002 38.36
0.402 0.001 38.39
0 0 38.42
0.403 0.0 38.46
0.404 0.003 38.49
0.405 0.001 38.53
0.406 0.002 38.56
0.406 0.0 38.59
0.406 0.001 38.62
0.405 0.0 38.66
0.405 0.001 38.69
0.405 0.001 38.72
0.404 0.002 38.78
0.404 0.002 38.81
0.404 0.002 38.83
0.405 0.003 38.87
0.406 0.003 38.9
0.408 0.003 38.93
0.41 0.004 38.96
0.412 0.004 38.99
0.414 0.004 39.03
0.417 0.005 39.06
0.42 0.005 39.09
0.423 0.005 39.12
0.424 0.005 39.15
0.426 0.005 39.19
0.427 0.005 39.23
0.429 0.004 39.27
0.43 0.004 39.29
0.431 0.003 39.32
0.432 0.003 39.36
0.434 0.003 39.39
0.436 0.003 39.43
0.438 0.003 39.46
0.44 0.003 39.49
0.442 0.003 39.53
0.445 0.004 39.56
0.447 0.005 39.6
0 0 39.63
0 0 39.66
0 0 39.69
0.459 0.024 39.73
0 0 39.75
0 0 39.79
0.473 0.023 39.83
0.479 0.009 39.86
0 0 39.89
0.493 0.018 39.92
0 0 39.96
0.507 0.017 39.99
0.514 0.008 40.02
0 0 40.06
0 0 40.09
0 0 40.12
0 0 40.16
0 0 40.19
0 0 40.22
0 0 40.25
0 0 40.29
0 0 40.32
0 0 40.36
0.589 0.084 40.39
0 0 40.42
0 0 40.45
0 0 40.49
0 0 40.52
0 0 40.55
0 0 40.6
0 0 40.63
0 0 40.66
0 0 40.69
0 0 40.72
0 0 40.75
0 0 40.78
0 0 40.82
0 0 40.86
0 0 40.89
0 0 40.92
0 0 40.95
0 0 40.99
0 0 41.02
0 0 41.07
0 0 41.08
0 0 41.13
0 0 41.16
0 0 41.19
0 0 41.22
0 0 41.25
0 0 41.28
0 0 41.32
0 0 41.35
0 0 41.39
0 0 41.42
0 0 41.45
0 0 41.48
0 0 41.52
0 0 41.55
0 0 41.59
0 0 41.62
0 0 41.65
0 0 41.69
0 0 41.72
0 0 41.75
0 0 41.78
0 0 41.82
0 0 41.85
0 0 41.88
0 0 41.92
0 0 41.95
0 0 41.98
0 0 42.02
0 0 42.05
0 0 42.09
0 0 42.12
0 0 42.15
0 0 42.19
0 0 42.22
0 0 42.25
0 0 42.29
0 0 42.32
0 0 42.35
0 0 42.38
0 0 42.42
0 0 42.45
0 0 42.48
0 0 42.52
0 0 42.55
0 0 42.59
0 0 42.62
0 0 42.65
0 0 42.69
0 0 42.72
0 0 42.75
0 0 42.79
0 0 42.82
0 0 42.85
0 0 42.89
0 0 42.92
0 0 42.95
0 0 42.98
0 0 43.02
0 0 43.05
0 0 43.08
0 0 43.12
0 0 43.15
0 0 43.19
0 0 43.22
0 0 43.26
0 0 43.29
0 0 43.32
0 0 43.35
0 0 43.39
0 0 43.42
0 0 43.45
0 0 43.48
0 0 43.52
0 0 43.55
0 0 43.59
0 0 43.62
0 0 43.65
0 0 43.69
0 0 43.72
0 0 43.75
0 0 43.78
0 0 43.82
0 0 43.85
0 0 43.88
0 0 43.92
0 0 43.95
0 0 43.98
0 0 44.02
0 0 44.05
0 0 44.08
0 0 44.12
0 0 44.15
0 0 44.19
0 0 44.22
0 0 44.25
0 0 44.28
0 0 44.32
0 0 44.35
0 0 44.38
0 0 44.43
0 0 44.46
0 0 44.49
0 0 44.52
0 0 44.55
0 0 44.59
0 0 44.62
0 0 44.65
0 0 44.69
0 0 44.72
0 0 44.75
0 0 44.78
0 0 44.82
0 0 44.85
0 0 44.88
0 0 44.92
0 0 44.95
0 0 44.99
0 0 45.03
0 0 45.06
0 0 45.08
0 0 45.12
0 0 45.15
0 0 45.18
0 0 45.22
0 0 45.25
0 0 45.28
0 0 45.32
0 0 45.35
0 0 45.38
0 0 45.42
0 0 45.45
0 0 45.48
0 0 45.52
0 0 45.55
0 0 45.59
0 0 45.62
0 0 45.65
0 0 45.68
0 0 45.72
0 0 45.75
0 0 45.78
0 0 45.82
0 0 45.85
0 0 45.88
0 0 45.92
0 0 45.95
0 0 45.98
0 0 46.02
0 0 46.05
0 0 46.08
0 0 46.12
0 0 46.15
0 0 46.18
0 0 46.22
0 0 46.25
0 0 46.29
0 0 46.32
0 0 46.36
0 0 46.4
0 0 46.46
0 0 46.49
0 0 46.5
0 0 46.52
0 0 46.55
0 0 46.58
0 0 46.62
0 0 46.65
0 0 46.68
0 0 46.72
0 0 46.75
0 0 46.78
0 0 46.82
0 0 46.85
0 0 46.88
0.506 0.076 46.92
0 0 46.95
0.475 0.033 46.98
0.462 0.014 47.02
0.451 0.012 47.05
0.443 0.01 47.08
0 0 47.12
0.431 0.016 47.15
0.426 0.007 47.19
0 0 47.22
0.417 0.011 47.25
0.414 0.004 47.29
0.411 0.004 47.32
0.407 0.004 47.35
0.404 0.004 47.39
0 0 47.42
0.398 0.007 47.45
0.396 0.003 47.49
0.394 0.003 47.52
0.391 0.004 47.56
0.389 0.003 47.59
0.388 0.002 47.62
0.386 0.002 47.66
0.385 0.002 47.69
0.384 0.002 47.72
0.383 0.002 47.76
0.381 0.002 47.79
0.381 0.002 47.82
0.38 0.002 47.86
0.38 0.001 47.89
0 0 47.92
0.377 0.003 47.95
0.376 0.002 47.99
0 0 48.02
0.372 0.005 48.06
0.37 0.003 48.09
0.368 0.003 48.12
0.366 0.004 48.15
0.365 0.002 48.19
0.363 0.002 48.22
0.362 0.003 48.25
0.362 0.002 48.29
0.361 0.001 48.32
0.36 0.002 48.35
0.36 0.002 48.39
0.36 0.001 48.42
0.36 0.002 48.45
0.36 0.003 48.49
0.36 0.002 48.54
0.36 0.002 48.56
0.359 0.001 48.59
0.359 0.001 48.63
0.359 0.001 48.66
0.359 0.001 48.69
0.359 0.001 48.72
0.359 0.001 48.75
0.359 0.001 48.79
0.359 0.002 48.82
0.359 0.001 48.85
0.359 0.002 48.88
0.359 0.001 48.92
0.358 0.0 48.95
0.359 0.002 48.98
0 0 49.02
0.358 0.003 49.05
0.359 0.002 49.08
0.359 0.001 49.13
0.359 0.001 49.16
0.359 0.003 49.19
0 0 49.22
0.36 0.004 49.25
0.361 0.001 49.29
0.361 0.001 49.32
0.362 0.001 49.35
0.362 0.0 49.39
0.361 0.002 49.42
0 0 49.45
0 0 49.49
0.359 0.002 49.52
0.358 0.001 49.55
0.358 0.0 49.59
0.357 0.001 49.62
0.357 0.001 49.65
0.357 0.001 49.69
0.356 0.002 49.72
0.356 0.001 49.75
0.355 0.002 49.79
0.355 0.001 49.82
0.355 0.001 49.86
0.355 0.003 49.89
0.355 0.001 49.92
0.355 0.002 49.95
0.356 0.004 49.98
0.356 0.001 50.02
0.356 0.001 50.05
0.356 0.0 50.08
0.355 0.002 50.12
0 0 50.15
0.353 0.003 50.19
0.353 0.002 50.22
0 0 50.25
0.353 0.002 50.28
0.354 0.001 50.32
0.354 0.001 50.35
0.355 0.001 50.38
0.355 0.001 50.42
0 0 50.45
0.355 0.003 50.5
0.355 0.001 50.53
0.355 0.001 50.57
0.354 0.004 50.6
0.353 0.003 50.63
0.352 0.001 50.67
0.35 0.002 50.7
0.348 0.002 50.73
0.347 0.002 50.76
0.346 0.001 50.79
0.345 0.002 50.82
0.345 0.001 50.85
0.345 0.004 50.88
0.344 0.001 50.92
0.344 0.002 50.95
0.344 0.0 50.99
0.344 0.003 51.02
0.344 0.002 51.06
0.344 0.003 51.09
0.344 0.004 51.12
0 0 51.15
0.345 0.005 51.19
0.346 0.002 51.22
0.347 0.002 51.25
0.348 0.002 51.29
0.35 0.004 51.32
0.353 0.003 51.35
0.356 0.003 51.38
0.359 0.003 51.42
0 0 51.45
0.364 0.006 51.49
0.365 0.002 51.52
0.367 0.002 51.55
0.368 0.003 51.59
0.37 0.001 51.63
0.371 0.001 51.66
0.371 0.003 51.69
0.372 0.002 51.72
0.373 0.002 51.75
0.374 0.002 51.79
0.374 0.002 51.83
0.375 0.001 51.86
0.375 0.001 51.89
0.376 0.001 51.92
0.376 0.001 51.95
0.377 0.002 51.99
0.378 0.001 52.02
0.378 0.002 52.05
0.378 0.002 52.08
0.379 0.002 52.12
0.379 0.001 52.15
0.38 0.003 52.19
0.38 0.003 52.22
0.381 0.003 52.25
0.382 0.002 52.29
0.383 0.002 52.32
0.384 0.002 52.35
0.384 0.001 52.39
0.386 0.001 52.42
0.387 0.001 52.46
0.387 0.001 52.48
0.389 0.002 52.52
0.39 0.003 52.55
0.391 0.003 52.58
0.392 0.002 52.62
0 0 52.65
0.392 0.002 52.68
0 0 52.71
0.392 0.002 52.75
0.392 0.001 52.78
0.391 0.002 52.82
0 0 52.85
0.393 0.004 52.88
0.395 0.002 52.92
0.396 0.002 52.95
0.398 0.001 52.98
0 0 53.02
0.398 0.002 53.05
0.397 0.002 53.08
0.396 0.002 53.12
0.394 0.002 53.17
0.393 0.003 53.2
0.392 0.001 53.23
0 0 53.26
0.391 0.003 53.28
0.392 0.002 53.32
0 0 53.35
0.395 0.005 53.38
0.397 0.003 53.42
0.4 0.004 53.45
0.403 0.005 53.48
0.407 0.005 53.52
0 0 53.55
0.416 0.012 53.59
0.423 0.008 53.62
0 0 53.65
0.438 0.017 53.68
0.446 0.008 53.72
0.454 0.008 53.75
0.463 0.01 53.78
0.472 0.01 53.82
0.485 0.014 53.85
0.497 0.013 53.88
0 0 53.91
0 0 53.95
0.554 0.061 53.99
0 0 54.02
0 0 54.05
0 0 54.08
0 0 54.11
0 0 54.15
0 0 54.18
0 0 54.21
0 0 54.25
0 0 54.28
0 0 54.31
0 0 54.35
0 0 54.38
0 0 54.41
0 0 54.45
0 0 54.48
0 0 54.52
0 0 54.55
0 0 54.58
0 0 54.62
0 0 54.65
0 0 54.68
0 0 54.71
0 0 54.75
0 0 54.78
0 0 54.81
0 0 54.85
0 0 54.88
0 0 54.91
0 0 54.95
0 0 54.98
0 0 55.02
0 0 55.05
0 0 55.08
0 0 55.11
0 0 55.15
0 0 55.18
0 0 55.21
0 0 55.25
0 0 55.28
0 0 55.31
0 0 55.35
0 0 55.38
0 0 55.41
0 0 55.45
0 0 55.48
0 0 55.52
0 0 55.55
0 0 55.58
0 0 55.61
0 0 55.65
0 0 55.68
0 0 55.71
0 0 55.75
0 0 55.78
0 0 55.81
0 0 55.85
0 0 55.88
0 0 55.92
0 0 55.95
0 0 55.98
0 0 56.01
0 0 56.05
0 0 56.08
0 0 56.11
0 0 56.15
0 0 56.18
0 0 56.21
0 0 56.25
0 0 56.28
0 0 56.31
0 0 56.35
0 0 56.38
0 0 56.41
0 0 56.45
0 0 56.48
0 0 56.52
0 0 56.55
0 0 56.58
0 0 56.61
0.378 0.149 56.65
0 0 56.68
0 0 56.72
0 0 56.75
0.347 0.037 56.78
0.343 0.007 56.82
0.337 0.006 56.85
0.334 0.005 56.89
0.332 0.004 56.92
0.329 0.005 56.95
0.325 0.005 56.99
0.323 0.004 57.02
0.321 0.004 57.05
0.317 0.004 57.08
0.315 0.004 57.12
0.314 0.003 57.15
0.31 0.003 57.19
0.309 0.003 57.22
0.308 0.003 57.25
0.305 0.003 57.28
0.304 0.003 57.32
0.304 0.003 57.35
0.304 0.003 57.39
0.302 0.003 57.43
0.302 0.003 57.46
0.303 0.003 57.49
0 0 57.52
0.301 0.005 57.55
0.302 0.003 57.58
0.301 0.003 57.62
0.302 0.003 57.65
0.303 0.002 57.69
0.303 0.002 57.72
0.3 0.002 57.75
0.3 0.002 57.78
0.298 0.002 57.84
0.294 0.003 57.87
0.292 0.002 57.9
0.291 0.003 57.93
0.287 0.002 57.96
0.286 0.002 57.98
0.285 0.003 58.02
0.284 0.002 58.05
0.28 0.003 58.08
0.279 0.001 58.12
0.278 0.001 58.15
0.274 0.002 58.19
0.273 0.003 58.22
0.273 0.0 58.25
0.271 0.001 58.29
0.272 0.002 58.32
0.273 0.001 58.35
0.27 0.001 58.38
0.27 0.001 58.42
0.269 0.001 58.45
0.268 0.002 58.48
0 0 58.52
0.262 0.005 58.55
0.261 0.002 58.59
0.257 0.002 58.62
0.255 0.003 58.65
0 0 58.68
0.248 0.003 58.72
0.248 0.003 58.75
0.247 0.003 58.79
0.247 0.001 58.82
0.245 0.001 58.87
0.245 0.001 58.9
0.243 0.001 58.93
0.244 0.003 58.96
0.244 0.002 59.0
0.245 0.003 59.02
0.244 0.003 59.05
0.244 0.002 59.08
0.244 0.002 59.12
0.244 0.001 59.15
0 0 59.18
0.242 0.003 59.22
0.242 0.002 59.25
0.24 0.001 59.29
0.24 0.001 59.32
0.24 0.002 59.35
0.239 0.002 59.38
0.238 0.002 59.41
0.238 0.001 59.45
0.236 0.002 59.48
0.236 0.002 59.52
0.236 0.003 59.55
0.237 0.002 59.59
0.235 0.002 59.62
0.236 0.002 59.65
0.237 0.003 59.69
0.236 0.003 59.72
0.237 0.003 59.75
0.239 0.003 59.78
0.238 0.004 59.81
0 0 59.85
0 0 59.88
0 0 59.91
0.243 0.008 59.95
0.245 0.002 59.98
0.247 0.002 60.02
0.248 0.004 60.05
0.25 0.003 60.08
0.252 0.004 60.12
0.252 0.003 60.15
0.254 0.004 60.18
0.256 0.003 60.22
0.257 0.003 60.25
0.259 0.003 60.28
0.261 0.003 60.31
0.264 0.004 60.35
0.266 0.004 60.38
0.271 0.005 60.42
0.276 0.006 60.45
0 0 60.48
0.286 0.012 60.52
0.292 0.006 60.55
0.296 0.005 60.59
0 0 60.61
0.307 0.011 60.65
0.313 0.006 60.68
0.318 0.006 60.72
0.325 0.006 60.75
0 0 60.79
0.337 0.013 60.82
0.344 0.007 60.85
0.35 0.006 60.89
0 0 60.91
0.363 0.014 60.95
0.369 0.007 60.98
0.375 0.008 61.02
0.383 0.009 61.05
0.392 0.011 61.08
0.401 0.01 61.12
0.407 0.008 61.15
0.417 0.012 61.19
0.424 0.007 61.22
0.431 0.01 61.25
0.437 0.006 61.28
0 0 61.31
0 0 61.35
0 0 61.38
0 0 61.41
0 0 61.45
0 0 61.48
0 0 61.52
0 0 61.55
0 0 61.58
0 0 61.61
0 0 61.65
0 0 61.68
0 0 61.71
0 0 61.75
0 0 61.78
0 0 61.81
0 0 61.85
0 0 61.88
0 0 61.91
0 0 61.95
0 0 61.98
0 0 62.01
0 0 62.05
0 0 62.08
0 0 62.11
0 0 62.15
0 0 62.18
0 0 62.21
0 0 62.25
0 0 62.28
0 0 62.31
0 0 62.35
0 0 62.38
0 0 62.41
0 0 62.45
0 0 62.48
0 0 62.52
0 0 62.55
0 0 62.58
0 0 62.62
0 0 62.65
0 0 62.68
0 0 62.71
0 0 62.75
0 0 62.78
0 0 62.81
0 0 62.85
0 0 62.88
0 0 62.93
0 0 62.97
0 0 63.0
0 0 63.03
0 0 63.05
0 0 63.08
0 0 63.11
0 0 63.15
0 0 63.18
0 0 63.21
0 0 63.25
0 0 63.28
0 0 63.31
0 0 63.35
0 0 63.38
0 0 63.41
0 0 63.45
0 0 63.48
0 0 63.52
0 0 63.55
0 0 63.58
0 0 63.61
0 0 63.64
0 0 63.68
0 0 63.71
0 0 63.75
0 0 63.78
0 0 63.81
0 0 63.85
0 0 63.88
0 0 63.91
0 0 63.95
0 0 63.98
0 0 64.01
0 0 64.05
0 0 64.08
0 0 64.11
0 0 64.14
0 0 64.18
0 0 64.21
0 0 64.25
0 0 64.28
0 0 64.31
0 0 64.35
0 0 64.38
0 0 64.41
0 0 64.45
0 0 64.52
0 0 64.55
0 0 64.56
0 0 64.59
0 0 64.61
0 0 64.65
0 0 64.68
0 0 64.71
0 0 64.75
0 0 64.78
0 0 64.81
0 0 64.85
0 0 64.88
0 0 64.91
0 0 64.95
0 0 64.98
0 0 65.01
0 0 65.05
0 0 65.08
0.4 0.031 65.12
0.39 0.014 65.15
0.38 0.012 65.19
0.372 0.01 65.22
0.363 0.01 65.25
0.354 0.01 65.28
0.345 0.01 65.31
0.337 0.01 65.35
0.329 0.009 65.38
0.322 0.007 65.41
0.316 0.008 65.45
0.31 0.006 65.48
0.305 0.007 65.52
0.3 0.005 65.55
0.297 0.005 65.58
0.294 0.004 65.62
0.29 0.004 65.66
0.287 0.005 65.69
0.284 0.004 65.72
0.281 0.004 65.75
0.278 0.004 65.78
0.276 0.004 65.81
0.273 0.004 65.85
0.27 0.003 65.88
0.268 0.003 65.91
0.266 0.003 65.95
0.264 0.003 65.98
0.262 0.003 66.02
0.26 0.003 66.05
0.258 0.003 66.08
0.256 0.003 66.12
0.253 0.003 66.15
0.25 0.003 66.18
0.247 0.003 66.21
0.245 0.003 66.25
0.243 0.002 66.28
0.241 0.002 66.31
0.239 0.002 66.35
0.238 0.002 66.38
0.237 0.002 66.42
0.236 0.001 66.45
0.235 0.001 66.48
0.233 0.002 66.52
0.232 0.002 66.55
0.231 0.001 66.58
0.229 0.002 66.62
0.228 0.001 66.65
0 0 66.68
0.227 0.003 66.71
0.227 0.002 66.75
0.227 0.001 66.78
0.227 0.001 66.82
0.227 0.0 66.85
0 0 66.88
0.227 0.001 66.91
0.227 0.002 66.95
0.227 0.001 66.98
0.227 0.001 67.02
0.227 0.001 67.05
0 0 67.08
0.227 0.002 67.11
0.227 0.001 67.15
0.227 0.001 67.18
0.227 0.001 67.22
0 0 67.25
0.228 0.002 67.28
0.226 0.004 67.31
0 0 67.35
0 0 67.38
0.223 0.004 67.41
0.223 0.002 67.45
0.221 0.002 67.48
0 0 67.52
0 0 67.55
0 0 67.58
0 0 67.61
0 0 67.65
0.215 0.022 67.69
0 0 67.73
0 0 67.76
0.215 0.005 67.79
0.213 0.004 67.82
0 0 67.85
0 0 67.88
0 0 67.91
0 0 67.95
0 0 67.98
0.214 0.007 68.02
0 0 68.05
0 0 68.09
0 0 68.11
0 0 68.14
0 0 68.19
0 0 68.22
0 0 68.25
0.22 0.005 68.28
0.223 0.004 68.31
0.224 0.002 68.36
0.225 0.006 68.38
0.228 0.002 68.42
0 0 68.44
0 0 68.48
0.231 0.005 68.52
0 0 68.55
0.233 0.002 68.58
0.233 0.002 68.62
0.235 0.002 68.67
0.234 0.002 68.7
0.234 0.001 68.73
0.234 0.001 68.76
0.233 0.001 68.79
0.233 0.002 68.82
0.234 0.003 68.85
0.232 0.004 68.88
0.231 0.004 68.91
0.23 0.006 68.95
0.231 0.003 68.98
0.229 0.007 69.02
0.227 0.002 69.05
0.227 0.002 69.08
0.225 0.002 69.12
0.224 0.003 69.15
0.223 0.004 69.18
0.222 0.006 69.22
0.221 0.008 69.25
0.22 0.008 69.28
0 0 69.31
0 0 69.35
0.22 0.014 69.38
0.221 0.003 69.42
0 0 69.44
0.22 0.009 69.48
0 0 69.52
0 0 69.54
0 0 69.58
0 0 69.61
0 0 69.65
0 0 69.68
0 0 69.71
0 0 69.74
0 0 69.78
0 0 69.81
0 0 69.85
0 0 69.88
0 0 69.91
0 0 69.95
0 0 69.98
0 0 70.01
0 0 70.04
0 0 70.08
0 0 70.11
0 0 70.14
0 0 70.18
0 0 70.21
0 0 70.25
0 0 70.28
0 0 70.31
0 0 70.35
0 0 70.38
0 0 70.41
0 0 70.44
0 0 70.48
0 0 70.51
0 0 70.55
0 0 70.58
0 0 70.61
0 0 70.64
0 0 70.68
0 0 70.71
0 0 70.74
0 0 70.78
0 0 70.81
0 0 70.85
0 0 70.88
0 0 70.91
0.248 0.046 70.94
0 0 70.98
0 0 71.02
0 0 71.04
0 0 71.08
0 0 71.11
0 0 71.15
0 0 71.18
0 0 71.24
0 0 71.27
0 0 71.29
0 0 71.31
0 0 71.35
0 0 71.39
0 0 71.41
0.255 0.008 71.45
0 0 71.48
0 0 71.52
0.254 0.009 71.55
0 0 71.58
0 0 71.61
0 0 71.64
0 0 71.68
0 0 71.71
0 0 71.75
0 0 71.78
0 0 71.81
0 0 71.85
0 0 71.88
0 0 71.91
0 0 71.95
0 0 71.98
0 0 72.01
0 0 72.04
0 0 72.08
0 0 72.11
0 0 72.15
0 0 72.18
0 0 72.21
0 0 72.24
0 0 72.28
0 0 72.31
0 0 72.35
0 0 72.38
0 0 72.41
0 0 72.45
0 0 72.48
0.27 0.031 72.52
0.275 0.009 72.55
0.283 0.009 72.59
0 0 72.62
0.294 0.016 72.65
0.3 0.008 72.68
0 0 72.71
0.314 0.014 72.75
0.319 0.007 72.78
0.328 0.007 72.82
0.334 0.008 72.86
0.343 0.01 72.89
0.356 0.012 72.92
0.369 0.014 72.96
0.384 0.016 73.0
0.403 0.018 73.03
0 0 73.05
0.443 0.041 73.09
0.464 0.02 73.12
0.488 0.03 73.15
0 0 73.19
0 0 73.21
0 0 73.24
0 0 73.28
0 0 73.31
0 0 73.35
0 0 73.38
0 0 73.41
0 0 73.44
0 0 73.48
0 0 73.51
0 0 73.54
0 0 73.58
0 0 73.61
0 0 73.65
0 0 73.68
0 0 73.71
0 0 73.74
0 0 73.78
0 0 73.81
0 0 73.85
0 0 73.88
0 0 73.91
0 0 73.94
0 0 73.98
0 0 74.02
0 0 74.05
0 0 74.08
0 0 74.11
0 0 74.15
0 0 74.18
0 0 74.21
0 0 74.24
0 0 74.28
0 0 74.31
0 0 74.35
0 0 74.38
0 0 74.41
0 0 74.44
0 0 74.48
0 0 74.51
0 0 74.54
0 0 74.58
0 0 74.61
0 0 74.64
0 0 74.68
0 0 74.71
0 0 74.74
0 0 74.78
0 0 74.81
0 0 74.85
0 0 74.88
0 0 74.91
0 0 74.94
0 0 74.98
0 0 75.01
0 0 75.04
0 0 75.1
0 0 75.13
0 0 75.15
0 0 75.18
0 0 75.21
0 0 75.24
0 0 75.28
0 0 75.31
0 0 75.34
0 0 75.38
0 0 75.41
0 0 75.44
0 0 75.48
0 0 75.51
0 0 75.54
0 0 75.58
0 0 75.61
0 0 75.64
0 0 75.68
0 0 75.71
0 0 75.74
0 0 75.78
0 0 75.81
0 0 75.85
0 0 75.88
0 0 75.91
0 0 75.94
0 0 75.98
0 0 76.01
0 0 76.04
0 0 76.08
0 0 76.11
0.532 0.053 76.15
0.518 0.02 76.18
0.505 0.017 76.22
0.494 0.015 76.25
0.485 0.013 76.28
0.477 0.013 76.31
0 0 76.34
0.462 0.021 76.38
0.457 0.01 76.43
0 0 76.45
0.444 0.015 76.48
0 0 76.51
0.432 0.015 76.55
0.426 0.007 76.58
0.422 0.006 76.62
0.417 0.006 76.65
0.413 0.005 76.68
0.41 0.004 76.71
0 0 76.74
0.406 0.008 76.78
0 0 76.81
0.404 0.006 76.85
0.402 0.003 76.88
0.4 0.003 76.92
0.399 0.003 76.95
0.397 0.003 76.98
0 0 77.01
0.393 0.005 77.05
0.392 0.004 77.08
0.389 0.005 77.12
0.386 0.004 77.15
0 0 77.18
0.383 0.004 77.22
0.382 0.002 77.25
0 0 77.28
0.382 0.005 77.32
0 0 77.35
0.383 0.003 77.38
0 0 77.41
0.386 0.003 77.45
0.386 0.005 77.48
0.388 0.002 77.52
0 0 77.55
0.389 0.006 77.58
0.389 0.003 77.62
0.39 0.001 77.65
0.39 0.001 77.68
0.392 0.001 77.71
0.393 0.001 77.75
0.394 0.001 77.78
0.394 0.001 77.81
0 0 77.85
0.397 0.002 77.88
0.397 0.0 77.91
0 0 77.94
0 0 77.98
0 0 78.01
0.396 0.002 78.05
0.396 0.004 78.1
0.395 0.004 78.13
0.396 0.001 78.17
0.397 0.004 78.2
0.397 0.001 78.23
0.398 0.002 78.26
0 0 78.29
0.397 0.001 78.32
0.397 0.001 78.35
0.398 0.001 78.39
0.398 0.001 78.42
0 0 78.44
0 0 78.48
0.399 0.002 78.52
0.399 0.001 78.55
0.398 0.002 78.58
0 0 78.61
0.397 0.005 78.65
0.396 0.003 78.68
0.395 0.003 78.71
0.395 0.003 78.75
0.394 0.002 78.78
0.395 0.004 78.82
0.395 0.003 78.85
0.395 0.002 78.89
0.396 0.001 78.92
0.396 0.001 78.95
0.397 0.001 78.98
0.398 0.002 79.01
0.399 0.003 79.05
0.4 0.002 79.08
0.402 0.002 79.11
0.404 0.003 79.15
0.406 0.002 79.18
0 0 79.21
0.41 0.005 79.25
0.411 0.003 79.28
0.412 0.003 79.31
0.412 0.003 79.35
0.413 0.003 79.38
0 0 79.41
0.415 0.005 79.45
0.417 0.003 79.48
0 0 79.51
0 0 79.54
0.424 0.009 79.58
0.427 0.004 79.62
0.43 0.004 79.65
0.434 0.006 79.68
0 0 79.71
0 0 79.74
0 0 79.78
0.46 0.032 79.82
0 0 79.85
0 0 79.88
0.49 0.033 79.92
0.501 0.012 79.95
0.513 0.014 79.98
0.527 0.017 80.01
0.54 0.015 80.05
0 0 80.08
0 0 80.11
0 0 80.14
0 0 80.18
0 0 80.21
0 0 80.24
0 0 80.28
0 0 80.31
0 0 80.34
0 0 80.38
0 0 80.41
0 0 80.44
0 0 80.48
0 0 80.51
0 0 80.54
0 0 80.58
0 0 80.61
0 0 80.64
0 0 80.68
0 0 80.71
0 0 80.74
0 0 80.78
0 0 80.84
0 0 80.87
0 0 80.88
0 0 80.91
0 0 80.94
0 0 80.98
0 0 81.01
0 0 81.04
0 0 81.08
0 0 81.11
0 0 81.14
0 0 81.18
0 0 81.21
0 0 81.24
0 0 81.28
0 0 81.31
0 0 81.34
0 0 81.38
0 0 81.41
0 0 81.44
0 0 81.48
0 0 81.51
0 0 81.54
0 0 81.58
0 0 81.61
0 0 81.64
0 0 81.68
0 0 81.71
0 0 81.74
0 0 81.78
0 0 81.81
0 0 81.84
0 0 81.88
0 0 81.91
0 0 81.94
0 0 81.98
0 0 82.01
0 0 82.04
0 0 82.12
0 0 82.15
0 0 82.16
0 0 82.18
0 0 82.21
0 0 82.24
0 0 82.27
0 0 82.31
0 0 82.34
0 0 82.37
0 0 82.41
0 0 82.44
0 0 82.48
0 0 82.51
0 0 82.54
0 0 82.58
0 0 82.61
0 0 82.64
0 0 82.68
0 0 82.71
0 0 82.74
0 0 82.78
0 0 82.81
0 0 82.84
0 0 82.88
0 0 82.91
0 0 82.94
0 0 83.0
0 0 83.03
0 0 83.04
0 0 83.07
0 0 83.11
0 0 83.14
0 0 83.18
0 0 83.21
0 0 83.24
0 0 83.27
0 0 83.31
0 0 83.34
0 0 83.37
0 0 83.41
0 0 83.44
0 0 83.48
0 0 83.51
0 0 83.55
0 0 83.58
0 0 83.62
0 0 83.66
0 0 83.69
0 0 83.71
0 0 83.74
0 0 83.77
0 0 83.81
0 0 83.84
0 0 83.87
0 0 83.91
0 0 83.94
0 0 83.98
0 0 84.01
0 0 84.04
0 0 84.1
0 0 84.13
0 0 84.15
