0 0 2.26
0 0 2.31
0 0 2.32
0 0 2.34
0 0 2.36
0 0 2.38
0 0 2.42
0 0 2.45
0 0 2.48
0 0 2.52
0 0 2.55
0 0 2.58
0 0 2.62
0 0 2.65
0 0 2.68
0 0 2.72
0 0 2.75
0 0 2.78
0 0 2.82
0 0 2.85
0 0 2.88
0 0 2.92
0 0 2.95
0 0 2.98
0 0 3.02
0 0 3.05
0 0 3.08
0 0 3.12
0 0 3.15
0 0 3.19
0 0 3.22
0 0 3.25
0 0 3.28
0 0 3.32
0 0 3.35
0 0 3.38
0 0 3.42
0 0 3.45
0 0 3.48
0 0 3.52
0 0 3.55
0 0 3.59
0 0 3.62
0 0 3.65
0 0 3.69
0 0 3.72
0 0 3.75
0 0 3.78
0 0 3.82
0 0 3.85
0 0 3.88
0 0 3.92
0 0 3.95
0 0 3.99
0 0 4.02
0 0 4.05
0 0 4.09
0 0 4.12
0 0 4.15
0 0 4.19
0 0 4.22
0 0 4.25
0 0 4.28
0 0 4.32
0 0 4.35
0 0 4.38
0 0 4.42
0 0 4.45
0 0 4.48
0 0 4.52
0 0 4.55
0 0 4.59
0 0 4.62
0 0 4.65
0 0 4.69
0 0 4.72
0 0 4.75
0 0 4.78
0 0 4.82
0 0 4.85
0 0 4.89
0 0 4.92
0 0 4.95
0 0 4.99
0 0 5.02
0 0 5.05
0 0 5.08
0 0 5.12
0 0 5.15
0 0 5.19
0 0 5.22
0 0 5.25
0 0 5.29
0 0 5.32
0 0 5.35
0 0 5.39
0 0 5.42
0 0 5.45
0 0 5.49
0 0 5.52
0 0 5.55
0 0 5.59
0 0 5.62
0 0 5.65
0 0 5.69
0 0 5.72
0 0 5.75
0 0 5.79
0 0 5.82
0 0 5.85
0 0 5.89
0 0 5.92
0 0 5.95
0 0 5.99
0 0 6.02
0 0 6.05
0 0 6.09
0 0 6.12
0 0 6.15
0 0 6.19
0 0 6.22
0 0 6.25
0 0 6.29
0 0 6.32
0 0 6.35
0 0 6.39
0 0 6.42
0 0 6.45
0 0 6.49
0 0 6.52
0 0 6.55
0 0 6.59
0 0 6.62
0 0 6.65
0 0 6.69
0 0 6.72
0 0 6.75
0 0 6.79
0 0 6.82
0 0 6.85
0 0 6.88
0 0 6.92
0 0 6.95
0 0 6.99
0 0 7.02
0 0 7.05
0 0 7.08
0 0 7.12
0 0 7.15
0 0 7.19
0 0 7.22
0 0 7.25
0 0 7.28
0 0 7.32
0 0 7.35
0 0 7.38
0 0 7.42
0 0 7.45
0 0 7.49
0 0 7.52
0 0 7.55
0 0 7.59
0 0 7.62
0 0 7.65
0 0 7.69
0 0 7.72
0 0 7.75
0 0 7.78
0 0 7.82
0 0 7.85
0 0 7.88
0 0 7.92
0 0 7.95
0 0 7.99
0 0 8.02
0 0 8.05
0 0 8.08
0 0 8.12
0 0 8.15
0 0 8.19
0 0 8.22
0 0 8.25
0 0 8.29
0 0 8.32
0 0 8.35
0 0 8.38
0 0 8.42
0 0 8.45
0 0 8.48
0 0 8.52
0 0 8.55
0 0 8.59
0 0 8.62
0 0 8.65
0 0 8.69
0 0 8.72
0 0 8.75
0 0 8.78
0 0 8.82
0 0 8.85
0 0 8.88
0 0 8.92
0 0 8.95
0 0 8.98
0 0 9.02
0 0 9.05
0 0 9.09
0 0 9.12
0 0 9.15
0 0 9.19
0 0 9.22
0 0 9.25
0 0 9.29
0 0 9.32
0 0 9.35
0 0 9.38
0 0 9.42
0 0 9.45
0 0 9.48
0 0 9.52
0 0 9.55
0 0 9.59
0 0 9.62
0 0 9.65
0 0 9.69
0 0 9.72
0 0 9.75
0 0 9.78
0 0 9.82
0 0 9.85
0 0 9.88
0 0 9.92
0 0 9.95
0 0 9.98
0 0 10.02
0 0 10.05
0 0 10.09
0 0 10.12
0 0 10.15
0 0 10.19
0 0 10.22
0 0 10.25
0 0 10.28
0 0 10.32
0 0 10.35
0 0 10.38
0 0 10.42
0 0 10.45
0 0 10.49
0 0 10.52
0 0 10.55
0 0 10.59
0 0 10.62
0 0 10.65
0 0 10.69
0 0 10.72
0 0 10.75
0 0 10.78
0 0 10.82
0 0 10.85
0 0 10.88
0 0 10.92
0 0 10.95
0 0 10.98
0 0 11.02
0 0 11.05
0 0 11.08
0 0 11.12
0 0 11.15
0 0 11.19
0 0 11.22
0 0 11.25
0 0 11.28
0 0 11.32
0 0 11.35
0 0 11.38
0 0 11.42
0 0 11.45
0 0 11.48
0 0 11.52
0 0 11.55
0 0 11.58
0 0 11.62
0 0 11.65
0 0 11.69
0 0 11.72
0 0 11.75
0 0 11.78
0 0 11.82
0 0 11.85
0 0 11.88
0 0 11.92
0 0 11.95
0 0 11.98
0 0 12.02
0 0 12.05
0 0 12.08
0 0 12.12
0 0 12.15
0 0 12.19
0 0 12.22
0 0 12.25
0 0 12.28
0 0 12.32
0 0 12.35
0 0 12.38
0 0 12.42
0 0 12.45
0 0 12.48
0 0 12.52
0 0 12.55
0 0 12.58
0 0 12.62
0 0 12.65
0 0 12.69
0 0 12.72
0 0 12.75
0 0 12.78
0 0 12.82
0 0 12.85
0 0 12.88
0 0 12.92
0 0 12.95
0 0 12.98
0 0 13.02
0 0 13.05
0 0 13.08
0 0 13.12
0 0 13.15
0 0 13.19
0 0 13.22
0 0 13.25
0 0 13.28
0 0 13.32
0 0 13.35
0 0 13.38
0 0 13.42
0 0 13.45
0 0 13.48
0 0 13.52
0 0 13.55
0 0 13.58
0 0 13.62
0 0 13.65
0 0 13.69
0 0 13.72
0 0 13.75
0 0 13.78
0 0 13.82
0 0 13.85
0 0 13.89
0 0 13.92
0 0 13.95
0 0 13.98
0 0 14.02
0 0 14.05
0 0 14.08
0 0 14.12
0 0 14.15
0 0 14.18
0 0 14.22
0 0 14.25
0 0 14.28
0 0 14.32
0 0 14.35
0 0 14.38
0 0 14.42
0 0 14.45
0 0 14.48
0 0 14.52
0 0 14.55
0 0 14.58
0 0 14.62
0 0 14.65
0 0 14.69
0 0 14.72
0 0 14.75
0 0 14.78
0 0 14.82
0 0 14.85
0 0 14.88
0 0 14.92
0 0 14.95
0 0 14.98
0 0 15.02
0 0 15.05
0 0 15.08
0 0 15.12
0 0 15.15
0 0 15.18
0 0 15.22
0 0 15.25
0 0 15.28
0 0 15.32
0 0 15.35
0 0 15.38
0 0 15.42
0 0 15.45
0 0 15.48
0 0 15.52
0 0 15.55
0 0 15.58
0 0 15.62
0 0 15.65
0 0 15.68
0 0 15.72
0 0 15.75
0 0 15.78
0 0 15.82
0 0 15.85
0 0 15.88
0 0 15.92
0 0 15.95
0 0 15.98
0 0 16.02
0 0 16.05
0 0 16.08
0 0 16.12
0 0 16.15
0 0 16.18
0 0 16.22
0 0 16.25
0 0 16.28
0 0 16.32
0 0 16.35
0 0 16.38
0 0 16.42
0 0 16.45
0 0 16.48
0 0 16.52
0 0 16.55
0 0 16.58
0 0 16.62
0 0 16.65
0 0 16.69
0 0 16.72
0 0 16.75
0 0 16.78
0 0 16.82
0 0 16.85
0 0 16.88
0 0 16.92
0 0 16.95
0 0 16.99
0 0 17.02
0 0 17.05
0 0 17.08
0 0 17.12
0 0 17.15
0 0 17.19
0 0 17.22
0 0 17.25
0 0 17.28
0 0 17.32
0 0 17.35
0 0 17.38
0 0 17.42
0 0 17.45
0 0 17.48
0 0 17.52
0 0 17.55
0 0 17.58
0 0 17.62
0 0 17.65
0 0 17.68
0 0 17.72
0 0 17.75
0 0 17.78
0 0 17.82
0 0 17.85
0 0 17.88
0 0 17.92
0 0 17.95
0 0 17.98
0 0 18.02
0 0 18.05
0 0 18.08
0 0 18.12
0 0 18.15
0 0 18.18
0 0 18.22
0 0 18.25
0 0 18.28
0 0 18.32
0 0 18.35
0 0 18.38
0 0 18.42
0 0 18.45
0 0 18.48
0 0 18.52
0 0 18.55
0 0 18.58
0 0 18.62
0 0 18.65
0 0 18.68
0 0 18.72
0 0 18.75
0 0 18.78
0 0 18.82
0 0 18.85
0 0 18.88
0 0 18.92
0 0 18.95
0 0 18.98
0 0 19.02
0 0 19.05
0 0 19.08
0 0 19.12
0 0 19.15
0 0 19.18
0 0 19.22
0 0 19.25
0 0 19.28
0 0 19.32
0 0 19.35
0 0 19.38
0 0 19.42
0 0 19.45
0 0 19.48
0 0 19.52
0 0 19.55
0 0 19.58
0 0 19.62
0 0 19.65
0 0 19.69
0 0 19.71
0 0 19.75
0 0 19.78
0 0 19.82
0 0 19.85
0 0 19.88
0 0 19.92
0 0 19.95
0 0 19.98
0 0 20.02
0 0 20.05
0 0 20.08
0 0 20.12
0 0 20.15
0 0 20.18
0 0 20.22
0 0 20.25
0 0 20.28
0 0 20.32
0 0 20.35
0 0 20.38
0 0 20.42
0 0 20.45
0 0 20.48
0 0 20.52
0 0 20.55
0 0 20.59
0 0 20.62
0 0 20.65
0 0 20.68
0 0 20.72
0 0 20.75
0 0 20.78
0 0 20.82
0 0 20.85
0 0 20.88
0 0 20.92
0 0 20.95
0 0 20.98
0 0 21.02
0 0 21.05
0 0 21.08
0 0 21.12
0 0 21.15
0 0 21.18
0 0 21.22
0 0 21.25
0 0 21.28
0 0 21.32
0 0 21.35
0 0 21.38
0 0 21.42
0 0 21.45
0 0 21.48
0 0 21.52
0 0 21.55
0 0 21.58
0 0 21.62
0 0 21.65
0 0 21.68
0 0 21.72
0 0 21.75
0 0 21.78
0 0 21.82
0 0 21.85
0 0 21.88
0 0 21.92
0 0 21.95
0 0 21.98
0 0 22.02
0 0 22.05
0 0 22.08
0 0 22.12
0 0 22.15
0 0 22.18
0 0 22.22
0 0 22.25
0 0 22.28
0 0 22.32
0 0 22.35
0 0 22.38
0 0 22.42
0 0 22.45
0 0 22.48
0 0 22.52
0 0 22.55
0 0 22.58
0 0 22.62
0 0 22.65
0 0 22.68
0 0 22.72
0 0 22.75
0 0 22.78
0 0 22.81
0 0 22.85
0 0 22.88
0 0 22.92
0 0 22.95
0 0 22.98
0 0 23.02
0 0 23.05
0 0 23.08
0 0 23.11
0 0 23.15
0 0 23.18
0 0 23.22
0 0 23.25
0 0 23.28
0 0 23.32
0 0 23.35
0 0 23.38
0 0 23.41
0 0 23.45
0 0 23.48
0 0 23.52
0 0 23.55
0 0 23.58
0 0 23.62
0 0 23.65
0 0 23.68
0 0 23.72
0 0 23.75
0 0 23.78
0 0 23.82
0 0 23.85
0 0 23.88
0 0 23.92
0 0 23.95
0 0 23.98
0 0 24.02
0 0 24.05
0 0 24.08
0 0 24.12
0 0 24.15
0 0 24.18
0 0 24.21
0 0 24.25
0 0 24.28
0 0 24.32
0 0 24.35
0 0 24.38
0 0 24.42
0 0 24.45
0 0 24.48
0 0 24.52
0 0 24.55
0 0 24.58
0 0 24.62
0 0 24.65
0 0 24.68
0 0 24.72
0 0 24.75
0 0 24.78
0 0 24.81
0 0 24.85
0 0 24.88
0 0 24.92
0 0 24.95
0 0 24.98
0 0 25.02
0 0 25.05
0 0 25.08
0 0 25.12
0 0 25.15
0 0 25.18
0 0 25.22
0 0 25.25
0 0 25.28
0 0 25.32
0 0 25.35
0 0 25.38
0 0 25.41
0 0 25.45
0 0 25.48
0 0 25.52
0 0 25.55
0 0 25.58
0 0 25.61
0 0 25.65
0 0 25.68
0 0 25.72
0 0 25.75
0 0 25.78
0 0 25.81
0 0 25.85
0 0 25.88
0 0 25.91
0 0 25.95
0 0 25.98
0 0 26.02
0 0 26.05
0 0 26.08
0 0 26.11
0 0 26.15
0 0 26.18
0 0 26.21
0 0 26.25
0 0 26.28
0 0 26.31
0 0 26.35
0 0 26.38
0 0 26.41
0 0 26.45
0 0 26.48
0 0 26.52
0 0 26.55
0 0 26.58
0 0 26.62
0 0 26.65
0 0 26.68
0 0 26.72
0 0 26.75
0 0 26.78
0 0 26.81
0 0 26.85
0 0 26.88
0 0 26.91
0 0 26.95
0 0 26.98
0 0 27.02
0 0 27.05
0 0 27.08
0 0 27.12
0 0 27.15
0 0 27.18
0 0 27.21
0 0 27.25
0 0 27.28
0 0 27.31
0 0 27.35
0 0 27.38
0 0 27.41
0 0 27.45
0 0 27.48
0 0 27.52
0 0 27.55
0 0 27.58
0 0 27.61
0 0 27.65
0 0 27.68
0 0 27.71
0.688 54.247 27.75
0 0 27.78
0 0 27.81
0 0 27.85
0 0 27.88
0 0 27.92
0 0 27.95
0 0 27.98
0 0 28.02
0 0 28.05
0 0 28.08
0 0 28.12
0 0 28.15
0 0 28.18
0 0 28.21
0 0 28.25
0 0 28.28
0 0 28.32
0 0 28.35
0 0 28.38
0 0 28.42
0 0 28.45
0 0 28.48
0 0 28.52
0 0 28.55
0 0 28.58
0 0 28.62
0 0 28.65
0 0 28.68
0 0 28.72
0 0 28.75
0 0 28.78
0 0 28.82
0 0 28.85
0 0 28.88
0 0 28.92
0 0 28.95
0 0 28.98
0 0 29.02
0 0 29.05
0 0 29.08
0 0 29.11
0 0 29.15
0 0 29.18
0 0 29.21
0 0 29.25
0 0 29.28
0 0 29.31
0 0 29.35
0 0 29.38
0 0 29.41
0 0 29.45
0 0 29.48
0 0 29.52
0 0 29.55
0 0 29.58
0 0 29.61
0 0 29.65
0 0 29.68
0 0 29.71
0 0 29.75
0 0 29.78
0 0 29.81
0 0 29.85
0 0 29.88
0 0 29.91
0 0 29.95
0 0 29.98
0 0 30.02
0 0 30.05
0 0 30.08
0 0 30.11
0 0 30.15
0 0 30.18
0 0 30.22
0 0 30.25
0 0 30.28
0 0 30.31
0 0 30.35
0 0 30.38
0 0 30.41
0 0 30.45
0 0 30.48
0 0 30.51
0 0 30.55
0 0 30.58
0 0 30.61
0 0 30.65
0 0 30.68
0 0 30.71
0 0 30.75
0 0 30.78
0 0 30.81
0 0 30.85
0 0 30.88
0 0 30.92
0 0 30.95
0 0 30.98
0 0 31.02
0 0 31.05
0 0 31.08
0 0 31.11
0 0 31.15
0 0 31.18
0 0 31.21
0 0 31.25
0 0 31.28
0 0 31.31
0 0 31.35
0 0 31.38
0 0 31.41
0 0 31.45
0 0 31.48
0 0 31.52
0 0 31.55
0 0 31.58
0 0 31.61
0 0 31.65
0 0 31.68
0 0 31.71
0 0 31.75
0 0 31.78
0 0 31.81
0 0 31.85
0 0 31.88
0 0 31.92
0 0 31.95
0 0 31.98
0 0 32.02
0 0 32.05
0 0 32.08
0 0 32.11
0 0 32.15
0 0 32.18
0 0 32.21
0 0 32.25
0 0 32.28
0 0 32.31
0 0 32.35
0 0 32.38
0 0 32.41
0 0 32.45
0 0 32.48
0 0 32.51
0 0 32.55
0 0 32.58
0 0 32.61
0 0 32.65
0 0 32.68
0 0 32.71
0 0 32.75
0 0 32.78
0 0 32.81
0 0 32.85
0 0 32.88
0 0 32.91
0 0 32.95
0 0 32.98
0.649 2.765 33.02
0 0 33.05
0 0 33.08
0 0 33.11
0 0 33.15
0 0 33.18
0 0 33.21
0 0 33.25
0 0 33.28
0.651 0.275 33.31
0 0 33.35
0 0 33.38
0 0 33.41
0 0 33.45
0 0 33.48
0 0 33.51
0.65 0.046 33.55
0 0 33.58
0 0 33.61
0 0 33.65
0 0 33.68
0 0 33.71
0 0 33.75
0 0 33.78
0 0 33.81
0 0 33.85
0 0 33.88
0 0 33.91
0 0 33.95
0 0 33.98
0 0 34.02
0 0 34.05
0 0 34.08
0 0 34.11
0 0 34.15
0 0 34.18
0 0 34.21
0 0 34.25
0 0 34.28
0 0 34.31
0 0 34.35
0 0 34.38
0 0 34.41
0 0 34.45
0 0 34.48
0 0 34.51
0 0 34.55
0 0 34.58
0 0 34.61
0 0 34.65
0 0 34.68
0 0 34.71
0 0 34.75
0 0 34.78
0 0 34.81
0 0 34.85
0 0 34.88
0 0 34.91
0 0 34.95
0 0 34.98
0 0 35.02
0 0 35.05
0 0 35.08
0 0 35.11
0 0 35.15
0 0 35.18
0 0 35.21
0 0 35.25
0 0 35.28
0 0 35.31
0 0 35.35
0 0 35.38
0 0 35.41
0 0 35.45
0 0 35.48
0 0 35.51
0 0 35.55
0 0 35.58
0 0 35.61
0 0 35.65
0 0 35.68
0 0 35.71
0 0 35.75
0 0 35.78
0 0 35.81
0 0 35.85
0 0 35.88
0 0 35.91
0 0 35.95
0 0 35.98
0 0 36.01
0 0 36.05
0 0 36.08
0 0 36.11
0.665 0.918 36.15
0 0 36.18
0 0 36.21
0 0 36.25
0 0 36.28
0 0 36.31
0 0 36.35
0 0 36.38
0 0 36.41
0 0 36.45
0 0 36.48
0 0 36.51
0 0 36.55
0.618 2.361 36.58
0 0 36.61
0 0 36.65
0 0 36.68
0 0 36.71
0 0 36.75
0 0 36.78
0 0 36.81
0 0 36.85
0 0 36.88
0.589 2.744 36.92
0 0 36.95
0 0 36.98
0 0 37.01
0.575 0.715 37.05
0.571 0.2 37.08
0.566 0.381 37.11
0.559 0.421 37.15
0.552 0.397 37.18
0.543 0.424 37.21
0.537 0.319 37.25
0 0 37.28
0.527 0.985 37.32
0.523 0.293 37.35
0.519 0.219 37.38
0.518 0.163 37.42
0 0 37.45
0.512 0.249 37.48
0 0 37.51
0 0 37.55
0.51 0.176 37.58
0.508 0.061 37.61
0.508 0.053 37.65
0.506 0.016 37.68
0.505 0.053 37.72
0.505 0.147 37.75
0.501 0.232 37.78
0.5 0.14 37.82
0.505 0.633 37.85
0.494 0.652 37.88
0.492 0.136 37.92
0.487 0.178 37.95
0.491 0.941 37.98
0.481 0.803 38.02
0.474 0.325 38.05
0.472 0.248 38.08
0.474 0.504 38.11
0.465 0.46 38.15
0.463 0.191 38.18
0.457 0.408 38.22
0.458 0.417 38.25
0.454 0.166 38.28
0.452 0.077 38.31
0.449 0.155 38.35
0.447 0.063 38.38
0.448 0.167 38.41
0.448 0.233 38.45
0.449 0.245 38.48
0.448 0.181 38.52
0.449 0.14 38.55
0.45 0.084 38.58
0.447 0.105 38.61
0.447 0.129 38.65
0.445 0.163 38.68
0.441 0.305 38.71
0.442 0.112 38.75
0.441 0.157 38.78
0.44 0.198 38.81
0.44 0.117 38.85
0.442 0.15 38.88
0.44 0.197 38.91
0.441 0.157 38.95
0.438 0.221 38.98
0.436 0.046 39.01
0.433 0.108 39.05
0 0 39.08
0.427 0.374 39.11
0.424 0.19 39.15
0.418 0.238 39.18
0 0 39.21
0 0 39.25
0 0 39.28
0 0 39.31
0 0 39.35
0.41 0.476 39.38
0 0 39.41
0 0 39.45
0.401 0.444 39.48
0.398 0.09 39.52
0.395 0.105 39.55
0.393 0.152 39.58
0 0 39.61
0.389 0.216 39.65
0.389 0.095 39.68
0.385 0.18 39.72
0 0 39.75
0.384 0.08 39.78
0.388 0.239 39.81
0.388 0.115 39.85
0.391 0.268 39.88
0.393 0.235 39.91
0.392 0.147 39.95
0.394 0.176 39.98
0.395 0.298 40.02
0.393 0.254 40.05
0.396 0.263 40.08
0.394 0.156 40.11
0.393 0.087 40.15
0.394 0.073 40.18
0 0 40.21
0.398 0.547 40.25
0 0 40.28
0.403 0.56 40.31
0 0 40.35
0 0 40.38
0 0 40.41
0.415 0.937 40.45
0.42 0.192 40.48
0 0 40.51
0.424 0.394 40.55
0 0 40.58
0.43 0.412 40.61
0 0 40.65
0 0 40.68
0.435 0.344 40.71
0 0 40.74
0 0 40.78
0 0 40.81
0 0 40.85
0 0 40.88
0.438 0.642 40.91
0.437 0.104 40.95
0 0 40.98
0 0 41.01
0 0 41.05
0 0 41.08
0 0 41.11
0.451 1.416 41.15
0.452 0.222 41.18
0.453 0.204 41.21
0.451 0.354 41.25
0.45 0.337 41.28
0.451 0.141 41.31
0.45 0.093 41.35
0.452 0.189 41.38
0.451 0.186 41.41
0.453 0.18 41.45
0.452 0.202 41.48
0.45 0.302 41.51
0.452 0.151 41.55
0.448 0.281 41.58
0.451 0.139 41.61
0.448 0.132 41.65
0.446 0.084 41.68
0 0 41.71
0.44 0.441 41.75
0 0 41.78
0.443 0.288 41.81
0 0 41.85
0.438 0.296 41.88
0 0 41.91
0 0 41.95
0 0 41.98
0.448 0.535 42.02
0.437 0.521 42.05
0.439 0.069 42.08
0.438 0.019 42.11
0.439 0.09 42.15
0.437 0.104 42.18
0.438 0.078 42.21
0.434 0.183 42.25
0.435 0.067 42.28
0 0 42.31
0.437 0.242 42.35
0 0 42.38
0 0 42.41
0.433 0.263 42.45
0.431 0.11 42.48
0.436 0.319 42.52
0.433 0.118 42.55
0.432 0.07 42.58
0 0 42.61
0 0 42.65
0.428 0.17 42.68
0 0 42.71
0 0 42.74
0 0 42.78
0 0 42.81
0 0 42.85
0 0 42.88
0.429 0.331 42.91
0 0 42.94
0.427 0.147 42.98
0 0 43.01
0 0 43.04
0.428 0.112 43.08
0.428 0.08 43.11
0.427 0.069 43.15
0 0 43.18
0.43 0.142 43.21
0.43 0.033 43.25
0.428 0.1 43.28
0.43 0.186 43.31
0 0 43.35
0.43 0.044 43.38
0.429 0.053 43.41
0.429 0.013 43.45
0 0 43.48
0.43 0.075 43.51
0 0 43.55
0 0 43.58
0 0 43.61
0 0 43.65
0.43 0.048 43.68
0.43 0.031 43.72
0 0 43.74
0.427 0.251 43.78
0 0 43.81
0 0 43.85
0.429 0.083 43.88
0.43 0.073 43.91
0 0 43.95
0.43 0.043 43.98
0 0 44.01
0.429 0.07 44.05
0 0 44.08
0.428 0.011 44.12
0.429 0.1 44.15
0 0 44.18
0 0 44.21
0.427 0.043 44.25
0.426 0.048 44.28
0.424 0.034 44.32
0 0 44.35
0 0 44.38
0 0 44.41
0 0 44.44
0 0 44.48
0 0 44.51
0 0 44.55
0 0 44.58
0.424 0.113 44.61
0.422 0.065 44.65
0.424 0.153 44.68
0.422 0.011 44.71
0.421 0.012 44.75
0.417 0.134 44.78
0 0 44.81
0 0 44.85
0 0 44.88
0 0 44.91
0.418 0.103 44.95
0.413 0.233 44.98
0.413 0.025 45.02
0 0 45.05
0.413 0.071 45.08
0.412 0.016 45.11
0 0 45.14
0.409 0.229 45.18
0 0 45.21
0 0 45.25
0 0 45.28
0 0 45.31
0.413 0.197 45.35
0 0 45.38
0.427 1.407 45.41
0.409 1.065 45.45
0.406 0.068 45.48
0.403 0.069 45.52
0.402 0.044 45.55
0.4 0.151 45.58
0.397 0.108 45.61
0.394 0.135 45.65
0.395 0.19 45.68
0 0 45.71
0 0 45.75
0.387 0.345 45.78
0.386 0.023 45.81
0 0 45.85
0.38 0.478 45.88
0 0 45.91
0.371 0.598 45.95
0.364 0.226 45.98
0.358 0.263 46.01
0.349 0.335 46.05
0 0 46.08
0.333 1.087 46.11
0 0 46.14
0.318 0.885 46.18
0.311 0.283 46.21
0.304 0.32 46.25
0.298 0.277 46.28
0.293 0.513 46.31
0.289 0.431 46.35
0.286 0.278 46.38
0.283 0.281 46.41
0.28 0.236 46.45
0.276 0.247 46.48
0.275 0.176 46.52
0.272 0.283 46.55
0.269 0.184 46.58
0.269 0.212 46.61
0.266 0.265 46.65
0.264 0.149 46.68
0.264 0.096 46.71
0.262 0.222 46.75
0.261 0.07 46.78
0.261 0.122 46.82
0 0 46.85
0 0 46.88
0.262 0.216 46.91
0.265 0.384 46.95
0.263 0.23 46.98
0.259 0.329 47.02
0.26 0.193 47.05
0.262 0.193 47.08
0.261 0.129 47.11
0.264 0.148 47.15
0.266 0.189 47.18
0.264 0.043 47.21
0.263 0.103 47.25
0.261 0.051 47.28
0.26 0.057 47.31
