0 0 2.27
0.518 0.347 2.31
0.515 0.373 2.34
0 0 2.35
0 0 2.36
0.515 2.141 2.38
0.521 0.423 2.42
0 0 2.45
0.507 0.688 2.48
0.512 0.311 2.52
0.508 0.179 2.55
0 0 2.58
0.507 0.345 2.62
0.499 0.721 2.65
0.499 0.225 2.68
0 0 2.72
0 0 2.75
0 0 2.78
0 0 2.81
0 0 2.85
0 0 2.88
0 0 2.92
0 0 2.95
0 0 2.98
0 0 3.02
0 0 3.05
0 0 3.08
0 0 3.12
0 0 3.15
0 0 3.18
0 0 3.22
0 0 3.25
0 0 3.28
0 0 3.32
0 0 3.35
0 0 3.38
0 0 3.42
0 0 3.45
0 0 3.48
0 0 3.52
0 0 3.55
0 0 3.58
0.355 6.246 3.62
0 0 3.65
0 0 3.68
0.339 1.402 3.72
0 0 3.75
0 0 3.79
0.312 1.132 3.82
0 0 3.85
0 0 3.88
0 0 3.92
0 0 3.95
0 0 3.98
0.292 1.458 4.02
0.29 0.122 4.05
0 0 4.08
0.289 0.199 4.12
0.289 0.047 4.15
0 0 4.18
0 0 4.22
0.29 0.215 4.25
0.293 0.05 4.28
0.292 0.131 4.32
0 0 4.35
0 0 4.38
0 0 4.42
0 0 4.45
0 0 4.48
0.298 0.752 4.52
0.3 0.068 4.55
0.305 0.213 4.58
0.31 0.164 4.62
0 0 4.65
0.315 0.242 4.69
0.318 0.156 4.72
0.32 0.239 4.75
0 0 4.78
0 0 4.82
0.302 0.73 4.85
0 0 4.88
0.301 0.663 4.92
0 0 4.95
0.294 0.408 4.99
0.294 0.171 5.02
0.298 0.237 5.05
0.293 0.357 5.09
0.295 0.307 5.12
0.294 0.223 5.15
0.292 0.143 5.19
0.297 0.231 5.22
0.305 0.369 5.25
0.311 0.366 5.29
0.318 0.714 5.32
0.328 0.74 5.35
0.34 0.753 5.39
0.355 0.8 5.42
0.373 0.755 5.45
0.394 0.698 5.49
0.414 1.317 5.52
0.432 1.04 5.55
0.453 0.991 5.59
0.467 0.611 5.62
0 0 5.65
0 0 5.69
0.501 1.376 5.72
0.514 0.688 5.75
0.518 0.54 5.79
0.529 0.524 5.82
0.537 0.368 5.85
0 0 5.89
0 0 5.92
0 0 5.95
0 0 5.99
0 0 6.02
0 0 6.05
0 0 6.08
0 0 6.12
0 0 6.15
0 0 6.19
0 0 6.22
0 0 6.25
0 0 6.29
0 0 6.32
0 0 6.35
0 0 6.38
0 0 6.42
0 0 6.45
0 0 6.48
0 0 6.52
0 0 6.55
0 0 6.58
0 0 6.62
0 0 6.65
0 0 6.69
0 0 6.72
0 0 6.75
0 0 6.78
0 0 6.82
0 0 6.85
0 0 6.88
0 0 6.92
0 0 6.95
0 0 6.98
0 0 7.02
0 0 7.05
0 0 7.08
0 0 7.12
0 0 7.15
0 0 7.19
0 0 7.22
0 0 7.25
0 0 7.28
0 0 7.32
0 0 7.35
0 0 7.38
0 0 7.42
0 0 7.45
0 0 7.48
0 0 7.52
0 0 7.55
0 0 7.58
0 0 7.62
0 0 7.65
0 0 7.69
0 0 7.72
0 0 7.75
0 0 7.78
0 0 7.82
0.559 1.186 7.85
0 0 7.88
0 0 7.92
0 0 7.95
0 0 7.98
0.542 1.493 8.02
0 0 8.05
0 0 8.08
0 0 8.12
0 0 8.15
0 0 8.19
0 0 8.22
0 0 8.25
0 0 8.28
0 0 8.32
0 0 8.35
0 0 8.38
0 0 8.42
0 0 8.45
0 0 8.49
0 0 8.52
0 0 8.55
0 0 8.59
0 0 8.62
0 0 8.65
0 0 8.69
0 0 8.72
0 0 8.75
0 0 8.78
0 0 8.82
0 0 8.85
0 0 8.88
0 0 8.92
0 0 8.95
0 0 8.98
0 0 9.02
0 0 9.05
0 0 9.08
0.404 8.192 9.12
0.398 0.369 9.15
0 0 9.18
0 0 9.22
0.387 0.827 9.25
0.385 0.229 9.28
0 0 9.32
0 0 9.35
0.38 0.963 9.38
0 0 9.42
0.375 0.533 9.45
0.376 0.3 9.49
0.375 0.256 9.52
0.379 0.615 9.55
0.371 0.638 9.59
0.373 0.436 9.62
0.374 0.335 9.65
0.374 0.268 9.69
0.368 0.292 9.72
0.367 0.174 9.75
0.37 0.257 9.78
0.369 0.139 9.82
0.369 0.131 9.85
0.371 0.256 9.89
0.376 0.34 9.92
0.381 0.279 9.95
0.377 0.256 9.99
0.387 0.434 10.02
0.381 0.228 10.05
0.383 0.083 10.09
0.382 0.096 10.12
0.397 0.755 10.15
0.388 0.52 10.19
0.39 0.054 10.22
0.392 0.073 10.25
0.391 0.094 10.28
0.393 0.186 10.32
0.399 0.274 10.35
0.399 0.094 10.39
0.401 0.097 10.42
0.402 0.049 10.45
0.405 0.217 10.49
0.403 0.213 10.52
0.404 0.122 10.55
0.404 0.116 10.59
0.406 0.066 10.62
0.407 0.112 10.65
0.407 0.133 10.69
0.411 0.118 10.72
0.416 0.114 10.75
0.418 0.068 10.79
0.418 0.044 10.82
0.423 0.255 10.85
0 0 10.89
0.419 0.237 10.92
0.424 0.166 10.95
0.423 0.07 10.99
0.425 0.029 11.02
0 0 11.05
0 0 11.08
0.426 0.095 11.12
0.426 0.097 11.15
0 0 11.18
0.424 0.127 11.22
0 0 11.25
0.422 0.502 11.29
0.422 0.419 11.32
0.423 0.472 11.35
0.428 0.515 11.39
0.434 0.544 11.42
0.429 1.489 11.45
0.436 0.994 11.48
0.439 0.936 11.52
0.447 0.727 11.55
0.452 0.672 11.58
0.454 0.587 11.62
0.455 0.538 11.65
0.457 0.452 11.69
0.46 0.709 11.72
0.457 0.663 11.75
0 0 11.78
0.454 1.041 11.82
0.448 0.556 11.85
0.45 0.468 11.88
0 0 11.92
0 0 11.95
0.448 2.07 11.99
0 0 12.02
0.445 0.676 12.05
0.441 0.24 12.09
0.437 0.199 12.12
0.433 0.357 12.15
0.43 0.29 12.19
0.43 0.236 12.22
0.431 0.548 12.32
0.429 0.635 12.42
0.423 0.507 12.52
0.419 0.846 12.62
0.418 0.5 12.75
0.419 0.229 12.85
0.421 0.336 12.95
0.427 0.306 13.08
0.431 0.298 13.19
0.429 0.065 13.28
0.425 0.502 13.38
0.419 0.798 13.52
0 0 13.55
0 0 13.58
0 0 13.62
0.41 0.877 13.65
0 0 13.68
0.408 1.01 13.72
0 0 13.75
0 0 13.82
0.414 1.536 13.85
0 0 13.92
0 0 13.95
0 0 13.98
0 0 14.02
0 0 14.05
0 0 14.08
0 0 14.12
0 0 14.15
0 0 14.18
0 0 14.22
0 0 14.25
0 0 14.28
0 0 14.32
0 0 14.35
0 0 14.38
0 0 14.42
0 0 14.45
0 0 14.48
0 0 14.52
0 0 14.55
0 0 14.58
0 0 14.62
0 0 14.65
0 0 14.69
0 0 14.72
0 0 14.75
0 0 14.78
0 0 14.82
0 0 14.85
0 0 14.88
0 0 14.92
0.48 8.381 14.95
0.459 0.849 14.98
0.442 0.625 15.02
0.422 0.595 15.05
0.41 0.854 15.08
0.396 0.676 15.12
0.387 0.614 15.15
0.376 0.621 15.19
0.37 0.614 15.22
0.369 0.709 15.25
0.364 0.871 15.29
0.366 1.033 15.32
0.367 0.768 15.35
0.364 0.466 15.38
0.355 0.984 15.49
0.343 1.06 15.58
0.338 0.54 15.69
0.34 0.31 15.78
0.344 0.344 15.92
0.347 0.458 16.02
0 0 16.05
0.347 0.364 16.12
0 0 16.15
0 0 16.18
0.344 0.387 16.22
0 0 16.25
0 0 16.32
0.349 0.759 16.35
0.348 0.487 16.45
0 0 16.52
0.342 0.268 16.55
0.332 0.441 16.69
0.329 0.272 16.78
0.334 0.465 16.88
0.338 0.49 16.98
0 0 17.08
0.343 0.775 17.12
0.358 3.771 17.22
0 0 17.25
0.37 4.935 17.32
0 0 17.38
0 0 17.42
0 0 17.45
0 0 17.48
0 0 17.52
0 0 17.55
0 0 17.58
0 0 17.61
0 0 17.65
0 0 17.68
0 0 17.71
0 0 17.75
0 0 17.78
0 0 17.81
0 0 17.85
0 0 17.88
0 0 17.92
0 0 17.95
0 0 17.98
0 0 18.02
0 0 18.05
0 0 18.08
0 0 18.12
0 0 18.15
0 0 18.18
0 0 18.21
0 0 18.25
0 0 18.28
0 0 18.31
0 0 18.35
0 0 18.38
0 0 18.42
0 0 18.45
0 0 18.48
0 0 18.52
0 0 18.55
0 0 18.58
0 0 18.61
0 0 18.65
0 0 18.68
0 0 18.72
0 0 18.75
0 0 18.78
0 0 18.81
0 0 18.85
0 0 18.88
0 0 18.92
0 0 18.95
0 0 18.98
0 0 19.02
0 0 19.05
0 0 19.08
0 0 19.12
0 0 19.15
0 0 19.18
0 0 19.21
0 0 19.25
0 0 19.28
0 0 19.31
0 0 19.35
0 0 19.38
0 0 19.41
0 0 19.45
0 0 19.48
0 0 19.52
0 0 19.55
0 0 19.58
0 0 19.61
0 0 19.65
0 0 19.68
0 0 19.71
0 0 19.75
0 0 19.78
0 0 19.81
0 0 19.85
0 0 19.88
0 0 19.92
0 0 19.95
0 0 19.98
0 0 20.02
0 0 20.05
0 0 20.08
0 0 20.11
0 0 20.15
0 0 20.18
0 0 20.22
0 0 20.25
0 0 20.28
0 0 20.32
0 0 20.35
0 0 20.38
0 0 20.41
0 0 20.45
0 0 20.48
0 0 20.52
0 0 20.55
0 0 20.58
0 0 20.62
0 0 20.65
0 0 20.68
0 0 20.71
0 0 20.75
0 0 20.78
0 0 20.81
0 0 20.85
0 0 20.88
0 0 20.92
0 0 20.95
0 0 20.98
0 0 21.02
0 0 21.05
0 0 21.08
0 0 21.11
0 0 21.15
0 0 21.18
0 0 21.21
0 0 21.25
0 0 21.28
0 0 21.32
0 0 21.35
0 0 21.38
0 0 21.42
0 0 21.45
0 0 21.48
0 0 21.52
0 0 21.55
0 0 21.58
0 0 21.62
0 0 21.65
0.534 7.155 21.68
0.528 0.15 21.72
0 0 21.75
0 0 21.78
0 0 21.82
0 0 21.85
0 0 21.88
0 0 21.92
0 0 21.95
0 0 21.98
0 0 22.02
0 0 22.05
0.499 1.832 22.08
0 0 22.11
0 0 22.15
0.482 1.102 22.18
0.476 0.228 22.22
0 0 22.25
0.472 0.355 22.28
0.469 0.126 22.32
0.466 0.199 22.35
0.461 0.243 22.38
0.456 0.222 22.42
0.452 0.154 22.45
0.438 0.573 22.48
0.428 0.379 22.52
0.411 0.534 22.55
0.394 0.615 22.58
0.376 0.689 22.62
0 0 22.65
0 0 22.68
0.324 3.19 22.72
0.31 0.838 22.75
0.298 0.655 22.78
0.289 0.467 22.82
0.281 0.692 22.85
0.282 0.524 22.88
0.284 0.423 22.92
0.285 0.236 22.95
0.289 0.322 22.98
0.286 0.199 23.02
0.29 0.375 23.05
0.287 0.178 23.08
0.286 0.101 23.12
0.286 0.129 23.15
0.281 0.099 23.18
0.282 0.177 23.22
0.279 0.22 23.25
0.277 0.144 23.28
0.273 0.182 23.32
0.278 0.456 23.35
0.281 0.242 23.38
0 0 23.41
0 0 23.45
0 0 23.48
0 0 23.52
0 0 23.55
0 0 23.58
0 0 23.61
0 0 23.65
0 0 23.68
0 0 23.71
0 0 23.75
0 0 23.78
0 0 23.81
0 0 23.85
0 0 23.88
0 0 23.92
0 0 23.95
0 0 23.98
0 0 24.02
0 0 24.05
0 0 24.08
0 0 24.11
0 0 24.15
0 0 24.18
0 0 24.21
0 0 24.25
0.279 1.065 24.28
0.288 1.23 24.31
0.292 1.395 24.35
0 0 24.38
0 0 24.41
0 0 24.45
0 0 24.48
0 0 24.52
