0.275 0.542 2.27
0.269 0.013 2.34
0.264 0.012 2.38
0.26 0.011 2.41
0.255 0.01 2.44
0.251 0.01 2.47
0.247 0.009 2.49
0.245 0.008 2.52
0.244 0.008 2.53
0.242 0.008 2.55
0.241 0.009 2.58
0.24 0.009 2.61
0.241 0.009 2.64
0.241 0.009 2.67
0.242 0.009 2.7
0 0 2.73
0.246 0.013 2.75
0.246 0.004 2.78
0 0 2.81
0.246 0.004 2.85
0.247 0.003 2.88
0.247 0.003 2.92
0 0 2.95
0.249 0.005 2.99
0.251 0.001 3.02
0.252 0.001 3.05
0.252 0.001 3.08
0.252 0.002 3.11
0.253 0.001 3.14
0.255 0.001 3.18
0.255 0.003 3.21
0.256 0.002 3.25
0.258 0.004 3.28
0.261 0.002 3.31
0.264 0.002 3.35
0.266 0.001 3.38
0.267 0.003 3.41
0.268 0.003 3.45
0.27 0.003 3.48
0.27 0.004 3.51
0.27 0.005 3.54
0.271 0.005 3.58
0.271 0.006 3.61
0.272 0.007 3.65
0.271 0.008 3.68
0.271 0.007 3.71
0.271 0.009 3.74
0.269 0.011 3.78
0.269 0.012 3.81
0.27 0.013 3.85
0.273 0.014 3.88
0.278 0.013 3.91
0.284 0.016 3.95
0.291 0.012 3.98
0.299 0.015 4.01
0.305 0.011 4.04
0.315 0.016 4.08
0.325 0.014 4.11
0.335 0.014 4.14
0 0 4.18
0.354 0.027 4.21
0.365 0.016 4.25
0.379 0.02 4.28
0.39 0.013 4.31
0.402 0.016 4.35
0.413 0.014 4.38
0.424 0.012 4.41
0.438 0.019 4.45
0 0 4.48
0.453 0.022 4.51
0.457 0.009 4.54
0.456 0.006 4.58
0.459 0.014 4.61
0.454 0.009 4.65
0.45 0.009 4.68
0.445 0.009 4.71
0.441 0.009 4.75
0 0 4.77
0.434 0.017 4.81
0.434 0.01 4.85
0.431 0.007 4.89
0.43 0.006 4.91
0.429 0.005 4.96
0.43 0.006 5.0
0.43 0.005 5.02
0.431 0.004 5.05
0.44 0.014 5.08
0.433 0.008 5.11
0.431 0.002 5.15
0.43 0.002 5.18
0.431 0.004 5.21
0.433 0.003 5.25
0.434 0.001 5.28
0.436 0.003 5.31
0.436 0.004 5.36
0.432 0.01 5.39
0.422 0.016 5.41
0.42 0.005 5.47
0.419 0.004 5.5
0.406 0.018 5.54
0.399 0.01 5.56
0.394 0.011 5.59
0.389 0.011 5.63
0 0 5.64
0.385 0.02 5.68
0.387 0.009 5.74
0 0 5.76
0 0 5.8
0 0 5.83
0 0 5.84
0 0 5.88
0.403 0.03 5.92
0.409 0.008 5.95
0 0 5.98
0 0 6.01
0 0 6.04
0 0 6.08
0.408 0.005 6.11
0.411 0.001 6.15
0.411 0.001 6.19
0.411 0.002 6.22
0 0 6.24
0 0 6.28
0 0 6.31
0 0 6.35
0 0 6.38
0.414 0.004 6.41
0 0 6.44
0 0 6.48
0 0 6.51
0 0 6.54
0 0 6.58
0.42 0.004 6.61
0 0 6.64
0 0 6.68
0 0 6.71
0.423 0.003 6.76
0 0 6.79
0 0 6.81
0.425 0.001 6.85
0 0 6.88
0.428 0.003 6.91
0.427 0.001 6.95
0.429 0.002 6.98
0.43 0.0 7.02
0 0 7.04
0.427 0.004 7.08
0.43 0.001 7.11
0 0 7.14
0.43 0.001 7.18
0 0 7.21
0 0 7.24
0 0 7.28
0.433 0.002 7.31
0 0 7.34
0.433 0.002 7.38
0.435 0.003 7.41
0 0 7.44
0 0 7.48
0.436 0.002 7.51
0 0 7.56
0 0 7.59
0.438 0.002 7.61
0 0 7.64
0 0 7.68
0 0 7.71
0.441 0.002 7.74
0.444 0.003 7.78
0.441 0.004 7.81
0.442 0.0 7.84
0 0 7.88
0 0 7.91
0 0 7.94
0.448 0.003 7.98
0.447 0.001 8.01
0.444 0.003 8.04
0 0 8.08
0.449 0.006 8.11
0.447 0.003 8.14
0 0 8.18
0.451 0.003 8.21
0.447 0.005 8.24
0.443 0.005 8.28
0.439 0.007 8.31
0 0 8.34
0.426 0.014 8.38
0 0 8.41
0.409 0.019 8.44
0.396 0.016 8.48
0.387 0.013 8.51
0 0 8.54
0.364 0.03 8.58
0.355 0.014 8.61
0.35 0.014 8.64
0.343 0.014 8.68
0.34 0.012 8.73
0 0 8.75
0 0 8.78
0.333 0.028 8.81
0.331 0.008 8.84
0.329 0.006 8.88
0.325 0.007 8.91
0.326 0.005 8.94
0 0 8.98
0.323 0.009 9.01
0.324 0.003 9.04
0.325 0.002 9.08
0.325 0.002 9.11
0 0 9.14
0.327 0.002 9.18
0.326 0.002 9.21
0.325 0.004 9.26
0.328 0.002 9.29
0.327 0.005 9.31
0.329 0.002 9.35
0.33 0.006 9.38
0.332 0.003 9.41
0.331 0.003 9.44
0.332 0.003 9.48
0.333 0.002 9.51
0.333 0.002 9.55
0.334 0.003 9.58
0.336 0.004 9.61
0.336 0.006 9.66
0.338 0.009 9.68
0.337 0.008 9.71
0.337 0.01 9.75
0.338 0.012 9.78
0.342 0.011 9.81
0.345 0.012 9.84
0.349 0.012 9.88
0.352 0.011 9.91
0.359 0.012 9.95
0.363 0.011 9.98
0.371 0.014 10.01
0.376 0.01 10.04
0.386 0.014 10.08
0.39 0.009 10.12
0.398 0.009 10.15
0.405 0.01 10.19
0.407 0.006 10.21
0.414 0.009 10.24
0.419 0.004 10.28
0.427 0.01 10.31
0.426 0.007 10.35
0.427 0.006 10.38
0.431 0.005 10.41
0.437 0.006 10.44
0.438 0.008 10.48
0.44 0.005 10.51
0.441 0.008 10.55
0.445 0.006 10.58
0.447 0.006 10.61
0.45 0.006 10.65
0.453 0.005 10.68
0.457 0.005 10.71
0.459 0.003 10.74
0.461 0.004 10.78
0.466 0.006 10.82
0 0 10.85
0.467 0.004 10.88
0.472 0.004 10.91
0.472 0.001 10.96
0 0 10.99
0.474 0.004 11.01
0.472 0.003 11.05
0.474 0.004 11.08
0.474 0.003 11.12
0.475 0.002 11.15
0.472 0.003 11.18
0.472 0.002 11.22
0.479 0.006 11.25
0.474 0.007 11.28
0.475 0.001 11.31
0.475 0.002 11.35
0.477 0.003 11.38
0.478 0.001 11.41
0.478 0.003 11.44
0.48 0.004 11.48
0.479 0.003 11.51
0.479 0.0 11.54
0.481 0.0 11.58
0.481 0.001 11.61
0 0 11.64
0.481 0.002 11.68
0.48 0.001 11.71
0.483 0.005 11.74
0 0 11.78
0 0 11.81
0 0 11.84
0.488 0.003 11.88
0.487 0.001 11.91
0 0 11.94
0.487 0.003 11.98
0.489 0.001 12.01
0 0 12.04
0 0 12.07
0 0 12.11
0 0 12.14
0.491 0.002 12.18
0 0 12.21
0 0 12.24
0 0 12.28
0 0 12.31
0 0 12.34
0 0 12.38
0 0 12.41
0 0 12.44
0 0 12.47
0 0 12.51
0 0 12.54
0 0 12.58
0 0 12.61
0 0 12.64
0 0 12.68
0 0 12.71
0 0 12.74
0 0 12.79
0 0 12.81
0.503 0.004 12.84
0 0 12.9
0 0 12.92
0 0 12.97
0 0 12.99
0 0 13.01
0 0 13.05
0 0 13.08
0.502 0.019 13.11
0 0 13.14
0.487 0.015 13.18
0 0 13.21
0 0 13.24
0.452 0.037 13.28
0 0 13.31
0 0 13.34
0 0 13.37
0.411 0.056 13.41
0 0 13.44
0 0 13.47
0 0 13.53
0 0 13.56
0 0 13.58
0 0 13.61
0 0 13.64
0 0 13.68
0 0 13.71
0 0 13.74
0 0 13.78
0 0 13.81
0 0 13.84
0 0 13.87
0 0 13.91
0 0 13.95
0 0 14.0
0 0 14.03
0 0 14.04
0 0 14.08
0 0 14.11
0 0 14.14
0 0 14.18
0 0 14.21
0 0 14.24
0 0 14.28
0 0 14.31
0 0 14.34
0 0 14.37
0 0 14.41
0 0 14.44
0 0 14.48
0 0 14.51
0 0 14.54
0 0 14.58
0 0 14.62
0 0 14.65
0 0 14.7
0 0 14.71
0 0 14.74
0 0 14.78
0.388 0.048 14.82
0.399 0.016 14.85
0.412 0.016 14.88
0.42 0.013 14.91
0 0 14.94
0.447 0.027 14.98
0.454 0.009 15.01
0.463 0.009 15.07
0 0 15.1
0.476 0.014 15.12
0.482 0.006 15.15
0 0 15.18
0.488 0.007 15.23
0 0 15.26
0 0 15.28
0.495 0.008 15.31
0 0 15.34
0.496 0.001 15.38
0 0 15.41
0.494 0.003 15.44
0 0 15.48
0.491 0.004 15.51
0.489 0.003 15.55
0.487 0.005 15.59
0.485 0.003 15.63
0 0 15.66
0 0 15.68
0.473 0.017 15.74
0.467 0.007 15.77
0.462 0.007 15.8
0.457 0.005 15.83
0 0 15.86
0 0 15.87
0 0 15.91
0 0 15.94
0 0 15.98
0 0 16.01
0.468 0.063 16.05
0.471 0.007 16.08
0 0 16.11
0 0 16.15
0.487 0.022 16.18
0 0 16.21
0 0 16.24
0.496 0.011 16.27
0 0 16.31
0 0 16.34
0.499 0.005 16.38
0 0 16.41
0 0 16.44
0 0 16.47
0.498 0.004 16.51
0.498 0.0 16.54
0 0 16.58
0.495 0.003 16.62
0.497 0.004 16.65
0.499 0.003 16.68
0.499 0.003 16.71
0.497 0.003 16.74
0 0 16.77
0 0 16.82
0 0 16.84
0 0 16.87
0.482 0.013 16.91
0.474 0.007 16.97
0.468 0.008 17.0
0 0 17.02
0.444 0.024 17.04
0.432 0.013 17.08
0 0 17.11
0.406 0.028 17.14
0.399 0.014 17.18
0.391 0.013 17.21
0.383 0.012 17.24
0.379 0.012 17.28
0.373 0.01 17.31
0.373 0.012 17.35
0 0 17.38
0.364 0.015 17.41
0 0 17.44
0 0 17.47
0 0 17.51
0 0 17.54
0 0 17.58
0.355 0.032 17.61
0 0 17.64
0.351 0.006 17.68
0.346 0.004 17.71
0 0 17.74
0.346 0.006 17.78
0 0 17.81
0.343 0.008 17.85
0 0 17.87
0.342 0.01 17.91
0.343 0.001 17.95
0.341 0.002 17.98
0.339 0.002 18.01
0.336 0.004 18.05
0.333 0.006 18.1
0.331 0.002 18.12
0.327 0.006 18.16
0.321 0.009 18.19
0.314 0.008 18.22
0.311 0.006 18.25
0.305 0.011 18.28
0.305 0.01 18.31
0.305 0.011 18.35
0.306 0.014 18.38
0.311 0.012 18.41
0.318 0.013 18.46
0.327 0.013 18.48
0.336 0.013 18.51
0.346 0.016 18.54
0.356 0.014 18.58
0.367 0.014 18.61
0.377 0.012 18.64
0.386 0.013 18.68
0.396 0.011 18.71
0.407 0.012 18.74
0.413 0.009 18.78
0.421 0.009 18.81
0.43 0.01 18.84
0.435 0.007 18.88
0.443 0.007 18.91
0 0 18.94
0 0 18.97
0.465 0.025 19.01
0.471 0.007 19.04
0.475 0.004 19.08
0 0 19.11
0 0 19.14
0.477 0.007 19.18
0 0 19.21
0 0 19.24
0 0 19.27
0.477 0.003 19.32
0 0 19.34
0.477 0.001 19.38
0.475 0.001 19.41
0.475 0.002 19.44
0 0 19.48
0 0 19.51
0 0 19.54
0.454 0.039 19.58
0.454 0.009 19.61
0.451 0.009 19.64
0 0 19.67
0 0 19.71
0 0 19.74
0 0 19.77
0 0 19.81
0.454 0.03 19.84
