0 0 2.14
0 0 2.22
0 0 2.24
0 0 2.27
0 0 2.31
0 0 2.32
0 0 2.33
0 0 2.35
0 0 2.37
0 0 2.38
0 0 2.41
0 0 2.44
0 0 2.47
0 0 2.51
0 0 2.56
0 0 2.57
0 0 2.61
0 0 2.64
0 0 2.67
0 0 2.71
0 0 2.74
0 0 2.77
0 0 2.82
0 0 2.84
0 0 2.88
0 0 2.91
0 0 2.94
0 0 2.97
0 0 3.01
0 0 3.04
0 0 3.09
0 0 3.11
0 0 3.14
0 0 3.18
0 0 3.21
0 0 3.26
0 0 3.29
0 0 3.31
0 0 3.34
0 0 3.38
0 0 3.43
0 0 3.46
0 0 3.48
0 0 3.51
0 0 3.55
0 0 3.58
0 0 3.61
0 0 3.65
0 0 3.68
0 0 3.72
0 0 3.74
0 0 3.78
0 0 3.81
0 0 3.84
0 0 3.88
0 0 3.91
0 0 3.94
0 0 3.98
0 0 4.02
0 0 4.05
0 0 4.08
0 0 4.11
0 0 4.14
0 0 4.18
0 0 4.21
0 0 4.24
0 0 4.28
0 0 4.31
0 0 4.34
0 0 4.38
0 0 4.42
0 0 4.45
0 0 4.48
0 0 4.51
0 0 4.54
0 0 4.58
0 0 4.64
0 0 4.65
0 0 4.68
0 0 4.71
0 0 4.75
0 0 4.8
0 0 4.84
0 0 4.85
0 0 4.88
0 0 4.91
0 0 4.94
0 0 4.98
0 0 5.01
0 0 5.05
0 0 5.08
0 0 5.11
0 0 5.14
0 0 5.18
0 0 5.21
0 0 5.24
0 0 5.28
0 0 5.32
0 0 5.35
0 0 5.38
0 0 5.41
0 0 5.46
0 0 5.49
0 0 5.51
0 0 5.55
0 0 5.58
0 0 5.61
0 0 5.64
0 0 5.68
0 0 5.71
0 0 5.74
0 0 5.78
0 0 5.81
0 0 5.85
0 0 5.88
0 0 5.91
0 0 5.94
0 0 5.98
0 0 6.01
0 0 6.04
0 0 6.08
0 0 6.12
0 0 6.14
0 0 6.18
0 0 6.21
0 0 6.24
0 0 6.29
0 0 6.31
0 0 6.36
0 0 6.39
0 0 6.41
0 0 6.44
0 0 6.48
0 0 6.51
0 0 6.54
0 0 6.58
0 0 6.61
0 0 6.64
0 0 6.68
0 0 6.71
0 0 6.74
0 0 6.78
0 0 6.81
0 0 6.84
0 0 6.88
0 0 6.91
0 0 6.95
0 0 6.98
0 0 7.01
0 0 7.04
0 0 7.08
0 0 7.11
0 0 7.14
0 0 7.18
0 0 7.21
0 0 7.25
0 0 7.3
0 0 7.32
0 0 7.34
0 0 7.38
0 0 7.42
0 0 7.45
0 0 7.5
0 0 7.54
0 0 7.56
0 0 7.57
0 0 7.61
0 0 7.64
0 0 7.68
0 0 7.72
0 0 7.74
0 0 7.77
0 0 7.81
0 0 7.84
0 0 7.88
0 0 7.91
0 0 7.94
0 0 7.97
0 0 8.02
0 0 8.04
0 0 8.08
0 0 8.11
0 0 8.14
0 0 8.18
0 0 8.21
0 0 8.24
0 0 8.28
0 0 8.31
0 0 8.35
0 0 8.39
0 0 8.41
0 0 8.44
0 0 8.47
0 0 8.51
0 0 8.55
0 0 8.57
0 0 8.61
0 0 8.64
0 0 8.67
0 0 8.71
0 0 8.74
0 0 8.77
0 0 8.81
0 0 8.84
0 0 8.88
0 0 8.92
0 0 8.94
0 0 8.97
0 0 9.01
0 0 9.04
0 0 9.07
0 0 9.11
0 0 9.14
0 0 9.19
0 0 9.21
0 0 9.24
0 0 9.28
0 0 9.31
0 0 9.34
0 0 9.38
0 0 9.42
0 0 9.44
0 0 9.47
0 0 9.51
0 0 9.54
0 0 9.57
0 0 9.61
0 0 9.64
0 0 9.67
0 0 9.71
0 0 9.74
0 0 9.78
0 0 9.81
0 0 9.84
0 0 9.89
0 0 9.91
0 0 9.94
0 0 9.98
0 0 10.01
0 0 10.04
0 0 10.08
0 0 10.11
0 0 10.14
0 0 10.18
0 0 10.21
0 0 10.24
0 0 10.28
0 0 10.32
0 0 10.34
0 0 10.37
0 0 10.41
0 0 10.45
0 0 10.47
0 0 10.51
0 0 10.54
0 0 10.59
0 0 10.62
0 0 10.64
0 0 10.7
0 0 10.73
0 0 10.74
0 0 10.8
0 0 10.82
0 0 10.84
0 0 10.88
0 0 10.91
0 0 10.94
0 0 10.97
0 0 11.01
0 0 11.04
0 0 11.08
0 0 11.11
0 0 11.14
0 0 11.18
0 0 11.23
0 0 11.26
0 0 11.29
0 0 11.31
0 0 11.34
0 0 11.38
0 0 11.41
0 0 11.45
0 0 11.47
0 0 11.51
0 0 11.54
0 0 11.58
0 0 11.61
0 0 11.66
0 0 11.7
0 0 11.73
0 0 11.75
0 0 11.78
0 0 11.81
0 0 11.84
0 0 11.88
0 0 11.91
0 0 11.94
0 0 11.97
0 0 12.01
0 0 12.04
0 0 12.07
0 0 12.11
0 0 12.15
0 0 12.17
0 0 12.21
0 0 12.24
0 0 12.27
0 0 12.31
0 0 12.34
0 0 12.38
0 0 12.41
0 0 12.44
0 0 12.47
0 0 12.53
0 0 12.54
0 0 12.57
0 0 12.64
0 0 12.65
0 0 12.68
0 0 12.73
0 0 12.74
0 0 12.77
0 0 12.81
0 0 12.84
0 0 12.88
0 0 12.91
0 0 12.94
0 0 12.97
0 0 13.03
0 0 13.06
0 0 13.07
0 0 13.11
0 0 13.14
0 0 13.17
0 0 13.21
0 0 13.25
0 0 13.27
0 0 13.31
0 0 13.34
0 0 13.37
0 0 13.41
0 0 13.45
0 0 13.47
0 0 13.52
0 0 13.54
0 0 13.57
0 0 13.61
0 0 13.65
0 0 13.67
0 0 13.71
0 0 13.76
0 0 13.77
0 0 13.83
0 0 13.85
0 0 13.88
0 0 13.91
0 0 13.94
0 0 13.98
0 0 14.01
0 0 14.04
0 0 14.07
0 0 14.11
0 0 14.14
0 0 14.21
0 0 14.24
0 0 14.25
0 0 14.3
0 0 14.31
0 0 14.34
0 0 14.37
0 0 14.41
0 0 14.44
0 0 14.47
0 0 14.51
0 0 14.54
0 0 14.57
0 0 14.61
0 0 14.64
0 0 14.67
0 0 14.72
0 0 14.74
0 0 14.78
0 0 14.81
0 0 14.84
0 0 14.87
0 0 14.91
0 0 14.94
0 0 14.98
0 0 15.01
0 0 15.04
0 0 15.09
0 0 15.11
0 0 15.14
0 0 15.17
0 0 15.21
0 0 15.24
0 0 15.28
0 0 15.32
0 0 15.34
0 0 15.37
0 0 15.41
0 0 15.44
0 0 15.48
0 0 15.51
0 0 15.55
0 0 15.57
0 0 15.6
0 0 15.65
0 0 15.69
0 0 15.71
0 0 15.74
0 0 15.77
0 0 15.84
0 0 15.85
0 0 15.87
0 0 15.91
0 0 15.94
0 0 15.97
0 0 16.01
0 0 16.04
0 0 16.07
0 0 16.12
0 0 16.14
0 0 16.2
0 0 16.23
0 0 16.24
0 0 16.3
0 0 16.32
0 0 16.35
0 0 16.4
0 0 16.42
0 0 16.44
0 0 16.47
0 0 16.5
0 0 16.54
0 0 16.57
0 0 16.61
0 0 16.64
0 0 16.67
0 0 16.72
0 0 16.74
0 0 16.77
0 0 16.81
0 0 16.84
0 0 16.87
0 0 16.91
0 0 16.94
0 0 16.97
0 0 17.01
0 0 17.04
0 0 17.07
0 0 17.11
0 0 17.14
0 0 17.17
0 0 17.21
0 0 17.24
0 0 17.27
0 0 17.31
0 0 17.34
0 0 17.37
0 0 17.41
0 0 17.44
0 0 17.47
0 0 17.51
0 0 17.54
0 0 17.57
0 0 17.61
0 0 17.64
0 0 17.67
0 0 17.72
0 0 17.75
0 0 17.78
0 0 17.81
0 0 17.84
0 0 17.87
0 0 17.91
0 0 17.95
0 0 17.98
0 0 18.01
0 0 18.04
0 0 18.07
0 0 18.1
0 0 18.14
0 0 18.17
0 0 18.21
0 0 18.24
0 0 18.27
0 0 18.32
0 0 18.34
0 0 18.37
0 0 18.41
0 0 18.45
0 0 18.47
0 0 18.5
0 0 18.54
0 0 18.6
0 0 18.62
0 0 18.64
0 0 18.67
0 0 18.71
0 0 18.74
0 0 18.78
0 0 18.8
0 0 18.84
0 0 18.88
0 0 18.93
0 0 18.94
0 0 18.97
0 0 19.01
0 0 19.04
0 0 19.07
0 0 19.12
0 0 19.15
0 0 19.19
0 0 19.24
0 0 19.26
0 0 19.29
0 0 19.32
0 0 19.35
0 0 19.38
0 0 19.41
0 0 19.44
0 0 19.47
0 0 19.5
0 0 19.54
0 0 19.58
0 0 19.61
0 0 19.64
0 0 19.68
0 0 19.71
0 0 19.74
0 0 19.77
0 0 19.81
0 0 19.84
0 0 19.88
0 0 19.91
0 0 19.94
0 0 19.97
0 0 20.01
0 0 20.04
0 0 20.07
0 0 20.11
0 0 20.14
0 0 20.17
0 0 20.21
0 0 20.24
0 0 20.28
0 0 20.31
0 0 20.34
0 0 20.37
0 0 20.4
0 0 20.44
0 0 20.47
0 0 20.51
0 0 20.54
0 0 20.57
0 0 20.61
0 0 20.64
0 0 20.69
0 0 20.72
0 0 20.76
0 0 20.8
0 0 20.82
0 0 20.84
0 0 20.87
0 0 20.92
0 0 20.94
0 0 20.97
0 0 21.03
0 0 21.07
0 0 21.1
0 0 21.12
0 0 21.14
0 0 21.17
0 0 21.21
0 0 21.24
0 0 21.29
0 0 21.3
0 0 21.34
0 0 21.37
0 0 21.41
0 0 21.44
0 0 21.47
0 0 21.51
0 0 21.54
0 0 21.57
0 0 21.61
0 0 21.64
0 0 21.67
0 0 21.71
0 0 21.74
0 0 21.77
0 0 21.81
0 0 21.84
0 0 21.87
0 0 21.91
0 0 21.94
0 0 21.97
0 0 22.01
0 0 22.04
0 0 22.07
0 0 22.11
0 0 22.14
0 0 22.17
0 0 22.25
0 0 22.28
0 0 22.3
0 0 22.31
0 0 22.34
0 0 22.37
0 0 22.41
0 0 22.44
0 0 22.47
0 0 22.51
0 0 22.55
0 0 22.59
0 0 22.61
0 0 22.64
0 0 22.68
0 0 22.71
0 0 22.75
0 0 22.78
0 0 22.81
0 0 22.84
0 0 22.88
0 0 22.9
0 0 22.94
0 0 22.97
0 0 23.03
0 0 23.06
0 0 23.07
0 0 23.1
0 0 23.14
0 0 23.17
0 0 23.21
0 0 23.25
0 0 23.29
0 0 23.33
0 0 23.35
0 0 23.38
0 0 23.41
0 0 23.44
0 0 23.49
0 0 23.52
0 0 23.55
0 0 23.57
0 0 23.61
0 0 23.64
0 0 23.67
0 0 23.71
0 0 23.74
0 0 23.77
0 0 23.8
0 0 23.86
0 0 23.89
0 0 23.92
0 0 23.94
0 0 24.0
0 0 24.03
0 0 24.04
0 0 24.07
0 0 24.11
0 0 24.14
0 0 24.17
0 0 24.21
0 0 24.24
0 0 24.27
0 0 24.31
0 0 24.34
0 0 24.38
0 0 24.4
0 0 24.44
0 0 24.48
0 0 24.5
0 0 24.54
0 0 24.57
0 0 24.61
0 0 24.65
0 0 24.67
0 0 24.71
0 0 24.74
0 0 24.77
0 0 24.81
0 0 24.84
0 0 24.88
0 0 24.9
0 0 24.94
0 0 24.98
0 0 25.01
0 0 25.04
0 0 25.07
0 0 25.1
0 0 25.14
0 0 25.17
0 0 25.21
0 0 25.24
0 0 25.27
0 0 25.3
0 0 25.35
0 0 25.39
0 0 25.41
0 0 25.44
0 0 25.47
0 0 25.52
0 0 25.54
0 0 25.57
0 0 25.61
0 0 25.64
0 0 25.67
0 0 25.71
0 0 25.74
0 0 25.78
0 0 25.82
0 0 25.84
0 0 25.89
0 0 25.9
0 0 25.94
0 0 25.97
0 0 26.01
0 0 26.04
0 0 26.09
0 0 26.12
0 0 26.14
0 0 26.17
0 0 26.21
0 0 26.24
0 0 26.27
0 0 26.31
0 0 26.34
0 0 26.37
0 0 26.41
0 0 26.44
0 0 26.47
0 0 26.51
0 0 26.54
0 0 26.57
0 0 26.61
0 0 26.65
0 0 26.68
0 0 26.71
0 0 26.74
0 0 26.77
0 0 26.81
0 0 26.85
0 0 26.87
0 0 26.9
0 0 26.94
0 0 26.97
0 0 27.0
0 0 27.04
0 0 27.07
0 0 27.1
0 0 27.14
0 0 27.17
0 0 27.2
0 0 27.24
0 0 27.27
0 0 27.3
0 0 27.35
0 0 27.37
0 0 27.4
0 0 27.44
0 0 27.47
0 0 27.53
0 0 27.55
0 0 27.57
0 0 27.6
0 0 27.64
0 0 27.67
0 0 27.7
0 0 27.75
0 0 27.77
0 0 27.8
0 0 27.84
0 0 27.88
0 0 27.91
0 0 27.94
0 0 27.97
0 0 28.01
0 0 28.04
0 0 28.07
0 0 28.1
0 0 28.14
0 0 28.18
0 0 28.2
0 0 28.24
0 0 28.27
0 0 28.31
0 0 28.34
0.374 0.568 28.38
0 0 28.4
0 0 28.44
0 0 28.47
0.349 0.04 28.51
0.345 0.008 28.55
0 0 28.57
0.336 0.013 28.61
0.334 0.005 28.65
0 0 28.67
0.328 0.009 28.71
0.327 0.004 28.74
0.325 0.004 28.77
0 0 28.8
0.324 0.007 28.85
0.324 0.005 28.87
0.323 0.004 28.91
0 0 28.94
0.325 0.008 28.97
0.325 0.003 29.01
0 0 29.04
0.326 0.007 29.09
0.325 0.003 29.12
0.328 0.004 29.15
0.329 0.003 29.18
0 0 29.2
0.332 0.006 29.24
0 0 29.28
0.337 0.005 29.31
0 0 29.34
0 0 29.38
0 0 29.4
0 0 29.46
0 0 29.47
0.346 0.008 29.51
0 0 29.57
0.349 0.002 29.6
0 0 29.63
0 0 29.64
0 0 29.67
0 0 29.7
0 0 29.75
0 0 29.77
0 0 29.81
0 0 29.84
0 0 29.87
0 0 29.9
0 0 29.95
0 0 29.97
0 0 30.03
0 0 30.04
0 0 30.07
0 0 30.1
0 0 30.15
0 0 30.17
0 0 30.2
0 0 30.26
0 0 30.28
0 0 30.31
0 0 30.36
0 0 30.39
0.342 0.02 30.42
0.345 0.007 30.45
0.342 0.005 30.48
0.343 0.005 30.52
0.341 0.003 30.54
0.343 0.006 30.6
0.34 0.005 30.63
0.341 0.005 30.67
0.339 0.005 30.7
0.337 0.004 30.73
0.336 0.004 30.76
0.336 0.005 30.8
0 0 30.82
0 0 30.84
0.339 0.016 30.88
0.344 0.006 30.92
0 0 30.95
0.348 0.011 30.98
0.352 0.008 31.01
0.355 0.006 31.04
0.362 0.012 31.07
0.369 0.011 31.11
0.375 0.011 31.14
0.382 0.011 31.17
0 0 31.2
0 0 31.24
0.404 0.034 31.27
0.41 0.009 31.3
0.416 0.009 31.34
0.422 0.011 31.38
0.425 0.006 31.42
0.43 0.009 31.45
0.435 0.009 31.48
0.436 0.005 31.51
0.437 0.005 31.54
0 0 31.57
0 0 31.6
0.439 0.011 31.65
0 0 31.67
0.443 0.01 31.73
0.441 0.003 31.77
0.443 0.006 31.78
0.445 0.004 31.8
0.442 0.003 31.84
0.446 0.006 31.87
0.444 0.002 31.91
0.446 0.003 31.94
0 0 31.97
0.445 0.004 32.01
0.444 0.004 32.04
0 0 32.08
0 0 32.13
0 0 32.16
0 0 32.19
0.443 0.004 32.22
0.442 0.001 32.25
0 0 32.28
0.443 0.001 32.31
0 0 32.33
0 0 32.37
0 0 32.4
0.444 0.002 32.44
0 0 32.47
0 0 32.51
0 0 32.54
0 0 32.58
0.444 0.001 32.61
0.441 0.005 32.64
0 0 32.67
0.442 0.002 32.71
0 0 32.73
0 0 32.77
0 0 32.8
0 0 32.85
0.44 0.004 32.87
0 0 32.9
0 0 32.94
0.442 0.003 32.97
0.441 0.001 33.0
0.442 0.001 33.04
0.442 0.0 33.07
0.44 0.002 33.12
0 0 33.15
0 0 33.17
0 0 33.2
0.442 0.002 33.24
0.443 0.001 33.27
0 0 33.31
0 0 33.34
0.446 0.004 33.38
0 0 33.41
0.446 0.002 33.44
0 0 33.47
0 0 33.51
0 0 33.54
0 0 33.57
0 0 33.6
0 0 33.64
0.45 0.004 33.68
0 0 33.71
0 0 33.74
0 0 33.77
0.449 0.005 33.8
0.449 0.001 33.84
0 0 33.87
0 0 33.9
0.45 0.001 33.94
0 0 33.97
0 0 34.0
0 0 34.04
0 0 34.08
0.453 0.004 34.11
0.455 0.001 34.14
0.452 0.004 34.17
0.453 0.003 34.22
0 0 34.25
0.454 0.001 34.27
0 0 34.3
0 0 34.34
0 0 34.37
0 0 34.4
0 0 34.44
0 0 34.47
0 0 34.5
0 0 34.54
0 0 34.57
0.46 0.003 34.61
0.458 0.002 34.65
0.46 0.001 34.69
0.458 0.003 34.71
0.461 0.004 34.74
0 0 34.77
0.459 0.005 34.8
0 0 34.84
0.461 0.005 34.88
0 0 34.9
0 0 34.95
0 0 34.98
0 0 35.02
0.466 0.005 35.04
0.466 0.001 35.07
0.467 0.0 35.11
0.468 0.001 35.14
0 0 35.18
0 0 35.21
0.469 0.002 35.24
0 0 35.29
0 0 35.32
0 0 35.35
0 0 35.37
0 0 35.4
0 0 35.43
0 0 35.47
0.476 0.005 35.5
0 0 35.54
0.477 0.001 35.57
0.473 0.007 35.61
0 0 35.64
0 0 35.67
0.474 0.002 35.71
0.473 0.002 35.74
0.476 0.003 35.77
0.473 0.004 35.8
0 0 35.85
0 0 35.87
0.474 0.001 35.93
0 0 35.96
0.476 0.003 35.98
0 0 36.01
0 0 36.04
0.473 0.003 36.07
0 0 36.11
0.475 0.004 36.14
0 0 36.17
0 0 36.2
0 0 36.24
0 0 36.27
0.463 0.019 36.32
0 0 36.36
0.45 0.017 36.38
0.443 0.012 36.42
0.435 0.011 36.44
0.427 0.011 36.5
0 0 36.53
0.41 0.027 36.55
0 0 36.58
0 0 36.63
0 0 36.64
0 0 36.67
0 0 36.7
0.377 0.061 36.74
0.374 0.006 36.77
0.371 0.007 36.8
0 0 36.83
0.368 0.012 36.87
0.366 0.006 36.9
0 0 36.94
0 0 36.97
0.356 0.019 37.0
0 0 37.04
0.35 0.015 37.07
0.348 0.008 37.1
0.347 0.008 37.14
0 0 37.17
0.346 0.012 37.22
0.346 0.006 37.25
0.345 0.004 37.28
0.343 0.004 37.31
0 0 37.34
0.34 0.005 37.37
0.341 0.003 37.4
0.341 0.002 37.44
0.34 0.001 37.47
0.34 0.001 37.5
0 0 37.54
0.34 0.001 37.58
0.341 0.001 37.6
0.341 0.004 37.65
0.341 0.002 37.69
0 0 37.71
0.346 0.004 37.74
0.345 0.002 37.77
0 0 37.8
0 0 37.84
0 0 37.87
0 0 37.9
0 0 37.93
0 0 37.97
0 0 38.02
0 0 38.05
0 0 38.07
0 0 38.1
0 0 38.14
0 0 38.19
0 0 38.2
0 0 38.23
0 0 38.29
0 0 38.31
0 0 38.34
0 0 38.37
0 0 38.43
0 0 38.45
0 0 38.47
0 0 38.5
0 0 38.54
0 0 38.59
0.32 0.121 38.61
0.323 0.007 38.64
0 0 38.67
0.328 0.013 38.74
0 0 38.76
0.332 0.01 38.78
0.331 0.005 38.81
0 0 38.84
0.335 0.01 38.87
0 0 38.9
0 0 38.94
0.347 0.019 38.99
0.351 0.008 39.02
0.356 0.008 39.05
0.36 0.008 39.1
0.367 0.008 39.13
0.371 0.008 39.15
0.383 0.014 39.18
0.387 0.009 39.21
0.392 0.009 39.24
0.402 0.011 39.28
0.405 0.01 39.3
0.417 0.011 39.34
0.423 0.008 39.37
0.432 0.009 39.4
0.442 0.01 39.44
0.453 0.01 39.47
0.461 0.008 39.51
0.469 0.007 39.54
0.475 0.007 39.58
0.48 0.006 39.6
0.482 0.006 39.63
0.487 0.005 39.67
0.493 0.006 39.71
0.498 0.005 39.74
0.5 0.005 39.77
0.503 0.004 39.8
0.514 0.013 39.84
0 0 39.87
0.519 0.007 39.9
0.522 0.003 39.94
0 0 39.97
0 0 40.0
0 0 40.04
0 0 40.08
0 0 40.1
0 0 40.13
0 0 40.17
0 0 40.2
0 0 40.23
0.542 0.018 40.27
0.543 0.001 40.3
0.546 0.002 40.33
0.549 0.004 40.37
0.545 0.007 40.41
0.551 0.005 40.44
0.551 0.002 40.47
0.55 0.003 40.5
0.549 0.004 40.54
0.551 0.003 40.57
0.551 0.002 40.61
0.55 0.006 40.64
0.551 0.002 40.71
0.553 0.003 40.75
0.554 0.002 40.77
0.554 0.004 40.8
0.555 0.003 40.83
0.556 0.003 40.87
0.553 0.006 40.9
0.555 0.002 40.93
0.554 0.001 40.94
0.554 0.003 40.97
0.554 0.006 41.0
0.551 0.006 41.04
0.547 0.006 41.07
0.546 0.008 41.1
0 0 41.13
0 0 41.17
0 0 41.2
0.539 0.022 41.26
0.538 0.003 41.28
0 0 41.3
0 0 41.33
0 0 41.37
0 0 41.4
0 0 41.43
0 0 41.47
0 0 41.5
0.52 0.022 41.54
0 0 41.57
0 0 41.6
0 0 41.63
0 0 41.67
0 0 41.7
0 0 41.73
0 0 41.77
0 0 41.8
0 0 41.83
0 0 41.87
0.489 0.036 41.9
0.489 0.002 41.93
0 0 41.97
0 0 42.0
0 0 42.04
0.488 0.003 42.07
0 0 42.1
0 0 42.13
0 0 42.17
0 0 42.2
0 0 42.23
0 0 42.28
0 0 42.32
0 0 42.36
0 0 42.38
0 0 42.4
0.49 0.017 42.44
0 0 42.48
0 0 42.5
0 0 42.54
0.497 0.017 42.59
0 0 42.62
0 0 42.65
0 0 42.68
0 0 42.7
0 0 42.73
0 0 42.77
0 0 42.8
0 0 42.83
0 0 42.87
0 0 42.9
0 0 42.94
0 0 42.97
0 0 43.02
0 0 43.04
0 0 43.09
0 0 43.12
0 0 43.13
0 0 43.18
0 0 43.22
0 0 43.24
0 0 43.27
0 0 43.3
0 0 43.33
0 0 43.37
0 0 43.4
0 0 43.43
0 0 43.48
0 0 43.5
0 0 43.54
0 0 43.58
0 0 43.6
0 0 43.64
0 0 43.67
0 0 43.7
0 0 43.73
0 0 43.77
0 0 43.8
0 0 43.83
0 0 43.87
0 0 43.9
0 0 43.93
0 0 43.97
0 0 44.0
0.427 0.089 44.04
0 0 44.07
0 0 44.1
0 0 44.14
0 0 44.19
0 0 44.22
0 0 44.26
0 0 44.28
0 0 44.31
0 0 44.36
0 0 44.4
0 0 44.42
0 0 44.44
0 0 44.48
0 0 44.5
0 0 44.54
0 0 44.57
0 0 44.6
0 0 44.64
0 0 44.67
0 0 44.7
0 0 44.73
0 0 44.77
0 0 44.8
0 0 44.83
0 0 44.87
0 0 44.91
0 0 44.93
0 0 44.97
0 0 45.0
0 0 45.04
0 0 45.07
0 0 45.1
0 0 45.13
0 0 45.17
0 0 45.21
0 0 45.23
0 0 45.27
0 0 45.3
0 0 45.33
0 0 45.37
0 0 45.4
0 0 45.43
0 0 45.48
0 0 45.51
0 0 45.54
0 0 45.57
0 0 45.6
0 0 45.63
0.387 0.161 45.67
0.395 0.011 45.71
0.392 0.01 45.74
0 0 45.77
0 0 45.8
0.392 0.011 45.83
0.393 0.003 45.87
0.39 0.007 45.91
0.388 0.005 45.94
0 0 45.97
0.385 0.014 46.01
0.383 0.01 46.04
0.385 0.009 46.07
0.387 0.01 46.11
0.389 0.011 46.14
0.39 0.013 46.18
0.395 0.01 46.21
0.399 0.009 46.25
0.402 0.009 46.29
0 0 46.31
0.411 0.014 46.34
0.413 0.008 46.4
0.416 0.007 46.43
0.421 0.006 46.46
0.425 0.005 46.5
0.427 0.008 46.52
0.434 0.007 46.55
0.438 0.005 46.57
0.442 0.005 46.6
0 0 46.63
0.449 0.008 46.67
0.452 0.003 46.7
0.453 0.004 46.73
0.457 0.005 46.77
0.461 0.004 46.8
0.463 0.004 46.83
0.467 0.005 46.88
0.47 0.004 46.91
0 0 46.94
0.477 0.009 46.97
0.48 0.005 47.0
0.484 0.005 47.03
0.487 0.005 47.08
0.489 0.005 47.1
0.495 0.006 47.14
0.499 0.005 47.17
0.502 0.005 47.2
0 0 47.23
0.509 0.01 47.27
0.512 0.004 47.3
0.513 0.005 47.34
0.512 0.007 47.38
0.519 0.009 47.41
0.516 0.007 47.45
0.514 0.005 47.48
0.512 0.004 47.51
0.513 0.002 47.54
0.511 0.002 47.57
0.509 0.002 47.6
0 0 47.63
0.508 0.002 47.67
0 0 47.7
0.506 0.002 47.74
0 0 47.77
0.504 0.001 47.8
0.505 0.001 47.85
0.504 0.002 47.88
0 0 47.9
0.505 0.002 47.93
0.505 0.002 47.97
0.507 0.004 48.0
0 0 48.03
0 0 48.07
0 0 48.1
0.51 0.006 48.14
0.511 0.001 48.17
0.51 0.002 48.22
0.51 0.001 48.25
0.512 0.004 48.27
0 0 48.31
0.51 0.003 48.33
0.51 0.001 48.37
0 0 48.4
0.509 0.002 48.44
0.51 0.002 48.47
0.512 0.003 48.5
0 0 48.54
0.514 0.005 48.58
0.515 0.003 48.61
0.515 0.004 48.65
0 0 48.68
0.518 0.005 48.7
0.517 0.002 48.73
0.518 0.003 48.77
0.519 0.003 48.8
0.518 0.001 48.83
0.516 0.003 48.87
0.517 0.002 48.9
0.516 0.001 48.93
0 0 48.97
0.517 0.003 49.0
0 0 49.03
0 0 49.08
0 0 49.12
0.514 0.004 49.13
0.515 0.001 49.17
0.514 0.001 49.2
0.515 0.001 49.23
0 0 49.27
0.514 0.002 49.3
0 0 49.35
0 0 49.39
0.511 0.003 49.41
0.51 0.002 49.44
0.511 0.002 49.48
0 0 49.5
0 0 49.54
0 0 49.57
0 0 49.6
0 0 49.64
0.506 0.006 49.67
0 0 49.7
0.505 0.001 49.73
0.506 0.002 49.77
0.504 0.003 49.8
0.506 0.004 49.84
0.499 0.008 49.87
0 0 49.9
0.494 0.006 49.94
0.488 0.007 49.97
0.483 0.005 50.0
0.474 0.01 50.04
0 0 50.07
0.458 0.017 50.1
0.45 0.01 50.14
0 0 50.17
0.43 0.025 50.21
0 0 50.24
0 0 50.27
0.408 0.04 50.3
0.403 0.012 50.34
0.398 0.011 50.37
0 0 50.4
0.388 0.018 50.44
0.383 0.008 50.47
0.38 0.008 50.5
0.378 0.006 50.54
0 0 50.57
0.377 0.011 50.6
0 0 50.63
0.373 0.007 50.68
0 0 50.71
0 0 50.73
0 0 50.77
0 0 50.8
0 0 50.84
0 0 50.87
0 0 50.9
0 0 50.93
0 0 50.98
0 0 51.0
0 0 51.05
0 0 51.08
0 0 51.1
0 0 51.13
0 0 51.17
0 0 51.2
0 0 51.23
0 0 51.28
0 0 51.3
0 0 51.33
0 0 51.37
0 0 51.4
0 0 51.43
0 0 51.47
0 0 51.51
0 0 51.53
0 0 51.57
0 0 51.6
0 0 51.63
0 0 51.67
0 0 51.7
0 0 51.73
0 0 51.77
0 0 51.8
0 0 51.83
0 0 51.87
0 0 51.92
0.356 0.025 51.96
0.356 0.005 52.0
0.358 0.005 52.03
0 0 52.06
0 0 52.07
0.369 0.021 52.1
0.372 0.008 52.14
0.376 0.009 52.17
0 0 52.2
0.388 0.021 52.24
0 0 52.27
0 0 52.31
0 0 52.33
0.413 0.042 52.37
0.421 0.01 52.4
0.427 0.009 52.45
0.433 0.009 52.48
0.44 0.009 52.51
0.447 0.009 52.54
0.454 0.008 52.57
0.458 0.007 52.6
0.466 0.009 52.63
0.472 0.006 52.67
0 0 52.7
0.483 0.013 52.73
0.488 0.006 52.77
0.49 0.002 52.81
0 0 52.83
0.495 0.006 52.87
0 0 52.91
0.497 0.004 52.93
0.499 0.002 52.99
0 0 53.03
0.498 0.004 53.06
0.495 0.004 53.08
0 0 53.1
0.494 0.005 53.16
0.495 0.002 53.18
0.496 0.002 53.21
0.494 0.005 53.26
0.495 0.002 53.29
0.493 0.005 53.31
0.495 0.002 53.34
0.495 0.002 53.37
0.496 0.001 53.4
0.495 0.003 53.44
0 0 53.47
0 0 53.5
0.496 0.004 53.54
0.496 0.001 53.57
0 0 53.6
0 0 53.63
0.497 0.003 53.68
0 0 53.7
0 0 53.73
0 0 53.76
0.498 0.004 53.8
0.499 0.002 53.83
0 0 53.87
0.498 0.002 53.9
0.498 0.001 53.94
0.496 0.002 53.97
0.497 0.001 54.0
0 0 54.03
0.495 0.002 54.07
0.497 0.004 54.1
0.495 0.002 54.13
0.493 0.003 54.17
0.492 0.001 54.2
0.492 0.0 54.24
0.493 0.001 54.28
0.494 0.001 54.3
0 0 54.33
0 0 54.36
0 0 54.4
0.489 0.008 54.44
0.5 0.016 54.47
0.488 0.02 54.5
0.488 0.001 54.53
0 0 54.56
0.486 0.006 54.61
0 0 54.63
0 0 54.66
0.489 0.004 54.7
0.49 0.001 54.73
0.491 0.002 54.77
0.491 0.001 54.8
0 0 54.83
0.496 0.006 54.87
0.496 0.002 54.9
0.497 0.002 54.94
0 0 54.96
0.505 0.01 55.0
0.5 0.009 55.04
0.501 0.001 55.07
0.501 0.002 55.1
0.508 0.01 55.14
0.503 0.008 55.19
0.505 0.003 55.22
0.504 0.003 55.25
0.505 0.001 55.27
0.504 0.002 55.3
0.505 0.002 55.33
0.504 0.002 55.37
0.504 0.001 55.4
0.5 0.005 55.44
0.5 0.001 55.47
0.502 0.004 55.51
0.503 0.001 55.56
0.501 0.003 55.59
0.501 0.0 55.62
0.502 0.001 55.65
0.506 0.006 55.67
0.502 0.007 55.7
0 0 55.73
0.505 0.006 55.77
0.502 0.004 55.8
0.498 0.005 55.83
0 0 55.87
0.502 0.006 55.91
0.501 0.0 55.93
0.499 0.003 55.98
0.501 0.003 56.01
0.501 0.001 56.06
0.5 0.001 56.09
0 0 56.1
0.499 0.002 56.13
0.494 0.006 56.17
0.492 0.002 56.2
0.489 0.004 56.23
0.484 0.004 56.27
0.476 0.009 56.3
0.471 0.005 56.33
0.463 0.008 56.37
0.458 0.005 56.42
0.456 0.003 56.45
0.455 0.001 56.48
0.455 0.002 56.51
0.458 0.004 56.54
0.461 0.003 56.59
0.463 0.003 56.61
0.469 0.008 56.63
0.468 0.003 56.67
0.469 0.001 56.7
0.473 0.005 56.74
0.48 0.01 56.77
0.475 0.009 56.8
0.474 0.002 56.83
0.476 0.003 56.87
0.476 0.002 56.91
0 0 56.95
0.477 0.003 56.97
0.478 0.002 57.02
0.481 0.003 57.05
0.482 0.001 57.07
0.484 0.002 57.13
0.483 0.003 57.15
0.487 0.004 57.18
0.489 0.002 57.21
0.487 0.004 57.24
0 0 57.27
0 0 57.3
0.484 0.003 57.33
0.481 0.003 57.37
0.478 0.003 57.4
0 0 57.43
0.468 0.01 57.47
0.463 0.005 57.5
0 0 57.53
0.449 0.014 57.57
0 0 57.6
0.434 0.016 57.63
0.424 0.01 57.67
0.414 0.011 57.7
0.404 0.011 57.74
0.394 0.011 57.77
0.384 0.011 57.8
0.375 0.01 57.83
0.366 0.01 57.87
0.357 0.01 57.9
0 0 57.93
0 0 57.97
0.331 0.029 58.0
0.322 0.01 58.05
0.315 0.009 58.07
0.307 0.009 58.11
0.302 0.009 58.14
0.295 0.008 58.17
0 0 58.2
0.289 0.015 58.23
0.289 0.007 58.27
0 0 58.3
0 0 58.35
0.295 0.018 58.37
0 0 58.41
0 0 58.43
0 0 58.47
0 0 58.5
0.326 0.043 58.53
0.33 0.007 58.58
0.332 0.007 58.61
0.337 0.012 58.63
0 0 58.67
0 0 58.7
0 0 58.73
0 0 58.78
0 0 58.8
0 0 58.83
0 0 58.87
0 0 58.9
0 0 58.93
0 0 58.97
0 0 59.0
0 0 59.03
0 0 59.07
0 0 59.1
0 0 59.13
0 0 59.16
0 0 59.2
0 0 59.23
0 0 59.27
0 0 59.3
0 0 59.33
0 0 59.37
0 0 59.4
0 0 59.43
0 0 59.46
0 0 59.5
0 0 59.53
0 0 59.56
0 0 59.6
0 0 59.64
0 0 59.66
0 0 59.72
0 0 59.73
0 0 59.76
0 0 59.8
0 0 59.84
0 0 59.87
0 0 59.92
0 0 59.95
0.384 0.091 59.97
0.388 0.008 60.0
0.394 0.009 60.04
0 0 60.06
0 0 60.1
0.405 0.027 60.13
0.408 0.009 60.18
0.413 0.008 60.2
0 0 60.23
0.421 0.014 60.27
0 0 60.3
0.432 0.013 60.33
0 0 60.36
0 0 60.4
0 0 60.43
0 0 60.46
0.449 0.021 60.5
0 0 60.53
0.454 0.006 60.56
0.459 0.006 60.6
0.462 0.003 60.63
0 0 60.66
0.468 0.007 60.7
0 0 60.73
0 0 60.77
0.48 0.015 60.8
0.482 0.003 60.83
0.485 0.004 60.87
0.494 0.01 60.9
0 0 60.93
0.501 0.007 60.96
0 0 61.0
0.511 0.011 61.04
0 0 61.07
0 0 61.1
0.522 0.011 61.13
0.52 0.005 61.17
0.531 0.012 61.2
0.52 0.015 61.23
0.526 0.006 61.27
0.518 0.013 61.3
0.516 0.006 61.33
0.521 0.005 61.37
0.516 0.008 61.4
0.514 0.005 61.43
0.519 0.005 61.47
0 0 61.5
0.514 0.009 61.53
0.517 0.002 61.57
0.518 0.002 61.6
0.517 0.003 61.63
0.519 0.002 61.67
0.517 0.003 61.7
0.518 0.001 61.73
0.523 0.007 61.77
0 0 61.8
0.522 0.004 61.84
0.52 0.002 61.89
0.519 0.001 61.9
0.518 0.002 61.93
0.519 0.001 61.97
0.52 0.002 62.01
0.517 0.003 62.06
0.517 0.001 62.09
0.519 0.003 62.12
0.517 0.003 62.15
0.517 0.001 62.18
0.513 0.005 62.21
0.511 0.002 62.25
0 0 62.27
0.51 0.005 62.3
0.508 0.003 62.35
0.508 0.002 62.38
0 0 62.41
0.506 0.005 62.43
0.503 0.003 62.47
0.503 0.002 62.5
0.502 0.001 62.53
0.501 0.001 62.57
0.498 0.003 62.6
0.499 0.001 62.63
0.5 0.001 62.66
0.499 0.001 62.7
0.499 0.001 62.73
0.5 0.002 62.76
0 0 62.8
0.501 0.002 62.83
0.5 0.001 62.87
0.5 0.001 62.9
0.499 0.0 62.93
0.5 0.001 62.96
0.499 0.001 63.0
0.499 0.001 63.05
0.499 0.001 63.08
0.504 0.006 63.1
0.501 0.004 63.13
0 0 63.16
0.5 0.001 63.2
0.499 0.001 63.23
0.498 0.001 63.27
0.5 0.003 63.3
0.499 0.003 63.35
0.501 0.004 63.38
0.501 0.001 63.42
0.503 0.002 63.45
0 0 63.48
0 0 63.51
0.501 0.002 63.56
0.5 0.0 63.58
0.501 0.001 63.61
0.5 0.002 63.63
0.502 0.003 63.66
0 0 63.7
0 0 63.75
0.501 0.002 63.77
0 0 63.8
0.501 0.002 63.85
0 0 63.87
0.502 0.002 63.9
0.498 0.003 63.93
0.497 0.001 63.96
0.498 0.002 64.0
0 0 64.03
0 0 64.06
0.497 0.001 64.1
0.493 0.002 64.13
0.496 0.005 64.18
0.497 0.001 64.21
0.494 0.002 64.24
0.492 0.002 64.27
0.492 0.0 64.3
