0 0 2.27
0 0 2.33
0 0 2.35
0 0 2.36
0 0 2.37
0 0 2.41
0 0 2.44
0 0 2.46
0 0 2.47
0 0 2.51
0 0 2.54
0 0 2.61
0 0 2.63
0 0 2.65
0 0 2.68
0 0 2.71
0 0 2.74
0 0 2.78
0 0 2.81
0 0 2.85
0 0 2.88
0 0 2.91
0 0 2.94
0 0 2.98
0 0 3.01
0 0 3.04
0 0 3.08
0 0 3.11
0 0 3.14
0 0 3.18
0 0 3.21
0 0 3.25
0 0 3.28
0 0 3.31
0 0 3.35
0 0 3.38
0 0 3.41
0 0 3.45
0 0 3.48
0 0 3.51
0 0 3.55
0 0 3.58
0 0 3.61
0 0 3.65
0 0 3.68
0 0 3.72
0 0 3.75
0 0 3.78
0 0 3.81
0 0 3.85
0 0 3.88
0 0 3.92
0 0 3.95
0 0 3.98
0 0 4.01
0 0 4.05
0 0 4.08
0 0 4.11
0 0 4.15
0 0 4.18
0 0 4.21
0 0 4.25
0 0 4.28
0 0 4.31
0 0 4.35
0 0 4.38
0 0 4.41
0 0 4.45
0 0 4.48
0 0 4.51
0 0 4.55
0 0 4.58
0 0 4.61
0 0 4.65
0 0 4.68
0 0 4.71
0 0 4.75
0 0 4.78
0 0 4.81
0 0 4.85
0 0 4.88
0 0 4.91
0 0 4.95
0 0 4.98
0 0 5.01
0 0 5.05
0 0 5.08
0 0 5.11
0 0 5.15
0 0 5.18
0 0 5.21
0 0 5.25
0 0 5.28
0 0 5.31
0 0 5.35
0 0 5.38
0 0 5.41
0 0 5.45
0 0 5.48
0 0 5.52
0 0 5.55
0 0 5.58
0 0 5.61
0 0 5.65
0 0 5.68
0 0 5.71
0 0 5.75
0 0 5.78
0 0 5.81
0 0 5.85
0 0 5.88
0 0 5.91
0 0 5.94
0 0 5.98
0 0 6.01
0 0 6.04
0 0 6.08
0 0 6.11
0 0 6.14
0 0 6.18
0 0 6.21
0 0 6.25
0 0 6.28
0 0 6.31
0 0 6.35
0 0 6.38
0 0 6.41
0 0 6.44
0 0 6.48
0 0 6.51
0 0 6.54
0 0 6.58
0 0 6.61
0 0 6.64
0 0 6.68
0 0 6.71
0 0 6.74
0 0 6.78
0 0 6.81
0 0 6.85
0 0 6.88
0 0 6.91
0 0 6.94
0 0 6.98
0 0 7.01
0 0 7.04
0 0 7.08
0 0 7.11
0 0 7.14
0 0 7.18
0 0 7.21
0 0 7.24
0 0 7.28
0 0 7.31
0 0 7.34
0 0 7.38
0 0 7.41
0 0 7.44
0 0 7.48
0 0 7.51
0 0 7.54
0 0 7.58
0 0 7.61
0 0 7.64
0 0 7.68
0 0 7.71
0 0 7.74
0 0 7.77
0 0 7.81
0 0 7.84
0 0 7.88
0 0 7.91
0 0 7.94
0 0 7.98
0 0 8.01
0 0 8.04
0 0 8.08
0 0 8.11
0 0 8.14
0 0 8.18
0 0 8.21
0 0 8.24
0 0 8.28
0 0 8.31
0 0 8.34
0 0 8.38
0 0 8.41
0 0 8.44
0 0 8.48
0 0 8.51
0 0 8.54
0 0 8.58
0 0 8.61
0 0 8.64
0 0 8.68
0 0 8.71
0 0 8.74
0 0 8.78
0 0 8.81
0 0 8.84
0 0 8.88
0 0 8.91
0 0 8.94
0 0 8.98
0 0 9.01
0 0 9.04
0 0 9.08
0 0 9.11
0 0 9.14
0 0 9.18
0 0 9.21
0 0 9.24
0 0 9.28
0 0 9.31
0 0 9.34
0 0 9.38
0 0 9.41
0 0 9.44
0 0 9.48
0 0 9.51
0 0 9.54
0 0 9.58
0 0 9.61
0 0 9.64
0 0 9.68
0 0 9.71
0 0 9.74
0 0 9.78
0 0 9.81
0 0 9.84
0 0 9.87
0 0 9.91
0 0 9.94
0 0 9.98
0 0 10.01
0 0 10.04
0 0 10.08
0 0 10.11
0 0 10.14
0 0 10.18
0 0 10.21
0 0 10.24
0 0 10.28
0 0 10.31
0 0 10.34
0 0 10.38
0 0 10.41
0 0 10.44
0 0 10.48
0 0 10.51
0 0 10.54
0 0 10.58
0 0 10.61
0 0 10.64
0 0 10.68
0 0 10.71
0 0 10.74
0 0 10.78
0 0 10.81
0 0 10.84
0 0 10.88
0 0 10.91
0 0 10.94
0 0 10.97
0 0 11.01
0 0 11.04
0 0 11.08
0 0 11.11
0 0 11.14
0 0 11.18
0 0 11.21
0 0 11.24
0 0 11.28
0 0 11.31
0 0 11.34
0 0 11.38
0 0 11.41
0 0 11.44
0 0 11.48
0 0 11.51
0 0 11.54
0 0 11.58
0 0 11.61
0 0 11.64
0 0 11.68
0 0 11.71
0 0 11.74
0 0 11.77
0 0 11.81
0 0 11.84
0 0 11.87
0 0 11.91
0 0 11.94
0 0 11.97
0 0 12.01
0 0 12.04
0 0 12.08
0 0 12.11
0 0 12.16
0 0 12.2
0 0 12.23
0 0 12.27
0 0 12.3
0 0 12.34
0 0 12.38
0 0 12.43
0 0 12.47
0 0 12.52
0 0 12.55
0 0 12.58
0 0 12.61
0 0 12.64
0 0 12.67
0 0 12.7
0 0 12.73
0 0 12.76
0 0 12.78
0 0 12.8
0 0 12.83
0 0 12.86
0 0 12.88
0 0 12.91
0 0 12.94
0 0 12.97
0 0 13.01
0 0 13.04
0 0 13.07
0 0 13.11
0 0 13.14
0 0 13.18
0 0 13.21
0 0 13.24
0 0 13.28
0 0 13.31
0 0 13.35
0 0 13.38
0 0 13.41
0 0 13.44
0 0 13.47
0 0 13.51
0 0 13.54
0 0 13.57
0 0 13.61
0 0 13.64
0 0 13.68
0 0 13.71
0 0 13.74
0 0 13.77
0 0 13.81
0 0 13.84
0 0 13.87
0 0 13.91
0 0 13.94
0 0 13.98
0 0 14.01
0 0 14.04
0 0 14.08
0 0 14.11
0 0 14.14
0 0 14.18
0 0 14.21
0 0 14.25
0 0 14.28
0 0 14.31
0 0 14.35
0 0 14.38
0 0 14.41
0 0 14.45
0 0 14.48
0 0 14.52
0 0 14.55
0 0 14.58
0 0 14.61
0 0 14.65
0 0 14.68
0 0 14.71
0 0 14.75
0 0 14.78
0 0 14.81
0 0 14.85
0 0 14.89
0 0 14.92
0 0 14.95
0 0 14.98
0 0 15.02
0 0 15.05
0 0 15.08
0 0 15.11
0 0 15.15
0 0 15.18
0 0 15.22
0 0 15.25
0 0 15.28
0 0 15.31
0 0 15.35
0 0 15.38
0 0 15.41
0 0 15.45
0 0 15.48
0 0 15.52
0 0 15.55
0 0 15.58
0 0 15.61
0 0 15.65
0 0 15.68
0 0 15.72
0 0 15.75
0 0 15.78
0 0 15.81
0 0 15.85
0 0 15.88
0 0 15.92
0 0 15.95
0 0 15.98
0 0 16.02
0 0 16.05
0 0 16.08
0 0 16.12
0 0 16.15
0 0 16.18
0 0 16.22
0 0 16.25
0 0 16.28
0 0 16.32
0 0 16.35
0 0 16.38
0 0 16.42
0 0 16.45
0 0 16.49
0 0 16.52
0 0 16.55
0 0 16.58
0 0 16.62
0 0 16.65
0 0 16.69
0 0 16.72
0 0 16.75
0 0 16.78
0 0 16.82
0 0 16.85
0 0 16.89
0 0 16.92
0 0 16.95
0 0 16.98
0 0 17.02
0 0 17.05
0 0 17.08
0 0 17.12
0 0 17.15
0 0 17.19
0 0 17.22
0 0 17.25
0 0 17.28
0 0 17.32
0 0 17.35
0 0 17.38
0 0 17.42
0 0 17.45
0 0 17.48
0 0 17.52
0 0 17.55
0 0 17.59
0 0 17.62
0 0 17.65
0 0 17.69
0 0 17.72
0 0 17.75
0 0 17.79
0 0 17.82
0 0 17.85
0 0 17.89
0 0 17.92
0 0 17.95
0 0 17.98
0 0 18.02
0 0 18.05
0 0 18.08
0 0 18.11
0 0 18.15
0 0 18.18
0 0 18.21
0 0 18.25
0 0 18.28
0 0 18.31
0 0 18.35
0 0 18.38
0 0 18.41
0 0 18.44
0 0 18.48
0 0 18.51
0 0 18.54
0 0 18.58
0 0 18.61
0 0 18.64
0 0 18.68
0 0 18.71
0 0 18.74
0 0 18.78
0 0 18.81
0 0 18.85
0 0 18.88
0 0 18.91
0 0 18.94
0 0 18.98
0 0 19.01
0 0 19.04
0 0 19.08
0 0 19.11
0 0 19.14
0 0 19.18
0 0 19.21
0 0 19.24
0 0 19.28
0 0 19.31
0 0 19.34
0 0 19.38
0 0 19.41
0 0 19.44
0 0 19.48
0 0 19.51
0 0 19.54
0 0 19.58
0 0 19.61
0 0 19.64
0 0 19.68
0 0 19.71
0 0 19.74
0 0 19.78
0 0 19.81
0 0 19.84
0 0 19.87
0 0 19.91
0 0 19.94
0 0 19.98
0 0 20.01
0 0 20.04
0 0 20.08
0 0 20.11
0 0 20.14
0 0 20.18
0 0 20.21
0 0 20.24
0 0 20.27
0 0 20.31
0 0 20.34
0 0 20.37
0 0 20.41
0 0 20.44
0 0 20.48
0 0 20.51
0 0 20.54
0 0 20.58
0 0 20.61
0 0 20.64
0 0 20.68
0 0 20.71
0 0 20.74
0 0 20.78
0 0 20.81
0 0 20.84
0 0 20.88
0 0 20.91
0 0 20.94
0 0 20.98
0 0 21.01
0 0 21.05
0 0 21.08
0 0 21.11
0 0 21.14
0 0 21.18
0 0 21.21
0 0 21.24
0 0 21.28
0 0 21.31
0 0 21.35
0 0 21.38
0 0 21.41
0 0 21.44
0 0 21.48
0 0 21.51
0 0 21.54
0 0 21.58
0 0 21.61
0 0 21.64
0 0 21.68
0 0 21.71
0 0 21.74
0 0 21.78
0 0 21.81
0 0 21.85
0 0 21.88
0 0 21.91
0 0 21.94
0 0 21.97
0 0 22.01
0 0 22.04
0 0 22.08
0 0 22.11
0 0 22.14
0 0 22.18
0 0 22.21
0 0 22.24
0 0 22.28
0 0 22.31
0 0 22.34
0 0 22.38
0 0 22.41
0 0 22.44
0 0 22.48
0 0 22.51
0 0 22.54
0 0 22.58
0 0 22.61
0 0 22.64
0 0 22.68
0 0 22.71
0 0 22.74
0 0 22.78
0 0 22.81
0 0 22.84
0 0 22.88
0 0 22.91
0 0 22.94
0 0 22.98
0 0 23.01
0 0 23.04
0 0 23.08
0 0 23.11
0 0 23.14
0 0 23.18
0 0 23.21
0 0 23.24
0 0 23.28
0 0 23.31
0 0 23.34
0 0 23.38
0 0 23.41
0 0 23.44
0 0 23.48
0 0 23.51
0 0 23.54
0 0 23.58
0 0 23.61
0 0 23.64
0 0 23.68
0 0 23.71
0 0 23.74
0 0 23.78
0 0 23.81
0 0 23.84
0 0 23.88
0 0 23.91
0 0 23.94
0 0 23.98
0 0 24.01
0 0 24.04
0 0 24.08
0 0 24.11
0 0 24.14
0 0 24.18
0 0 24.21
0 0 24.24
0 0 24.28
0 0 24.31
0 0 24.34
0 0 24.37
0 0 24.41
0 0 24.44
0 0 24.47
0 0 24.51
0 0 24.54
0 0 24.58
0 0 24.61
0 0 24.64
0 0 24.68
0 0 24.71
0 0 24.74
0 0 24.77
0 0 24.81
0 0 24.84
0 0 24.88
0 0 24.91
0 0 24.94
0 0 24.98
0 0 25.01
0 0 25.04
0 0 25.08
0 0 25.11
0 0 25.14
0 0 25.18
0 0 25.21
0 0 25.24
0 0 25.28
0 0 25.31
0 0 25.35
0 0 25.38
0 0 25.41
0 0 25.44
0 0 25.48
0 0 25.51
0 0 25.54
0 0 25.58
0 0 25.61
0 0 25.64
0 0 25.68
0 0 25.71
0 0 25.74
0 0 25.78
0 0 25.81
0 0 25.84
0 0 25.87
0 0 25.91
0 0 25.94
0 0 25.98
0 0 26.01
0 0 26.04
0 0 26.08
0 0 26.11
0 0 26.14
0 0 26.18
0 0 26.21
0 0 26.24
0 0 26.28
0 0 26.31
0 0 26.34
0 0 26.38
0 0 26.41
0 0 26.44
0 0 26.48
0 0 26.51
0 0 26.54
0 0 26.58
0 0 26.61
0 0 26.64
0 0 26.68
0 0 26.71
0 0 26.74
0 0 26.78
0 0 26.81
0 0 26.84
0 0 26.87
0 0 26.91
0 0 26.94
0 0 26.97
0 0 27.01
0 0 27.04
0 0 27.08
0 0 27.11
0 0 27.14
0 0 27.18
0 0 27.21
0 0 27.24
0 0 27.28
0 0 27.31
0 0 27.35
0 0 27.38
0 0 27.41
0 0 27.44
0 0 27.48
0 0 27.51
0 0 27.54
0 0 27.57
0 0 27.61
0 0 27.64
0 0 27.68
0 0 27.71
0 0 27.74
0 0 27.78
0 0 27.81
0 0 27.84
0 0 27.88
0 0 27.91
0 0 27.94
0 0 27.98
0 0 28.01
0 0 28.04
0 0 28.08
0 0 28.11
0 0 28.15
0 0 28.18
0 0 28.21
0 0 28.24
0 0 28.28
0 0 28.31
0 0 28.35
0 0 28.38
0 0 28.41
0 0 28.44
0 0 28.48
0 0 28.51
0 0 28.55
0 0 28.58
0 0 28.61
0 0 28.64
0 0 28.68
0 0 28.71
0 0 28.74
0 0 28.78
0 0 28.81
0 0 28.84
0 0 28.87
0 0 28.91
0 0 28.94
0 0 28.97
0 0 29.01
0 0 29.04
0 0 29.07
0 0 29.11
0 0 29.14
0 0 29.18
0 0 29.21
0 0 29.24
0 0 29.28
0 0 29.31
0 0 29.34
0 0 29.38
0 0 29.41
0 0 29.44
0 0 29.47
0 0 29.51
0 0 29.54
0 0 29.58
0 0 29.61
0 0 29.64
0 0 29.68
0 0 29.71
0 0 29.74
0 0 29.77
0 0 29.81
0 0 29.84
0 0 29.87
0 0 29.91
0 0 29.94
0 0 29.98
0 0 30.01
0 0 30.04
0 0 30.08
0 0 30.11
0 0 30.15
0 0 30.18
0 0 30.21
0 0 30.24
0 0 30.28
0 0 30.31
0 0 30.35
0 0 30.38
0 0 30.41
0 0 30.44
0 0 30.48
0 0 30.51
0 0 30.54
0 0 30.58
0 0 30.61
0 0 30.65
0 0 30.68
0 0 30.71
0 0 30.74
0 0 30.78
0 0 30.81
0 0 30.85
0 0 30.88
0 0 30.91
0 0 30.95
0 0 30.98
0 0 31.01
0 0 31.04
0 0 31.08
0 0 31.11
0 0 31.14
0 0 31.18
0 0 31.21
0 0 31.24
0 0 31.28
0 0 31.31
0 0 31.34
0 0 31.37
0 0 31.41
0 0 31.44
0 0 31.47
0 0 31.51
0 0 31.54
0 0 31.57
0 0 31.61
0 0 31.64
0 0 31.67
0 0 31.71
0 0 31.74
0 0 31.78
0 0 31.81
0 0 31.84
0 0 31.87
0 0 31.91
0 0 31.94
0 0 31.97
0 0 32.01
0 0 32.04
0 0 32.07
0 0 32.11
0 0 32.14
0 0 32.17
0 0 32.21
0 0 32.24
0 0 32.27
0 0 32.31
0 0 32.34
0 0 32.37
0 0 32.41
0 0 32.44
0 0 32.47
0 0 32.51
0 0 32.54
0 0 32.58
0 0 32.61
0 0 32.64
0 0 32.68
0 0 32.71
0 0 32.74
0 0 32.78
0 0 32.81
0 0 32.84
0 0 32.88
0 0 32.91
0 0 32.94
0 0 32.98
0 0 33.01
0 0 33.04
0 0 33.08
0 0 33.11
0 0 33.14
0 0 33.18
0 0 33.21
0 0 33.24
0 0 33.28
0 0 33.31
0 0 33.35
0 0 33.38
0 0 33.41
0 0 33.44
0 0 33.48
0 0 33.51
0 0 33.54
0 0 33.58
0 0 33.61
0 0 33.64
0 0 33.68
0 0 33.71
0 0 33.74
0 0 33.78
0 0 33.81
0 0 33.85
0 0 33.88
0 0 33.91
0 0 33.95
0 0 33.98
0 0 34.01
0 0 34.04
0 0 34.08
0 0 34.11
0 0 34.15
0 0 34.18
0 0 34.21
0 0 34.25
0 0 34.28
0 0 34.31
0 0 34.35
0 0 34.38
0 0 34.41
0 0 34.44
0 0 34.48
0 0 34.51
0 0 34.54
0 0 34.58
0 0 34.61
0 0 34.64
0 0 34.68
0 0 34.71
0 0 34.74
0 0 34.78
0 0 34.81
0 0 34.84
0 0 34.88
0 0 34.91
0 0 34.94
0 0 34.98
0 0 35.01
0 0 35.05
0 0 35.08
0 0 35.11
0 0 35.14
0 0 35.18
0 0 35.21
0 0 35.24
0 0 35.28
0 0 35.31
0 0 35.35
0 0 35.38
0 0 35.41
0 0 35.44
0 0 35.48
0 0 35.51
0 0 35.54
0 0 35.58
0 0 35.61
0 0 35.64
0 0 35.68
0 0 35.71
0 0 35.74
0 0 35.78
0 0 35.81
0 0 35.84
0 0 35.87
0 0 35.91
0 0 35.94
0 0 35.98
0 0 36.01
0 0 36.04
0 0 36.08
0 0 36.11
0 0 36.14
0 0 36.18
0 0 36.21
0 0 36.24
0 0 36.27
0 0 36.31
0 0 36.34
0 0 36.38
0 0 36.41
0 0 36.44
0 0 36.47
0 0 36.51
0 0 36.54
0 0 36.57
0 0 36.61
0 0 36.64
0 0 36.67
0 0 36.71
0 0 36.74
0 0 36.77
0 0 36.81
0 0 36.84
0 0 36.87
0 0 36.91
0 0 36.94
0 0 36.97
0 0 37.01
0 0 37.04
0 0 37.07
0 0 37.11
0 0 37.14
0 0 37.17
0 0 37.21
0 0 37.24
0 0 37.27
0 0 37.31
0 0 37.34
0 0 37.37
0.506 0.506 37.41
0.505 0.324 37.44
0.506 0.347 37.47
0.507 0.295 37.51
0 0 37.54
0 0 37.57
0 0 37.61
0 0 37.64
0 0 37.67
0 0 37.71
0 0 37.74
0 0 37.77
0 0 37.81
0 0 37.84
0 0 37.87
0 0 37.91
0 0 37.94
0 0 37.97
0 0 38.01
0 0 38.04
0 0 38.07
0 0 38.11
0 0 38.14
0 0 38.17
0 0 38.21
0 0 38.24
0 0 38.27
0 0 38.3
0 0 38.34
0 0 38.37
0 0 38.41
0 0 38.44
0 0 38.47
0 0 38.51
0 0 38.54
0 0 38.57
0 0 38.61
0 0 38.64
0 0 38.67
0 0 38.7
0 0 38.74
0 0 38.77
0 0 38.81
0 0 38.84
0 0 38.87
0 0 38.91
0 0 38.94
0 0 38.97
0 0 39.01
0 0 39.04
0 0 39.07
0 0 39.11
0 0 39.14
0 0 39.17
0 0 39.21
0 0 39.24
0 0 39.27
0 0 39.31
0 0 39.34
0 0 39.37
0 0 39.4
0 0 39.44
0 0 39.47
0 0 39.51
0 0 39.54
0 0 39.57
0 0 39.61
0 0 39.64
0 0 39.67
0 0 39.71
0 0 39.74
0 0 39.77
0 0 39.81
0 0 39.84
0 0 39.87
0 0 39.91
0 0 39.94
0 0 39.97
0 0 40.01
0 0 40.04
0 0 40.07
0 0 40.1
0 0 40.14
0 0 40.17
0 0 40.21
0 0 40.24
0 0 40.27
0 0 40.31
0 0 40.34
0 0 40.37
0 0 40.41
0 0 40.44
0 0 40.47
0.635 5.781 40.51
0.643 0.738 40.54
0.647 0.575 40.58
0.654 0.478 40.61
0.662 0.804 40.64
0.667 0.638 40.68
0.673 0.277 40.71
0 0 40.74
0.682 0.617 40.77
0.688 0.299 40.81
0 0 40.84
0.696 0.434 40.87
0 0 40.91
0.708 0.523 40.94
0.716 0.492 40.98
0 0 41.01
0 0 41.04
0.741 0.89 41.08
0.753 0.352 41.11
0.759 0.199 41.14
0.771 0.613 41.18
0 0 41.21
0.781 0.385 41.25
0 0 41.28
0 0 41.31
0 0 41.35
0 0 41.38
0 0 41.42
0 0 41.45
0 0 41.48
0 0 41.51
0.835 1.77 41.55
0.843 0.425 41.57
0.848 0.335 41.61
0.857 0.457 41.64
0 0 41.67
0 0 41.7
0.864 0.802 41.74
0 0 41.77
0.866 0.346 41.81
0 0 41.84
0 0 41.87
0.858 1.156 41.91
0.846 0.59 41.94
0 0 41.97
0 0 42.01
0 0 42.04
0 0 42.08
0 0 42.11
0 0 42.15
0 0 42.18
0 0 42.22
0 0 42.25
0 0 42.28
0 0 42.31
0 0 42.34
0 0 42.37
0 0 42.41
0 0 42.44
0 0 42.47
0.502 13.252 42.51
0.483 1.014 42.54
0.465 0.913 42.57
0.451 0.623 42.61
0.437 0.542 42.64
0.425 0.385 42.68
0.415 0.717 42.71
0.408 0.4 42.74
0.404 0.147 42.78
0.404 0.064 42.81
0.406 0.086 42.84
0.411 0.182 42.87
0.418 0.293 42.91
0.427 0.292 42.94
0.437 0.57 42.98
0.451 0.436 43.01
0.465 0.547 43.04
0.482 0.607 43.08
0.498 0.582 43.11
0.518 0.775 43.14
0.539 1.289 43.18
0.562 1.119 43.21
0.581 0.845 43.24
0.606 0.949 43.27
0.631 1.925 43.31
0.655 0.848 43.34
0.68 1.366 43.38
0.706 1.435 43.41
0.728 0.928 43.44
0.749 0.849 43.47
0.763 0.665 43.51
0.778 0.52 43.54
0.801 1.494 43.58
0.809 0.503 43.61
0 0 43.64
0.829 1.028 43.68
0.84 0.416 43.71
0.846 0.216 43.74
0.852 0.25 43.77
0 0 43.81
0.85 0.139 43.84
0.848 0.142 43.87
0 0 43.91
0.832 0.77 43.94
0 0 43.97
0.813 0.806 44.01
0 0 44.04
0.783 0.954 44.07
0.772 0.362 44.11
0.752 0.87 44.14
0.726 1.005 44.17
0.706 0.755 44.21
0.684 0.709 44.24
0.654 1.618 44.27
0.629 1.355 44.31
0.599 1.326 44.34
0.573 1.113 44.37
0.552 0.906 44.41
0.527 0.895 44.44
0.505 0.699 44.47
0.482 1.336 44.51
0.463 0.881 44.54
0.445 0.848 44.58
0.426 0.74 44.61
0.409 0.609 44.64
0.393 0.573 44.68
0.379 0.741 44.71
0.368 0.64 44.74
0.356 0.527 44.78
0.349 0.257 44.81
0.343 0.493 44.85
0.337 0.366 44.88
0.334 0.205 44.91
0.332 0.098 44.94
0.331 0.111 44.97
0.332 0.054 45.01
0.333 0.053 45.04
0.335 0.091 45.08
0.337 0.088 45.11
0.34 0.116 45.14
0.344 0.152 45.18
0.349 0.293 45.22
0.355 0.183 45.25
0.358 0.237 45.28
0.364 0.363 45.31
0.369 0.373 45.34
0.375 0.491 45.38
0.379 0.219 45.41
0.384 0.332 45.44
0.387 0.156 45.48
0.39 0.181 45.51
0.391 0.053 45.54
0.394 0.167 45.58
0.397 0.12 45.61
0.395 0.08 45.64
0.398 0.106 45.68
0.401 0.102 45.71
0.403 0.13 45.74
0.405 0.124 45.78
0.412 0.335 45.81
0.408 0.153 45.85
0.412 0.124 45.88
0.413 0.045 45.91
0.416 0.117 45.94
0.418 0.114 45.98
0.418 0.04 46.01
0.422 0.143 46.04
0.423 0.05 46.08
0.428 0.172 46.11
0.43 0.163 46.14
0.432 0.143 46.18
0.437 0.232 46.21
0.437 0.048 46.25
0.441 0.148 46.28
0.443 0.089 46.31
0.447 0.153 46.35
0.449 0.067 46.37
0.451 0.212 46.41
0.452 0.086 46.44
0.453 0.063 46.47
0.454 0.088 46.51
0.454 0.038 46.54
0.458 0.179 46.58
0.458 0.026 46.61
0.458 0.035 46.64
0.458 0.05 46.68
0.461 0.157 46.71
0.459 0.098 46.74
0.461 0.104 46.78
0.463 0.043 46.81
0.465 0.07 46.84
0.463 0.069 46.87
0.465 0.12 46.91
0.466 0.05 46.94
0.471 0.215 46.98
0.471 0.048 47.01
0.471 0.029 47.04
0.473 0.085 47.07
0.475 0.114 47.11
0.474 0.098 47.14
0.475 0.079 47.18
0.475 0.022 47.21
0.476 0.068 47.24
0.475 0.06 47.27
0.477 0.073 47.31
0.48 0.093 47.34
0.477 0.127 47.37
0.479 0.102 47.41
0.48 0.021 47.44
0.477 0.095 47.48
0.478 0.045 47.51
0.479 0.039 47.54
0.479 0.021 47.58
0.48 0.064 47.61
0.486 0.273 47.64
0.485 0.043 47.68
0.486 0.044 47.71
0.487 0.053 47.74
0.49 0.111 47.77
0.492 0.058 47.81
0.494 0.065 47.84
0.495 0.057 47.88
0.494 0.053 47.91
0.497 0.143 47.94
0.497 0.028 47.97
0.497 0.026 48.01
0.496 0.04 48.04
0.497 0.076 48.08
0.498 0.063 48.11
0.499 0.057 48.14
0.5 0.051 48.18
0.497 0.083 48.21
0.499 0.149 48.24
0.502 0.098 48.27
0.496 0.37 48.31
0.496 0.036 48.34
0.496 0.033 48.37
0.496 0.024 48.41
0.495 0.038 48.44
0.491 0.279 48.48
0.492 0.053 48.51
0.488 0.27 48.54
0.49 0.17 48.57
0.484 0.201 48.61
0.481 0.174 48.64
0.479 0.155 48.68
0.474 0.281 48.71
0.466 0.426 48.74
0.461 0.366 48.77
0.451 0.961 48.81
0.443 0.753 48.84
0.433 0.785 48.87
0.429 0.688 48.91
0.423 0.683 48.94
0 0 48.97
0.416 1.327 49.01
0 0 49.04
0 0 49.07
0 0 49.1
0 0 49.14
0 0 49.17
0 0 49.2
0 0 49.24
0 0 49.27
0 0 49.3
0 0 49.34
0 0 49.37
0 0 49.4
0 0 49.44
0 0 49.47
0 0 49.5
0 0 49.54
0 0 49.57
0 0 49.6
0 0 49.64
0 0 49.67
0 0 49.7
0 0 49.74
0 0 49.77
0 0 49.8
0 0 49.84
0 0 49.87
0 0 49.9
0 0 49.94
0 0 49.97
0 0 50.01
0 0 50.04
0 0 50.07
0 0 50.11
0 0 50.14
0 0 50.17
0 0 50.21
0 0 50.24
0 0 50.27
0 0 50.31
0 0 50.34
0 0 50.37
0 0 50.41
0 0 50.44
0 0 50.47
0 0 50.51
0 0 50.54
0 0 50.57
0 0 50.61
0 0 50.64
0 0 50.67
0 0 50.71
0 0 50.74
0 0 50.77
0 0 50.81
0 0 50.84
0 0 50.87
0 0 50.91
0 0 50.94
0 0 50.97
0 0 51.01
0 0 51.04
0 0 51.07
0 0 51.1
0 0 51.14
0 0 51.17
0 0 51.2
0 0 51.24
0 0 51.27
0 0 51.31
0 0 51.34
0 0 51.37
0 0 51.4
0 0 51.44
0 0 51.47
0 0 51.51
0 0 51.54
0 0 51.57
0 0 51.6
0 0 51.64
0 0 51.67
0 0 51.7
0 0 51.74
0 0 51.77
0 0 51.8
0 0 51.84
0 0 51.87
0 0 51.91
0 0 51.94
0 0 51.97
0 0 52.01
0 0 52.04
0 0 52.07
0 0 52.1
0 0 52.14
0 0 52.17
0 0 52.21
0 0 52.24
0 0 52.27
0 0 52.3
0 0 52.34
0 0 52.37
0 0 52.4
0 0 52.44
0 0 52.47
0 0 52.51
0 0 52.54
0 0 52.57
0 0 52.6
0 0 52.64
0 0 52.67
0 0 52.7
0 0 52.74
0 0 52.77
0 0 52.8
0 0 52.84
0 0 52.87
0 0 52.91
0 0 52.94
0 0 52.97
0 0 53.01
0 0 53.04
0 0 53.07
0 0 53.1
0 0 53.14
0 0 53.17
0 0 53.2
0 0 53.24
0 0 53.27
0 0 53.3
0 0 53.34
0 0 53.37
0 0 53.41
0 0 53.44
0 0 53.47
0 0 53.5
0 0 53.54
0 0 53.57
0 0 53.6
0 0 53.64
0 0 53.67
0 0 53.7
0 0 53.74
0 0 53.77
0 0 53.8
0 0 53.84
0 0 53.87
0 0 53.9
0 0 53.94
0 0 53.97
0 0 54.01
0 0 54.04
0 0 54.07
0 0 54.1
0 0 54.14
0 0 54.17
0 0 54.2
0 0 54.24
0 0 54.27
0 0 54.3
0 0 54.34
0 0 54.37
0 0 54.4
0 0 54.44
0 0 54.47
0 0 54.5
0 0 54.54
0 0 54.57
0 0 54.6
0 0 54.64
0 0 54.67
0 0 54.7
0 0 54.74
0 0 54.77
0 0 54.81
0 0 54.84
0 0 54.87
0 0 54.91
0 0 54.94
0 0 54.97
0 0 55.0
0 0 55.04
0 0 55.07
0 0 55.1
0 0 55.14
0 0 55.17
0 0 55.2
0 0 55.24
0 0 55.27
0 0 55.3
0 0 55.34
0 0 55.37
0 0 55.4
0 0 55.44
0 0 55.47
0 0 55.51
0 0 55.54
0 0 55.57
0 0 55.6
0 0 55.64
0 0 55.67
0 0 55.7
0 0 55.74
0 0 55.77
0 0 55.8
0 0 55.84
0 0 55.87
0 0 55.91
0 0 55.94
0 0 55.97
0 0 56.0
0 0 56.04
0 0 56.07
0 0 56.1
0 0 56.14
0 0 56.17
0 0 56.2
0 0 56.24
0 0 56.27
0 0 56.3
0 0 56.34
0 0 56.37
0 0 56.4
0 0 56.44
0 0 56.47
0 0 56.51
0 0 56.54
0 0 56.57
0 0 56.61
0 0 56.64
0 0 56.67
0 0 56.7
0 0 56.73
0 0 56.76
0 0 56.8
0 0 56.83
0 0 56.86
0 0 56.9
0 0 56.93
0 0 56.97
0 0 57.0
0 0 57.03
0 0 57.07
0 0 57.1
0 0 57.13
0 0 57.17
0 0 57.2
0 0 57.23
0 0 57.27
0 0 57.3
0 0 57.33
0 0 57.37
0 0 57.4
0 0 57.43
0 0 57.47
0 0 57.5
0 0 57.53
0 0 57.57
0 0 57.6
0 0 57.63
0 0 57.67
0 0 57.7
0 0 57.73
0 0 57.77
0 0 57.8
0 0 57.83
