0 0 2.26
0 0 2.31
0 0 2.33
0 0 2.35
0 0 2.36
0 0 2.38
0 0 2.41
0 0 2.45
0 0 2.48
0 0 2.52
0 0 2.55
0 0 2.58
0 0 2.62
0 0 2.65
0 0 2.68
0 0 2.71
0 0 2.75
0 0 2.78
0 0 2.81
0 0 2.85
0 0 2.88
0 0 2.91
0 0 2.95
0 0 2.98
0 0 3.02
0 0 3.05
0 0 3.08
0 0 3.12
0 0 3.15
0 0 3.18
0 0 3.22
0 0 3.25
0 0 3.28
0 0 3.32
0 0 3.35
0 0 3.38
0 0 3.42
0 0 3.45
0 0 3.48
0 0 3.52
0.28 0.709 3.55
0.261 0.018 3.58
0.24 0.021 3.62
0.226 0.018 3.65
0.209 0.018 3.69
0.194 0.017 3.72
0.185 0.017 3.75
0.172 0.016 3.78
0.164 0.015 3.82
0 0 3.85
0.148 0.029 3.88
0.144 0.014 3.92
0.138 0.014 3.95
0.135 0.013 3.98
0 0 4.02
0.135 0.026 4.05
0.131 0.013 4.08
0.133 0.012 4.12
0.137 0.013 4.15
0.138 0.012 4.18
0.149 0.015 4.22
0.154 0.011 4.25
0.151 0.015 4.28
0.159 0.009 4.32
0.163 0.007 4.35
0.169 0.005 4.38
0.179 0.004 4.42
0.184 0.003 4.45
0.191 0.003 4.48
0.204 0.011 4.52
0.201 0.011 4.55
0.205 0.002 4.59
0.209 0.003 4.62
0.217 0.006 4.65
0.219 0.006 4.69
0.225 0.006 4.72
0.229 0.007 4.75
0.239 0.008 4.78
0.246 0.008 4.82
0.25 0.008 4.85
0.257 0.008 4.88
0.26 0.007 4.92
0.268 0.005 4.95
0.274 0.003 4.98
0.279 0.002 5.02
0.282 0.002 5.05
0.287 0.002 5.08
0.292 0.003 5.12
0.293 0.004 5.15
0 0 5.18
0.299 0.01 5.22
0.299 0.006 5.25
0.301 0.005 5.28
0 0 5.32
0.302 0.009 5.35
0.302 0.003 5.38
0.303 0.002 5.42
0.305 0.004 5.45
0.305 0.005 5.48
0.305 0.006 5.52
0.307 0.006 5.55
0.307 0.005 5.58
0.309 0.005 5.62
0.311 0.004 5.65
0.319 0.012 5.68
0.314 0.007 5.72
0.314 0.003 5.75
0 0 5.78
0 0 5.81
0 0 5.85
0 0 5.88
0 0 5.92
0 0 5.95
0 0 5.98
0 0 6.02
0 0 6.05
0 0 6.08
0 0 6.11
0 0 6.15
0 0 6.18
0 0 6.22
0 0 6.25
0.323 0.106 6.28
0.325 0.003 6.32
0.331 0.007 6.35
0.339 0.009 6.38
0 0 6.41
0.366 0.029 6.45
0 0 6.48
0 0 6.52
0 0 6.55
0 0 6.58
0 0 6.61
0 0 6.65
0 0 6.68
0 0 6.71
0 0 6.75
0 0 6.78
0 0 6.81
0 0 6.85
0 0 6.88
0 0 6.91
0 0 6.95
0 0 6.98
0 0 7.02
0 0 7.05
0 0 7.08
0 0 7.11
0 0 7.15
0 0 7.18
0 0 7.21
0 0 7.25
0 0 7.28
0 0 7.31
0 0 7.35
0 0 7.38
0 0 7.41
0 0 7.45
0 0 7.48
0 0 7.52
0 0 7.55
0 0 7.58
0 0 7.62
0 0 7.65
0 0 7.68
0 0 7.71
0 0 7.75
0 0 7.78
0 0 7.81
0 0 7.85
0 0 7.88
0 0 7.91
0 0 7.95
0.519 0.136 7.98
0 0 8.02
0 0 8.05
0 0 8.08
0 0 8.11
0 0 8.15
0 0 8.18
0 0 8.21
0 0 8.25
0 0 8.28
0 0 8.31
0 0 8.35
0 0 8.38
0 0 8.41
0 0 8.45
0 0 8.48
0 0 8.52
0 0 8.55
0 0 8.58
0 0 8.61
0 0 8.65
0 0 8.68
0 0 8.71
0 0 8.75
0 0 8.78
0.502 0.061 8.82
0 0 8.85
0 0 8.88
0 0 8.91
0 0 8.95
0 0 8.98
0 0 9.02
0.481 0.047 9.05
0.479 0.004 9.08
0.477 0.005 9.12
0 0 9.15
0.482 0.003 9.18
0 0 9.21
0 0 9.25
0 0 9.28
0.483 0.018 9.31
0.487 0.002 9.35
0 0 9.38
0 0 9.41
0.483 0.008 9.45
0 0 9.48
0.487 0.004 9.52
0 0 9.55
0 0 9.58
0.486 0.015 9.61
0 0 9.65
0.477 0.012 9.68
0.475 0.007 9.71
0.471 0.005 9.75
0 0 9.78
0.469 0.007 9.81
0 0 9.85
0 0 9.88
0.468 0.03 9.92
0.463 0.006 9.95
0.458 0.006 9.98
0.457 0.006 10.02
0.451 0.006 10.05
0.446 0.005 10.08
0.441 0.006 10.12
0.439 0.009 10.15
0.431 0.013 10.18
0.418 0.015 10.22
0.405 0.017 10.25
0.388 0.018 10.28
0.368 0.02 10.32
0.352 0.02 10.35
0.336 0.019 10.38
0.32 0.019 10.41
0.307 0.018 10.45
0.298 0.017 10.48
0.29 0.015 10.52
0.286 0.012 10.55
0.286 0.009 10.58
0.287 0.007 10.61
0.289 0.007 10.65
0.296 0.007 10.68
0.299 0.006 10.71
0.301 0.003 10.75
0.305 0.004 10.78
0.303 0.001 10.82
0.302 0.004 10.85
0.3 0.005 10.88
0.3 0.003 10.92
0.3 0.004 10.95
0.3 0.002 10.98
0.298 0.004 11.02
0.298 0.004 11.05
0.297 0.003 11.08
0 0 11.11
0.299 0.006 11.15
0 0 11.18
0.301 0.005 11.21
0.303 0.004 11.25
0.303 0.005 11.28
0.303 0.006 11.31
0.304 0.008 11.35
0.304 0.009 11.38
0.304 0.01 11.41
0.305 0.016 11.45
0.312 0.015 11.48
0.321 0.019 11.52
0.337 0.023 11.55
0.354 0.026 11.58
0.376 0.028 11.61
0.399 0.029 11.65
0.426 0.031 11.68
0.453 0.031 11.72
0.48 0.029 11.75
0.505 0.026 11.78
0 0 11.81
0.549 0.044 11.85
0 0 11.88
0.584 0.036 11.91
0 0 11.95
0 0 11.98
0 0 12.01
0 0 12.05
0 0 12.08
0 0 12.11
0 0 12.15
0 0 12.18
0 0 12.21
0 0 12.25
0 0 12.28
0 0 12.31
0.615 0.062 12.35
0 0 12.38
0 0 12.41
0 0 12.45
0 0 12.48
0.6 0.02 12.52
0 0 12.55
0 0 12.58
0 0 12.61
0 0 12.65
0.581 0.029 12.68
0 0 12.71
0 0 12.75
0.566 0.025 12.78
0 0 12.81
0 0 12.85
0 0 12.88
0 0 12.91
0 0 12.95
0 0 12.98
0 0 13.01
0 0 13.05
0 0 13.08
0 0 13.11
0 0 13.15
0 0 13.18
0 0 13.21
0 0 13.25
0 0 13.28
0 0 13.31
0 0 13.35
0 0 13.38
0 0 13.41
0 0 13.45
0 0 13.48
0 0 13.51
0 0 13.55
0 0 13.58
0.526 0.05 13.62
0.526 0.007 13.65
0 0 13.68
0.518 0.015 13.72
0.513 0.011 13.75
0.508 0.016 13.78
0.496 0.014 13.81
0.484 0.014 13.85
0.475 0.015 13.88
0.459 0.017 13.92
0.448 0.016 13.95
0.436 0.017 13.98
0.423 0.017 14.01
0 0 14.05
0 0 14.08
0.383 0.056 14.12
0.37 0.019 14.15
0.359 0.017 14.18
0.345 0.017 14.21
0.331 0.017 14.25
0.322 0.011 14.28
0.311 0.014 14.31
0.305 0.008 14.35
0.301 0.005 14.38
0 0 14.41
0.296 0.008 14.45
0.296 0.001 14.48
0.295 0.004 14.52
0 0 14.55
0.294 0.004 14.58
0.293 0.001 14.61
0.291 0.005 14.65
0.291 0.001 14.69
0.29 0.006 14.71
0.289 0.006 14.75
0.29 0.006 14.78
0.293 0.005 14.82
0.297 0.008 14.85
0.303 0.011 14.88
0.312 0.014 14.91
0.327 0.019 14.95
0.343 0.021 14.98
0.361 0.023 15.02
0.382 0.025 15.05
0.404 0.025 15.08
0.427 0.025 15.11
0.451 0.025 15.15
0.473 0.023 15.18
0.493 0.019 15.21
0.51 0.018 15.25
0 0 15.28
0.535 0.026 15.31
0.541 0.009 15.35
0 0 15.38
0.551 0.021 15.41
0.557 0.014 15.45
0.559 0.009 15.48
0.563 0.009 15.52
0.564 0.006 15.55
0.566 0.006 15.58
0.568 0.005 15.61
0 0 15.65
0.568 0.004 15.68
0 0 15.71
0.57 0.002 15.75
0.567 0.003 15.78
0 0 15.81
0.564 0.003 15.85
0.562 0.004 15.88
0.561 0.003 15.91
0.554 0.01 15.95
0 0 15.98
0.547 0.01 16.01
0.543 0.007 16.05
0.539 0.008 16.08
0 0 16.11
0 0 16.15
0.531 0.013 16.18
0 0 16.21
0 0 16.25
0.525 0.01 16.28
0 0 16.31
0 0 16.35
0 0 16.38
0.512 0.017 16.41
0.511 0.005 16.45
0.511 0.005 16.48
0.512 0.004 16.52
0.514 0.003 16.55
0.521 0.007 16.58
0.526 0.006 16.61
0.527 0.002 16.65
0.529 0.002 16.68
0.53 0.002 16.71
0.53 0.003 16.75
0.528 0.005 16.78
0.524 0.009 16.81
0.516 0.011 16.85
0.503 0.015 16.88
0.49 0.015 16.91
0.478 0.016 16.95
0.462 0.018 16.98
0 0 17.01
0.436 0.041 17.05
0.419 0.023 17.08
0.402 0.024 17.11
0.39 0.026 17.15
0.372 0.026 17.18
0.359 0.025 17.21
0.347 0.025 17.25
0.337 0.022 17.28
0.326 0.019 17.31
0.322 0.017 17.35
0.315 0.012 17.38
0.32 0.017 17.41
0.313 0.008 17.45
0.311 0.005 17.48
0.31 0.004 17.52
0.306 0.004 17.55
0.304 0.003 17.58
0.299 0.006 17.61
0.297 0.003 17.65
0.298 0.003 17.68
0.297 0.007 17.71
0.297 0.006 17.75
0.293 0.011 17.78
0.298 0.006 17.81
0.297 0.008 17.85
0.3 0.008 17.88
0.304 0.008 17.91
0.305 0.009 17.95
0.309 0.009 17.98
0.314 0.01 18.02
0.321 0.01 18.05
0.325 0.012 18.08
0.333 0.011 18.11
0.338 0.01 18.15
0.338 0.009 18.18
0.341 0.007 18.21
0.343 0.006 18.25
0.34 0.005 18.28
0.337 0.006 18.31
0.337 0.009 18.35
0.336 0.01 18.38
0.334 0.016 18.41
0.326 0.015 18.45
0.32 0.017 18.48
0.315 0.019 18.51
0.314 0.014 18.55
0.316 0.012 18.58
0 0 18.61
0.325 0.017 18.65
0.333 0.008 18.68
0.341 0.011 18.71
0.347 0.013 18.75
0 0 18.78
0 0 18.81
0 0 18.85
0 0 18.88
0 0 18.91
0 0 18.94
0 0 18.98
0 0 19.01
0 0 19.04
0 0 19.08
0.389 0.096 19.11
0.39 0.005 19.15
0.388 0.006 19.18
0.386 0.007 19.21
0.38 0.011 19.25
0.375 0.008 19.28
0.372 0.013 19.31
0 0 19.35
0.375 0.027 19.38
0.373 0.019 19.41
0.383 0.019 19.45
0.395 0.022 19.48
0.408 0.024 19.52
0.423 0.026 19.55
0 0 19.58
0 0 19.61
0 0 19.64
0 0 19.68
0 0 19.71
0 0 19.74
0 0 19.78
0 0 19.81
0 0 19.85
0 0 19.88
0 0 19.91
0 0 19.94
0 0 19.98
0 0 20.01
0 0 20.04
0 0 20.08
0 0 20.11
0 0 20.14
0 0 20.18
0 0 20.21
0 0 20.25
0 0 20.28
0 0 20.31
0 0 20.35
0 0 20.38
0 0 20.41
0 0 20.44
0 0 20.48
0 0 20.51
0 0 20.54
0 0 20.58
0 0 20.61
0 0 20.64
0 0 20.68
0.481 0.148 20.71
0.476 0.004 20.75
0 0 20.78
0.467 0.01 20.81
0.457 0.007 20.85
0.457 0.001 20.88
0.454 0.007 20.91
0 0 20.94
0 0 20.98
0 0 21.01
0 0 21.05
0 0 21.08
0 0 21.11
0 0 21.15
0 0 21.18
0 0 21.21
0 0 21.25
0 0 21.28
0 0 21.31
0 0 21.35
0.384 0.053 21.38
0.38 0.005 21.41
0.378 0.003 21.45
0 0 21.48
0 0 21.51
0.376 0.015 21.55
0.376 0.001 21.58
0 0 21.61
0 0 21.64
0 0 21.68
0 0 21.71
0 0 21.74
0.383 0.02 21.78
0.383 0.001 21.81
0.382 0.002 21.85
0.38 0.003 21.88
0 0 21.91
0 0 21.94
0.382 0.01 21.98
0.383 0.002 22.01
0.379 0.002 22.05
0.379 0.001 22.08
0 0 22.11
0 0 22.15
0 0 22.18
0 0 22.21
0 0 22.25
0 0 22.28
0 0 22.31
0 0 22.35
0 0 22.38
0 0 22.41
0 0 22.44
0 0 22.48
0 0 22.51
0 0 22.55
0 0 22.58
0 0 22.61
0 0 22.65
0 0 22.68
0 0 22.71
0 0 22.75
0 0 22.78
0 0 22.81
0 0 22.85
0 0 22.88
0 0 22.91
0 0 22.94
0 0 22.98
0 0 23.01
0 0 23.04
0 0 23.08
0 0 23.11
0 0 23.14
0 0 23.18
0 0 23.21
0 0 23.24
0 0 23.28
0 0 23.31
0 0 23.35
0 0 23.38
0 0 23.41
0 0 23.44
0 0 23.48
0 0 23.51
0 0 23.55
0 0 23.58
0 0 23.61
0 0 23.65
0 0 23.68
0 0 23.71
0 0 23.74
0 0 23.78
0 0 23.81
0 0 23.84
0 0 23.88
0 0 23.91
0 0 23.94
0 0 23.98
0 0 24.01
0 0 24.04
0 0 24.08
0 0 24.11
0 0 24.14
0 0 24.18
0 0 24.21
0 0 24.25
0 0 24.28
0 0 24.31
0.407 0.074 24.35
0.399 0.017 24.38
0.385 0.017 24.41
0.376 0.017 24.45
0.365 0.018 24.48
0.353 0.018 24.51
0.34 0.018 24.55
0.331 0.018 24.58
0.325 0.019 24.61
0 0 24.64
0.307 0.03 24.68
0.304 0.013 24.71
0.294 0.012 24.74
0.294 0.012 24.78
0.286 0.011 24.81
0.283 0.011 24.85
0.277 0.011 24.88
0.274 0.011 24.91
0.271 0.012 24.95
0.264 0.012 24.98
0.265 0.013 25.01
0.258 0.012 25.05
0.25 0.012 25.08
0.259 0.015 25.11
0.251 0.013 25.15
0.248 0.013 25.18
0.247 0.013 25.21
0.245 0.012 25.25
0.241 0.012 25.28
0.241 0.011 25.31
0.239 0.01 25.35
0.253 0.019 25.38
0.237 0.02 25.41
0.239 0.005 25.45
0.247 0.005 25.48
0.252 0.005 25.51
0.253 0.004 25.55
0.255 0.007 25.58
0.26 0.008 25.61
0.263 0.008 25.64
0.268 0.009 25.68
0.271 0.01 25.71
0.276 0.014 25.74
0.287 0.016 25.78
0.295 0.018 25.81
0.305 0.02 25.85
0.309 0.018 25.88
0.318 0.012 25.91
0.324 0.007 25.94
0.325 0.003 25.98
0.335 0.005 26.01
0.331 0.004 26.05
0.335 0.006 26.08
0.338 0.003 26.11
0.336 0.003 26.14
0.336 0.003 26.18
0.333 0.008 26.21
0 0 26.24
0 0 26.28
0.349 0.015 26.31
0 0 26.34
0.36 0.013 26.38
0.363 0.007 26.41
0.367 0.008 26.44
0.37 0.006 26.48
0.37 0.003 26.51
0.377 0.003 26.54
0.373 0.005 26.58
0.376 0.006 26.61
0.373 0.006 26.64
0.376 0.006 26.68
0.378 0.008 26.71
0.384 0.011 26.74
0 0 26.78
0 0 26.81
0 0 26.85
0 0 26.88
0 0 26.91
0 0 26.94
0 0 26.98
0 0 27.01
0 0 27.04
0 0 27.08
0.519 0.21 27.11
0 0 27.14
0 0 27.18
0 0 27.21
0 0 27.24
0 0 27.28
0 0 27.31
0 0 27.34
0 0 27.38
0.551 0.058 27.41
0 0 27.44
0 0 27.48
0.549 0.016 27.51
0 0 27.54
0.55 0.005 27.58
0.551 0.003 27.61
0 0 27.64
0.555 0.006 27.68
0.547 0.012 27.71
0.543 0.007 27.74
0 0 27.78
0 0 27.81
0.533 0.021 27.85
0 0 27.88
0.527 0.016 27.91
0 0 27.94
0 0 27.98
0 0 28.01
0 0 28.04
0.511 0.024 28.08
0 0 28.11
0 0 28.14
0 0 28.18
0.496 0.022 28.21
0.494 0.006 28.24
0.493 0.007 28.28
0.493 0.009 28.31
0.49 0.005 28.35
0.49 0.001 28.38
0.493 0.004 28.41
0.496 0.007 28.44
0.499 0.004 28.48
0.501 0.004 28.51
0.507 0.005 28.54
0.509 0.003 28.58
0.511 0.006 28.61
0.51 0.004 28.64
0.509 0.006 28.68
0.5 0.009 28.71
0.492 0.009 28.74
0.484 0.01 28.78
0.472 0.012 28.81
0.461 0.013 28.85
0.449 0.013 28.88
0.438 0.013 28.91
0.429 0.013 28.94
0 0 28.98
0 0 29.01
0.406 0.038 29.05
0 0 29.08
0.405 0.02 29.11
0 0 29.14
0 0 29.18
0.412 0.015 29.21
0 0 29.24
0 0 29.28
0 0 29.31
0 0 29.35
0 0 29.38
0 0 29.41
0.423 0.012 29.44
0.423 0.002 29.48
0.422 0.002 29.51
0.42 0.002 29.55
0.424 0.009 29.58
0.418 0.01 29.61
0 0 29.64
0.423 0.012 29.68
0.427 0.01 29.71
0.431 0.011 29.74
0.437 0.014 29.78
0.446 0.016 29.81
0 0 29.85
0 0 29.88
0.485 0.056 29.91
0.5 0.019 29.95
0.511 0.018 29.98
0 0 30.01
0 0 30.04
0 0 30.08
0 0 30.11
0 0 30.14
0 0 30.18
0 0 30.21
0 0 30.24
0 0 30.28
0.572 0.067 30.31
0 0 30.34
0.566 0.011 30.38
0 0 30.41
0 0 30.44
0 0 30.48
0.562 0.026 30.51
0 0 30.54
0.558 0.008 30.58
0.554 0.004 30.61
0.551 0.004 30.64
0.55 0.003 30.68
0.547 0.004 30.71
0.545 0.002 30.74
0.538 0.009 30.78
0.532 0.008 30.81
0.53 0.003 30.85
0.523 0.011 30.88
0.517 0.012 30.91
0.516 0.004 30.94
0.513 0.008 30.98
0 0 31.01
0.511 0.006 31.04
0.508 0.003 31.08
0.504 0.006 31.11
0.503 0.001 31.14
0.501 0.002 31.18
0.501 0.004 31.21
0.499 0.003 31.25
0.494 0.006 31.28
0.492 0.004 31.31
0.489 0.004 31.35
0.489 0.002 31.38
0.488 0.001 31.41
0.489 0.001 31.44
0.488 0.004 31.48
0.488 0.001 31.51
0.488 0.001 31.54
0.489 0.001 31.58
0.492 0.005 31.61
0.493 0.004 31.64
0 0 31.68
0 0 31.71
0.499 0.016 31.75
0.509 0.012 31.78
0.517 0.011 31.81
0.524 0.014 31.85
0.535 0.019 31.88
0.547 0.021 31.91
0.56 0.021 31.94
0 0 31.98
0 0 32.01
0 0 32.04
0 0 32.08
0 0 32.11
0 0 32.14
0 0 32.18
0 0 32.21
0 0 32.24
0 0 32.28
0 0 32.31
0 0 32.35
0 0 32.38
0 0 32.41
0 0 32.44
0 0 32.48
0 0 32.51
0 0 32.54
0 0 32.58
0 0 32.61
0 0 32.64
0.545 0.052 32.68
0 0 32.71
0.522 0.025 32.74
0.506 0.018 32.78
0.492 0.016 32.81
0.482 0.02 32.84
0.462 0.023 32.88
0.442 0.023 32.91
0.422 0.024 32.94
0.403 0.025 32.98
0 0 33.01
0.365 0.052 33.04
0.352 0.023 33.08
0.34 0.021 33.11
0.333 0.015 33.14
0.331 0.01 33.18
0 0 33.21
0.335 0.01 33.24
0.341 0.007 33.28
0.347 0.009 33.31
0.358 0.015 33.34
0.368 0.014 33.38
0.377 0.015 33.41
0.388 0.014 33.44
0.397 0.011 33.48
0.403 0.009 33.51
0.407 0.007 33.54
0 0 33.58
0 0 33.61
0.412 0.011 33.64
0.412 0.002 33.68
0.411 0.004 33.71
0.411 0.005 33.74
0.414 0.008 33.78
0.421 0.012 33.81
0.43 0.013 33.85
0.441 0.016 33.88
0.455 0.018 33.91
0.471 0.02 33.94
0.487 0.02 33.98
0.504 0.02 34.01
0 0 34.04
0 0 34.08
0 0 34.11
0 0 34.14
0 0 34.18
0 0 34.21
0 0 34.24
0 0 34.27
0.562 0.059 34.31
0 0 34.34
0.56 0.012 34.38
0 0 34.41
0 0 34.44
0 0 34.47
0 0 34.51
0 0 34.54
0.553 0.016 34.58
0 0 34.61
0 0 34.64
0.551 0.01 34.68
0.55 0.003 34.71
0.548 0.002 34.74
0 0 34.78
0 0 34.81
0 0 34.84
0.533 0.026 34.88
0.54 0.015 34.91
0.528 0.021 34.94
0.523 0.007 34.98
0.522 0.004 35.01
0 0 35.04
0.521 0.004 35.08
0.518 0.007 35.11
0.519 0.002 35.14
0.516 0.003 35.18
0.514 0.003 35.21
0.511 0.003 35.24
0 0 35.28
0.513 0.01 35.31
0.511 0.009 35.35
0.508 0.005 35.38
0.505 0.003 35.41
0.506 0.002 35.44
0.507 0.002 35.48
0.509 0.003 35.51
0.512 0.004 35.54
0.515 0.004 35.58
0.517 0.005 35.61
0.517 0.004 35.64
0.513 0.006 35.68
0.505 0.008 35.71
0.496 0.01 35.74
0.486 0.011 35.78
0.478 0.011 35.81
0.461 0.017 35.85
0.45 0.014 35.88
0 0 35.91
0 0 35.94
0.403 0.055 35.98
0.387 0.022 36.01
0.372 0.023 36.04
0.356 0.024 36.08
0.343 0.024 36.11
0.328 0.024 36.14
0.316 0.023 36.18
0.306 0.022 36.21
0.295 0.021 36.24
0.286 0.019 36.28
0 0 36.31
0.278 0.028 36.35
0 0 36.38
0.276 0.018 36.41
0.276 0.006 36.44
0.276 0.004 36.48
0 0 36.51
0.279 0.003 36.54
0.279 0.006 36.58
0.282 0.007 36.61
0 0 36.64
0 0 36.68
0.285 0.017 36.71
0 0 36.74
0.277 0.014 36.78
0.272 0.008 36.81
0 0 36.84
0 0 36.88
0 0 36.91
0 0 36.94
0 0 36.98
0 0 37.01
0 0 37.04
0.287 0.015 37.08
0 0 37.11
0 0 37.14
0 0 37.18
0 0 37.21
0.315 0.078 37.24
0.324 0.02 37.28
0.333 0.02 37.31
0 0 37.34
0 0 37.38
0 0 37.41
0.375 0.065 37.44
0.382 0.01 37.48
0.388 0.009 37.51
0 0 37.54
0 0 37.58
0 0 37.61
0 0 37.64
0 0 37.68
0 0 37.71
0 0 37.74
0.401 0.02 37.78
0 0 37.81
0 0 37.84
0.403 0.023 37.88
0 0 37.91
0.406 0.021 37.94
0.415 0.014 37.98
0.424 0.015 38.01
0.43 0.016 38.04
0.444 0.02 38.08
0.456 0.018 38.11
0.47 0.018 38.14
0.481 0.017 38.18
0 0 38.21
0 0 38.24
0 0 38.27
0 0 38.31
0 0 38.34
0 0 38.37
0 0 38.41
0 0 38.44
0.549 0.083 38.48
0.548 0.011 38.51
0 0 38.54
0 0 38.58
0.549 0.023 38.61
0 0 38.64
0.546 0.008 38.68
0.543 0.003 38.71
0.539 0.004 38.74
0.539 0.004 38.78
0.539 0.003 38.81
0.533 0.003 38.84
0.532 0.001 38.88
0.532 0.002 38.91
0.525 0.005 38.94
0.525 0.001 38.98
0.527 0.003 39.01
0.526 0.005 39.04
0.533 0.011 39.08
0.525 0.012 39.11
0.528 0.004 39.14
0.521 0.004 39.18
0.52 0.002 39.21
0.515 0.006 39.24
0 0 39.28
0.497 0.008 39.31
0.49 0.008 39.34
0.482 0.004 39.38
0.48 0.003 39.41
0 0 39.44
0.477 0.005 39.48
0.47 0.002 39.51
0.464 0.007 39.54
0.464 0.003 39.58
0.459 0.004 39.61
0.456 0.007 39.64
0.45 0.012 39.68
0.448 0.005 39.71
0.443 0.007 39.74
0.44 0.005 39.78
0.44 0.003 39.81
0.432 0.004 39.84
0.43 0.004 39.87
0.43 0.002 39.91
0.423 0.001 39.94
0.427 0.006 39.98
0.426 0.002 40.01
0.418 0.001 40.04
0.417 0.002 40.08
0.413 0.005 40.11
0.413 0.0 40.14
0.408 0.003 40.18
0.407 0.008 40.21
0.412 0.007 40.24
0.409 0.01 40.28
0.421 0.016 40.31
0.425 0.016 40.34
0 0 40.37
0 0 40.41
0.43 0.05 40.44
0.427 0.019 40.48
0 0 40.51
0 0 40.54
0 0 40.58
0 0 40.61
0 0 40.64
0 0 40.68
0.461 0.055 40.71
0 0 40.74
0 0 40.77
0 0 40.81
0 0 40.84
0 0 40.88
0 0 40.91
0 0 40.94
0 0 40.97
0 0 41.01
0 0 41.04
0 0 41.07
0 0 41.11
0 0 41.14
0 0 41.18
0 0 41.21
0 0 41.24
0 0 41.27
0 0 41.31
0 0 41.34
0 0 41.37
0 0 41.41
0 0 41.44
0 0 41.47
0 0 41.51
0 0 41.54
0 0 41.58
0 0 41.61
0 0 41.64
0 0 41.68
0 0 41.71
0 0 41.74
0 0 41.78
0 0 41.81
0 0 41.84
0 0 41.88
0 0 41.91
0 0 41.94
0 0 41.98
0 0 42.01
0 0 42.04
0 0 42.07
0 0 42.11
