0 0 2.26
0 0 2.31
0 0 2.32
0 0 2.35
0 0 2.37
0 0 2.38
0 0 2.41
0 0 2.45
0 0 2.48
0 0 2.51
0 0 2.54
0 0 2.58
0 0 2.61
0 0 2.65
0 0 2.68
0 0 2.71
0 0 2.75
0 0 2.78
0 0 2.81
0 0 2.85
0 0 2.88
0 0 2.91
0 0 2.95
0 0 2.98
0 0 3.01
0 0 3.05
0 0 3.08
0 0 3.11
0 0 3.15
0 0 3.18
0 0 3.21
0 0 3.25
0 0 3.28
0 0 3.31
0 0 3.35
0 0 3.38
0 0 3.41
0 0 3.45
0 0 3.48
0 0 3.51
0 0 3.55
0 0 3.58
0 0 3.61
0 0 3.65
0 0 3.68
0 0 3.71
0 0 3.75
0 0 3.78
0 0 3.81
0 0 3.85
0 0 3.88
0 0 3.91
0 0 3.95
0 0 3.98
0 0 4.01
0 0 4.05
0 0 4.08
0 0 4.11
0 0 4.15
0 0 4.18
0 0 4.21
0 0 4.25
0 0 4.28
0 0 4.31
0 0 4.35
0 0 4.38
0 0 4.41
0 0 4.45
0 0 4.48
0 0 4.51
0 0 4.55
0 0 4.58
0 0 4.61
0 0 4.65
0 0 4.68
0 0 4.71
0 0 4.75
0 0 4.78
0 0 4.81
0 0 4.85
0 0 4.88
0 0 4.92
0 0 4.95
0 0 4.98
0 0 5.01
0 0 5.05
0 0 5.08
0 0 5.11
0 0 5.15
0 0 5.18
0 0 5.22
0 0 5.25
0 0 5.28
0 0 5.32
0 0 5.35
0 0 5.38
0 0 5.42
0 0 5.45
0 0 5.48
0 0 5.52
0 0 5.55
0 0 5.58
0 0 5.62
0 0 5.65
0 0 5.68
0 0 5.72
0 0 5.75
0 0 5.78
0 0 5.82
0 0 5.85
0 0 5.88
0 0 5.92
0 0 5.95
0 0 5.98
0 0 6.02
0 0 6.05
0 0 6.08
0 0 6.12
0 0 6.15
0 0 6.18
0 0 6.22
0.388 0.532 6.25
0 0 6.28
0 0 6.32
0.368 0.023 6.35
0.36 0.01 6.38
0 0 6.42
0.337 0.027 6.45
0.327 0.011 6.48
0.316 0.015 6.52
0.311 0.01 6.55
0.304 0.01 6.58
0.3 0.007 6.62
0 0 6.65
0.304 0.006 6.69
0.309 0.005 6.72
0.317 0.009 6.75
0 0 6.78
0.335 0.022 6.82
0 0 6.85
0.35 0.018 6.88
0 0 6.92
0 0 6.95
0 0 6.98
0 0 7.02
0.356 0.018 7.05
0 0 7.08
0 0 7.12
0.354 0.006 7.15
0 0 7.18
0 0 7.22
0.357 0.012 7.25
0 0 7.28
0 0 7.31
0 0 7.35
0 0 7.38
0 0 7.42
0 0 7.45
0 0 7.48
0 0 7.52
0 0 7.55
0 0 7.58
0 0 7.61
0 0 7.65
0 0 7.68
0 0 7.71
0 0 7.75
0 0 7.78
0 0 7.81
0 0 7.85
0 0 7.88
0 0 7.91
0 0 7.95
0 0 7.98
0 0 8.02
0 0 8.05
0 0 8.08
0 0 8.12
0 0 8.15
0 0 8.18
0 0 8.21
0 0 8.25
0 0 8.28
0 0 8.32
0 0 8.35
0 0 8.38
0 0 8.42
0 0 8.45
0 0 8.48
0 0 8.52
0 0 8.55
0 0 8.58
0 0 8.62
0 0 8.65
0 0 8.68
0 0 8.72
0 0 8.75
0 0 8.78
0 0 8.82
0 0 8.85
0 0 8.88
0 0 8.92
0 0 8.95
0 0 8.98
0 0 9.02
0 0 9.05
0 0 9.08
0 0 9.11
0 0 9.15
0 0 9.18
0 0 9.21
0 0 9.25
0 0 9.28
0 0 9.31
0 0 9.35
0 0 9.38
0 0 9.41
0 0 9.45
0 0 9.48
0 0 9.52
0 0 9.55
0 0 9.58
0 0 9.61
0 0 9.65
0 0 9.68
0 0 9.71
0 0 9.75
0 0 9.78
0 0 9.81
0 0 9.85
0 0 9.88
0 0 9.91
0 0 9.95
0 0 9.98
0 0 10.02
0 0 10.05
0 0 10.08
0 0 10.11
0 0 10.15
0 0 10.18
0 0 10.21
0 0 10.25
0 0 10.28
0 0 10.31
0 0 10.35
0 0 10.38
0.444 0.111 10.42
0.435 0.012 10.45
0 0 10.48
0.421 0.024 10.52
0.412 0.012 10.55
0.403 0.012 10.58
0.4 0.012 10.62
0.392 0.012 10.65
0.383 0.013 10.68
0.383 0.013 10.72
0.373 0.013 10.75
0.37 0.015 10.78
0.361 0.013 10.81
0.357 0.012 10.85
0.349 0.013 10.88
0.345 0.01 10.92
0.344 0.009 10.95
0.34 0.009 10.98
0 0 11.01
0.336 0.018 11.05
0.334 0.011 11.08
0.33 0.01 11.12
0.328 0.012 11.15
0.326 0.011 11.18
0.32 0.012 11.22
0.316 0.011 11.25
0.314 0.01 11.28
0.308 0.011 11.32
0.304 0.01 11.35
0.3 0.011 11.38
0.298 0.011 11.42
0.293 0.01 11.45
0.29 0.009 11.48
0.287 0.009 11.52
0.284 0.009 11.55
0.282 0.009 11.58
0.282 0.008 11.61
0.279 0.008 11.65
0.278 0.008 11.68
0.276 0.008 11.72
0.275 0.006 11.75
0.274 0.006 11.78
0.276 0.005 11.82
0.276 0.005 11.85
0.277 0.005 11.88
0.279 0.005 11.92
0.279 0.004 11.95
0.278 0.004 11.98
0.279 0.004 12.02
0.277 0.003 12.05
0.273 0.007 12.08
0.269 0.013 12.12
0 0 12.15
0.264 0.048 12.19
0.268 0.031 12.22
0 0 12.25
0 0 12.28
0.319 0.12 12.32
0.346 0.043 12.35
0.371 0.039 12.38
0 0 12.42
0 0 12.45
0 0 12.48
0 0 12.52
0 0 12.55
0 0 12.58
0 0 12.61
0 0 12.65
0 0 12.68
0 0 12.71
0 0 12.75
0 0 12.78
0 0 12.81
0 0 12.85
0 0 12.88
0 0 12.91
0 0 12.95
0 0 12.98
0 0 13.01
0 0 13.05
0 0 13.08
0 0 13.11
0 0 13.15
0 0 13.18
0 0 13.21
0 0 13.25
0 0 13.28
0 0 13.31
0 0 13.35
0 0 13.38
0 0 13.41
0 0 13.45
0 0 13.48
0 0 13.51
0 0 13.55
0 0 13.58
0 0 13.61
0 0 13.65
0 0 13.68
0 0 13.71
0 0 13.75
0 0 13.78
0 0 13.81
0 0 13.85
0 0 13.88
0 0 13.91
0 0 13.95
0 0 13.98
0 0 14.01
0 0 14.05
0 0 14.08
0 0 14.11
0 0 14.15
0 0 14.18
0.551 0.189 14.21
0.543 0.009 14.25
0 0 14.28
0 0 14.31
0.527 0.017 14.35
0.519 0.01 14.38
0.512 0.008 14.41
0 0 14.45
0.5 0.013 14.48
0.496 0.005 14.52
0.49 0.005 14.55
0.486 0.005 14.58
0.482 0.005 14.61
0.479 0.006 14.65
0.475 0.006 14.68
0.469 0.007 14.72
0.465 0.009 14.75
0.457 0.008 14.78
0.45 0.008 14.81
0.442 0.009 14.85
0.437 0.007 14.88
0.431 0.007 14.91
0.426 0.006 14.95
0.422 0.006 14.98
0.421 0.005 15.02
0.421 0.01 15.05
0.419 0.008 15.08
0.416 0.005 15.11
0.414 0.003 15.15
0.412 0.002 15.18
0.411 0.002 15.21
0.413 0.004 15.25
0.416 0.003 15.28
0.424 0.009 15.31
0.431 0.01 15.35
0.442 0.012 15.38
0.447 0.006 15.41
0.448 0.003 15.45
0.447 0.006 15.48
0.444 0.005 15.52
0.441 0.004 15.55
0.437 0.005 15.58
0.434 0.007 15.62
0.433 0.011 15.65
0.435 0.012 15.68
0.437 0.015 15.71
0.443 0.014 15.75
0.449 0.015 15.78
0.458 0.014 15.81
0.468 0.014 15.85
0.48 0.015 15.88
0.493 0.015 15.91
0.506 0.015 15.95
0 0 15.98
0.537 0.033 16.02
0 0 16.05
0 0 16.08
0 0 16.11
0 0 16.15
0 0 16.18
0 0 16.21
0 0 16.25
0 0 16.28
0 0 16.31
0 0 16.35
0 0 16.38
0 0 16.41
0 0 16.45
0 0 16.48
0 0 16.51
0 0 16.55
0 0 16.58
0 0 16.61
0 0 16.65
0 0 16.68
0 0 16.71
0 0 16.75
0 0 16.78
0 0 16.81
0 0 16.85
0 0 16.88
0 0 16.91
0 0 16.95
0 0 16.98
0 0 17.01
0 0 17.05
0 0 17.08
0 0 17.11
0 0 17.15
0 0 17.18
0.493 0.052 17.21
0 0 17.25
0.456 0.039 17.28
0.441 0.017 17.31
0.425 0.017 17.35
0.411 0.016 17.38
0.399 0.015 17.41
0.389 0.015 17.45
0.376 0.014 17.48
0.363 0.014 17.52
0.353 0.012 17.55
0 0 17.58
0 0 17.61
0 0 17.65
0 0 17.68
0 0 17.71
0 0 17.75
0 0 17.78
0 0 17.81
0 0 17.85
0 0 17.88
0 0 17.92
0 0 17.95
0.269 0.113 17.98
0.263 0.007 18.02
0.26 0.005 18.05
0.258 0.005 18.08
0.254 0.006 18.11
0.251 0.005 18.15
0 0 18.18
0.247 0.009 18.21
0.245 0.005 18.25
0.242 0.006 18.28
0.239 0.004 18.32
0.239 0.002 18.35
0 0 18.38
0 0 18.41
0 0 18.45
0 0 18.48
0 0 18.52
0.401 0.216 18.55
0 0 18.58
0.476 0.083 18.62
0 0 18.65
0.533 0.068 18.68
0 0 18.71
0 0 18.75
0 0 18.78
0 0 18.81
0 0 18.85
0 0 18.88
0 0 18.91
0 0 18.95
0 0 18.98
0 0 19.01
0 0 19.04
0 0 19.08
0 0 19.11
0 0 19.14
0 0 19.18
0 0 19.21
0 0 19.25
0 0 19.28
0 0 19.31
0 0 19.35
0 0 19.38
0 0 19.41
0 0 19.44
0 0 19.48
0 0 19.51
0 0 19.54
0 0 19.58
0 0 19.61
0 0 19.64
0 0 19.68
0 0 19.71
0 0 19.74
0 0 19.78
0 0 19.81
0 0 19.85
0 0 19.88
0 0 19.91
0 0 19.94
0 0 19.98
0 0 20.01
0 0 20.04
0 0 20.08
0 0 20.11
0 0 20.14
0 0 20.18
0 0 20.21
0 0 20.25
0 0 20.28
0 0 20.31
0 0 20.35
0 0 20.38
0 0 20.41
0 0 20.45
0 0 20.48
0 0 20.51
0 0 20.55
0 0 20.58
0 0 20.61
0 0 20.65
0 0 20.68
0 0 20.71
0 0 20.75
0 0 20.78
0 0 20.81
0 0 20.85
0 0 20.88
0 0 20.91
0 0 20.94
0 0 20.98
0 0 21.01
0 0 21.04
0 0 21.08
0 0 21.11
0 0 21.14
0 0 21.18
0 0 21.21
0 0 21.25
0 0 21.28
0 0 21.31
0 0 21.35
0 0 21.38
0 0 21.41
0 0 21.44
0 0 21.48
0 0 21.51
0 0 21.54
0 0 21.58
0 0 21.61
0 0 21.64
0 0 21.68
0 0 21.71
0 0 21.74
0 0 21.78
0 0 21.81
0 0 21.85
0 0 21.88
0 0 21.91
0 0 21.94
0 0 21.98
0 0 22.01
0 0 22.04
0 0 22.08
0 0 22.11
0 0 22.14
0 0 22.18
0 0 22.21
0 0 22.24
0 0 22.28
0 0 22.31
0 0 22.35
0 0 22.38
0 0 22.41
0 0 22.44
0 0 22.48
0 0 22.51
0 0 22.55
0 0 22.58
0 0 22.61
0 0 22.64
0 0 22.68
0 0 22.71
0 0 22.74
0 0 22.78
0 0 22.81
0 0 22.85
0 0 22.88
0 0 22.91
0 0 22.94
0 0 22.98
0 0 23.01
0 0 23.04
0 0 23.08
0 0 23.11
0 0 23.14
0 0 23.18
0 0 23.21
0 0 23.24
0 0 23.28
0 0 23.31
0 0 23.35
0 0 23.38
0 0 23.41
0 0 23.44
0 0 23.48
0 0 23.51
0 0 23.54
0 0 23.58
0 0 23.61
0 0 23.64
0 0 23.68
0 0 23.71
0 0 23.74
0 0 23.78
0 0 23.81
0 0 23.84
0 0 23.88
0 0 23.91
0 0 23.95
0 0 23.98
0 0 24.01
0 0 24.04
0 0 24.08
0 0 24.11
0 0 24.14
0 0 24.18
0 0 24.21
0 0 24.24
0 0 24.28
0 0 24.31
0 0 24.35
0 0 24.38
0 0 24.41
0 0 24.44
0 0 24.48
0 0 24.51
0 0 24.54
0 0 24.58
0 0 24.61
0 0 24.64
0 0 24.68
0 0 24.71
0 0 24.74
0 0 24.78
0 0 24.81
0 0 24.84
0 0 24.88
0 0 24.91
0 0 24.94
0 0 24.98
0 0 25.01
0 0 25.04
0 0 25.08
0 0 25.11
0 0 25.14
0 0 25.18
0 0 25.21
0 0 25.24
0 0 25.28
0 0 25.31
0 0 25.34
0 0 25.38
0 0 25.41
0 0 25.44
0 0 25.48
0 0 25.51
0 0 25.54
0 0 25.58
0 0 25.61
0 0 25.64
0 0 25.68
0 0 25.71
0 0 25.74
0 0 25.78
0 0 25.81
0 0 25.84
0 0 25.88
0 0 25.91
0 0 25.94
0 0 25.98
0 0 26.01
0 0 26.04
0 0 26.08
0 0 26.11
0 0 26.14
0 0 26.18
0 0 26.21
0 0 26.24
0 0 26.28
0 0 26.31
0 0 26.34
0 0 26.38
0 0 26.41
0 0 26.45
0 0 26.48
0 0 26.51
0 0 26.54
0 0 26.58
0 0 26.61
0 0 26.64
0 0 26.68
0 0 26.71
0 0 26.74
0 0 26.78
0 0 26.81
0 0 26.85
0 0 26.88
0 0 26.91
0 0 26.94
0 0 26.98
0 0 27.01
0 0 27.05
0 0 27.08
0 0 27.11
0 0 27.14
0 0 27.18
0 0 27.21
0 0 27.24
0 0 27.28
0 0 27.31
0.439 0.1 27.35
0 0 27.38
0.415 0.024 27.41
0.408 0.012 27.45
0.397 0.012 27.48
0.388 0.01 27.51
0.377 0.012 27.54
0.374 0.01 27.58
0.366 0.009 27.61
0.358 0.01 27.65
0.362 0.009 27.68
0.355 0.009 27.71
0.349 0.008 27.74
0.349 0.009 27.78
0.343 0.009 27.81
0.338 0.009 27.85
0.331 0.009 27.88
0.331 0.009 27.91
0.326 0.009 27.94
0 0 27.98
0 0 28.01
0 0 28.04
0 0 28.08
0 0 28.11
0.301 0.056 28.15
0.294 0.01 28.18
0.287 0.011 28.21
0.285 0.011 28.25
0.278 0.011 28.28
0.271 0.011 28.31
0.268 0.012 28.35
0.261 0.011 28.38
0.254 0.011 28.41
0.252 0.011 28.44
0.246 0.01 28.48
0.242 0.011 28.51
0.242 0.01 28.55
0.239 0.009 28.58
0.238 0.008 28.61
0.237 0.008 28.65
0.244 0.008 28.68
0.251 0.02 28.71
0 0 28.74
0 0 28.78
0 0 28.81
0 0 28.85
0 0 28.88
0 0 28.91
0 0 28.94
0 0 28.98
0 0 29.01
0 0 29.04
0 0 29.08
0 0 29.11
0 0 29.14
0 0 29.18
0 0 29.21
0 0 29.24
0 0 29.28
0 0 29.31
0 0 29.34
0 0 29.38
0 0 29.41
0 0 29.44
0 0 29.48
0 0 29.51
0 0 29.54
0 0 29.58
0 0 29.61
0 0 29.64
0 0 29.68
0 0 29.71
0 0 29.74
0 0 29.78
0 0 29.81
0 0 29.84
0 0 29.88
0 0 29.91
0 0 29.94
0 0 29.98
0 0 30.01
0 0 30.04
0.547 0.362 30.08
0.521 0.029 30.11
0.497 0.027 30.15
0.471 0.029 30.18
0.446 0.029 30.21
0.423 0.027 30.24
0.401 0.027 30.28
0.378 0.03 30.31
0 0 30.35
0 0 30.38
0.321 0.083 30.41
0.307 0.027 30.44
0.296 0.027 30.48
0.286 0.025 30.51
0.28 0.024 30.54
0.276 0.02 30.58
0.273 0.019 30.61
0.271 0.018 30.64
0.271 0.015 30.68
0.272 0.012 30.71
0.273 0.01 30.75
0.276 0.009 30.78
0.278 0.005 30.81
0.279 0.004 30.85
0.28 0.004 30.88
0.278 0.004 30.91
0.272 0.007 30.95
0.263 0.011 30.98
0.253 0.021 31.01
0 0 31.04
0 0 31.08
0 0 31.11
0 0 31.14
0 0 31.18
0 0 31.21
0 0 31.24
0 0 31.28
0 0 31.31
0 0 31.34
0 0 31.38
0 0 31.41
0 0 31.44
0 0 31.48
0 0 31.51
0 0 31.54
0 0 31.58
0 0 31.61
0 0 31.64
0 0 31.68
0 0 31.71
0 0 31.74
0 0 31.78
0 0 31.81
0 0 31.84
0 0 31.88
0 0 31.91
0 0 31.94
0 0 31.98
0 0 32.01
0 0 32.04
0 0 32.08
0 0 32.11
0 0 32.14
0 0 32.18
0 0 32.21
0 0 32.25
0 0 32.28
0 0 32.31
0 0 32.34
0.527 0.419 32.38
0 0 32.41
0 0 32.44
0 0 32.48
0 0 32.51
0.516 0.011 32.54
0 0 32.58
0.51 0.01 32.61
0 0 32.64
0.507 0.004 32.68
0 0 32.71
0.5 0.008 32.74
0.49 0.013 32.78
0.483 0.012 32.81
0.48 0.009 32.84
0.478 0.009 32.88
0.476 0.01 32.91
0.475 0.008 32.94
0.474 0.004 32.98
0 0 33.01
0.47 0.007 33.04
0.468 0.002 33.08
0.465 0.006 33.11
0.463 0.002 33.14
0.462 0.002 33.18
0 0 33.21
0.458 0.005 33.25
0 0 33.27
0.456 0.003 33.31
0.454 0.002 33.35
0.453 0.002 33.38
0 0 33.41
0.452 0.005 33.44
0.45 0.003 33.48
0.449 0.003 33.51
0.448 0.002 33.54
0.447 0.003 33.58
0.446 0.004 33.61
0.445 0.003 33.64
0.443 0.004 33.68
0 0 33.71
0.437 0.01 33.74
0.434 0.003 33.78
0.436 0.014 33.81
0.431 0.016 33.85
0.43 0.001 33.88
0.43 0.001 33.91
0.431 0.002 33.94
0.433 0.004 33.98
0.436 0.005 34.01
0.443 0.01 34.04
0.452 0.011 34.08
0.466 0.017 34.11
0.483 0.021 34.14
0.499 0.021 34.18
0 0 34.21
0 0 34.24
0 0 34.28
0 0 34.31
0 0 34.34
0 0 34.38
0 0 34.41
0 0 34.44
0 0 34.48
0 0 34.51
0 0 34.54
0 0 34.58
0 0 34.61
0 0 34.64
0 0 34.68
0 0 34.71
0 0 34.74
0 0 34.78
0 0 34.81
0 0 34.84
0 0 34.88
0 0 34.91
0 0 34.94
0 0 34.97
0 0 35.01
0 0 35.04
0 0 35.07
0 0 35.11
0 0 35.14
0 0 35.18
0 0 35.21
0 0 35.24
0 0 35.28
0 0 35.31
0 0 35.34
0 0 35.38
0 0 35.41
0 0 35.44
0 0 35.48
0 0 35.51
0 0 35.54
0 0 35.58
0 0 35.61
0 0 35.64
0 0 35.68
0 0 35.71
0 0 35.74
0 0 35.78
0 0 35.81
0 0 35.84
0 0 35.88
0 0 35.91
0.515 0.064 35.94
0.496 0.02 35.98
0.478 0.02 36.01
0.46 0.021 36.04
0.441 0.021 36.08
0.422 0.021 36.11
0.404 0.021 36.14
0.384 0.021 36.18
0.366 0.02 36.21
0.349 0.019 36.24
0.335 0.018 36.28
0.321 0.017 36.31
0.31 0.015 36.35
0.301 0.014 36.38
0.292 0.013 36.41
0.285 0.012 36.44
0.28 0.012 36.48
0.274 0.012 36.51
0.271 0.016 36.54
0.266 0.013 36.58
0.262 0.011 36.61
0.258 0.011 36.64
0.254 0.012 36.68
0.256 0.027 36.71
0.248 0.023 36.74
0 0 36.78
0.244 0.02 36.81
0 0 36.84
0.245 0.015 36.88
0.249 0.009 36.91
0.256 0.017 36.94
0.264 0.026 36.98
0.283 0.038 37.01
0 0 37.04
0 0 37.07
0 0 37.11
0 0 37.14
0.418 0.204 37.18
0.451 0.04 37.21
0 0 37.24
0 0 37.27
0 0 37.31
0 0 37.34
0 0 37.38
0 0 37.41
0 0 37.44
0 0 37.48
0 0 37.51
0 0 37.54
0 0 37.58
0 0 37.61
0 0 37.64
0 0 37.68
0 0 37.71
0 0 37.74
0 0 37.77
0 0 37.81
0 0 37.84
0 0 37.87
0 0 37.91
0 0 37.94
0 0 37.98
0 0 38.01
0 0 38.04
0 0 38.07
0 0 38.11
0 0 38.14
0 0 38.18
0 0 38.21
0 0 38.24
0 0 38.27
0 0 38.31
0 0 38.34
0 0 38.37
0 0 38.41
0 0 38.44
0 0 38.47
0 0 38.51
0 0 38.54
0 0 38.58
0 0 38.61
0 0 38.64
0 0 38.68
0 0 38.71
0 0 38.74
0 0 38.77
0 0 38.81
0 0 38.84
0 0 38.87
0 0 38.91
0 0 38.94
0 0 38.97
0 0 39.01
0 0 39.04
0 0 39.07
0 0 39.11
0 0 39.14
0 0 39.18
0 0 39.21
0 0 39.24
0 0 39.27
0 0 39.31
0 0 39.34
0 0 39.37
0 0 39.41
0 0 39.44
0 0 39.47
0 0 39.51
0 0 39.54
0 0 39.57
0 0 39.61
0 0 39.64
0 0 39.68
0 0 39.71
0 0 39.74
0 0 39.77
0 0 39.81
0 0 39.84
0 0 39.87
0 0 39.91
0 0 39.94
0 0 39.97
0 0 40.01
0 0 40.04
0 0 40.07
0 0 40.11
0 0 40.14
0 0 40.18
0 0 40.21
0 0 40.24
0 0 40.27
0 0 40.31
0 0 40.34
0 0 40.37
0 0 40.41
0 0 40.44
0 0 40.47
0 0 40.51
0 0 40.54
0 0 40.57
0 0 40.61
0 0 40.64
0 0 40.68
0 0 40.71
0 0 40.74
0 0 40.77
0 0 40.81
0 0 40.84
0 0 40.87
0 0 40.91
0 0 40.94
0 0 40.97
0 0 41.01
0 0 41.04
0 0 41.07
0 0 41.11
0 0 41.14
0 0 41.18
0 0 41.21
0 0 41.24
0 0 41.28
0 0 41.31
0 0 41.34
0 0 41.37
0 0 41.41
0 0 41.44
0 0 41.48
0 0 41.51
0 0 41.54
0 0 41.57
0 0 41.61
0 0 41.64
0 0 41.68
0 0 41.71
0 0 41.74
0 0 41.78
0 0 41.81
0 0 41.84
0 0 41.88
0 0 41.91
0 0 41.94
0 0 41.98
0 0 42.01
0 0 42.04
0 0 42.07
0 0 42.11
0 0 42.14
0 0 42.18
0 0 42.21
0 0 42.24
0 0 42.28
0 0 42.31
0 0 42.34
0 0 42.37
0 0 42.41
0 0 42.44
0 0 42.47
0 0 42.51
0 0 42.54
0 0 42.58
0 0 42.61
0 0 42.64
0 0 42.68
0 0 42.71
0 0 42.74
0 0 42.77
0 0 42.81
0 0 42.84
0 0 42.88
0 0 42.91
0 0 42.94
0 0 42.98
0 0 43.01
0 0 43.04
0 0 43.07
0 0 43.11
0 0 43.14
0 0 43.18
0 0 43.21
0 0 43.24
0 0 43.27
0 0 43.31
0 0 43.34
0 0 43.37
0 0 43.41
0 0 43.44
0 0 43.47
0 0 43.51
0 0 43.54
0 0 43.57
0 0 43.61
0 0 43.64
0 0 43.68
0 0 43.71
0 0 43.74
0 0 43.77
0 0 43.81
0 0 43.84
0 0 43.87
0 0 43.91
0 0 43.94
0 0 43.97
0 0 44.01
0 0 44.04
0 0 44.07
0 0 44.11
0 0 44.14
0 0 44.18
0 0 44.21
0 0 44.24
0 0 44.27
0 0 44.31
0 0 44.34
0 0 44.37
0 0 44.41
0 0 44.44
0 0 44.47
0 0 44.51
0 0 44.54
0 0 44.58
0 0 44.61
0 0 44.64
0 0 44.68
0 0 44.71
0 0 44.74
0 0 44.77
0 0 44.81
0 0 44.84
0 0 44.87
0 0 44.91
0 0 44.94
0 0 44.98
0 0 45.01
0 0 45.04
0 0 45.07
0 0 45.11
0 0 45.14
0 0 45.18
0 0 45.21
0 0 45.24
0 0 45.27
0 0 45.31
0 0 45.34
0 0 45.37
0 0 45.41
0 0 45.44
0 0 45.47
0 0 45.51
0 0 45.54
0 0 45.58
0 0 45.61
0 0 45.64
0 0 45.68
0 0 45.71
0 0 45.74
0 0 45.77
0 0 45.81
0 0 45.84
0 0 45.87
0 0 45.91
0 0 45.94
0 0 45.97
0 0 46.01
0 0 46.04
0 0 46.07
0 0 46.11
0 0 46.14
0 0 46.18
0 0 46.21
0 0 46.24
0 0 46.27
0 0 46.31
0 0 46.34
0 0 46.37
0 0 46.41
0 0 46.44
0 0 46.47
0 0 46.51
0 0 46.54
0 0 46.57
0 0 46.61
0 0 46.64
0 0 46.68
0 0 46.71
0 0 46.74
0 0 46.77
0 0 46.81
0 0 46.84
0 0 46.87
0 0 46.91
0 0 46.94
0 0 46.97
0 0 47.01
0 0 47.04
0 0 47.07
0 0 47.11
0 0 47.14
0 0 47.17
0 0 47.21
0 0 47.24
0 0 47.27
0 0 47.31
0 0 47.34
0 0 47.37
0 0 47.41
0 0 47.44
0 0 47.47
0 0 47.51
0 0 47.54
0 0 47.57
0 0 47.61
0 0 47.64
0 0 47.67
0 0 47.71
0 0 47.74
0 0 47.77
0 0 47.81
0 0 47.84
0 0 47.87
0 0 47.91
0 0 47.94
0 0 47.97
0 0 48.01
0 0 48.04
0 0 48.07
0 0 48.11
0 0 48.14
0 0 48.18
0 0 48.21
0 0 48.24
0 0 48.27
0 0 48.31
0 0 48.34
0 0 48.37
0 0 48.41
0 0 48.44
0 0 48.47
0 0 48.51
0 0 48.54
0 0 48.57
0 0 48.61
0 0 48.64
0 0 48.67
0 0 48.71
0 0 48.74
0 0 48.77
0 0 48.81
0 0 48.84
0 0 48.87
0 0 48.91
0 0 48.94
0 0 48.97
0 0 49.01
0 0 49.04
0.388 0.147 49.07
0 0 49.11
0 0 49.14
0 0 49.17
0 0 49.21
0.38 0.016 49.24
0 0 49.27
0.376 0.008 49.31
0 0 49.34
0.373 0.006 49.37
0.37 0.006 49.41
0.368 0.005 49.44
0 0 49.47
0.36 0.01 49.51
0 0 49.54
0 0 49.57
0.35 0.017 49.61
0.348 0.006 49.64
0.342 0.007 49.68
0.336 0.007 49.71
0.338 0.006 49.74
0.331 0.008 49.77
0.326 0.007 49.81
0.321 0.007 49.84
0.318 0.007 49.87
0.314 0.007 49.91
0.31 0.007 49.94
0.309 0.008 49.97
0.301 0.009 50.01
0.297 0.007 50.04
0.294 0.007 50.07
0.288 0.008 50.11
0.286 0.008 50.14
0.28 0.009 50.18
0.28 0.009 50.21
0.275 0.009 50.24
0.272 0.008 50.27
0.269 0.008 50.31
0.268 0.009 50.34
0.264 0.008 50.37
0 0 50.41
0 0 50.44
0 0 50.47
0 0 50.51
0 0 50.54
0 0 50.57
0 0 50.61
0 0 50.64
0.267 0.014 50.68
0.277 0.017 50.71
0.284 0.02 50.74
0.302 0.024 50.77
0.318 0.026 50.81
0.336 0.027 50.84
0.357 0.028 50.87
0.377 0.027 50.91
0.393 0.026 50.94
0 0 50.97
0 0 51.01
0 0 51.04
0 0 51.07
0 0 51.11
0 0 51.14
0 0 51.17
0 0 51.21
0 0 51.24
0 0 51.27
0 0 51.31
0 0 51.34
0 0 51.37
0 0 51.41
0 0 51.44
0 0 51.47
0 0 51.51
0 0 51.54
0 0 51.57
0 0 51.61
0 0 51.64
0 0 51.67
0 0 51.71
0 0 51.74
0 0 51.77
0 0 51.81
0 0 51.84
0 0 51.87
0 0 51.91
0 0 51.94
0 0 51.97
0 0 52.01
0 0 52.04
0 0 52.07
0 0 52.11
0 0 52.14
0 0 52.17
0 0 52.21
0 0 52.24
0 0 52.27
0 0 52.31
0 0 52.34
0 0 52.37
0 0 52.41
0 0 52.44
0 0 52.47
0 0 52.51
0 0 52.54
0 0 52.57
0 0 52.61
0 0 52.64
0 0 52.67
0 0 52.71
0 0 52.74
0 0 52.77
0 0 52.81
0 0 52.84
0 0 52.87
0 0 52.91
0 0 52.94
0 0 52.97
0 0 53.01
0 0 53.04
0 0 53.07
0 0 53.11
0 0 53.14
0 0 53.17
0 0 53.21
0 0 53.24
0 0 53.27
0 0 53.31
0 0 53.34
0 0 53.37
0 0 53.41
0 0 53.44
0 0 53.47
0 0 53.51
0 0 53.54
0 0 53.57
0 0 53.61
0 0 53.64
0 0 53.67
0 0 53.71
0 0 53.74
0 0 53.77
0 0 53.81
0 0 53.84
0.488 0.057 53.87
0.471 0.017 53.91
0.46 0.018 53.94
0.442 0.02 53.97
0.424 0.02 54.01
0.411 0.022 54.04
0.396 0.022 54.07
0.376 0.023 54.11
0.366 0.023 54.14
0.349 0.023 54.17
0.335 0.022 54.21
0.327 0.023 54.24
0.314 0.021 54.27
0.305 0.021 54.31
0.297 0.02 54.34
0.302 0.023 54.37
0.29 0.021 54.41
0.287 0.018 54.44
0.285 0.016 54.48
0.292 0.027 54.51
0.289 0.015 54.54
0.281 0.019 54.58
0.28 0.013 54.61
0.278 0.011 54.64
0.277 0.01 54.68
0.277 0.009 54.71
0.278 0.007 54.74
0.279 0.006 54.77
0.282 0.006 54.81
0.284 0.004 54.84
0.29 0.013 54.87
0.296 0.02 54.91
0 0 54.94
0.311 0.065 54.97
0 0 55.01
0 0 55.04
0 0 55.07
0 0 55.1
0 0 55.14
0 0 55.17
0.509 0.311 55.21
0.538 0.039 55.24
0 0 55.27
0 0 55.3
0 0 55.34
0 0 55.37
0 0 55.4
0 0 55.44
0 0 55.47
0 0 55.51
0 0 55.54
0 0 55.57
0 0 55.6
0 0 55.64
0 0 55.67
0 0 55.7
0 0 55.74
0 0 55.77
0 0 55.81
0 0 55.84
0 0 55.87
0 0 55.9
0 0 55.94
0 0 55.97
0 0 56.01
0 0 56.04
0 0 56.07
0 0 56.1
0 0 56.14
0 0 56.17
0 0 56.21
0 0 56.24
0 0 56.27
0 0 56.3
0 0 56.34
0 0 56.37
0.496 0.064 56.41
0.471 0.034 56.44
0.442 0.036 56.47
0.416 0.034 56.51
0 0 56.54
0.377 0.067 56.57
0.356 0.032 56.61
0.342 0.029 56.64
0.33 0.028 56.68
0.324 0.026 56.71
0.316 0.023 56.74
0.311 0.02 56.77
0.308 0.016 56.81
0.309 0.013 56.84
0.307 0.01 56.87
0.308 0.007 56.91
0.307 0.005 56.94
0.312 0.007 56.97
0.312 0.005 57.01
0.315 0.005 57.04
0.315 0.005 57.07
0.318 0.006 57.11
0.321 0.008 57.14
0.323 0.01 57.17
0.326 0.012 57.21
0.325 0.017 57.24
0.332 0.015 57.27
0.335 0.016 57.31
0.342 0.015 57.34
0.34 0.019 57.37
0.34 0.011 57.41
0.341 0.01 57.44
0.342 0.008 57.47
0.341 0.007 57.51
0.339 0.005 57.54
0.336 0.008 57.57
0.333 0.006 57.61
0.331 0.004 57.64
0.327 0.005 57.67
0.321 0.009 57.71
0.316 0.006 57.74
0.311 0.007 57.77
0.308 0.005 57.81
0.305 0.005 57.84
0.302 0.005 57.87
0.301 0.006 57.91
0.3 0.006 57.94
0.299 0.006 57.97
0.297 0.008 58.01
0.297 0.009 58.04
0.296 0.01 58.07
0.298 0.01 58.11
0.3 0.011 58.14
0.306 0.013 58.17
0.312 0.016 58.21
0 0 58.24
0.335 0.036 58.27
0.353 0.021 58.31
0.374 0.023 58.34
0.398 0.025 58.37
0.422 0.025 58.41
0 0 58.44
0 0 58.47
0 0 58.5
0 0 58.54
0 0 58.57
0 0 58.6
0 0 58.64
0 0 58.67
0 0 58.7
0 0 58.74
0 0 58.77
0 0 58.8
0 0 58.84
0 0 58.87
0 0 58.9
0 0 58.94
0 0 58.97
0 0 59.01
0 0 59.04
0 0 59.07
0 0 59.1
0 0 59.14
0 0 59.17
0 0 59.2
0 0 59.24
0 0 59.27
0 0 59.3
0 0 59.34
0 0 59.37
0 0 59.4
0 0 59.44
0 0 59.47
0 0 59.5
0 0 59.54
0 0 59.57
0.591 0.205 59.6
0 0 59.64
0 0 59.67
0 0 59.7
0.585 0.007 59.74
0 0 59.77
0.577 0.01 59.8
0.577 0.002 59.84
0 0 59.87
0.569 0.01 59.9
0 0 59.94
0 0 59.97
0.56 0.01 60.01
0 0 60.04
0.549 0.012 60.07
0.545 0.004 60.1
0.543 0.002 60.14
0.539 0.006 60.17
0.535 0.005 60.2
0.534 0.002 60.24
0.534 0.001 60.27
0 0 60.3
0.528 0.01 60.34
0.525 0.003 60.37
0.518 0.01 60.4
0 0 60.44
0.509 0.011 60.47
0.504 0.007 60.51
0.506 0.005 60.54
0 0 60.57
0 0 60.6
0 0 60.64
0 0 60.67
0 0 60.7
0 0 60.74
0.482 0.026 60.77
0 0 60.8
0.477 0.006 60.84
0 0 60.87
0.48 0.006 60.91
0 0 60.94
0.476 0.008 60.97
0.47 0.007 61.01
0 0 61.04
0 0 61.07
0 0 61.1
0 0 61.14
0 0 61.17
0.46 0.011 61.2
0.462 0.003 61.24
0.461 0.002 61.27
0 0 61.3
0.467 0.008 61.34
0.473 0.006 61.37
0.483 0.01 61.4
0.496 0.014 61.44
0.509 0.015 61.47
0.518 0.016 61.51
0 0 61.54
0 0 61.57
0 0 61.6
0 0 61.64
0 0 61.67
0 0 61.7
0 0 61.74
0 0 61.77
0 0 61.8
0 0 61.84
0 0 61.87
0 0 61.9
0 0 61.94
0 0 61.97
0 0 62.01
0 0 62.04
0 0 62.07
0 0 62.1
0 0 62.14
0 0 62.17
0 0 62.2
0 0 62.24
0 0 62.27
0 0 62.3
0 0 62.34
0 0 62.37
0 0 62.4
0 0 62.44
0 0 62.47
0 0 62.5
0 0 62.54
0 0 62.57
0 0 62.6
0 0 62.64
0 0 62.67
0 0 62.7
0 0 62.74
0 0 62.77
0 0 62.8
0 0 62.84
0 0 62.87
0 0 62.9
0 0 62.94
0 0 62.97
0 0 63.01
0 0 63.04
0 0 63.07
0 0 63.1
0 0 63.14
0 0 63.17
0 0 63.2
0 0 63.24
0 0 63.27
0 0 63.3
0 0 63.34
0 0 63.37
0 0 63.4
0 0 63.44
0 0 63.47
0 0 63.51
0 0 63.54
0 0 63.57
0 0 63.6
0 0 63.64
0 0 63.67
0 0 63.7
0 0 63.74
0 0 63.77
0 0 63.8
0 0 63.84
0 0 63.87
0 0 63.9
0 0 63.94
0 0 63.97
0 0 64.0
0 0 64.04
0 0 64.07
0 0 64.1
0 0 64.14
0 0 64.17
0 0 64.2
0 0 64.24
0 0 64.27
0 0 64.3
0 0 64.34
0 0 64.37
0 0 64.4
0 0 64.44
0 0 64.47
0 0 64.5
0 0 64.54
0 0 64.57
0 0 64.6
0 0 64.64
0 0 64.67
0 0 64.7
0 0 64.74
0 0 64.77
0 0 64.8
0 0 64.84
0 0 64.87
0 0 64.9
0 0 64.94
0 0 64.97
0 0 65.0
0 0 65.04
0 0 65.07
0 0 65.1
0 0 65.14
0 0 65.17
0 0 65.2
0 0 65.24
0 0 65.27
0 0 65.3
0 0 65.34
0 0 65.37
0 0 65.4
0 0 65.44
0 0 65.47
0 0 65.5
0 0 65.54
0 0 65.57
0 0 65.6
0 0 65.64
0 0 65.67
0 0 65.7
0 0 65.74
0 0 65.77
0 0 65.8
0 0 65.84
0 0 65.87
0 0 65.9
0 0 65.94
0 0 65.97
0 0 66.01
0 0 66.04
0 0 66.07
0 0 66.1
0 0 66.14
0 0 66.17
0 0 66.2
0 0 66.24
0 0 66.27
0 0 66.3
0 0 66.34
0 0 66.37
0 0 66.4
0 0 66.44
0 0 66.47
0 0 66.5
0 0 66.54
0 0 66.57
0 0 66.6
0 0 66.64
0 0 66.67
0 0 66.7
0 0 66.74
0 0 66.77
0 0 66.8
0 0 66.84
0 0 66.87
0 0 66.9
0 0 66.94
0 0 66.97
0 0 67.0
0 0 67.04
0 0 67.07
0 0 67.1
0 0 67.14
0 0 67.17
0 0 67.2
0 0 67.24
0 0 67.27
0 0 67.3
0 0 67.34
0 0 67.37
0 0 67.4
0 0 67.44
0 0 67.47
0 0 67.5
0 0 67.54
0 0 67.57
0 0 67.6
0 0 67.64
0 0 67.67
0 0 67.7
0 0 67.74
0 0 67.77
0 0 67.8
0 0 67.84
0 0 67.87
0 0 67.9
0 0 67.94
0 0 67.97
0 0 68.0
0 0 68.04
0 0 68.07
0 0 68.1
0 0 68.14
0 0 68.17
0 0 68.2
0 0 68.24
0 0 68.27
0 0 68.3
0 0 68.34
0 0 68.37
0 0 68.4
0 0 68.44
0 0 68.47
0 0 68.5
0 0 68.54
0 0 68.57
0 0 68.6
0 0 68.64
0 0 68.67
0 0 68.7
0 0 68.74
0 0 68.77
0 0 68.8
0 0 68.84
0 0 68.87
0 0 68.9
0 0 68.94
0 0 68.97
0 0 69.0
0 0 69.04
0 0 69.07
0 0 69.1
0 0 69.14
0 0 69.17
0 0 69.2
0 0 69.24
0 0 69.27
0 0 69.3
0 0 69.34
0 0 69.37
0 0 69.4
0 0 69.44
0 0 69.47
0 0 69.5
0 0 69.54
0 0 69.57
0 0 69.6
0 0 69.64
0 0 69.67
0 0 69.7
0 0 69.74
0 0 69.77
0 0 69.8
0 0 69.84
0 0 69.87
0 0 69.9
0 0 69.94
0 0 69.97
0 0 70.0
0 0 70.04
0 0 70.07
0 0 70.1
0 0 70.14
0 0 70.17
0 0 70.2
0 0 70.24
0 0 70.27
0 0 70.3
0 0 70.34
0 0 70.37
0 0 70.4
0 0 70.44
0 0 70.47
0 0 70.5
0.432 0.085 70.54
0 0 70.57
0.413 0.026 70.6
0.399 0.014 70.64
0.393 0.013 70.67
0.381 0.013 70.7
0.369 0.012 70.74
0.365 0.012 70.77
0.355 0.011 70.8
0.349 0.012 70.84
0.341 0.01 70.87
0.338 0.009 70.9
0.331 0.01 70.94
0.323 0.009 70.97
0.322 0.008 71.0
0.316 0.008 71.04
0.312 0.008 71.07
0.312 0.007 71.1
0.307 0.007 71.14
0.303 0.007 71.17
0.297 0.006 71.2
0.304 0.006 71.24
0.301 0.005 71.27
0.298 0.005 71.3
0.301 0.005 71.34
0.299 0.004 71.37
0.296 0.004 71.4
0.297 0.004 71.44
0.297 0.008 71.47
0.291 0.008 71.51
0.288 0.005 71.54
0.292 0.006 71.57
0.289 0.005 71.6
0.287 0.005 71.64
0.291 0.004 71.67
0.291 0.002 71.7
0.293 0.005 71.74
0.303 0.009 71.77
0.311 0.013 71.8
0.325 0.017 71.84
0.336 0.02 71.87
0.358 0.022 71.9
0.381 0.025 71.94
0.396 0.028 71.97
0.422 0.026 72.0
0.443 0.027 72.04
0.463 0.026 72.07
0.489 0.025 72.1
0 0 72.14
0 0 72.17
0 0 72.2
0 0 72.23
0 0 72.27
0 0 72.3
0 0 72.34
0 0 72.37
0 0 72.4
0 0 72.43
0 0 72.47
0 0 72.5
0 0 72.54
0 0 72.57
0 0 72.6
0 0 72.64
0 0 72.67
0 0 72.7
0 0 72.74
0 0 72.77
0 0 72.8
0 0 72.84
0 0 72.87
0 0 72.9
0 0 72.93
0 0 72.97
0 0 73.0
0 0 73.03
0 0 73.07
0 0 73.1
0 0 73.13
0 0 73.17
0 0 73.2
0.538 0.027 73.24
0.515 0.025 73.27
0.495 0.025 73.3
0.474 0.027 73.34
0.452 0.026 73.37
0.431 0.026 73.4
0.412 0.026 73.44
0.391 0.026 73.47
0.373 0.025 73.5
0.357 0.024 73.54
0.344 0.023 73.57
0.33 0.022 73.6
0.32 0.022 73.64
0.314 0.021 73.67
0.306 0.019 73.7
0.302 0.017 73.74
0.303 0.018 73.77
0.298 0.015 73.8
0.297 0.012 73.84
0.303 0.018 73.87
0.297 0.016 73.9
0.297 0.008 73.94
0.296 0.006 73.97
0.3 0.012 74.0
0.292 0.013 74.04
0.288 0.004 74.07
0.285 0.004 74.1
0 0 74.14
0.281 0.005 74.17
0 0 74.2
0.278 0.004 74.24
0 0 74.27
0 0 74.3
0 0 74.34
0 0 74.37
0 0 74.4
0 0 74.43
0.283 0.049 74.47
0.293 0.025 74.51
0.304 0.032 74.53
0 0 74.57
0 0 74.6
0 0 74.63
0 0 74.67
0 0 74.7
0 0 74.73
0.52 0.302 74.77
0 0 74.8
0 0 74.83
0 0 74.87
0 0 74.9
0 0 74.93
0 0 74.97
0 0 75.0
0 0 75.03
0 0 75.07
0 0 75.1
0 0 75.13
0 0 75.17
0 0 75.2
0 0 75.23
0 0 75.27
0 0 75.3
0 0 75.34
0 0 75.37
0.531 0.067 75.4
0.528 0.009 75.43
0 0 75.47
0.518 0.016 75.5
0.515 0.007 75.53
0.51 0.007 75.57
0.511 0.008 75.6
0.508 0.005 75.63
0 0 75.67
0.507 0.008 75.7
0.506 0.004 75.74
0 0 75.77
0 0 75.8
0 0 75.83
0 0 75.87
0 0 75.9
0 0 75.94
0 0 75.97
0.506 0.014 76.0
0.508 0.003 76.04
0.507 0.002 76.07
0 0 76.1
0 0 76.13
0 0 76.17
0.502 0.008 76.2
0.502 0.003 76.24
0.499 0.004 76.27
0.497 0.002 76.3
0.491 0.007 76.34
0.491 0.007 76.37
0.487 0.003 76.4
0.482 0.007 76.44
0.479 0.003 76.47
0.478 0.001 76.5
0.472 0.012 76.54
0.47 0.006 76.57
0.469 0.004 76.6
0.467 0.003 76.64
0.466 0.002 76.67
0.464 0.003 76.7
0 0 76.73
0 0 76.77
0.457 0.008 76.8
0 0 76.84
0 0 76.87
0.446 0.012 76.9
0.443 0.004 76.94
0 0 76.97
0.438 0.006 77.0
0.436 0.003 77.04
0.433 0.003 77.07
0.431 0.003 77.1
0.431 0.004 77.14
0.43 0.002 77.17
0.436 0.017 77.2
0.43 0.014 77.24
0.437 0.02 77.27
0.428 0.022 77.3
0.428 0.002 77.34
0.428 0.002 77.37
0.427 0.001 77.4
0.425 0.002 77.44
0.427 0.005 77.47
0.426 0.002 77.5
0.427 0.004 77.54
0.426 0.001 77.57
0.429 0.005 77.6
0.434 0.006 77.64
0.438 0.006 77.67
0.443 0.007 77.7
0.452 0.01 77.74
0.46 0.012 77.77
0.467 0.013 77.8
0.479 0.018 77.84
0.488 0.018 77.87
0.498 0.02 77.9
0.51 0.021 77.93
0.524 0.022 77.97
0 0 78.0
0 0 78.03
0 0 78.07
0 0 78.1
0 0 78.13
0 0 78.17
0 0 78.2
0 0 78.23
0 0 78.27
0.558 0.103 78.3
0.534 0.026 78.34
0.507 0.028 78.37
0.479 0.029 78.4
0.45 0.031 78.43
0.419 0.033 78.47
0.39 0.033 78.5
0.363 0.032 78.54
0.341 0.029 78.57
0.322 0.027 78.6
0.306 0.025 78.64
0.294 0.023 78.67
0.286 0.023 78.7
0.279 0.019 78.74
0.274 0.018 78.77
0.272 0.016 78.8
0.269 0.014 78.84
0.265 0.023 78.87
0.267 0.022 78.9
0.266 0.01 78.94
0.266 0.009 78.97
0 0 79.0
0.266 0.014 79.04
0 0 79.07
0.266 0.009 79.1
0.265 0.003 79.14
0.263 0.009 79.17
0.263 0.024 79.2
0.269 0.031 79.24
0 0 79.27
0 0 79.3
0 0 79.34
0 0 79.37
0 0 79.4
0.445 0.259 79.44
0.48 0.04 79.47
0 0 79.5
0 0 79.53
0 0 79.57
0 0 79.6
0 0 79.63
0 0 79.67
0 0 79.7
0 0 79.73
0 0 79.77
0 0 79.8
0 0 79.84
0 0 79.87
0 0 79.9
0 0 79.93
0 0 79.97
0 0 80.0
0 0 80.03
0 0 80.07
0 0 80.1
0 0 80.13
0 0 80.17
0 0 80.2
0 0 80.23
0 0 80.27
0 0 80.3
0 0 80.34
0 0 80.37
0 0 80.4
0 0 80.43
0 0 80.47
0 0 80.5
0 0 80.53
0 0 80.57
0 0 80.6
0 0 80.63
0 0 80.67
0 0 80.7
0 0 80.73
0 0 80.77
0 0 80.8
0 0 80.83
0 0 80.87
0 0 80.9
0 0 80.93
0 0 80.97
0 0 81.0
0 0 81.03
0 0 81.07
0 0 81.1
0 0 81.13
0 0 81.17
0 0 81.2
0 0 81.24
0 0 81.27
0 0 81.3
0 0 81.34
0 0 81.37
0 0 81.4
0 0 81.43
0 0 81.47
0 0 81.5
0 0 81.53
0 0 81.57
0 0 81.6
0 0 81.63
0 0 81.67
0 0 81.7
0 0 81.73
0 0 81.77
0 0 81.8
0 0 81.84
0 0 81.87
0.542 0.073 81.9
0 0 81.93
0.513 0.033 81.97
0.496 0.019 82.0
0.48 0.018 82.04
0.464 0.019 82.07
0.448 0.02 82.1
0.431 0.022 82.14
0.413 0.022 82.17
0 0 82.2
0 0 82.24
0 0 82.27
0.354 0.083 82.3
0.343 0.018 82.34
0.333 0.017 82.37
0.324 0.016 82.4
0.317 0.014 82.44
0.313 0.016 82.47
0.307 0.015 82.5
0.304 0.011 82.54
0.301 0.011 82.57
0.297 0.01 82.6
0.296 0.015 82.64
0.293 0.011 82.67
0.291 0.008 82.7
0.288 0.007 82.74
0.287 0.007 82.77
0.287 0.01 82.8
0.284 0.015 82.84
0.284 0.005 82.87
0.283 0.006 82.9
0.28 0.006 82.94
0.278 0.003 82.97
0.277 0.004 83.0
0.275 0.003 83.04
0 0 83.07
0 0 83.1
0 0 83.13
0 0 83.17
0.262 0.018 83.2
0.261 0.013 83.24
0.26 0.018 83.27
0.267 0.024 83.3
0.278 0.032 83.34
0 0 83.37
0 0 83.4
0 0 83.43
0 0 83.47
0 0 83.5
0 0 83.53
0 0 83.57
0 0 83.6
0 0 83.63
0 0 83.67
0 0 83.7
0 0 83.73
0 0 83.77
0 0 83.8
0 0 83.83
0 0 83.87
0 0 83.9
0 0 83.93
0 0 83.97
0 0 84.0
0 0 84.03
0 0 84.07
0 0 84.1
0 0 84.13
0 0 84.17
0 0 84.2
0 0 84.24
0 0 84.27
0 0 84.3
0.452 0.272 84.34
0.449 0.007 84.37
0 0 84.4
0 0 84.43
0 0 84.47
0 0 84.5
0 0 84.53
0.432 0.031 84.57
0 0 84.6
0.425 0.005 84.63
0.425 0.002 84.67
0.418 0.002 84.7
0 0 84.73
0 0 84.77
0.415 0.008 84.8
0.406 0.004 84.84
0.404 0.003 84.87
0 0 84.9
0.392 0.005 84.93
0 0 84.97
0.394 0.007 85.0
0 0 85.03
0 0 85.07
0 0 85.1
0.392 0.011 85.13
0 0 85.17
0 0 85.2
0 0 85.23
0 0 85.27
0 0 85.3
0 0 85.33
0 0 85.37
0 0 85.4
0 0 85.43
0 0 85.47
0 0 85.5
0 0 85.53
0.339 0.037 85.57
0 0 85.6
0.326 0.008 85.63
0 0 85.67
0 0 85.7
0.313 0.011 85.73
0 0 85.77
0 0 85.8
0 0 85.83
0.305 0.014 85.87
0 0 85.9
0 0 85.93
0 0 85.97
0 0 86.0
0 0 86.03
0 0 86.07
0 0 86.1
0 0 86.13
0 0 86.17
0 0 86.2
0 0 86.23
0 0 86.27
0 0 86.3
0 0 86.33
0.276 0.028 86.37
0.274 0.003 86.4
0.271 0.003 86.43
0.269 0.003 86.47
0.264 0.004 86.5
0 0 86.53
0 0 86.57
0.295 0.046 86.6
0.315 0.028 86.63
0 0 86.67
0 0 86.7
0 0 86.73
0 0 86.77
0 0 86.8
0 0 86.83
0 0 86.87
0 0 86.9
0 0 86.93
0 0 86.97
0 0 87.0
0 0 87.03
0 0 87.07
0 0 87.1
0 0 87.13
0 0 87.17
0 0 87.2
0 0 87.23
0 0 87.27
0 0 87.3
0 0 87.33
0 0 87.37
0 0 87.4
0 0 87.43
0 0 87.47
0 0 87.5
0 0 87.53
0 0 87.57
0 0 87.6
0 0 87.63
0 0 87.67
0 0 87.7
0 0 87.73
0 0 87.77
0 0 87.8
0 0 87.83
0 0 87.87
0 0 87.9
0 0 87.93
0 0 87.97
0 0 88.0
0 0 88.03
0 0 88.07
0 0 88.1
0 0 88.13
0 0 88.17
0 0 88.2
0 0 88.23
0 0 88.26
0 0 88.3
0 0 88.33
0 0 88.37
0 0 88.4
0 0 88.43
0 0 88.46
0 0 88.5
0 0 88.53
0 0 88.57
0 0 88.6
0 0 88.63
0 0 88.67
0 0 88.7
0 0 88.73
0 0 88.77
0 0 88.8
0 0 88.83
0 0 88.87
0 0 88.9
0 0 88.93
0 0 88.97
0 0 89.0
0 0 89.03
0 0 89.07
0 0 89.1
0 0 89.13
0 0 89.17
0 0 89.2
0 0 89.23
0 0 89.27
0 0 89.3
0 0 89.33
0 0 89.37
0 0 89.4
0 0 89.43
0 0 89.47
0 0 89.5
0 0 89.53
0 0 89.57
0 0 89.6
0 0 89.63
0 0 89.67
0 0 89.7
0 0 89.73
0 0 89.77
0 0 89.8
0 0 89.83
0 0 89.86
0 0 89.9
0 0 89.93
0 0 89.97
0 0 90.0
0 0 90.03
0 0 90.07
0 0 90.1
0 0 90.13
0 0 90.17
0 0 90.2
0 0 90.23
0 0 90.26
0 0 90.3
0 0 90.34
0 0 90.36
0 0 90.4
0 0 90.43
0 0 90.46
0 0 90.5
0 0 90.53
0 0 90.57
0 0 90.6
0 0 90.63
0 0 90.67
0 0 90.7
0 0 90.73
0 0 90.76
0 0 90.8
0 0 90.83
0 0 90.86
0 0 90.9
0 0 90.93
0 0 90.96
0 0 91.0
0 0 91.03
0 0 91.06
0 0 91.1
0 0 91.13
0 0 91.17
0 0 91.2
0 0 91.23
0 0 91.26
0 0 91.3
0 0 91.33
0 0 91.37
0 0 91.4
0 0 91.43
0 0 91.46
0 0 91.5
0 0 91.53
0 0 91.57
0 0 91.6
0 0 91.63
0 0 91.67
0 0 91.7
0 0 91.73
0 0 91.76
0 0 91.8
0 0 91.83
0 0 91.86
0 0 91.9
0 0 91.93
0 0 91.96
0 0 92.0
0 0 92.03
0 0 92.07
0 0 92.1
0 0 92.13
0 0 92.17
0 0 92.2
0 0 92.23
0 0 92.27
0 0 92.3
0 0 92.33
0 0 92.37
0 0 92.4
0 0 92.43
0 0 92.47
0 0 92.5
0 0 92.53
0 0 92.57
0 0 92.6
0.322 0.096 92.63
0 0 92.67
0.311 0.013 92.7
0.308 0.006 92.73
0 0 92.76
0.301 0.014 92.8
0.298 0.006 92.83
0.296 0.007 92.87
0.291 0.007 92.9
0.285 0.008 92.93
0 0 92.96
0 0 93.0
0 0 93.03
0.275 0.022 93.07
0.274 0.007 93.1
0.271 0.005 93.13
0.269 0.004 93.17
0.27 0.004 93.2
0.268 0.003 93.23
0.268 0.004 93.27
0.275 0.005 93.3
0.282 0.012 93.33
0.294 0.018 93.37
0.314 0.024 93.4
0.334 0.026 93.43
0.359 0.03 93.47
0 0 93.5
0 0 93.53
0 0 93.56
0 0 93.6
0 0 93.63
0 0 93.67
0 0 93.7
0 0 93.73
0 0 93.77
0 0 93.8
0 0 93.83
0 0 93.86
0 0 93.9
0 0 93.93
0 0 93.96
0 0 94.0
0 0 94.03
0 0 94.07
0 0 94.1
0 0 94.13
0 0 94.17
0 0 94.2
0 0 94.23
0 0 94.26
0 0 94.3
0 0 94.33
0 0 94.37
0 0 94.4
0 0 94.43
0 0 94.46
0 0 94.5
0 0 94.53
0 0 94.56
0 0 94.6
0 0 94.63
0 0 94.67
0 0 94.7
0 0 94.73
0 0 94.76
0 0 94.8
0 0 94.83
0 0 94.86
0 0 94.9
0 0 94.93
0 0 94.96
0 0 95.0
0 0 95.03
0 0 95.06
0 0 95.1
0 0 95.13
0 0 95.17
0 0 95.2
0 0 95.23
0 0 95.26
0 0 95.3
0 0 95.33
0 0 95.36
0 0 95.4
0 0 95.43
0 0 95.46
0 0 95.5
0 0 95.53
0 0 95.57
0 0 95.6
0 0 95.63
0 0 95.66
0 0 95.7
0 0 95.73
0 0 95.76
0 0 95.8
0 0 95.83
0 0 95.86
0 0 95.9
0 0 95.93
0 0 95.96
0 0 96.0
0.39 0.05 96.03
0 0 96.06
0 0 96.1
0 0 96.13
0 0 96.17
0.363 0.034 96.2
0.359 0.008 96.23
0.353 0.007 96.27
0.349 0.006 96.3
0.342 0.008 96.33
0.34 0.006 96.37
0.335 0.007 96.4
0.328 0.008 96.43
0.328 0.007 96.47
0.322 0.008 96.5
0.318 0.006 96.53
0.317 0.006 96.57
0.314 0.007 96.6
0.31 0.006 96.63
0.305 0.007 96.67
0.305 0.006 96.7
0.3 0.007 96.73
0.297 0.006 96.77
0.296 0.006 96.8
0.293 0.005 96.83
0.289 0.005 96.87
0.289 0.005 96.9
0.287 0.005 96.93
0.285 0.005 96.97
0.281 0.005 97.0
0.286 0.004 97.03
0.284 0.004 97.07
0.282 0.004 97.1
0.286 0.007 97.13
0.282 0.007 97.17
0.282 0.006 97.2
0.283 0.005 97.23
0.282 0.003 97.27
0.28 0.002 97.3
0.286 0.012 97.33
0.293 0.011 97.37
0.306 0.019 97.4
0.319 0.021 97.43
0.342 0.025 97.47
0.362 0.026 97.5
0.383 0.026 97.53
0.409 0.026 97.57
0.428 0.024 97.6
0 0 97.63
0 0 97.67
0 0 97.7
0 0 97.73
0 0 97.76
0 0 97.8
0 0 97.83
0 0 97.87
0 0 97.9
0 0 97.93
0 0 97.96
0 0 98.0
0 0 98.03
0 0 98.06
0 0 98.1
0 0 98.13
0 0 98.17
0 0 98.2
0 0 98.23
0 0 98.26
0 0 98.3
0 0 98.33
0 0 98.36
0 0 98.4
0 0 98.43
0 0 98.46
0 0 98.5
0 0 98.53
0 0 98.57
0 0 98.6
0 0 98.63
0 0 98.67
0 0 98.7
0 0 98.73
0 0 98.77
0 0 98.8
0 0 98.83
0 0 98.86
0 0 98.9
0 0 98.93
0.504 0.048 98.97
0 0 99.0
0 0 99.03
0 0 99.06
0.454 0.061 99.1
0.443 0.015 99.13
0.429 0.017 99.17
0.416 0.015 99.2
0.409 0.014 99.23
0.397 0.014 99.26
0.387 0.013 99.3
0.38 0.012 99.33
0.373 0.011 99.37
0.365 0.01 99.4
0.357 0.01 99.43
0.353 0.011 99.47
0.345 0.012 99.5
0.34 0.008 99.53
0.337 0.009 99.57
0.332 0.008 99.6
0.327 0.007 99.63
0.325 0.008 99.67
0.321 0.006 99.7
0.318 0.006 99.73
0.314 0.006 99.76
0.311 0.006 99.8
0.308 0.006 99.83
0.305 0.007 99.86
0.302 0.007 99.9
0.299 0.007 99.93
0.296 0.008 99.97
0.292 0.008 100.0
0.289 0.008 100.03
0.286 0.009 100.07
0.283 0.009 100.1
0.28 0.009 100.13
0.277 0.009 100.17
0.275 0.009 100.2
0.274 0.009 100.23
0.274 0.009 100.27
0.273 0.01 100.3
0.272 0.011 100.33
0.271 0.013 100.36
0.27 0.014 100.4
0.27 0.015 100.44
0.267 0.009 100.47
0.262 0.006 100.5
0.258 0.016 100.53
0.256 0.033 100.57
0 0 100.6
0 0 100.63
0 0 100.67
0 0 100.7
0 0 100.73
0 0 100.76
0 0 100.8
0 0 100.83
0 0 100.86
0 0 100.9
0 0 100.93
0 0 100.96
0 0 101.0
0 0 101.03
0 0 101.06
0 0 101.1
0 0 101.13
0 0 101.17
0 0 101.2
0 0 101.23
0 0 101.26
0 0 101.3
0 0 101.33
0 0 101.36
0 0 101.4
0 0 101.43
0 0 101.46
0 0 101.5
0 0 101.53
0 0 101.56
0 0 101.6
0 0 101.63
0 0 101.66
0 0 101.7
0 0 101.73
0 0 101.76
0 0 101.8
0 0 101.83
0 0 101.86
0 0 101.9
0 0 101.93
0 0 101.96
0 0 102.0
0 0 102.03
0 0 102.06
0 0 102.1
0 0 102.13
0 0 102.16
0.514 0.398 102.2
0 0 102.23
0.473 0.048 102.26
0.46 0.032 102.3
0.43 0.036 102.33
0.412 0.026 102.36
0.396 0.029 102.4
0.375 0.027 102.43
0.36 0.026 102.46
0.345 0.025 102.5
0.331 0.024 102.53
0.318 0.022 102.57
0.309 0.023 102.6
0.298 0.018 102.63
0.29 0.016 102.67
0.287 0.02 102.7
0.275 0.014 102.73
0.269 0.012 102.77
0.266 0.012 102.8
0.262 0.01 102.84
0.257 0.01 102.86
0.255 0.009 102.9
0.254 0.009 102.93
0.251 0.01 102.97
0.251 0.009 103.0
0.25 0.007 103.03
0.249 0.007 103.07
0.248 0.004 103.1
0.249 0.003 103.13
0.248 0.007 103.17
0.25 0.011 103.2
0.251 0.02 103.23
0.256 0.028 103.27
0 0 103.3
0 0 103.33
0 0 103.36
0 0 103.4
0 0 103.43
0 0 103.46
0 0 103.5
0.483 0.345 103.53
0 0 103.56
0 0 103.6
0.559 0.103 103.63
0 0 103.66
0 0 103.7
0 0 103.73
0 0 103.76
0 0 103.8
0 0 103.83
0 0 103.87
0 0 103.9
0 0 103.93
0 0 103.96
0 0 104.0
0 0 104.03
0 0 104.06
0 0 104.1
0 0 104.13
0 0 104.16
0 0 104.2
0 0 104.23
0 0 104.26
0 0 104.3
0 0 104.33
0 0 104.36
0 0 104.4
0 0 104.43
0 0 104.46
0 0 104.5
0 0 104.53
0 0 104.56
0 0 104.6
0 0 104.63
0 0 104.66
0 0 104.7
0 0 104.73
0 0 104.76
0 0 104.8
0 0 104.83
0 0 104.86
0 0 104.9
0 0 104.93
0 0 104.96
0 0 105.0
0 0 105.03
0 0 105.06
0 0 105.1
0 0 105.13
0 0 105.17
0 0 105.2
0 0 105.23
0 0 105.26
0 0 105.3
0 0 105.33
0 0 105.36
0 0 105.4
0 0 105.43
0 0 105.46
0 0 105.5
0 0 105.53
0 0 105.56
0 0 105.6
0 0 105.63
0 0 105.67
0 0 105.7
0 0 105.73
0 0 105.76
0 0 105.8
0 0 105.83
0 0 105.86
0 0 105.9
0 0 105.93
0 0 105.96
0 0 106.0
0 0 106.03
0 0 106.06
0 0 106.1
0 0 106.13
0 0 106.17
0 0 106.2
0 0 106.23
0 0 106.27
0 0 106.3
0 0 106.33
0 0 106.36
0 0 106.4
0 0 106.43
0 0 106.46
0 0 106.5
0 0 106.53
0 0 106.56
0 0 106.6
0 0 106.63
0 0 106.66
0 0 106.7
0 0 106.73
0 0 106.76
0 0 106.8
0 0 106.83
0 0 106.86
0 0 106.9
0 0 106.93
0 0 106.96
0 0 107.0
0 0 107.03
0 0 107.06
0 0 107.1
0 0 107.13
0 0 107.16
0 0 107.2
0 0 107.23
0 0 107.26
0 0 107.3
0 0 107.33
0 0 107.36
0 0 107.4
0 0 107.43
0 0 107.46
0 0 107.5
0 0 107.53
0 0 107.56
0 0 107.6
0 0 107.63
0 0 107.66
0 0 107.69
0 0 107.73
0 0 107.76
0 0 107.8
0 0 107.83
0 0 107.86
0 0 107.9
0 0 107.93
0 0 107.96
0 0 108.0
0 0 108.03
0 0 108.06
0 0 108.1
0 0 108.13
0 0 108.16
0 0 108.2
0 0 108.23
0 0 108.26
0 0 108.3
0 0 108.33
0 0 108.36
0 0 108.4
0 0 108.43
0 0 108.46
0 0 108.5
0 0 108.53
0 0 108.56
0 0 108.6
0 0 108.63
0 0 108.66
0 0 108.7
0 0 108.73
0 0 108.76
0 0 108.8
0 0 108.83
0 0 108.86
0 0 108.9
0 0 108.93
0 0 108.96
0 0 109.0
0 0 109.03
0 0 109.06
0 0 109.1
0 0 109.13
0 0 109.16
0 0 109.2
0 0 109.23
0 0 109.26
0 0 109.3
0 0 109.33
0 0 109.36
0 0 109.39
0 0 109.43
0 0 109.46
0 0 109.5
0 0 109.53
0 0 109.56
0 0 109.6
0 0 109.63
0 0 109.66
0 0 109.7
0 0 109.73
0 0 109.76
0 0 109.8
0 0 109.83
0 0 109.86
0 0 109.9
0 0 109.93
0 0 109.96
0 0 110.0
0 0 110.03
0 0 110.06
0 0 110.1
0 0 110.13
0 0 110.16
0 0 110.2
0 0 110.23
0 0 110.26
0 0 110.3
0 0 110.33
0 0 110.36
0 0 110.39
0 0 110.43
0 0 110.46
0 0 110.5
0 0 110.53
0 0 110.56
0 0 110.59
0 0 110.63
0 0 110.66
0 0 110.7
0 0 110.73
0 0 110.76
0 0 110.8
0 0 110.83
0 0 110.86
0 0 110.9
0 0 110.93
0 0 110.96
0 0 111.0
0 0 111.03
0 0 111.06
0 0 111.1
0 0 111.13
0 0 111.16
0 0 111.2
0 0 111.23
0 0 111.26
0 0 111.3
0 0 111.33
0 0 111.36
0 0 111.4
0 0 111.43
0 0 111.46
0 0 111.5
0 0 111.53
0 0 111.56
0 0 111.6
0 0 111.63
0 0 111.66
0 0 111.69
0 0 111.73
0 0 111.76
0 0 111.79
0 0 111.83
0 0 111.86
0 0 111.9
0 0 111.93
0 0 111.96
0 0 112.0
0 0 112.03
0 0 112.06
0 0 112.1
0 0 112.13
0 0 112.16
0 0 112.2
0 0 112.23
0 0 112.26
0 0 112.3
0 0 112.33
0 0 112.36
0 0 112.39
0 0 112.43
0 0 112.46
0 0 112.5
0 0 112.53
0 0 112.56
0 0 112.59
0 0 112.63
0 0 112.66
0 0 112.7
0 0 112.73
0 0 112.76
0 0 112.8
0 0 112.83
0 0 112.86
0 0 112.89
0 0 112.93
0 0 112.96
0 0 113.0
0 0 113.03
0 0 113.06
0 0 113.09
0 0 113.13
0 0 113.16
0 0 113.19
0 0 113.23
0 0 113.26
0 0 113.3
0 0 113.33
0 0 113.36
0 0 113.4
0 0 113.43
0 0 113.46
0 0 113.5
0 0 113.53
0 0 113.56
0 0 113.6
0 0 113.63
0 0 113.66
0 0 113.69
0.412 0.028 113.73
0.406 0.009 113.76
0.396 0.01 113.8
0.39 0.008 113.83
0.381 0.009 113.86
0.376 0.008 113.9
0.368 0.008 113.93
0.359 0.009 113.96
0.359 0.008 114.0
0.35 0.008 114.03
0.343 0.008 114.06
0.341 0.008 114.09
0.333 0.008 114.13
0.326 0.007 114.16
0.32 0.007 114.19
0 0 114.23
0.313 0.013 114.26
0 0 114.29
0 0 114.33
0 0 114.36
0 0 114.39
0 0 114.43
0 0 114.46
0 0 114.5
0 0 114.53
0.293 0.048 114.56
0.289 0.005 114.59
0.286 0.007 114.63
0.287 0.006 114.66
0.283 0.006 114.7
0.279 0.006 114.73
0.281 0.005 114.76
0.279 0.008 114.79
0.273 0.008 114.83
0.275 0.006 114.86
0.272 0.006 114.9
0.268 0.006 114.93
0.263 0.006 114.96
0.266 0.007 115.0
0.264 0.004 115.03
0.267 0.008 115.06
0.287 0.015 115.09
0.299 0.023 115.13
0 0 115.16
0 0 115.19
0.378 0.093 115.23
0.415 0.04 115.26
0.444 0.036 115.3
0 0 115.33
0 0 115.36
0 0 115.39
0 0 115.43
0 0 115.46
0 0 115.5
0 0 115.53
0 0 115.56
0 0 115.59
0 0 115.63
0 0 115.66
0 0 115.69
0 0 115.73
0 0 115.76
0 0 115.79
0 0 115.83
0 0 115.86
0 0 115.9
0 0 115.93
0 0 115.96
0 0 116.0
0 0 116.03
0 0 116.06
0 0 116.1
0 0 116.13
0 0 116.16
0 0 116.19
0 0 116.23
0 0 116.26
0 0 116.29
0 0 116.33
0 0 116.36
0 0 116.39
0 0 116.43
0 0 116.46
0.517 0.031 116.5
0.499 0.022 116.53
0.482 0.02 116.56
0.463 0.021 116.6
0.45 0.019 116.63
0.433 0.019 116.66
0 0 116.69
0 0 116.73
0 0 116.76
0.383 0.068 116.8
0.37 0.016 116.83
0.363 0.015 116.86
0.353 0.014 116.9
0.346 0.015 116.93
0.342 0.012 116.96
0.337 0.013 117.0
0.331 0.01 117.03
0.326 0.01 117.06
0.324 0.009 117.1
0.321 0.011 117.13
0.317 0.009 117.16
0.315 0.008 117.2
0.313 0.008 117.23
0.312 0.007 117.26
0.312 0.006 117.3
0.311 0.006 117.33
0.309 0.006 117.36
0.31 0.006 117.4
0.309 0.007 117.43
0.305 0.007 117.46
0.303 0.005 117.5
0.302 0.006 117.53
0.306 0.021 117.56
0.298 0.023 117.6
0.297 0.004 117.63
0.295 0.002 117.67
0.294 0.002 117.7
0.294 0.002 117.73
0.292 0.003 117.76
0 0 117.79
0.29 0.004 117.83
0.29 0.002 117.86
0.288 0.004 117.9
0 0 117.93
0.284 0.005 117.96
0 0 118.0
0.277 0.013 118.03
0.276 0.006 118.06
0 0 118.09
0.277 0.018 118.13
0.282 0.016 118.16
0.291 0.022 118.2
0.303 0.029 118.23
0 0 118.26
0 0 118.3
0 0 118.33
0 0 118.36
0.435 0.183 118.4
0.468 0.036 118.43
0.497 0.03 118.46
0.526 0.031 118.5
0 0 118.53
0 0 118.56
0.564 0.038 118.6
0 0 118.63
0 0 118.66
0 0 118.69
0 0 118.73
0 0 118.76
0 0 118.79
0 0 118.83
0 0 118.86
0 0 118.89
0 0 118.93
0 0 118.96
0 0 119.0
0 0 119.03
0 0 119.06
0.523 0.138 119.09
0.521 0.009 119.13
0 0 119.16
0 0 119.19
0 0 119.23
0 0 119.26
0.515 0.026 119.3
0.515 0.004 119.33
0 0 119.36
0.512 0.003 119.4
0.511 0.001 119.43
0.512 0.001 119.46
0.509 0.005 119.5
0.507 0.003 119.53
0.502 0.006 119.56
0.498 0.007 119.59
0.496 0.004 119.63
0.495 0.003 119.66
0 0 119.69
0 0 119.73
0 0 119.76
0.47 0.026 119.8
0.459 0.011 119.83
0.454 0.007 119.86
0.451 0.004 119.9
0.45 0.004 119.93
0.449 0.006 119.96
0 0 120.0
0.443 0.008 120.03
0.44 0.003 120.06
0.441 0.003 120.1
0.441 0.006 120.13
0.446 0.006 120.16
0.454 0.01 120.19
0.467 0.016 120.23
0.484 0.02 120.26
0.495 0.016 120.29
0.508 0.019 120.33
0.516 0.014 120.36
0 0 120.39
0.524 0.021 120.43
0.52 0.009 120.46
0 0 120.49
0.509 0.013 120.53
0.5 0.01 120.56
0.485 0.015 120.59
0.473 0.016 120.63
0.457 0.019 120.66
0.437 0.023 120.69
0.42 0.023 120.73
0.406 0.024 120.76
0.391 0.022 120.8
0.376 0.022 120.83
0.367 0.019 120.86
0.358 0.018 120.89
0.35 0.017 120.93
0.345 0.015 120.96
0.337 0.015 121.0
0.331 0.014 121.03
0.324 0.013 121.06
0.319 0.011 121.09
0.317 0.01 121.13
0.311 0.011 121.16
0.308 0.007 121.19
0.306 0.006 121.23
0.305 0.005 121.26
0.305 0.006 121.29
0.303 0.004 121.33
0.303 0.003 121.36
0.302 0.002 121.39
0.304 0.005 121.43
0.304 0.002 121.46
0.302 0.003 121.5
0.303 0.005 121.53
0.301 0.002 121.56
0.298 0.006 121.59
0.298 0.005 121.63
0.295 0.003 121.66
0.293 0.002 121.7
0.292 0.002 121.73
0.289 0.002 121.76
0.29 0.007 121.79
0.285 0.006 121.83
0.28 0.007 121.86
0.278 0.003 121.89
0.274 0.005 121.93
0.273 0.006 121.96
0.269 0.003 122.0
0.268 0.003 122.03
0.267 0.006 122.06
0.268 0.011 122.09
0.272 0.02 122.13
0.29 0.037 122.16
0 0 122.19
0 0 122.23
0 0 122.26
0 0 122.29
0 0 122.33
0 0 122.36
0.549 0.348 122.39
0 0 122.43
0 0 122.46
0 0 122.49
0 0 122.53
0 0 122.56
0 0 122.59
0 0 122.63
0 0 122.66
0 0 122.69
0 0 122.73
0 0 122.76
0 0 122.79
0 0 122.83
0 0 122.86
0 0 122.89
0 0 122.93
0 0 122.96
0 0 122.99
0 0 123.03
0.546 0.07 123.06
0 0 123.09
0 0 123.13
0.531 0.035 123.16
0.528 0.009 123.19
0.517 0.009 123.23
0.516 0.007 123.26
0.516 0.006 123.29
0.513 0.005 123.33
0.51 0.003 123.36
0.509 0.004 123.39
0.504 0.005 123.43
0 0 123.46
0.496 0.007 123.5
0 0 123.53
0 0 123.56
0.488 0.01 123.59
0 0 123.63
0 0 123.66
0 0 123.69
0 0 123.72
0.477 0.014 123.76
0.47 0.004 123.79
0 0 123.83
0.466 0.005 123.86
0.46 0.003 123.89
0.455 0.005 123.93
0.45 0.007 123.96
0 0 123.99
0.432 0.014 124.03
0.428 0.005 124.06
0 0 124.09
0.418 0.006 124.13
0.421 0.005 124.16
0 0 124.19
0.423 0.015 124.23
0 0 124.26
0.458 0.041 124.29
0 0 124.33
0 0 124.36
0 0 124.39
0 0 124.42
0 0 124.46
0 0 124.49
0 0 124.53
0 0 124.56
0 0 124.59
0 0 124.63
0 0 124.66
0 0 124.69
0 0 124.73
0 0 124.76
0 0 124.79
0 0 124.83
0 0 124.86
0 0 124.89
0 0 124.93
0 0 124.96
0 0 124.99
0 0 125.03
0 0 125.06
0 0 125.09
0 0 125.12
0 0 125.16
0 0 125.19
0 0 125.23
0 0 125.26
0 0 125.29
0 0 125.33
0 0 125.36
0 0 125.39
0 0 125.42
0 0 125.46
0 0 125.49
0 0 125.53
0 0 125.56
0 0 125.59
0 0 125.62
0 0 125.66
0 0 125.69
0 0 125.73
0 0 125.76
0 0 125.79
0 0 125.83
0 0 125.86
0 0 125.89
0 0 125.93
0 0 125.96
0 0 125.99
0 0 126.03
0 0 126.06
0 0 126.09
0 0 126.13
0 0 126.16
0 0 126.19
0 0 126.23
0 0 126.26
0 0 126.29
0 0 126.33
0 0 126.36
0 0 126.39
0 0 126.43
0 0 126.46
0 0 126.49
0 0 126.52
0 0 126.56
0 0 126.59
0 0 126.62
0 0 126.66
0 0 126.69
0 0 126.73
0 0 126.76
0 0 126.79
0 0 126.83
0 0 126.86
0 0 126.89
0 0 126.92
0 0 126.96
0 0 126.99
0 0 127.03
0 0 127.06
0 0 127.09
0 0 127.13
0 0 127.16
0 0 127.19
0 0 127.23
0 0 127.26
0 0 127.29
0 0 127.33
0 0 127.36
0 0 127.39
0 0 127.43
0 0 127.46
0 0 127.49
0 0 127.53
0 0 127.56
0 0 127.59
0 0 127.63
0 0 127.66
0 0 127.69
0 0 127.73
0 0 127.76
0 0 127.79
0 0 127.83
0 0 127.86
0 0 127.89
0 0 127.93
0 0 127.96
0 0 127.99
0 0 128.02
0 0 128.06
0 0 128.09
0 0 128.13
0 0 128.16
0 0 128.19
0 0 128.23
0 0 128.26
0 0 128.29
0 0 128.33
0 0 128.36
0 0 128.39
0 0 128.42
0 0 128.46
0 0 128.49
0 0 128.53
0 0 128.56
0 0 128.59
0 0 128.62
0 0 128.66
0 0 128.69
0 0 128.73
0 0 128.76
0 0 128.79
0 0 128.83
0 0 128.86
0 0 128.89
0 0 128.93
0 0 128.96
0 0 128.99
0 0 129.03
0 0 129.06
0 0 129.09
0 0 129.12
0 0 129.16
0 0 129.19
0 0 129.23
0 0 129.26
0 0 129.29
0 0 129.33
0 0 129.36
0 0 129.39
0 0 129.42
0 0 129.46
0 0 129.49
0 0 129.53
0 0 129.56
0 0 129.59
0 0 129.63
0 0 129.66
0 0 129.69
0 0 129.72
0 0 129.76
0 0 129.79
0 0 129.83
0 0 129.86
0 0 129.89
0 0 129.93
0 0 129.96
0 0 129.99
0 0 130.02
0 0 130.06
0 0 130.09
0 0 130.12
0 0 130.16
0 0 130.19
0 0 130.22
0 0 130.26
0 0 130.29
0 0 130.33
0 0 130.36
0 0 130.39
0 0 130.42
0 0 130.46
0 0 130.49
0 0 130.52
0 0 130.56
0 0 130.59
0 0 130.62
0 0 130.66
0 0 130.69
0 0 130.72
0 0 130.76
0 0 130.79
0 0 130.83
0 0 130.86
0 0 130.89
0 0 130.92
0 0 130.96
0 0 130.99
0 0 131.02
0 0 131.06
0 0 131.09
0 0 131.13
0 0 131.16
0 0 131.19
0 0 131.23
0 0 131.26
0 0 131.29
0 0 131.33
0 0 131.36
0 0 131.39
0 0 131.42
0 0 131.46
0 0 131.49
0 0 131.52
0 0 131.56
0 0 131.59
0 0 131.62
0 0 131.66
0 0 131.69
0 0 131.72
0 0 131.76
0 0 131.79
0 0 131.82
0 0 131.86
0 0 131.89
0 0 131.92
0 0 131.96
0 0 131.99
0 0 132.02
0 0 132.06
0.368 0.166 132.09
0.363 0.005 132.12
0 0 132.16
0 0 132.19
0.355 0.014 132.22
0 0 132.26
0 0 132.29
0.345 0.017 132.33
0.352 0.006 132.36
0.348 0.006 132.39
0.342 0.007 132.42
0.337 0.006 132.46
0 0 132.49
0.331 0.013 132.53
0 0 132.56
0.326 0.013 132.59
0.318 0.009 132.62
0.316 0.007 132.66
0.317 0.006 132.69
0.309 0.008 132.72
0.307 0.005 132.76
0.307 0.005 132.79
0.302 0.006 132.83
0.298 0.005 132.86
0.295 0.005 132.89
0.293 0.006 132.92
0.289 0.005 132.96
0.287 0.004 132.99
0.286 0.005 133.02
0.284 0.004 133.06
0.281 0.005 133.09
0.284 0.004 133.12
0.281 0.004 133.16
0.279 0.004 133.19
0.275 0.005 133.23
0.279 0.004 133.26
0.283 0.005 133.29
0.29 0.013 133.33
0.31 0.024 133.36
0.334 0.032 133.39
0.372 0.042 133.43
0.409 0.039 133.46
0.44 0.036 133.49
0.47 0.033 133.53
0 0 133.56
0 0 133.59
0 0 133.62
0 0 133.66
0 0 133.69
0 0 133.72
0 0 133.76
0 0 133.79
0 0 133.83
0 0 133.86
0 0 133.89
0 0 133.92
0 0 133.96
0 0 133.99
0 0 134.03
0 0 134.06
0 0 134.09
0 0 134.12
0 0 134.16
0 0 134.19
0 0 134.22
0 0 134.26
0 0 134.29
0 0 134.33
0 0 134.36
0 0 134.39
0 0 134.42
0 0 134.46
0 0 134.49
0 0 134.52
0 0 134.56
0 0 134.59
0 0 134.62
0 0 134.66
0 0 134.69
0 0 134.73
0 0 134.76
0 0 134.79
0 0 134.83
0 0 134.86
0 0 134.89
0 0 134.92
0 0 134.96
0 0 134.99
0.452 0.074 135.03
0.437 0.019 135.06
0.421 0.019 135.09
0.405 0.02 135.13
0.391 0.018 135.16
0.379 0.017 135.19
0.365 0.018 135.23
0.355 0.015 135.26
0.344 0.014 135.29
0.337 0.013 135.33
0.33 0.012 135.36
0.323 0.011 135.39
0.319 0.009 135.42
0.32 0.008 135.46
0.313 0.008 135.49
0.311 0.004 135.53
0.308 0.005 135.56
0.306 0.006 135.59
0.301 0.009 135.63
0.297 0.009 135.66
0.298 0.01 135.69
0.29 0.011 135.73
0.288 0.008 135.76
0.287 0.007 135.79
0.283 0.008 135.83
0.282 0.007 135.86
0.28 0.007 135.89
0.282 0.006 135.93
0.279 0.007 135.96
0.281 0.005 135.99
0.279 0.006 136.03
0.277 0.005 136.06
0.278 0.004 136.09
0.279 0.003 136.13
0.282 0.015 136.16
0 0 136.19
0 0 136.22
0 0 136.26
0 0 136.29
0 0 136.33
0 0 136.36
0 0 136.39
0 0 136.42
0 0 136.46
0 0 136.49
0 0 136.52
0 0 136.56
0 0 136.59
0 0 136.62
0 0 136.66
0 0 136.69
0 0 136.72
0 0 136.76
0 0 136.79
0 0 136.83
0 0 136.86
0 0 136.89
0 0 136.92
0 0 136.96
0 0 136.99
0 0 137.02
0 0 137.06
0 0 137.09
0 0 137.12
0 0 137.16
0 0 137.19
0 0 137.22
0 0 137.26
0 0 137.29
0 0 137.33
0 0 137.36
0 0 137.39
0 0 137.42
0 0 137.46
0 0 137.49
0 0 137.52
0 0 137.56
0 0 137.59
0.477 0.27 137.62
0.463 0.016 137.66
0.449 0.015 137.69
0.442 0.015 137.72
0 0 137.76
0.418 0.03 137.79
0.406 0.015 137.83
0.399 0.014 137.86
0.39 0.013 137.89
0.381 0.013 137.92
0.375 0.012 137.96
0.368 0.011 137.99
0.361 0.011 138.02
0.358 0.01 138.06
0.352 0.01 138.09
0.345 0.009 138.12
0.34 0.009 138.16
0.34 0.008 138.19
0.335 0.008 138.22
0.331 0.007 138.26
0.332 0.006 138.29
0.33 0.005 138.33
0.328 0.005 138.36
0.333 0.005 138.39
0.331 0.004 138.42
0.33 0.004 138.46
0.33 0.004 138.49
0.332 0.004 138.52
0.333 0.005 138.56
0.332 0.004 138.59
0.333 0.005 138.62
0.333 0.004 138.66
0.334 0.005 138.69
0 0 138.72
0.333 0.008 138.76
0.333 0.003 138.79
0.331 0.003 138.83
0.333 0.003 138.86
0.333 0.004 138.89
0.332 0.003 138.92
0.334 0.001 138.96
0.336 0.003 138.99
0.338 0.004 139.02
0.346 0.009 139.06
0.347 0.01 139.09
0.354 0.012 139.12
0.362 0.013 139.16
0.369 0.014 139.19
0.378 0.015 139.23
0.387 0.014 139.26
0.397 0.014 139.29
0.404 0.013 139.33
0.411 0.011 139.36
0.418 0.009 139.39
0 0 139.42
0.427 0.011 139.46
0 0 139.49
0 0 139.52
0 0 139.56
0 0 139.59
0 0 139.62
0 0 139.66
0.447 0.029 139.69
0 0 139.72
0 0 139.76
0.448 0.001 139.79
0.447 0.004 139.83
0.447 0.002 139.86
0.45 0.006 139.89
0.455 0.007 139.92
0.464 0.013 139.96
0.474 0.013 139.99
0.487 0.017 140.02
0.503 0.02 140.06
0.523 0.025 140.09
0.542 0.024 140.12
0 0 140.16
0 0 140.19
0 0 140.22
0 0 140.26
0 0 140.29
0 0 140.32
0 0 140.36
0 0 140.39
0 0 140.42
0 0 140.46
0 0 140.49
0 0 140.52
0 0 140.56
0 0 140.59
0 0 140.62
0.591 0.056 140.66
0 0 140.69
0 0 140.72
0 0 140.76
0.588 0.014 140.79
0 0 140.82
0.597 0.018 140.86
0.606 0.014 140.89
0.617 0.016 140.93
0 0 140.96
0 0 140.99
0 0 141.02
0 0 141.06
0 0 141.09
0 0 141.12
0 0 141.16
0 0 141.19
0 0 141.22
0 0 141.26
0 0 141.29
0 0 141.32
0 0 141.36
0 0 141.39
0 0 141.42
0 0 141.46
0 0 141.49
0 0 141.52
0 0 141.56
0 0 141.59
0 0 141.62
0 0 141.66
0 0 141.69
0 0 141.72
0 0 141.76
0 0 141.79
0 0 141.82
0 0 141.86
0 0 141.89
0 0 141.92
0 0 141.96
0 0 141.99
0 0 142.02
0 0 142.06
0 0 142.09
0 0 142.12
0 0 142.16
0 0 142.19
0 0 142.22
0 0 142.26
0 0 142.29
0 0 142.32
0 0 142.36
0 0 142.39
0 0 142.42
0 0 142.46
0 0 142.49
0 0 142.52
0 0 142.56
0 0 142.59
0 0 142.62
0 0 142.66
0 0 142.69
0 0 142.72
0 0 142.76
0 0 142.79
0 0 142.82
0 0 142.86
0 0 142.89
0 0 142.92
0 0 142.96
0 0 142.99
0 0 143.02
0 0 143.06
0 0 143.09
0 0 143.12
0 0 143.16
0 0 143.19
0 0 143.22
0 0 143.26
0 0 143.29
0 0 143.32
0 0 143.36
0 0 143.39
0 0 143.42
0 0 143.46
0 0 143.49
0 0 143.52
0 0 143.56
0 0 143.59
0 0 143.62
0 0 143.66
0 0 143.69
0 0 143.72
0 0 143.76
0 0 143.79
0 0 143.82
0 0 143.86
0 0 143.89
0 0 143.92
0 0 143.96
0 0 143.99
0 0 144.02
0 0 144.06
0 0 144.09
0 0 144.12
0 0 144.16
0 0 144.19
0 0 144.22
0 0 144.26
0 0 144.29
0 0 144.32
0 0 144.35
0 0 144.39
0 0 144.42
0 0 144.46
0 0 144.49
0 0 144.52
0 0 144.56
0 0 144.59
0 0 144.62
0 0 144.66
0 0 144.69
0 0 144.72
0 0 144.76
0 0 144.79
0 0 144.82
0 0 144.85
0 0 144.89
0 0 144.92
0 0 144.95
0 0 144.99
0 0 145.02
0 0 145.05
0 0 145.09
0 0 145.12
0 0 145.16
0 0 145.19
0 0 145.22
0 0 145.25
0 0 145.29
0 0 145.32
0 0 145.35
0 0 145.39
0 0 145.42
0 0 145.46
0 0 145.49
0 0 145.52
0 0 145.55
0 0 145.59
0 0 145.62
0 0 145.66
0 0 145.69
0 0 145.72
0 0 145.75
0 0 145.79
0 0 145.82
0 0 145.85
0 0 145.89
0 0 145.92
0 0 145.95
0 0 145.99
0 0 146.02
0 0 146.05
0 0 146.09
0 0 146.12
0 0 146.16
