0 0 2.26
0 0 2.31
0 0 2.33
0 0 2.34
0 0 2.36
0 0 2.38
0 0 2.41
0 0 2.44
0 0 2.48
0 0 2.51
0 0 2.54
0 0 2.58
0 0 2.61
0 0 2.64
0 0 2.68
0 0 2.71
0 0 2.74
0 0 2.78
0 0 2.81
0 0 2.84
0 0 2.88
0 0 2.91
0 0 2.94
0 0 2.98
0 0 3.01
0 0 3.04
0 0 3.08
0 0 3.11
0 0 3.14
0 0 3.18
0 0 3.21
0 0 3.25
0 0 3.28
0 0 3.31
0 0 3.34
0 0 3.38
0 0 3.41
0 0 3.44
0 0 3.48
0 0 3.51
0 0 3.54
0 0 3.58
0 0 3.61
0 0 3.64
0 0 3.68
0 0 3.71
0 0 3.74
0 0 3.78
0 0 3.81
0 0 3.85
0 0 3.88
0 0 3.91
0 0 3.94
0 0 3.98
0 0 4.01
0 0 4.04
0 0 4.08
0 0 4.11
0 0 4.14
0 0 4.18
0 0 4.21
0 0 4.24
0 0 4.28
0 0 4.31
0 0 4.35
0 0 4.38
0 0 4.41
0 0 4.45
0 0 4.48
0 0 4.51
0 0 4.54
0 0 4.58
0 0 4.61
0 0 4.64
0.241 0.563 4.68
0.24 0.018 4.71
0.246 0.017 4.75
0.248 0.016 4.78
0.254 0.018 4.81
0.257 0.013 4.85
0.26 0.011 4.88
0.265 0.01 4.92
0.271 0.011 4.95
0.273 0.009 4.98
0 0 5.02
0 0 5.05
0.291 0.017 5.08
0.289 0.014 5.11
0.297 0.014 5.15
0.292 0.014 5.18
0 0 5.21
0.289 0.006 5.25
0.288 0.002 5.28
0.284 0.008 5.31
0.28 0.01 5.35
0.278 0.014 5.38
0.271 0.026 5.41
0.273 0.024 5.45
0.278 0.029 5.48
0.289 0.032 5.52
0.305 0.035 5.55
0.323 0.035 5.58
0 0 5.62
0 0 5.65
0 0 5.68
0 0 5.71
0 0 5.74
0 0 5.78
0 0 5.81
0 0 5.85
0 0 5.88
0 0 5.91
0 0 5.95
0 0 5.98
0 0 6.01
0 0 6.04
0 0 6.08
0 0 6.11
0 0 6.14
0 0 6.18
0 0 6.21
0 0 6.25
0 0 6.28
0 0 6.31
0 0 6.35
0 0 6.38
0 0 6.41
0 0 6.45
0 0 6.48
0 0 6.51
0 0 6.55
0 0 6.58
0 0 6.61
0 0 6.65
0 0 6.68
0 0 6.71
0 0 6.75
0 0 6.78
0 0 6.81
0 0 6.85
0 0 6.88
0 0 6.91
0 0 6.94
0 0 6.98
0 0 7.01
0 0 7.04
0 0 7.08
0 0 7.11
0 0 7.14
0 0 7.18
0 0 7.21
0 0 7.25
0.552 0.264 7.28
0.557 0.004 7.31
0 0 7.35
0 0 7.38
0 0 7.41
0 0 7.44
0 0 7.48
0 0 7.51
0 0 7.55
0 0 7.58
0 0 7.61
0 0 7.65
0 0 7.68
0 0 7.71
0 0 7.74
0 0 7.78
0 0 7.81
0 0 7.85
0 0 7.88
0 0 7.91
0 0 7.94
0 0 7.98
0 0 8.01
0 0 8.04
0 0 8.08
0 0 8.11
0 0 8.14
0 0 8.18
0.439 0.178 8.21
0.429 0.023 8.25
0.413 0.027 8.28
0.4 0.026 8.31
0.389 0.028 8.35
0.375 0.025 8.38
0.363 0.025 8.41
0.354 0.025 8.45
0.344 0.025 8.48
0.336 0.025 8.51
0.328 0.024 8.55
0.326 0.021 8.58
0.32 0.021 8.61
0.318 0.015 8.65
0.321 0.011 8.68
0.322 0.009 8.71
0.326 0.007 8.75
0.332 0.005 8.78
0.332 0.003 8.81
0.333 0.003 8.85
0.334 0.003 8.88
0.332 0.004 8.91
0.329 0.003 8.95
0.325 0.006 8.98
0.322 0.006 9.02
0.315 0.01 9.05
0.311 0.007 9.08
0.31 0.008 9.11
0.307 0.009 9.15
0.304 0.007 9.18
0.309 0.007 9.21
0.307 0.013 9.25
0.306 0.009 9.28
0.307 0.01 9.31
0.31 0.007 9.35
0.309 0.006 9.38
0.306 0.009 9.41
0.304 0.007 9.45
0.298 0.007 9.48
0.293 0.007 9.52
0.291 0.006 9.55
0.29 0.006 9.58
0.291 0.008 9.61
0.295 0.011 9.65
0.304 0.016 9.68
0.315 0.019 9.71
0.33 0.023 9.75
0.349 0.028 9.78
0.371 0.029 9.81
0.397 0.031 9.85
0.428 0.032 9.88
0.458 0.034 9.91
0.489 0.034 9.95
0 0 9.98
0 0 10.01
0 0 10.04
0 0 10.08
0 0 10.11
0 0 10.14
0 0 10.18
0 0 10.21
0 0 10.24
0 0 10.28
0 0 10.31
0 0 10.34
0 0 10.38
0 0 10.41
0 0 10.44
0 0 10.48
0 0 10.51
0 0 10.54
0 0 10.58
0 0 10.61
0 0 10.64
0 0 10.68
0 0 10.71
0 0 10.74
0 0 10.78
0 0 10.81
0 0 10.84
0 0 10.88
0 0 10.91
0 0 10.94
0 0 10.98
0 0 11.01
0 0 11.04
0 0 11.08
0 0 11.11
0 0 11.14
0 0 11.18
0 0 11.21
0 0 11.24
0 0 11.28
0 0 11.31
0 0 11.35
0 0 11.38
0 0 11.41
0 0 11.44
0 0 11.48
0 0 11.51
0 0 11.54
0 0 11.58
0 0 11.61
0 0 11.64
0 0 11.68
0 0 11.71
0 0 11.74
0 0 11.78
0 0 11.81
0 0 11.85
0 0 11.88
0 0 11.91
0 0 11.94
0 0 11.98
0 0 12.01
0 0 12.04
0 0 12.08
0 0 12.11
0 0 12.14
0 0 12.18
0 0 12.21
0 0 12.24
0 0 12.28
0 0 12.31
0.677 0.209 12.35
0 0 12.38
0 0 12.41
0 0 12.44
0.687 0.017 12.48
0 0 12.51
0 0 12.54
0 0 12.58
0 0 12.61
0 0 12.64
0 0 12.68
0 0 12.71
0 0 12.74
0 0 12.78
0 0 12.81
0 0 12.85
0.62 0.073 12.88
0.593 0.028 12.91
0.566 0.027 12.94
0.541 0.025 12.98
0 0 13.01
0 0 13.04
0.462 0.086 13.08
0.444 0.028 13.11
0.422 0.03 13.15
0.403 0.029 13.18
0.385 0.028 13.21
0.376 0.028 13.25
0.373 0.031 13.28
0.36 0.021 13.31
0.356 0.014 13.35
0.354 0.01 13.38
0.349 0.006 13.41
0.348 0.007 13.45
0.344 0.005 13.48
0.342 0.006 13.51
0.337 0.004 13.55
0.334 0.004 13.58
0.33 0.004 13.61
0.324 0.005 13.65
0.319 0.006 13.68
0.314 0.006 13.71
0.314 0.001 13.75
0.316 0.004 13.78
0.321 0.007 13.81
0.326 0.01 13.85
0.33 0.013 13.88
0.337 0.017 13.91
0.352 0.022 13.94
0.366 0.025 13.98
0.382 0.03 14.01
0.404 0.033 14.05
0.424 0.039 14.08
0 0 14.11
0.472 0.083 14.14
0.503 0.037 14.18
0 0 14.21
0.573 0.071 14.25
0 0 14.28
0 0 14.31
0 0 14.34
0 0 14.38
0 0 14.41
0 0 14.44
0 0 14.48
0 0 14.51
0 0 14.54
0 0 14.58
0 0 14.61
0 0 14.64
0 0 14.68
0 0 14.71
0 0 14.74
0 0 14.78
0 0 14.81
0 0 14.84
0 0 14.88
0 0 14.91
0 0 14.94
0 0 14.98
0 0 15.01
0 0 15.04
0 0 15.08
0 0 15.11
0 0 15.14
0 0 15.18
0 0 15.21
0 0 15.24
0 0 15.28
0 0 15.31
0 0 15.34
0 0 15.38
0 0 15.41
0 0 15.44
0 0 15.48
0 0 15.51
0 0 15.54
0 0 15.58
0 0 15.61
0 0 15.64
0 0 15.68
0 0 15.71
0 0 15.74
0 0 15.78
0 0 15.81
0 0 15.85
0 0 15.88
0 0 15.91
0 0 15.94
0 0 15.98
0 0 16.01
0 0 16.04
0 0 16.08
0 0 16.11
0 0 16.14
0 0 16.18
0 0 16.21
0 0 16.24
0 0 16.27
0 0 16.31
0 0 16.35
0 0 16.38
0 0 16.41
0 0 16.44
0 0 16.48
0 0 16.51
0 0 16.54
0 0 16.58
0 0 16.61
0 0 16.64
0 0 16.68
0 0 16.71
0 0 16.74
0 0 16.77
0 0 16.81
0 0 16.84
0 0 16.88
0.673 0.139 16.91
0.667 0.008 16.94
0.663 0.007 16.98
0.656 0.007 17.01
0 0 17.04
0 0 17.08
0.641 0.022 17.11
0 0 17.14
0 0 17.18
0 0 17.21
0.573 0.078 17.24
0 0 17.28
0.525 0.049 17.31
0.506 0.021 17.35
0.481 0.026 17.38
0.46 0.023 17.41
0.439 0.024 17.44
0.423 0.027 17.48
0.402 0.027 17.51
0.383 0.029 17.54
0.364 0.028 17.58
0.346 0.026 17.61
0.328 0.023 17.65
0.315 0.021 17.68
0.305 0.018 17.71
0.297 0.015 17.74
0 0 17.78
0.287 0.022 17.81
0.281 0.007 17.84
0.281 0.005 17.88
0.284 0.004 17.91
0.286 0.003 17.94
0.284 0.003 17.98
0.285 0.003 18.01
0.286 0.002 18.04
0.283 0.007 18.08
0.283 0.007 18.11
0.285 0.01 18.14
0.286 0.014 18.18
0.292 0.018 18.21
0.302 0.021 18.24
0.315 0.024 18.28
0.324 0.027 18.31
0.344 0.025 18.35
0.364 0.025 18.38
0.379 0.023 18.41
0.397 0.022 18.44
0.419 0.023 18.48
0.435 0.022 18.51
0 0 18.54
0.474 0.042 18.58
0 0 18.61
0 0 18.64
0 0 18.68
0 0 18.71
0 0 18.74
0 0 18.77
0 0 18.81
0 0 18.85
0 0 18.88
0 0 18.91
0 0 18.94
0 0 18.98
0 0 19.01
0 0 19.04
0 0 19.07
0 0 19.11
0 0 19.14
0 0 19.18
0 0 19.21
0 0 19.24
0 0 19.28
0 0 19.31
0 0 19.34
0 0 19.38
0 0 19.41
0 0 19.44
0 0 19.47
0 0 19.51
0 0 19.54
0 0 19.58
0 0 19.61
0 0 19.64
0 0 19.68
0 0 19.71
0 0 19.74
0 0 19.77
0 0 19.81
0 0 19.84
0 0 19.87
0 0 19.91
0 0 19.94
0 0 19.98
0 0 20.01
0 0 20.04
0 0 20.07
0 0 20.11
0 0 20.14
0 0 20.18
0 0 20.21
0 0 20.24
0 0 20.28
0 0 20.31
0 0 20.34
0 0 20.37
0 0 20.41
0 0 20.44
0 0 20.48
0 0 20.51
0 0 20.54
0 0 20.58
0 0 20.61
0 0 20.64
0 0 20.68
0 0 20.71
0 0 20.74
0 0 20.78
0 0 20.81
0 0 20.84
0 0 20.88
0 0 20.91
0 0 20.94
0 0 20.98
0 0 21.01
0 0 21.04
0 0 21.08
0 0 21.11
0 0 21.14
0 0 21.18
0 0 21.21
0 0 21.24
0 0 21.27
0 0 21.31
0 0 21.34
0 0 21.38
0 0 21.41
0 0 21.44
0 0 21.48
0 0 21.51
0 0 21.54
0 0 21.58
0 0 21.61
0 0 21.64
0 0 21.68
0 0 21.71
0 0 21.74
0 0 21.78
0 0 21.81
0 0 21.84
0 0 21.88
0 0 21.91
0 0 21.94
0 0 21.98
0 0 22.01
0 0 22.04
0 0 22.08
0 0 22.11
0 0 22.14
0 0 22.18
0 0 22.21
0 0 22.24
0 0 22.28
0 0 22.31
0 0 22.34
0 0 22.38
0 0 22.41
0 0 22.44
0 0 22.48
0 0 22.51
0 0 22.54
0 0 22.58
0 0 22.61
0 0 22.64
0 0 22.68
0 0 22.71
0 0 22.74
0 0 22.78
0 0 22.81
0 0 22.84
0 0 22.88
0 0 22.91
0 0 22.94
0 0 22.97
0 0 23.01
0 0 23.04
0 0 23.07
0 0 23.11
0 0 23.14
0 0 23.18
0 0 23.21
0 0 23.24
0 0 23.28
0 0 23.31
0 0 23.34
0 0 23.38
0 0 23.41
0 0 23.44
0 0 23.48
0 0 23.51
0 0 23.54
0 0 23.58
0 0 23.61
0 0 23.64
0 0 23.68
0 0 23.71
0 0 23.74
0 0 23.78
0 0 23.81
