0 0 2.25
0 0 2.31
0 0 2.32
0 0 2.34
0 0 2.35
0 0 2.37
0 0 2.4
0 0 2.44
0 0 2.47
0 0 2.5
0 0 2.54
0 0 2.57
0 0 2.6
0 0 2.64
0 0 2.67
0 0 2.7
0 0 2.74
0 0 2.77
0.367 0.545 2.81
0 0 2.84
0.326 0.038 2.87
0 0 2.91
0 0 2.94
0.269 0.05 2.97
0.252 0.016 3.01
0.236 0.015 3.04
0.22 0.015 3.07
0.206 0.015 3.11
0.192 0.016 3.14
0.181 0.014 3.18
0 0 3.21
0.164 0.025 3.24
0.159 0.012 3.27
0.156 0.011 3.31
0.154 0.01 3.34
0.151 0.007 3.37
0.144 0.007 3.41
0.135 0.019 3.44
0.133 0.029 3.47
0.143 0.034 3.51
0.167 0.036 3.54
0.198 0.037 3.57
0 0 3.61
0 0 3.64
0 0 3.67
0 0 3.71
0 0 3.74
0 0 3.77
0 0 3.81
0 0 3.84
0 0 3.87
0 0 3.91
0 0 3.94
0 0 3.97
0 0 4.01
0 0 4.04
0 0 4.07
0 0 4.1
0 0 4.14
0 0 4.17
0 0 4.2
0 0 4.24
0 0 4.27
0 0 4.3
0 0 4.34
0 0 4.37
0 0 4.4
0 0 4.44
0 0 4.47
0 0 4.51
0 0 4.54
0 0 4.57
0 0 4.6
0 0 4.64
0 0 4.67
0 0 4.71
0 0 4.74
0 0 4.77
0 0 4.8
0 0 4.84
0 0 4.87
0 0 4.91
0 0 4.94
0 0 4.97
0 0 5.01
0 0 5.04
0 0 5.07
0 0 5.11
0 0 5.14
0 0 5.18
0 0 5.21
0 0 5.24
0 0 5.27
0 0 5.31
0 0 5.34
0 0 5.37
0 0 5.41
0 0 5.44
0 0 5.47
0 0 5.51
0 0 5.54
0 0 5.57
0 0 5.61
0 0 5.64
0 0 5.68
0 0 5.71
0 0 5.74
0 0 5.77
0 0 5.81
0 0 5.84
0 0 5.87
0 0 5.91
0 0 5.94
0 0 5.97
0 0 6.01
0 0 6.04
0 0 6.07
0 0 6.11
0 0 6.14
0 0 6.17
0 0 6.21
0 0 6.24
0 0 6.27
0 0 6.31
0 0 6.34
0 0 6.37
0 0 6.41
0.465 0.067 6.44
0.455 0.018 6.48
0.44 0.018 6.51
0.427 0.017 6.54
0 0 6.57
0.412 0.035 6.61
0.405 0.018 6.64
0.406 0.017 6.68
0.401 0.015 6.71
0.394 0.013 6.74
0.388 0.012 6.78
0.385 0.01 6.81
0.378 0.01 6.84
0.374 0.006 6.88
0.372 0.008 6.91
0.368 0.005 6.94
0.363 0.006 6.98
0.361 0.007 7.01
0.358 0.004 7.04
0.356 0.003 7.08
0.362 0.004 7.11
0.365 0.008 7.14
0.37 0.007 7.18
0.374 0.014 7.21
0.386 0.013 7.24
0.396 0.017 7.28
0 0 7.31
0.426 0.045 7.34
0.448 0.03 7.37
0.466 0.026 7.41
0.488 0.027 7.44
0.512 0.029 7.47
0.534 0.028 7.51
0.555 0.025 7.54
0.58 0.026 7.57
0 0 7.61
0 0 7.64
0 0 7.68
0 0 7.71
0 0 7.74
0 0 7.77
0 0 7.81
0 0 7.84
0 0 7.87
0 0 7.91
0 0 7.94
0 0 7.97
0 0 8.01
0 0 8.04
0 0 8.07
0 0 8.1
0.662 0.124 8.14
0 0 8.17
0 0 8.21
0 0 8.24
0 0 8.27
0 0 8.3
0 0 8.34
0.673 0.019 8.37
0 0 8.41
0 0 8.44
0 0 8.47
0 0 8.51
0 0 8.54
0.672 0.007 8.57
0 0 8.61
0 0 8.64
0 0 8.67
0 0 8.7
0 0 8.74
0 0 8.77
0 0 8.8
0 0 8.84
0 0 8.87
0.624 0.055 8.91
0.606 0.02 8.94
0.587 0.021 8.97
0 0 9.01
0 0 9.04
0 0 9.07
0.52 0.074 9.11
0.506 0.016 9.14
0.493 0.016 9.18
0.481 0.015 9.21
0.466 0.02 9.24
0.456 0.015 9.27
0.446 0.016 9.31
0.437 0.017 9.34
0.426 0.018 9.37
0.419 0.018 9.41
0.409 0.02 9.44
0.403 0.018 9.47
0.399 0.017 9.51
0.394 0.015 9.54
0.391 0.014 9.58
0.39 0.015 9.61
0.386 0.012 9.64
0.385 0.009 9.68
0.384 0.007 9.71
0.384 0.005 9.74
0.385 0.005 9.77
0.383 0.006 9.81
0.385 0.002 9.84
0.386 0.004 9.87
0.388 0.001 9.91
0.388 0.003 9.94
0.388 0.003 9.97
0.387 0.004 10.01
0.386 0.003 10.04
0.384 0.008 10.07
0.383 0.009 10.11
0.386 0.01 10.14
0.392 0.013 10.18
0.399 0.014 10.21
0.409 0.017 10.24
0.42 0.021 10.27
0.433 0.025 10.31
0 0 10.34
0 0 10.37
0.469 0.083 10.41
0 0 10.44
0 0 10.47
0 0 10.51
0 0 10.54
0 0 10.57
0 0 10.6
0 0 10.64
0 0 10.67
0 0 10.71
0 0 10.74
0 0 10.77
0 0 10.8
0 0 10.84
0 0 10.87
0 0 10.91
0 0 10.94
0 0 10.97
0 0 11.01
0 0 11.04
0 0 11.07
0 0 11.1
0 0 11.14
0 0 11.17
0 0 11.2
0 0 11.24
0 0 11.27
0 0 11.3
0 0 11.34
0 0 11.37
0 0 11.4
0 0 11.44
0 0 11.47
0 0 11.51
0 0 11.54
0 0 11.57
0 0 11.61
0 0 11.64
0 0 11.67
0 0 11.71
0 0 11.74
0 0 11.77
0 0 11.81
0 0 11.84
0 0 11.87
0 0 11.91
0 0 11.94
0 0 11.97
0 0 12.01
0 0 12.04
0 0 12.07
0 0 12.11
0 0 12.14
0 0 12.17
0 0 12.2
0 0 12.24
0 0 12.27
0 0 12.3
0 0 12.34
0 0 12.37
0 0 12.4
0 0 12.44
0 0 12.47
0 0 12.51
0 0 12.54
0.525 0.07 12.57
0.503 0.022 12.61
0.483 0.022 12.64
0.465 0.02 12.67
0 0 12.7
0.435 0.039 12.74
0.417 0.021 12.77
0.406 0.019 12.81
0.394 0.018 12.84
0.381 0.018 12.87
0.373 0.017 12.91
0.365 0.015 12.94
0.358 0.013 12.97
0.351 0.012 13.01
0 0 13.04
0.343 0.017 13.07
0.346 0.015 13.11
0.341 0.01 13.14
0.338 0.004 13.18
0.336 0.004 13.21
0.333 0.004 13.24
0.332 0.004 13.27
0.329 0.003 13.31
0.325 0.004 13.34
0.322 0.004 13.37
0.321 0.002 13.41
0.319 0.003 13.44
0.318 0.004 13.47
0.32 0.004 13.51
0.321 0.004 13.54
0.325 0.005 13.57
0.326 0.01 13.61
0.33 0.008 13.64
0.334 0.011 13.67
0.339 0.011 13.71
0.345 0.013 13.74
0.352 0.014 13.77
0.362 0.016 13.81
0.374 0.018 13.84
0.385 0.021 13.87
0.402 0.022 13.91
0.42 0.023 13.94
0.441 0.024 13.97
0 0 14.01
0.487 0.048 14.04
0.511 0.026 14.07
0 0 14.1
0 0 14.14
0 0 14.17
0 0 14.2
0 0 14.24
0 0 14.27
0 0 14.3
0 0 14.34
0 0 14.37
0 0 14.4
0 0 14.44
0 0 14.47
0.594 0.09 14.51
0 0 14.54
0 0 14.57
0 0 14.6
0 0 14.64
0.599 0.016 14.68
0.603 0.005 14.71
0.616 0.017 14.74
0 0 14.77
0 0 14.8
0 0 14.84
0 0 14.87
0 0 14.91
0.606 0.02 14.94
0 0 14.97
0 0 15.01
0.609 0.007 15.04
0 0 15.07
0 0 15.1
0 0 15.14
0 0 15.17
0 0 15.2
0 0 15.24
0 0 15.27
0.602 0.007 15.31
0 0 15.34
0 0 15.37
0 0 15.4
0.595 0.005 15.44
0 0 15.47
0.588 0.01 15.51
0 0 15.54
0 0 15.57
0 0 15.6
0.587 0.008 15.64
0.581 0.008 15.67
0 0 15.7
0 0 15.74
0.577 0.001 15.77
0 0 15.8
0 0 15.84
0.569 0.005 15.87
0 0 15.91
0 0 15.94
0 0 15.97
0.527 0.04 16.01
0.517 0.013 16.04
0.489 0.025 16.07
0.47 0.02 16.11
0.452 0.02 16.14
0.435 0.019 16.17
0.412 0.021 16.21
0.398 0.019 16.24
0.384 0.018 16.27
0.362 0.016 16.31
0.353 0.015 16.34
0.345 0.013 16.37
0.333 0.012 16.41
0.328 0.011 16.44
0.321 0.01 16.47
0.317 0.009 16.51
0.309 0.008 16.54
0.306 0.006 16.57
0.302 0.005 16.61
0.294 0.004 16.64
0 0 16.67
0.29 0.008 16.71
0.283 0.004 16.74
0 0 16.77
0 0 16.81
0.276 0.011 16.84
0.266 0.005 16.87
0.26 0.006 16.91
0.256 0.006 16.94
0.245 0.006 16.97
0.241 0.005 17.01
0.243 0.011 17.04
0.227 0.015 17.07
0.224 0.003 17.11
0.222 0.003 17.14
0.22 0.003 17.17
0.214 0.004 17.21
0.216 0.006 17.24
0.222 0.009 17.27
0.224 0.011 17.31
0.231 0.012 17.34
0.238 0.012 17.37
0.235 0.011 17.41
0.242 0.009 17.44
0.248 0.01 17.47
0.25 0.016 17.51
0 0 17.54
0 0 17.57
0 0 17.6
0 0 17.64
0 0 17.67
0 0 17.7
0 0 17.74
0 0 17.77
0 0 17.8
0 0 17.84
0 0 17.87
0 0 17.9
0 0 17.94
0 0 17.97
0 0 18.01
0 0 18.04
0 0 18.07
0 0 18.1
0 0 18.14
0 0 18.17
0 0 18.2
0 0 18.24
0 0 18.27
0 0 18.3
0 0 18.34
0 0 18.37
0 0 18.4
0 0 18.44
0 0 18.47
0 0 18.51
0 0 18.54
0 0 18.57
0 0 18.6
0 0 18.64
0 0 18.67
0 0 18.7
0 0 18.74
0 0 18.77
0 0 18.8
0 0 18.84
0 0 18.87
0.639 0.499 18.91
0.636 0.004 18.94
0 0 18.97
0 0 19.01
0.661 0.028 19.04
0 0 19.07
0 0 19.1
0 0 19.14
0 0 19.17
0 0 19.2
0 0 19.24
0 0 19.27
0 0 19.3
0 0 19.34
0 0 19.37
0 0 19.4
0 0 19.44
0 0 19.47
0 0 19.51
0 0 19.54
0 0 19.57
0 0 19.6
0 0 19.64
0 0 19.67
0 0 19.7
0 0 19.74
0 0 19.77
0 0 19.81
0 0 19.84
0 0 19.87
0 0 19.91
0 0 19.94
0 0 19.97
0 0 20.01
0 0 20.04
0 0 20.07
0 0 20.1
0 0 20.14
0 0 20.17
0 0 20.2
0 0 20.24
0 0 20.27
0.522 0.286 20.31
0.52 0.004 20.34
0 0 20.37
0 0 20.4
0 0 20.44
0 0 20.47
0 0 20.51
0.513 0.026 20.54
0 0 20.57
0 0 20.6
0 0 20.64
0 0 20.67
0.505 0.026 20.71
0 0 20.74
0 0 20.77
0.495 0.039 20.81
0 0 20.84
0 0 20.87
0 0 20.91
0 0 20.94
0 0 20.97
0 0 21.01
0.509 0.036 21.04
0 0 21.07
0 0 21.1
0.511 0.003 21.14
0 0 21.17
0 0 21.2
0 0 21.24
0 0 21.27
0 0 21.3
0 0 21.34
0 0 21.37
0 0 21.41
0 0 21.44
0 0 21.47
0 0 21.51
0 0 21.54
0 0 21.57
0.521 0.032 21.61
0.513 0.013 21.64
0 0 21.67
0 0 21.7
0 0 21.74
0 0 21.77
0 0 21.8
0 0 21.84
0 0 21.87
0 0 21.91
0 0 21.94
0 0 21.97
0 0 22.01
0.512 0.032 22.04
0 0 22.07
0.515 0.003 22.11
0 0 22.14
0.506 0.009 22.17
0 0 22.2
0 0 22.24
0.496 0.018 22.27
0 0 22.3
0 0 22.34
0.464 0.036 22.37
0.451 0.014 22.41
0.439 0.017 22.44
0.426 0.015 22.47
0.406 0.021 22.51
0.389 0.019 22.54
0.379 0.018 22.57
0 0 22.6
0.349 0.038 22.64
