0.323 0.642 2.26
0.321 0.011 2.31
0.322 0.01 2.33
0.319 0.014 2.36
0.317 0.01 2.37
0.317 0.007 2.39
0.313 0.006 2.41
0.31 0.008 2.45
0.305 0.005 2.48
0.302 0.004 2.51
0 0 2.54
0.3 0.004 2.58
0.295 0.005 2.61
0.295 0.002 2.64
0.294 0.002 2.68
0 0 2.71
0 0 2.74
0.289 0.004 2.78
0 0 2.81
0 0 2.85
0 0 2.88
0 0 2.91
0 0 2.95
0 0 2.98
0 0 3.01
0 0 3.05
0 0 3.08
0 0 3.11
0 0 3.15
0 0 3.18
0 0 3.21
0 0 3.25
0 0 3.28
0 0 3.31
0 0 3.35
0 0 3.38
0.262 0.36 3.41
0.286 0.039 3.45
0.309 0.033 3.48
0.331 0.03 3.51
0.341 0.023 3.55
0 0 3.58
0 0 3.61
0.368 0.049 3.65
0.371 0.009 3.68
0.372 0.011 3.71
0 0 3.74
0.361 0.008 3.78
0.355 0.006 3.81
0 0 3.84
0.336 0.011 3.88
0 0 3.91
0.319 0.011 3.95
0 0 3.98
0.307 0.008 4.01
0.302 0.003 4.05
0 0 4.08
0 0 4.11
0 0 4.14
0.303 0.019 4.18
0 0 4.21
0 0 4.24
0 0 4.28
0 0 4.31
0 0 4.34
0.299 0.009 4.38
0.298 0.002 4.41
0 0 4.44
0.294 0.004 4.48
0 0 4.51
0 0 4.54
0 0 4.58
0.287 0.012 4.61
0 0 4.64
0 0 4.68
0 0 4.71
0 0 4.74
0 0 4.78
0 0 4.81
0 0 4.85
0.286 0.029 4.88
0 0 4.91
0.274 0.034 4.95
0.262 0.021 4.98
0.251 0.019 5.02
0.236 0.02 5.05
0.222 0.019 5.08
0.206 0.022 5.11
0.195 0.018 5.15
0.184 0.022 5.18
0.177 0.022 5.22
0.177 0.022 5.25
0.178 0.024 5.28
0.182 0.024 5.31
0.19 0.024 5.35
0.2 0.026 5.38
0.211 0.022 5.42
0.22 0.017 5.45
0.224 0.014 5.48
0.231 0.01 5.52
0.244 0.017 5.55
0.246 0.014 5.58
0.255 0.012 5.61
0.266 0.012 5.65
0.272 0.01 5.68
0.278 0.01 5.72
0.279 0.008 5.75
0.282 0.008 5.78
0.282 0.005 5.82
0.282 0.005 5.85
0.283 0.007 5.88
0 0 5.92
0.283 0.008 5.95
0.286 0.004 5.98
0.284 0.006 6.02
0.284 0.002 6.05
0 0 6.08
0.28 0.012 6.11
0.269 0.016 6.15
0.258 0.019 6.18
0.242 0.026 6.21
0.232 0.03 6.25
0.225 0.032 6.28
0 0 6.31
0 0 6.35
0 0 6.38
0 0 6.41
0.303 0.18 6.45
0.331 0.033 6.48
0.362 0.032 6.51
0.39 0.028 6.55
0.417 0.026 6.58
0.438 0.018 6.61
0.457 0.017 6.65
0.472 0.014 6.68
0.489 0.01 6.71
0 0 6.75
0.504 0.013 6.78
0.515 0.016 6.81
0.511 0.014 6.85
0.517 0.006 6.88
0.522 0.005 6.91
0.524 0.005 6.95
0 0 6.98
0 0 7.01
0 0 7.04
0.554 0.013 7.08
0.555 0.008 7.11
0 0 7.14
0 0 7.18
0.577 0.011 7.21
0.579 0.001 7.25
0 0 7.28
0.581 0.006 7.31
0 0 7.35
0.582 0.006 7.38
0.583 0.001 7.41
0 0 7.44
0 0 7.48
0 0 7.51
0 0 7.55
0 0 7.58
0 0 7.61
0 0 7.64
0.563 0.031 7.68
0 0 7.71
0 0 7.74
0 0 7.78
0 0 7.81
0 0 7.85
0 0 7.88
0 0 7.91
0.618 0.067 7.95
0 0 7.98
0 0 8.01
0.596 0.022 8.05
0.578 0.018 8.08
0.558 0.02 8.11
0.533 0.025 8.14
0.509 0.024 8.18
0.483 0.027 8.21
0.458 0.027 8.25
0.436 0.028 8.28
0.419 0.029 8.31
0 0 8.35
0.378 0.059 8.38
0.354 0.029 8.41
0.332 0.026 8.45
0.316 0.024 8.48
0.3 0.023 8.52
0.282 0.025 8.55
0.272 0.018 8.58
0.259 0.022 8.61
0.25 0.014 8.65
0.243 0.011 8.68
0 0 8.71
0.232 0.023 8.75
0.226 0.013 8.78
0.219 0.01 8.81
0 0 8.85
0 0 8.88
0 0 8.91
0 0 8.95
0 0 8.98
0 0 9.01
0.21 0.034 9.05
0 0 9.08
0 0 9.11
0 0 9.14
0.195 0.016 9.18
0.192 0.006 9.21
0.188 0.008 9.25
0.185 0.01 9.28
0.183 0.011 9.31
0.184 0.015 9.35
0 0 9.38
0.193 0.041 9.41
0.205 0.025 9.45
0.222 0.029 9.48
0.243 0.03 9.51
0.267 0.032 9.55
0.294 0.034 9.58
0 0 9.61
0.355 0.067 9.65
0 0 9.68
0.412 0.059 9.71
0.437 0.026 9.75
0.463 0.026 9.78
0.486 0.023 9.81
0.51 0.026 9.85
0 0 9.88
0.539 0.032 9.91
0 0 9.94
0.558 0.023 9.98
0.58 0.031 10.01
0 0 10.04
0 0 10.08
0 0 10.11
0 0 10.14
0.576 0.029 10.18
0.57 0.006 10.21
0.567 0.005 10.25
0 0 10.28
0 0 10.31
0.559 0.011 10.35
0.561 0.003 10.38
0.561 0.007 10.41
0.558 0.005 10.45
0.557 0.004 10.48
0.555 0.004 10.51
0 0 10.54
0.543 0.013 10.58
0 0 10.61
0.538 0.009 10.64
0 0 10.68
0.54 0.006 10.71
0 0 10.74
0 0 10.78
0 0 10.81
0.537 0.002 10.85
0.527 0.011 10.88
0 0 10.91
0 0 10.94
0 0 10.98
0 0 11.01
0.552 0.033 11.04
0 0 11.08
0.551 0.005 11.11
0 0 11.14
0 0 11.18
0.544 0.006 11.21
0 0 11.24
0 0 11.28
0 0 11.31
0 0 11.35
0.537 0.006 11.38
0 0 11.41
0 0 11.44
0 0 11.48
0 0 11.51
0 0 11.54
0 0 11.58
0.532 0.031 11.61
0.532 0.006 11.65
0.539 0.007 11.68
0 0 11.71
0.543 0.011 11.75
0.547 0.005 11.78
0 0 11.81
0 0 11.85
0 0 11.88
0 0 11.91
0 0 11.94
0 0 11.98
0 0 12.01
0 0 12.04
0 0 12.08
0 0 12.11
0 0 12.14
0 0 12.18
0 0 12.21
0 0 12.24
0 0 12.28
0 0 12.31
0 0 12.34
0 0 12.38
0 0 12.41
0 0 12.44
0 0 12.48
0 0 12.51
0.506 0.016 12.55
0 0 12.58
0 0 12.61
0 0 12.64
0 0 12.68
0 0 12.71
0 0 12.74
0 0 12.78
0.505 0.011 12.81
0 0 12.85
0.502 0.002 12.88
0 0 12.91
0 0 12.94
0 0 12.98
0 0 13.01
0 0 13.04
0 0 13.08
0 0 13.11
0 0 13.14
0 0 13.18
0 0 13.21
0 0 13.24
0 0 13.28
0 0 13.31
0 0 13.35
0 0 13.38
0 0 13.41
0 0 13.44
0 0 13.48
0 0 13.51
0 0 13.54
0 0 13.58
0 0 13.61
0 0 13.64
0 0 13.68
0 0 13.71
0 0 13.74
0 0 13.78
0 0 13.81
0 0 13.84
0 0 13.88
0 0 13.91
0 0 13.94
0 0 13.98
0 0 14.01
0 0 14.04
0 0 14.08
0 0 14.11
0 0 14.14
0 0 14.18
0 0 14.21
0 0 14.25
0 0 14.28
0 0 14.31
0 0 14.35
0 0 14.38
0 0 14.41
0 0 14.44
0 0 14.48
0 0 14.51
0 0 14.54
0 0 14.58
0 0 14.61
0 0 14.64
0 0 14.68
0 0 14.71
0 0 14.74
0 0 14.78
0 0 14.81
0 0 14.84
0 0 14.88
0 0 14.91
0 0 14.94
0 0 14.98
0 0 15.01
0 0 15.04
0 0 15.08
0 0 15.11
0 0 15.14
0 0 15.18
0 0 15.21
0 0 15.24
0 0 15.28
0 0 15.31
0 0 15.34
0 0 15.38
0 0 15.41
0 0 15.44
0 0 15.48
0 0 15.51
0 0 15.54
0 0 15.58
0 0 15.61
0 0 15.64
0 0 15.68
0 0 15.71
0 0 15.74
0 0 15.78
0 0 15.81
0 0 15.85
0 0 15.88
0 0 15.91
0 0 15.94
0 0 15.98
0 0 16.01
0 0 16.04
0 0 16.08
0 0 16.11
0 0 16.14
0 0 16.18
0 0 16.21
0 0 16.24
0 0 16.28
0 0 16.31
0 0 16.34
0 0 16.38
0 0 16.41
0 0 16.44
0 0 16.48
0 0 16.51
0 0 16.54
0 0 16.58
0 0 16.61
0 0 16.64
0 0 16.68
0 0 16.71
0 0 16.74
0 0 16.78
0 0 16.81
0 0 16.84
0 0 16.88
0 0 16.91
0 0 16.94
0 0 16.98
0 0 17.01
0 0 17.04
0 0 17.08
0 0 17.11
0 0 17.14
0 0 17.18
0 0 17.21
0 0 17.24
0 0 17.28
0 0 17.31
0 0 17.34
0 0 17.38
0 0 17.41
0 0 17.44
0 0 17.48
0 0 17.51
0 0 17.54
0 0 17.58
0 0 17.61
0 0 17.64
0 0 17.68
0 0 17.71
0 0 17.74
0 0 17.78
0 0 17.81
0 0 17.84
0 0 17.88
0 0 17.91
0 0 17.94
0 0 17.98
0 0 18.01
0 0 18.04
0 0 18.08
0 0 18.11
0 0 18.14
0 0 18.18
0 0 18.21
0 0 18.24
0 0 18.28
0 0 18.31
0 0 18.34
0 0 18.38
0 0 18.41
0 0 18.44
0 0 18.48
0 0 18.51
0 0 18.54
0 0 18.58
0 0 18.61
0 0 18.64
0 0 18.68
0 0 18.71
0 0 18.74
0 0 18.78
0 0 18.81
0 0 18.84
0 0 18.88
0 0 18.91
0 0 18.94
0 0 18.98
0 0 19.01
0.491 0.18 19.04
0.468 0.024 19.08
0.447 0.026 19.11
0.421 0.027 19.15
0.399 0.028 19.18
0.379 0.03 19.21
0.353 0.031 19.25
0.331 0.031 19.28
0.313 0.03 19.31
0.295 0.03 19.35
0.281 0.028 19.38
0.27 0.026 19.41
0.271 0.023 19.45
0.267 0.02 19.48
0.264 0.016 19.51
0.267 0.014 19.55
0.268 0.013 19.58
0.268 0.006 19.61
0.271 0.005 19.65
0.272 0.005 19.68
0.272 0.003 19.71
0.272 0.002 19.75
0.274 0.004 19.78
0.274 0.003 19.81
0.272 0.003 19.85
0.272 0.006 19.88
0.27 0.003 19.91
0.27 0.003 19.95
0.273 0.004 19.98
0.275 0.005 20.01
0.277 0.008 20.05
0.278 0.005 20.08
0.284 0.006 20.11
0.287 0.007 20.15
0.286 0.009 20.18
0.288 0.011 20.21
0.287 0.012 20.24
0.288 0.015 20.28
0.292 0.018 20.31
0.298 0.022 20.35
0.306 0.026 20.38
0.32 0.028 20.41
0.335 0.031 20.45
0.354 0.031 20.48
0.376 0.032 20.51
0.402 0.033 20.54
0.426 0.032 20.58
0 0 20.61
0.481 0.06 20.65
0.506 0.028 20.68
0 0 20.71
0 0 20.74
0 0 20.78
0 0 20.81
0 0 20.85
0 0 20.88
0 0 20.91
0 0 20.94
0 0 20.98
0 0 21.01
0 0 21.04
0 0 21.08
0 0 21.11
0 0 21.14
0 0 21.18
0.637 0.206 21.21
0 0 21.24
0 0 21.28
0.644 0.027 21.31
0.642 0.005 21.35
0 0 21.38
0.645 0.009 21.41
0.651 0.01 21.44
0 0 21.47
0.648 0.006 21.51
0.65 0.008 21.54
0.653 0.007 21.58
0.656 0.006 21.61
0 0 21.64
0 0 21.68
0.647 0.009 21.71
0 0 21.74
0 0 21.77
0 0 21.81
0 0 21.84
0 0 21.87
0 0 21.91
0 0 21.94
0 0 21.97
0 0 22.01
0 0 22.04
0 0 22.07
0 0 22.11
0 0 22.14
0 0 22.18
0 0 22.21
0 0 22.24
0 0 22.28
0 0 22.31
0 0 22.34
0 0 22.37
0 0 22.41
0 0 22.44
0 0 22.47
0 0 22.51
0 0 22.54
0 0 22.58
0 0 22.61
0 0 22.64
0 0 22.68
0 0 22.71
0 0 22.74
0 0 22.77
0 0 22.81
0 0 22.84
0 0 22.87
0 0 22.91
0 0 22.94
0 0 22.97
0 0 23.01
0 0 23.04
0.642 0.019 23.08
0 0 23.11
0 0 23.14
0 0 23.18
0 0 23.21
0 0 23.24
0 0 23.28
0 0 23.31
0 0 23.34
0 0 23.38
0 0 23.41
0 0 23.44
0 0 23.48
0 0 23.51
0 0 23.54
0 0 23.58
0 0 23.61
0 0 23.64
0 0 23.68
0 0 23.71
0 0 23.74
0 0 23.78
0 0 23.81
0 0 23.84
0 0 23.87
0 0 23.91
0 0 23.94
0 0 23.98
0 0 24.01
0 0 24.04
0 0 24.08
0 0 24.11
0 0 24.14
0 0 24.18
0 0 24.21
0 0 24.24
0 0 24.27
0 0 24.31
0 0 24.34
0 0 24.38
0 0 24.41
0 0 24.44
0 0 24.47
0 0 24.51
0 0 24.54
0 0 24.58
0 0 24.61
0 0 24.64
0 0 24.68
0 0 24.71
0 0 24.74
0 0 24.78
0 0 24.81
0 0 24.84
0 0 24.87
0 0 24.91
0 0 24.94
0 0 24.97
0 0 25.01
0 0 25.04
0 0 25.08
0 0 25.11
0 0 25.14
0 0 25.18
0 0 25.21
0 0 25.24
0 0 25.27
0 0 25.31
0 0 25.34
0 0 25.37
0 0 25.41
0 0 25.44
0 0 25.47
0 0 25.51
0 0 25.54
0 0 25.58
0 0 25.61
0 0 25.64
0 0 25.68
0 0 25.71
0 0 25.74
0 0 25.77
0 0 25.81
0 0 25.84
0 0 25.88
0 0 25.91
0 0 25.94
0 0 25.97
0 0 26.01
0 0 26.04
0 0 26.07
0 0 26.11
0 0 26.14
0 0 26.18
0 0 26.21
0 0 26.24
0 0 26.27
0 0 26.31
0 0 26.34
0 0 26.37
0 0 26.41
0 0 26.44
0 0 26.47
0 0 26.51
0 0 26.54
0 0 26.58
0 0 26.61
0 0 26.64
0 0 26.68
0 0 26.71
0 0 26.74
0 0 26.78
0 0 26.81
0 0 26.85
0 0 26.88
0 0 26.91
0 0 26.94
0 0 26.98
0 0 27.01
0 0 27.04
0 0 27.07
0 0 27.11
0 0 27.14
0 0 27.18
0 0 27.21
0 0 27.24
0.552 0.256 27.28
0.522 0.031 27.31
0.498 0.032 27.34
0.462 0.039 27.38
0.432 0.034 27.41
0.403 0.035 27.44
0.378 0.035 27.48
0.357 0.038 27.51
0.345 0.028 27.54
0.337 0.025 27.58
0.332 0.023 27.61
0.328 0.021 27.64
0.326 0.023 27.68
0.323 0.019 27.71
0 0 27.74
0.317 0.025 27.78
0.316 0.01 27.81
0.315 0.009 27.85
0.313 0.003 27.88
0.311 0.004 27.91
0.308 0.007 27.94
0.303 0.005 27.98
0.298 0.009 28.01
0.296 0.008 28.05
0.296 0.012 28.08
0.298 0.019 28.11
0.302 0.026 28.14
0.311 0.032 28.18
0.323 0.031 28.21
0.338 0.032 28.24
0.354 0.029 28.28
0.373 0.03 28.31
0.388 0.022 28.34
0.402 0.02 28.38
0.414 0.017 28.41
0.42 0.01 28.44
0.417 0.003 28.48
0.409 0.009 28.51
0 0 28.54
0.387 0.029 28.58
0.375 0.015 28.61
0.359 0.021 28.64
0.346 0.02 28.68
0.335 0.019 28.71
0.325 0.02 28.74
0.317 0.019 28.78
0.312 0.019 28.81
0.308 0.019 28.85
0.304 0.018 28.88
0.303 0.018 28.91
0.302 0.016 28.94
0.303 0.015 28.98
0.306 0.014 29.01
0.309 0.012 29.04
0.312 0.009 29.08
0.314 0.008 29.11
0.317 0.008 29.14
0.317 0.004 29.18
0.317 0.007 29.21
0.313 0.006 29.25
0 0 29.28
0.309 0.005 29.31
0.307 0.003 29.35
0.304 0.006 29.38
0.303 0.001 29.41
0.3 0.004 29.44
0.299 0.006 29.48
0.297 0.013 29.51
0.295 0.017 29.54
0.295 0.026 29.58
0.296 0.034 29.61
0 0 29.64
0 0 29.68
0 0 29.71
0 0 29.74
0 0 29.77
0.448 0.255 29.81
0.474 0.03 29.84
0.502 0.03 29.88
0.525 0.024 29.91
0.535 0.014 29.94
0.551 0.021 29.97
0.557 0.01 30.01
0.56 0.009 30.04
0.56 0.014 30.07
0.561 0.009 30.11
0.566 0.014 30.14
0.574 0.019 30.18
0.575 0.005 30.21
0.581 0.01 30.24
0.576 0.002 30.27
0.577 0.002 30.31
0 0 30.34
0.58 0.005 30.37
0 0 30.41
0 0 30.44
0.578 0.01 30.47
0 0 30.51
0 0 30.54
0 0 30.57
0 0 30.61
0 0 30.64
0 0 30.67
0 0 30.71
0 0 30.74
0.584 0.04 30.77
0.58 0.008 30.81
0 0 30.84
0 0 30.87
0.558 0.021 30.91
0 0 30.94
0 0 30.97
0 0 31.01
0 0 31.04
0 0 31.07
0 0 31.11
0 0 31.14
0 0 31.18
0 0 31.21
0 0 31.24
0 0 31.27
0 0 31.31
0 0 31.34
0 0 31.37
0 0 31.41
0 0 31.44
0 0 31.47
0 0 31.51
0 0 31.54
0.514 0.016 31.58
0.512 0.005 31.61
0.525 0.016 31.64
0 0 31.67
0.515 0.011 31.71
0.51 0.009 31.74
0.506 0.009 31.77
0.511 0.005 31.81
0.506 0.006 31.84
0.504 0.01 31.88
0 0 31.91
0.506 0.026 31.94
0 0 31.97
0 0 32.01
0 0 32.04
0 0 32.07
0 0 32.11
0 0 32.14
0 0 32.17
0 0 32.21
0 0 32.24
0 0 32.27
0 0 32.31
0 0 32.34
0 0 32.37
0 0 32.41
0 0 32.44
0 0 32.47
0 0 32.51
0 0 32.54
0 0 32.57
0 0 32.61
0 0 32.64
0 0 32.67
0 0 32.71
0 0 32.74
0 0 32.77
0 0 32.81
0 0 32.84
0 0 32.87
0 0 32.91
0 0 32.94
0 0 32.97
0 0 33.01
0 0 33.04
0 0 33.07
0 0 33.11
0 0 33.14
0 0 33.18
0 0 33.21
0 0 33.24
0 0 33.27
0 0 33.31
0 0 33.34
0 0 33.37
0 0 33.41
0 0 33.44
0 0 33.47
0 0 33.51
0 0 33.54
0 0 33.57
0 0 33.61
0 0 33.64
0 0 33.68
0 0 33.71
0 0 33.74
0 0 33.77
0 0 33.81
0 0 33.84
0 0 33.88
0 0 33.91
0 0 33.94
0 0 33.97
0 0 34.01
0 0 34.04
0 0 34.07
0 0 34.11
0 0 34.14
0 0 34.17
0 0 34.21
0 0 34.24
0 0 34.27
0 0 34.31
0 0 34.34
0 0 34.37
0 0 34.41
0 0 34.44
0 0 34.47
0 0 34.51
0 0 34.54
0 0 34.58
0.356 0.03 34.61
0 0 34.64
0 0 34.67
0 0 34.71
0 0 34.74
0 0 34.77
0 0 34.81
0 0 34.84
0 0 34.87
0 0 34.91
0 0 34.94
0 0 34.98
0 0 35.01
0 0 35.04
0 0 35.07
0 0 35.11
0 0 35.14
0 0 35.18
0 0 35.21
0 0 35.24
0 0 35.27
0 0 35.31
0 0 35.34
0 0 35.37
0 0 35.41
0 0 35.44
0 0 35.47
0 0 35.51
0 0 35.54
0 0 35.57
0 0 35.61
0 0 35.64
0 0 35.67
0 0 35.71
0 0 35.74
0 0 35.77
0 0 35.81
0 0 35.84
0 0 35.87
0 0 35.91
0 0 35.94
0 0 35.97
0 0 36.01
0 0 36.04
0 0 36.07
0 0 36.11
0 0 36.14
0 0 36.17
0 0 36.21
0 0 36.24
0 0 36.27
0 0 36.31
0 0 36.34
0 0 36.37
0 0 36.41
0 0 36.44
0 0 36.47
0 0 36.51
0 0 36.54
0.422 0.151 36.58
0 0 36.61
0.416 0.016 36.64
0.401 0.018 36.68
0 0 36.71
0 0 36.74
0.388 0.02 36.77
0.379 0.01 36.81
0 0 36.84
0 0 36.87
0 0 36.91
0 0 36.94
0.399 0.05 36.97
0.378 0.033 37.01
0 0 37.04
0 0 37.07
0.387 0.014 37.11
0.387 0.001 37.14
0.39 0.004 37.18
0.38 0.017 37.21
0.381 0.003 37.24
0 0 37.27
0 0 37.31
0.376 0.008 37.34
0.378 0.003 37.37
0.376 0.002 37.41
0.381 0.002 37.44
0.382 0.002 37.47
0.382 0.004 37.51
0 0 37.54
0.392 0.008 37.57
0.39 0.006 37.61
0.39 0.006 37.64
0 0 37.67
0 0 37.7
0 0 37.74
0 0 37.77
0.404 0.027 37.81
0.401 0.012 37.84
0 0 37.87
0 0 37.91
0 0 37.94
0 0 37.97
0 0 38.01
0 0 38.04
0 0 38.07
0 0 38.1
0 0 38.14
0 0 38.17
0 0 38.21
0 0 38.24
0 0 38.27
0.403 0.105 38.31
0 0 38.34
0 0 38.37
0 0 38.4
0.403 0.009 38.44
0 0 38.47
0 0 38.51
0.404 0.004 38.54
0 0 38.57
0.401 0.005 38.61
0 0 38.64
0.397 0.015 38.68
0.391 0.011 38.71
0.387 0.006 38.74
0.388 0.005 38.77
0.382 0.009 38.81
0.379 0.006 38.84
0.378 0.008 38.87
0.374 0.007 38.91
0.369 0.008 38.94
0.367 0.008 38.97
0.361 0.009 39.01
0.354 0.009 39.04
0 0 39.07
0.346 0.018 39.11
0.34 0.008 39.14
0.333 0.01 39.18
0 0 39.21
0.324 0.019 39.24
0.314 0.012 39.27
0.305 0.016 39.31
0.291 0.017 39.34
0.275 0.021 39.37
0.264 0.022 39.41
0.249 0.025 39.44
0.237 0.021 39.47
0.229 0.017 39.51
0.224 0.013 39.54
0.219 0.007 39.58
0.217 0.004 39.61
0.223 0.009 39.64
0.23 0.014 39.68
0.243 0.018 39.71
0.265 0.027 39.74
0.279 0.024 39.78
0.297 0.022 39.81
0.316 0.022 39.84
0.337 0.021 39.87
0 0 39.91
0.365 0.032 39.94
0.38 0.014 39.97
0 0 40.01
0 0 40.04
0 0 40.07
0 0 40.11
0 0 40.14
0.399 0.018 40.17
0.399 0.008 40.21
0 0 40.24
0.381 0.018 40.27
0.375 0.011 40.31
0.363 0.013 40.34
0.35 0.014 40.37
0.337 0.016 40.41
0.321 0.017 40.44
0.305 0.018 40.47
0.289 0.018 40.51
0.276 0.017 40.54
0.264 0.014 40.58
0.257 0.01 40.61
0.255 0.006 40.64
0.256 0.003 40.68
0.262 0.006 40.71
0.274 0.011 40.74
0.288 0.015 40.77
0.299 0.016 40.81
0.315 0.017 40.84
0.335 0.02 40.87
0.353 0.021 40.91
0.371 0.022 40.94
0.387 0.023 40.98
0 0 41.01
0 0 41.04
0 0 41.07
0 0 41.11
0 0 41.14
0 0 41.17
0 0 41.21
0 0 41.24
0 0 41.27
0 0 41.31
0 0 41.34
0 0 41.37
0 0 41.41
0 0 41.44
0 0 41.47
0 0 41.51
0 0 41.54
0 0 41.57
0 0 41.61
0 0 41.64
0 0 41.68
0 0 41.71
0 0 41.74
0 0 41.77
0 0 41.81
0 0 41.84
0 0 41.87
0 0 41.91
0 0 41.94
0 0 41.97
0 0 42.01
0 0 42.04
0 0 42.07
0 0 42.11
0 0 42.14
0 0 42.17
0 0 42.21
0 0 42.24
0 0 42.27
0 0 42.3
0 0 42.34
0 0 42.37
0 0 42.4
0 0 42.44
0 0 42.47
0 0 42.51
0 0 42.54
0 0 42.57
0 0 42.61
0.476 0.138 42.64
0.472 0.011 42.67
0.469 0.01 42.71
0.466 0.011 42.74
0.466 0.014 42.77
0.467 0.008 42.81
0.467 0.01 42.84
0.463 0.005 42.87
0.464 0.004 42.91
0.468 0.002 42.94
0 0 42.97
0.474 0.008 43.01
0.475 0.002 43.04
0.475 0.003 43.07
0.476 0.003 43.11
0.478 0.002 43.14
0.479 0.004 43.17
0.479 0.002 43.21
0.481 0.004 43.24
0.483 0.001 43.27
0 0 43.3
0.484 0.002 43.34
0.488 0.002 43.37
0.488 0.0 43.41
0.489 0.002 43.44
0.492 0.001 43.47
0.494 0.002 43.51
0 0 43.54
0.496 0.002 43.57
0.5 0.001 43.61
0.501 0.001 43.64
0 0 43.67
0 0 43.71
0.503 0.001 43.74
0 0 43.77
0.505 0.002 43.81
0.505 0.0 43.84
0 0 43.87
0.506 0.001 43.91
0 0 43.94
0.511 0.003 43.97
0 0 44.01
0.516 0.002 44.04
0.514 0.002 44.07
0.514 0.0 44.11
0 0 44.14
0.519 0.002 44.17
0.518 0.001 44.21
0 0 44.24
0.519 0.006 44.27
0 0 44.3
0 0 44.34
0.514 0.013 44.37
0.511 0.005 44.41
0.507 0.006 44.44
0.51 0.004 44.47
0 0 44.51
0.502 0.012 44.54
0.501 0.002 44.57
0.5 0.008 44.61
0 0 44.64
0.491 0.01 44.67
0.488 0.009 44.71
0.472 0.016 44.74
0.452 0.022 44.77
0.439 0.027 44.81
0.409 0.033 44.84
0.382 0.034 44.87
0.359 0.04 44.91
0.334 0.037 44.94
0.322 0.038 44.97
0.311 0.033 45.01
0.307 0.031 45.04
0.303 0.028 45.07
0.301 0.024 45.11
0.305 0.021 45.14
0.304 0.014 45.17
0.309 0.016 45.21
0.311 0.008 45.24
0.309 0.005 45.27
0.308 0.003 45.31
0.308 0.002 45.34
0.305 0.008 45.37
0.305 0.003 45.41
0.302 0.007 45.44
0.299 0.006 45.47
0.3 0.004 45.51
0.301 0.007 45.54
0.3 0.007 45.57
0.3 0.012 45.61
0.301 0.018 45.64
0.302 0.024 45.68
0.307 0.03 45.71
0.318 0.036 45.74
0 0 45.77
0 0 45.8
0.378 0.114 45.84
0.406 0.035 45.87
0.437 0.032 45.91
0.465 0.03 45.94
0.487 0.023 45.97
0.509 0.024 46.01
0.527 0.018 46.04
0.523 0.01 46.07
0 0 46.1
0.53 0.013 46.14
0 0 46.17
0.534 0.012 46.21
0 0 46.24
0.537 0.007 46.27
0.539 0.003 46.31
0.539 0.002 46.34
0 0 46.37
0.541 0.002 46.41
0 0 46.44
0 0 46.47
0.531 0.015 46.51
0.524 0.007 46.54
0 0 46.57
0.5 0.027 46.61
0.483 0.018 46.64
0.463 0.021 46.67
0.442 0.023 46.71
0.419 0.026 46.74
0.4 0.023 46.77
0.386 0.02 46.81
0.367 0.033 46.84
0.356 0.022 46.87
0.345 0.026 46.91
0.344 0.022 46.94
0.341 0.026 46.97
0.339 0.019 47.01
0 0 47.04
0.331 0.028 47.07
0.327 0.014 47.11
0.324 0.013 47.14
0.319 0.012 47.18
0.316 0.011 47.21
0.314 0.011 47.24
0.313 0.008 47.27
0.312 0.006 47.31
0.311 0.004 47.34
0.308 0.005 47.37
0.304 0.005 47.41
0 0 47.44
0 0 47.47
0.298 0.006 47.51
0.299 0.004 47.54
0 0 47.57
0 0 47.61
0.296 0.005 47.64
0 0 47.67
0.291 0.009 47.71
0 0 47.74
0.287 0.008 47.78
0.286 0.005 47.81
0.285 0.001 47.84
0.284 0.001 47.87
0.283 0.005 47.91
0.283 0.003 47.94
0 0 47.97
0.283 0.017 48.01
0.283 0.019 48.04
0.284 0.03 48.07
0.293 0.038 48.11
0 0 48.14
0 0 48.17
0 0 48.2
0.394 0.157 48.24
0.428 0.038 48.27
0.458 0.033 48.31
0.488 0.032 48.34
0.508 0.02 48.37
0.522 0.015 48.41
0.536 0.014 48.44
0.543 0.008 48.47
0.55 0.008 48.51
0 0 48.54
0.555 0.012 48.57
0.555 0.004 48.61
0.557 0.007 48.64
0 0 48.67
0.559 0.01 48.71
0.559 0.006 48.74
0.557 0.005 48.77
0.554 0.004 48.81
0 0 48.84
0.551 0.008 48.87
0.553 0.005 48.91
0.556 0.004 48.94
0 0 48.97
0 0 49.0
0.57 0.021 49.04
0 0 49.07
0.582 0.023 49.11
0.591 0.015 49.14
0 0 49.17
0.599 0.043 49.21
0.603 0.025 49.24
0.619 0.021 49.27
0.64 0.024 49.31
0 0 49.34
0 0 49.37
0 0 49.4
0 0 49.44
0 0 49.47
0 0 49.5
0 0 49.54
0 0 49.57
0 0 49.6
0 0 49.64
0 0 49.67
0 0 49.7
0 0 49.74
0 0 49.77
0 0 49.8
0 0 49.84
0 0 49.87
0 0 49.91
0 0 49.94
0 0 49.97
0 0 50.01
0 0 50.04
0 0 50.07
0 0 50.1
0 0 50.14
0 0 50.17
0 0 50.2
0 0 50.24
0 0 50.27
0 0 50.3
0 0 50.34
0 0 50.37
0 0 50.4
0 0 50.44
0 0 50.47
0 0 50.5
0 0 50.54
0 0 50.57
0 0 50.6
0 0 50.64
0 0 50.67
0 0 50.7
0 0 50.74
0 0 50.77
0 0 50.8
0 0 50.84
0 0 50.87
0 0 50.9
0 0 50.94
0 0 50.97
0 0 51.0
0 0 51.04
0 0 51.07
0 0 51.1
0 0 51.14
0 0 51.17
0 0 51.2
0 0 51.24
0 0 51.27
0 0 51.3
0 0 51.34
0 0 51.37
0 0 51.4
0 0 51.44
0 0 51.47
0 0 51.5
0 0 51.54
0 0 51.57
0 0 51.6
0 0 51.64
0 0 51.67
0 0 51.7
0 0 51.74
0 0 51.77
0 0 51.8
0 0 51.84
0 0 51.87
0 0 51.9
0 0 51.94
0 0 51.97
0 0 52.0
0 0 52.04
0 0 52.07
0 0 52.1
0 0 52.14
0 0 52.17
0 0 52.2
0 0 52.24
0 0 52.27
0 0 52.3
0 0 52.34
0 0 52.37
0 0 52.4
0 0 52.44
0 0 52.47
0 0 52.5
0 0 52.54
0 0 52.57
0 0 52.6
0 0 52.64
0 0 52.67
0 0 52.7
0 0 52.74
0 0 52.77
0 0 52.8
0 0 52.84
0 0 52.87
0 0 52.9
0 0 52.94
0 0 52.97
0 0 53.0
0 0 53.04
0 0 53.07
0 0 53.1
0 0 53.14
0 0 53.17
0 0 53.2
0 0 53.24
0 0 53.27
0 0 53.3
0 0 53.34
0 0 53.37
0 0 53.4
0 0 53.44
