0 0 2.53
0 0 2.58
0 0 2.6
0 0 2.61
0 0 2.63
0 0 2.64
0 0 2.68
0 0 2.71
0 0 2.74
0 0 2.78
0 0 2.81
0 0 2.85
0 0 2.88
0 0 2.91
0 0 2.95
0 0 2.98
0 0 3.01
0 0 3.05
0 0 3.08
0 0 3.11
0 0 3.15
0 0 3.18
0 0 3.21
0 0 3.25
0 0 3.28
0 0 3.31
0 0 3.35
0 0 3.38
0 0 3.41
0 0 3.45
0 0 3.48
0 0 3.51
0 0 3.55
0 0 3.58
0 0 3.62
0 0 3.65
0 0 3.68
0 0 3.71
0 0 3.75
0 0 3.78
0 0 3.81
0 0 3.85
0 0 3.88
0 0 3.91
0 0 3.95
0 0 3.98
0 0 4.01
0 0 4.05
0 0 4.08
0 0 4.11
0 0 4.15
0 0 4.18
0 0 4.21
0 0 4.25
0 0 4.28
0 0 4.31
0 0 4.35
0 0 4.38
0 0 4.41
0 0 4.45
0 0 4.48
0 0 4.51
0 0 4.55
0 0 4.58
0 0 4.62
0 0 4.65
0 0 4.68
0 0 4.71
0 0 4.75
0 0 4.78
0 0 4.81
0 0 4.85
0 0 4.88
0 0 4.91
0 0 4.95
0 0 4.98
0 0 5.01
0 0 5.05
0 0 5.08
0 0 5.12
0 0 5.15
0 0 5.18
0 0 5.21
0 0 5.25
0 0 5.28
0 0 5.31
0 0 5.35
0 0 5.38
0 0 5.41
0 0 5.45
0 0 5.48
0 0 5.51
0 0 5.55
0 0 5.58
0 0 5.62
0 0 5.65
0 0 5.68
0 0 5.71
0 0 5.75
0 0 5.78
0 0 5.81
0 0 5.85
0 0 5.88
0 0 5.91
0 0 5.95
0 0 5.98
0 0 6.01
0 0 6.05
0 0 6.08
0 0 6.11
0 0 6.15
0 0 6.18
0 0 6.21
0 0 6.25
0 0 6.28
0 0 6.31
0 0 6.35
0 0 6.38
0 0 6.41
0 0 6.45
0 0 6.48
0 0 6.51
0 0 6.55
0 0 6.58
0 0 6.61
0 0 6.65
0 0 6.68
0 0 6.71
0 0 6.75
0 0 6.78
0 0 6.81
0 0 6.85
0 0 6.88
0 0 6.91
0 0 6.95
0 0 6.98
0 0 7.01
0 0 7.05
0 0 7.08
0 0 7.11
0 0 7.15
0 0 7.18
0 0 7.21
0 0 7.25
0 0 7.28
0 0 7.31
0 0 7.35
0 0 7.38
0 0 7.41
0 0 7.45
0 0 7.48
0 0 7.52
0 0 7.55
0 0 7.58
0 0 7.61
0 0 7.64
0 0 7.68
0 0 7.71
0 0 7.74
0 0 7.78
0 0 7.81
0 0 7.85
0 0 7.88
0 0 7.91
0 0 7.95
0 0 7.98
0 0 8.01
0 0 8.04
0 0 8.08
0 0 8.11
0 0 8.15
0 0 8.18
0 0 8.21
0 0 8.25
0 0 8.28
0 0 8.86
0 0 8.88
0 0 8.89
0 0 8.91
0 0 8.92
0 0 8.94
0 0 8.96
0 0 8.97
0 0 8.99
0 0 9.0
0 0 9.02
0 0 9.03
0 0 9.05
0 0 9.07
0 0 9.08
0 0 9.1
0 0 9.11
0 0 9.13
0 0 9.15
0 0 9.16
0 0 9.18
0 0 9.19
0 0 9.21
0 0 9.22
0 0 9.24
0 0 9.25
0 0 9.27
0 0 9.29
0 0 9.3
0 0 9.32
0 0 9.34
0 0 9.35
0 0 9.38
0 0 9.41
0 0 9.45
0 0 9.48
0 0 9.51
0 0 9.55
0 0 9.58
0 0 9.61
0 0 9.65
0 0 9.68
0 0 9.71
0 0 9.75
0 0 9.78
0 0 9.81
0 0 9.85
0 0 9.88
0 0 9.91
0 0 9.95
0 0 9.98
0 0 10.01
0 0 10.05
0 0 10.08
0 0 10.11
0 0 10.15
0 0 10.18
0 0 10.21
0 0 10.25
0 0 10.28
0 0 10.31
0 0 10.35
0 0 10.38
0 0 10.41
0 0 10.45
0 0 10.48
0 0 10.51
0 0 10.55
0 0 10.58
0 0 10.61
0 0 10.65
0 0 10.68
0 0 10.71
0 0 10.75
0 0 10.78
0 0 10.81
0 0 10.85
0 0 10.88
0 0 10.91
0 0 10.95
0 0 10.98
0 0 11.01
0 0 11.05
0 0 11.08
0 0 11.3
0 0 11.31
0 0 11.33
0 0 11.34
0 0 11.36
0 0 11.38
0 0 11.39
0 0 11.41
0 0 11.42
0 0 11.44
0 0 11.45
0 0 11.48
0 0 11.51
0 0 11.55
0 0 11.58
0 0 11.61
0 0 11.65
0 0 11.68
0 0 11.71
0 0 11.75
0 0 11.78
0 0 11.81
0 0 11.85
0 0 11.88
0 0 11.91
0 0 11.95
0 0 11.98
0 0 12.01
0 0 12.05
0 0 12.08
0 0 12.12
0 0 12.15
0 0 12.18
0 0 12.21
0 0 12.25
0 0 12.28
0 0 12.31
0 0 12.35
0 0 12.38
0 0 12.41
0 0 12.45
0 0 12.48
0 0 12.51
0 0 12.55
0 0 12.58
0 0 12.61
0 0 12.65
0 0 12.68
0 0 12.71
0 0 12.75
0 0 12.78
0 0 12.81
0 0 12.85
0 0 12.88
0 0 12.91
0 0 12.95
0 0 12.98
0 0 13.01
0 0 13.05
0 0 13.08
0 0 13.11
0 0 13.15
0 0 13.18
0 0 13.21
0 0 13.25
0 0 13.28
0 0 13.31
0 0 13.35
0 0 13.38
0 0 13.41
0 0 13.45
0 0 13.48
0 0 13.51
0 0 13.55
0 0 13.58
0 0 13.61
0 0 13.65
0 0 13.68
0 0 13.71
0 0 13.75
0 0 13.78
0 0 13.81
0 0 13.85
0 0 13.88
0 0 13.91
0 0 13.95
0 0 13.98
0 0 14.01
0 0 14.05
0 0 14.08
0 0 14.11
0 0 14.14
0 0 14.18
0 0 14.21
0 0 14.24
0 0 14.28
0 0 14.31
0 0 14.35
0 0 14.38
0 0 14.41
