0.327 0.013 4.09
0.325 0.01 4.12
0.324 0.009 4.15
0.323 0.008 4.19
0.323 0.007 4.22
0.322 0.006 4.25
0.321 0.005 4.28
0.32 0.005 4.32
0.318 0.005 4.35
0.316 0.004 4.39
0.315 0.004 4.42
0.313 0.005 4.45
0.315 0.003 4.48
0.314 0.004 4.52
0.312 0.003 4.55
0.31 0.002 4.58
0.311 0.002 4.62
0.31 0.002 4.65
0.308 0.002 4.69
0.308 0.002 4.72
0.307 0.002 4.75
0.305 0.002 4.78
0.307 0.001 4.82
0.307 0.001 4.85
0.306 0.001 4.88
0.308 0.001 4.92
0.307 0.001 4.95
0.306 0.001 4.99
0.305 0.001 5.02
0.307 0.002 5.05
0.306 0.002 5.08
0.306 0.002 5.12
0.31 0.002 5.15
0.31 0.003 5.19
0.31 0.003 5.22
0.314 0.004 5.25
0.315 0.005 5.29
0.316 0.006 5.32
0.321 0.007 5.35
0.323 0.009 5.39
0.328 0.011 5.42
0.333 0.012 5.45
0.345 0.014 5.49
0.356 0.015 5.52
0 0 5.55
0.388 0.034 5.59
0.403 0.016 5.62
0.421 0.02 5.65
0.447 0.017 5.69
0 0 5.72
0 0 5.75
0 0 5.78
0 0 5.82
0 0 5.85
0 0 5.88
0 0 5.92
0 0 5.95
0 0 5.98
0 0 6.02
0 0 6.05
0 0 6.08
0 0 6.12
0 0 6.15
0 0 6.18
0 0 6.22
0 0 6.25
0 0 6.28
0 0 6.32
0 0 6.35
0 0 6.38
0 0 6.41
0 0 6.45
0 0 6.48
0 0 6.52
0 0 6.55
0 0 6.58
0 0 6.62
0 0 6.65
0 0 6.68
0 0 6.72
0 0 6.75
0 0 6.78
0 0 6.81
0 0 6.85
0 0 6.88
0 0 6.92
0 0 6.95
0 0 6.98
0 0 7.01
0 0 7.05
0 0 7.08
0 0 7.11
0 0 7.15
0 0 7.18
0 0 7.21
0 0 7.25
0 0 7.28
0 0 7.31
0 0 7.35
0 0 7.38
0 0 7.41
0 0 7.45
0 0 7.48
0 0 7.51
0 0 7.55
0 0 7.58
0 0 7.61
0 0 7.65
0 0 7.68
0 0 7.71
0 0 7.75
0 0 7.78
0 0 7.81
0 0 7.85
0 0 7.88
0 0 7.91
0 0 7.95
0 0 7.98
0 0 8.02
0 0 8.05
0 0 8.08
0 0 8.11
0 0 8.15
0 0 8.18
0 0 8.21
0 0 8.25
0 0 8.28
0 0 8.31
0 0 8.35
0 0 8.38
0 0 8.41
0 0 8.45
0 0 8.48
0 0 8.51
0 0 8.55
0 0 8.58
0 0 8.61
0 0 8.65
0 0 8.68
0 0 8.71
0 0 8.75
0.541 0.026 8.78
0.523 0.019 8.82
0.507 0.018 8.85
0.49 0.019 8.88
0.475 0.018 8.92
0.462 0.016 8.95
0.45 0.016 8.98
0.442 0.013 9.02
0.435 0.011 9.05
0.43 0.009 9.08
0.427 0.007 9.12
0.424 0.006 9.15
0.42 0.005 9.19
0.418 0.005 9.22
0.415 0.005 9.25
0.414 0.004 9.28
0.412 0.004 9.32
0.411 0.003 9.35
0.41 0.003 9.38
0.408 0.003 9.42
0.406 0.003 9.45
0.405 0.002 9.48
0.404 0.002 9.52
0.404 0.002 9.55
0.404 0.001 9.58
0.404 0.001 9.62
0.403 0.001 9.65
0.402 0.001 9.68
0.401 0.001 9.72
0.4 0.001 9.75
0.398 0.001 9.78
0.396 0.002 9.82
0.394 0.002 9.85
0.391 0.002 9.88
0.389 0.003 9.92
0.386 0.003 9.95
0.384 0.003 9.98
0.38 0.002 10.02
0.378 0.003 10.05
0.376 0.002 10.08
0.374 0.002 10.12
0.372 0.002 10.15
0.37 0.002 10.18
0.367 0.002 10.22
0.365 0.002 10.25
0.363 0.003 10.28
0.361 0.002 10.32
0.359 0.002 10.35
0.358 0.001 10.38
0.358 0.001 10.42
0.357 0.001 10.45
0.358 0.002 10.48
0.36 0.002 10.52
0.361 0.003 10.55
0.363 0.003 10.58
0.365 0.004 10.62
0.366 0.005 10.65
0.37 0.006 10.68
0.373 0.006 10.72
0.378 0.007 10.75
0.382 0.008 10.78
0.387 0.01 10.82
0.395 0.011 10.85
0.401 0.011 10.88
0.41 0.012 10.92
0.418 0.012 10.95
0.429 0.014 10.98
0.439 0.012 11.02
0.452 0.016 11.05
0.465 0.015 11.08
0.477 0.014 11.12
0 0 11.15
0.507 0.032 11.18
0 0 11.21
0 0 11.25
0 0 11.28
0 0 11.31
0 0 11.35
0 0 11.38
0 0 11.41
0 0 11.44
0 0 11.48
0 0 11.51
0 0 11.54
0 0 11.58
0 0 11.61
0 0 11.65
0 0 11.68
0 0 11.71
0 0 11.74
0 0 11.78
0 0 11.81
0 0 11.85
0 0 11.88
0 0 11.91
0 0 11.95
0 0 11.98
0 0 12.01
0 0 12.04
0 0 12.08
0 0 12.11
0 0 12.15
0 0 12.18
0 0 12.21
0 0 12.25
0 0 12.28
0 0 12.31
0 0 12.35
0 0 12.38
0 0 12.41
0 0 12.45
0 0 12.48
0 0 12.51
0 0 12.55
0 0 12.58
0 0 12.61
0 0 12.65
0 0 12.68
0 0 12.71
0 0 12.74
0 0 12.78
0 0 12.81
0 0 12.85
0 0 12.88
0 0 12.91
0 0 12.95
0 0 12.98
0 0 13.01
0 0 13.05
0 0 13.08
0 0 13.11
0 0 13.15
0 0 13.18
0 0 13.21
0 0 13.25
0 0 13.28
0 0 13.31
0 0 13.35
0 0 13.38
0 0 13.41
0 0 13.45
0 0 13.48
0 0 13.51
0 0 13.55
0 0 13.58
0 0 13.61
0 0 13.65
0 0 13.68
0 0 13.71
0 0 13.74
0 0 13.78
0 0 13.81
0 0 13.85
0 0 13.88
0 0 13.91
0 0 13.95
0 0 13.98
0 0 14.01
0 0 14.04
0 0 14.08
0 0 14.11
0 0 14.15
0 0 14.18
0 0 14.21
0 0 14.25
0 0 14.28
0 0 14.31
0 0 14.35
0 0 14.38
0 0 14.41
0 0 14.45
0 0 14.48
0 0 14.51
0 0 14.54
0 0 14.58
0 0 14.61
0.534 0.035 14.65
0.512 0.022 14.68
0 0 14.71
0.471 0.044 14.75
0.451 0.02 14.78
0.436 0.016 14.81
0.422 0.015 14.85
0.41 0.013 14.88
0.401 0.011 14.92
0.395 0.01 14.95
0.39 0.009 14.98
0.386 0.007 15.01
0.385 0.007 15.05
0.383 0.006 15.08
0.379 0.006 15.12
0.377 0.005 15.15
0.374 0.004 15.18
0.371 0.005 15.21
0.369 0.004 15.25
0.367 0.004 15.28
0.36 0.004 15.31
0.359 0.003 15.35
0.358 0.003 15.38
0.356 0.003 15.42
0.35 0.003 15.45
0.347 0.003 15.48
0.344 0.004 15.52
0.337 0.004 15.55
0.335 0.002 15.58
0.334 0.002 15.61
0.331 0.003 15.65
0.332 0.004 15.68
0.334 0.005 15.71
0.336 0.006 15.75
0.336 0.008 15.78
0.341 0.01 15.81
0.348 0.012 15.85
0.352 0.014 15.88
0.364 0.016 15.91
0.377 0.016 15.95
0.389 0.018 15.98
0.405 0.017 16.02
0.422 0.017 16.05
0 0 16.08
0 0 16.11
0 0 16.15
0 0 16.18
0 0 16.21
0 0 16.24
0 0 16.28
0 0 16.31
0 0 16.35
0 0 16.38
0 0 16.41
0 0 16.44
0 0 16.48
0 0 16.51
0 0 16.54
0 0 16.58
0 0 16.61
0 0 16.64
0 0 16.68
0 0 16.71
0 0 16.74
0 0 16.78
0 0 16.81
0 0 16.85
0 0 16.88
0 0 16.91
0 0 16.94
0 0 16.98
0 0 17.01
0 0 17.04
0 0 17.08
0 0 17.11
0 0 17.14
0 0 17.18
0 0 17.21
0 0 17.24
0 0 17.28
0 0 17.31
0 0 17.35
0 0 17.38
0 0 17.41
0 0 17.44
0 0 17.48
0 0 17.51
0 0 17.54
0 0 17.58
0 0 17.61
0 0 17.65
0 0 17.68
0 0 17.71
0 0 17.74
0 0 17.78
0 0 17.81
0 0 17.85
0 0 17.88
0 0 17.91
0 0 17.94
0 0 17.98
0 0 18.01
0 0 18.04
0 0 18.08
0 0 18.11
0 0 18.14
0 0 18.18
0 0 18.21
0 0 18.24
0 0 18.28
0 0 18.31
0 0 18.35
0 0 18.38
0 0 18.41
0 0 18.44
0 0 18.48
0 0 18.51
0 0 18.54
0 0 18.58
0 0 18.61
0 0 18.64
0 0 18.68
0 0 18.71
0 0 18.75
0 0 18.78
0 0 18.81
0 0 18.85
0 0 18.88
0 0 18.91
0 0 18.94
0 0 18.98
0 0 19.01
0 0 19.05
0 0 19.08
0 0 19.11
0 0 19.14
0 0 19.18
0 0 19.21
0 0 19.25
0 0 19.28
0 0 19.31
0 0 19.35
0 0 19.38
0 0 19.41
0 0 19.45
0 0 19.48
0 0 19.51
0 0 19.54
0 0 19.58
0 0 19.61
0 0 19.64
0 0 19.68
0 0 19.71
0 0 19.74
0 0 19.78
0 0 19.81
0 0 19.85
0 0 19.88
0 0 19.91
0 0 19.94
0 0 19.98
0 0 20.01
0 0 20.04
0 0 20.08
0 0 20.11
0 0 20.14
0 0 20.18
0 0 20.21
0 0 20.24
0 0 20.28
0 0 20.31
0 0 20.34
0 0 20.38
0 0 20.41
0 0 20.44
0 0 20.48
0 0 20.51
0 0 20.54
0 0 20.58
0 0 20.61
0 0 20.64
0 0 20.68
0 0 20.71
0 0 20.74
0 0 20.78
0 0 20.81
0 0 20.85
0 0 20.88
0 0 20.91
0 0 20.94
0 0 20.98
0 0 21.01
0 0 21.04
0 0 21.08
0 0 21.11
0 0 21.14
0 0 21.18
0 0 21.21
0 0 21.24
0 0 21.28
0 0 21.31
0 0 21.34
0 0 21.38
0 0 21.41
0 0 21.44
0 0 21.48
0 0 21.51
0 0 21.54
0 0 21.58
0 0 21.61
0 0 21.64
0 0 21.68
0 0 21.71
0 0 21.74
0 0 21.78
0 0 21.81
0 0 21.84
0 0 21.88
0 0 21.91
0 0 21.94
0 0 21.98
0 0 22.01
0 0 22.04
0 0 22.08
0 0 22.11
0 0 22.14
0 0 22.18
0 0 22.21
0 0 22.24
0 0 22.28
0 0 22.31
0 0 22.35
0 0 22.38
0 0 22.41
0 0 22.44
0 0 22.48
0 0 22.51
0 0 22.54
0 0 22.58
0 0 22.61
0 0 22.64
0 0 22.68
0 0 22.71
0 0 22.74
0 0 22.78
0 0 22.81
0 0 22.84
0 0 22.88
0 0 22.91
0 0 22.94
0 0 22.98
0 0 23.01
0 0 23.04
0 0 23.08
0.46 0.088 23.11
0 0 23.14
0.414 0.047 23.18
0.397 0.025 23.21
0.379 0.021 23.24
0.364 0.018 23.28
0.351 0.016 23.31
0.347 0.013 23.35
0.34 0.011 23.38
0.334 0.009 23.41
0.336 0.008 23.44
0.332 0.007 23.48
0.329 0.005 23.52
0.333 0.005 23.55
0.331 0.004 23.58
0.33 0.003 23.61
0.33 0.003 23.64
0.342 0.003 23.68
0.342 0.002 23.71
0.342 0.002 23.75
0.348 0.001 23.78
0.347 0.002 23.81
0.347 0.001 23.85
0.351 0.001 23.88
0.35 0.001 23.91
0.349 0.002 23.94
0.353 0.001 23.98
0.352 0.001 24.01
0.351 0.001 24.04
0.351 0.001 24.08
0.355 0.001 24.11
0.355 0.001 24.14
0.354 0.002 24.18
0.357 0.002 24.21
0.355 0.002 24.25
0.354 0.002 24.28
0.356 0.003 24.31
0.354 0.002 24.35
0.353 0.002 24.38
0.357 0.002 24.41
0.356 0.001 24.45
0.354 0.002 24.48
0.353 0.002 24.51
0.356 0.001 24.55
0.356 0.0 24.58
0.356 0.0 24.61
0.359 0.001 24.65
0.359 0.001 24.68
0.359 0.001 24.71
0.362 0.001 24.75
0.362 0.002 24.78
0.361 0.001 24.81
0.36 0.002 24.85
0.365 0.001 24.88
0.364 0.001 24.91
0.364 0.001 24.95
0.366 0.001 24.98
0.366 0.0 25.01
0.367 0.001 25.05
0.37 0.001 25.08
0.371 0.002 25.11
0.371 0.001 25.15
0.374 0.002 25.18
0.375 0.002 25.21
0.376 0.002 25.25
0.38 0.002 25.28
0.381 0.002 25.31
0.382 0.003 25.35
0.382 0.003 25.38
0.384 0.004 25.41
0.384 0.006 25.45
0.384 0.008 25.48
0.388 0.01 25.51
0.392 0.012 25.55
0.396 0.014 25.58
0.404 0.015 25.61
0.413 0.016 25.65
0.424 0.017 25.68
0.437 0.016 25.71
0.45 0.016 25.75
0 0 25.78
0.478 0.029 25.81
0.494 0.016 25.85
0 0 25.88
0 0 25.91
0 0 25.94
0 0 25.98
0 0 26.01
0 0 26.04
0 0 26.08
0 0 26.11
0 0 26.14
0 0 26.18
0 0 26.21
0 0 26.24
0 0 26.28
0 0 26.31
0 0 26.34
0 0 26.38
0 0 26.41
0 0 26.44
0 0 26.47
0 0 26.51
0 0 26.54
0 0 26.58
0 0 26.61
0 0 26.64
0 0 26.68
0 0 26.71
0 0 26.74
0 0 26.77
0 0 26.81
0 0 26.84
0 0 26.88
0 0 26.91
0 0 26.94
0 0 26.97
0 0 27.01
0 0 27.04
0 0 27.07
0 0 27.11
0 0 27.14
0 0 27.18
0 0 27.21
0 0 27.24
0 0 27.27
0 0 27.31
0 0 27.34
0 0 27.37
0 0 27.41
0 0 27.44
0 0 27.47
0 0 27.51
0 0 27.54
0 0 27.58
0 0 27.61
0 0 27.64
0 0 27.68
0 0 27.71
0 0 27.74
0 0 27.78
0 0 27.81
0 0 27.84
0 0 27.87
0 0 27.91
0 0 27.94
0 0 27.97
0 0 28.01
0 0 28.04
0 0 28.07
0 0 28.11
0 0 28.14
0 0 28.18
0 0 28.21
0 0 28.24
0 0 28.27
0 0 28.31
0 0 28.34
0 0 28.38
0 0 28.41
0 0 28.44
0 0 28.47
0 0 28.51
0 0 28.54
0 0 28.58
0 0 28.61
0 0 28.64
0 0 28.68
0 0 28.71
0 0 28.74
0 0 28.77
0 0 28.81
0 0 28.84
0 0 28.87
0 0 28.91
0 0 28.94
0 0 28.97
0 0 29.01
0 0 29.04
0 0 29.07
0 0 29.11
0 0 29.14
0 0 29.18
0 0 29.21
0 0 29.24
0 0 29.28
0 0 29.31
0 0 29.34
0 0 29.38
0 0 29.41
0 0 29.44
0 0 29.47
0 0 29.51
0 0 29.54
0 0 29.57
0 0 29.61
0 0 29.64
0 0 29.68
0 0 29.71
0 0 29.74
0 0 29.78
0 0 29.81
0 0 29.84
0 0 29.87
0 0 29.91
0 0 29.94
0 0 29.98
0 0 30.01
0 0 30.04
0 0 30.07
0 0 30.11
0 0 30.14
0 0 30.18
0 0 30.21
0 0 30.24
0 0 30.27
0 0 30.31
0 0 30.34
0 0 30.37
0 0 30.41
0 0 30.44
0 0 30.48
0 0 30.51
0 0 30.54
0 0 30.58
0 0 30.61
0 0 30.64
0 0 30.68
0 0 30.71
0 0 30.74
0 0 30.78
0 0 30.81
0 0 30.84
0 0 30.87
0 0 30.91
0 0 30.94
0 0 30.97
0 0 31.01
0.565 0.094 31.04
0 0 31.07
0 0 31.11
0.499 0.074 31.14
0.48 0.023 31.18
0.461 0.024 31.21
0.447 0.021 31.24
0.436 0.019 31.28
0.429 0.015 31.31
0.421 0.012 31.35
0.414 0.01 31.38
0.408 0.008 31.41
0.403 0.007 31.44
0.398 0.006 31.48
0.396 0.006 31.51
0.394 0.005 31.54
0.393 0.005 31.58
0.392 0.003 31.61
0.392 0.003 31.64
0.391 0.002 31.68
0.39 0.002 31.71
0.389 0.002 31.75
0.388 0.002 31.78
0.387 0.002 31.81
0.385 0.002 31.85
0.384 0.001 31.88
0.382 0.002 31.91
0.381 0.001 31.95
0.38 0.002 31.98
0.378 0.002 32.01
0.376 0.003 32.04
0.375 0.003 32.08
0.374 0.001 32.11
0.373 0.002 32.14
0.372 0.003 32.18
0.371 0.001 32.21
0.371 0.002 32.25
0.371 0.001 32.28
0.372 0.002 32.31
0.374 0.002 32.35
0.375 0.003 32.38
0.376 0.002 32.41
0.377 0.003 32.45
0.377 0.004 32.48
0.378 0.004 32.51
0.379 0.005 32.54
0.381 0.005 32.58
0.382 0.006 32.61
0.385 0.007 32.65
0.388 0.009 32.68
0.391 0.01 32.71
0.396 0.011 32.74
0.4 0.012 32.78
0.406 0.012 32.81
0.412 0.012 32.85
0 0 32.87
0.428 0.025 32.91
0.438 0.013 32.94
0.449 0.013 32.98
0.461 0.014 33.01
0 0 33.04
0 0 33.07
0 0 33.11
0.524 0.07 33.14
0 0 33.18
0.551 0.028 33.21
0 0 33.24
0 0 33.27
0 0 33.31
0 0 33.34
0 0 33.37
0 0 33.41
0 0 33.44
0 0 33.47
0 0 33.51
0 0 33.54
0 0 33.58
0 0 33.61
0 0 33.64
0 0 33.67
0 0 33.71
0 0 33.74
0 0 33.77
0 0 33.81
0 0 33.84
0 0 33.88
0 0 33.91
0 0 33.94
0 0 33.97
0 0 34.01
0 0 34.04
0 0 34.07
0 0 34.11
0 0 34.14
0 0 34.18
0 0 34.21
0 0 34.24
0 0 34.27
0 0 34.31
0 0 34.34
0 0 34.37
0 0 34.41
0 0 34.44
0 0 34.47
0 0 34.51
0 0 34.54
0 0 34.58
0 0 34.61
0 0 34.64
0 0 34.68
0 0 34.71
0 0 34.74
0 0 34.77
0 0 34.81
0 0 34.84
0 0 34.87
0 0 34.91
0 0 34.94
0 0 34.97
0 0 35.01
0 0 35.04
0 0 35.07
0 0 35.11
0 0 35.14
0 0 35.17
0 0 35.21
0 0 35.24
0 0 35.27
0 0 35.31
0 0 35.34
0 0 35.37
0 0 35.41
0 0 35.44
0 0 35.48
0 0 35.51
0 0 35.54
0 0 35.57
0 0 35.61
0 0 35.64
0.524 0.02 35.68
0 0 35.71
0 0 35.74
0.51 0.01 35.78
0 0 35.81
0 0 35.84
0.507 0.003 35.88
0 0 35.91
0 0 35.94
0 0 35.97
0 0 36.01
0 0 36.04
0 0 36.07
0 0 36.11
0.475 0.023 36.15
0 0 36.17
0 0 36.21
0 0 36.24
0.471 0.009 36.28
0.476 0.005 36.31
0 0 36.34
0 0 36.37
0.491 0.022 36.41
0 0 36.44
0.512 0.022 36.48
0 0 36.51
0 0 36.54
0 0 36.57
0 0 36.61
0 0 36.64
0 0 36.68
0 0 36.71
0 0 36.74
0 0 36.77
0 0 36.81
0 0 36.84
0 0 36.87
0 0 36.91
0 0 36.94
0 0 36.97
0 0 37.01
0 0 37.04
0 0 37.07
0 0 37.11
0 0 37.14
0 0 37.17
0 0 37.21
0 0 37.24
0 0 37.27
0 0 37.31
0 0 37.34
0 0 37.37
0 0 37.41
0 0 37.44
0 0 37.47
0 0 37.51
0 0 37.54
0 0 37.57
0 0 37.61
0 0 37.64
0 0 37.68
0 0 37.71
0 0 37.74
0 0 37.77
0 0 37.81
0 0 37.84
0 0 37.87
0 0 37.91
0 0 37.94
0 0 37.97
0 0 38.01
0 0 38.04
0 0 38.07
0 0 38.11
0 0 38.14
0 0 38.17
0 0 38.21
0 0 38.24
0 0 38.27
0 0 38.31
0 0 38.34
0 0 38.37
0 0 38.41
0 0 38.44
0 0 38.47
0 0 38.51
0 0 38.54
0 0 38.58
0 0 38.61
0 0 38.64
0 0 38.68
0 0 38.71
0 0 38.74
0 0 38.77
0 0 38.81
0 0 38.84
0 0 38.87
0 0 38.91
0 0 38.94
0 0 38.97
0 0 39.01
0 0 39.04
0 0 39.07
0 0 39.11
0 0 39.14
0 0 39.18
0 0 39.21
0 0 39.24
0 0 39.27
0 0 39.31
0 0 39.34
0 0 39.38
0 0 39.41
0 0 39.44
0 0 39.47
0 0 39.51
0 0 39.54
0 0 39.58
0 0 39.61
0 0 39.64
0 0 39.68
0 0 39.71
0 0 39.74
0 0 39.78
0 0 39.81
0 0 39.84
0 0 39.88
0 0 39.91
0 0 39.94
0 0 39.97
0 0 40.01
0 0 40.04
0 0 40.07
0 0 40.11
0 0 40.14
0 0 40.18
0 0 40.21
0 0 40.24
0 0 40.28
0 0 40.31
0 0 40.34
0 0 40.37
0 0 40.41
0 0 40.44
0 0 40.48
0 0 40.51
0 0 40.54
0 0 40.57
0 0 40.61
0 0 40.64
0 0 40.68
0 0 40.71
0 0 40.74
0 0 40.77
0 0 40.81
0 0 40.84
0 0 40.87
0 0 40.91
0 0 40.94
0 0 40.97
0 0 41.01
0 0 41.04
0 0 41.07
0 0 41.11
0 0 41.14
0 0 41.18
0 0 41.21
0 0 41.24
0 0 41.27
0 0 41.31
0 0 41.34
0 0 41.37
0 0 41.41
0 0 41.44
0 0 41.47
0 0 41.51
0 0 41.54
0 0 41.58
0 0 41.61
0 0 41.64
0 0 41.67
0 0 41.71
0 0 41.74
0 0 41.78
0 0 41.81
0 0 41.84
0 0 41.87
0 0 41.91
0 0 41.94
0 0 41.97
0 0 42.01
0 0 42.04
0 0 42.07
0 0 42.11
0 0 42.14
0 0 42.18
0 0 42.21
0 0 42.24
0 0 42.27
0 0 42.31
0 0 42.34
0 0 42.37
0 0 42.41
0 0 42.44
0 0 42.47
0 0 42.51
0 0 42.54
0 0 42.57
0 0 42.61
0 0 42.64
0 0 42.68
0 0 42.71
0 0 42.74
0 0 42.77
0 0 42.81
0 0 42.84
0 0 42.87
0 0 42.91
0 0 42.94
0 0 42.97
0 0 43.01
0 0 43.04
0 0 43.07
0 0 43.11
0 0 43.14
0 0 43.17
0 0 43.21
0 0 43.24
0 0 43.27
0 0 43.31
0 0 43.34
0 0 43.37
0 0 43.41
0 0 43.44
0 0 43.47
0 0 43.51
0 0 43.54
0 0 43.57
0 0 43.61
0 0 43.64
0 0 43.67
0 0 43.71
0 0 43.74
0 0 43.77
0 0 43.81
0 0 43.84
0 0 43.87
0 0 43.91
0 0 43.94
0 0 43.97
0.377 0.018 44.01
0 0 44.04
0 0 44.07
0 0 44.11
0 0 44.14
0.335 0.053 44.18
0.328 0.008 44.21
0.322 0.007 44.24
0 0 44.27
0.314 0.015 44.31
0.311 0.004 44.34
0.308 0.005 44.38
0.309 0.004 44.41
0.308 0.002 44.44
0.306 0.003 44.48
0.309 0.002 44.51
0.308 0.003 44.54
0.307 0.004 44.58
0.308 0.004 44.61
0.304 0.006 44.64
0.298 0.007 44.68
0.292 0.009 44.71
0.291 0.008 44.74
0.285 0.01 44.78
0.28 0.008 44.81
0.284 0.008 44.84
0.281 0.009 44.88
0.279 0.009 44.91
0.28 0.009 44.94
0.278 0.009 44.97
0.276 0.008 45.01
0.277 0.008 45.04
0.275 0.007 45.07
0.274 0.006 45.11
0.273 0.006 45.14
0.275 0.005 45.18
0.275 0.004 45.21
0.273 0.003 45.24
0 0 45.27
0 0 45.31
0 0 45.34
0 0 45.37
0 0 45.41
0.275 0.011 45.44
0.274 0.004 45.48
0.271 0.004 45.51
0.267 0.004 45.54
0.265 0.003 45.58
0.265 0.003 45.61
0.263 0.003 45.64
0.262 0.002 45.68
0.263 0.002 45.71
0.263 0.001 45.74
0.263 0.001 45.77
0.264 0.004 45.81
0.263 0.006 45.84
0.261 0.01 45.88
0.261 0.013 45.91
0.261 0.017 45.94
0.263 0.019 45.98
0.268 0.022 46.01
0.279 0.023 46.04
0.293 0.024 46.07
0.311 0.024 46.11
0 0 46.14
0 0 46.17
0 0 46.21
0 0 46.24
0 0 46.27
0 0 46.3
0 0 46.34
0 0 46.37
0 0 46.41
0 0 46.44
0 0 46.47
0 0 46.51
0 0 46.54
0 0 46.57
0 0 46.6
0 0 46.64
0 0 46.67
0 0 46.71
0 0 46.74
0 0 46.77
0 0 46.8
0 0 46.84
0 0 46.87
0 0 46.91
0 0 46.94
0 0 46.97
0 0 47.01
0 0 47.04
0 0 47.07
0 0 47.1
0 0 47.14
0 0 47.17
0 0 47.21
0 0 47.24
0 0 47.27
0 0 47.3
0 0 47.34
0 0 47.37
0 0 47.41
0 0 47.44
0 0 47.47
0 0 47.51
0 0 47.54
0 0 47.57
0 0 47.6
0 0 47.64
0 0 47.67
0 0 47.7
0 0 47.74
0 0 47.77
0 0 47.8
0 0 47.84
0 0 47.87
0 0 47.91
0 0 47.94
0 0 47.97
0 0 48.01
0 0 48.04
0 0 48.07
0 0 48.11
0 0 48.14
0 0 48.17
0 0 48.21
0 0 48.24
0 0 48.27
0 0 48.31
0.381 0.06 48.34
0 0 48.37
0.349 0.046 48.41
0.335 0.02 48.44
0.326 0.019 48.47
0.317 0.017 48.51
0.31 0.014 48.54
0.309 0.012 48.57
0.305 0.01 48.61
0.303 0.008 48.64
0.302 0.006 48.68
0.304 0.005 48.71
0.306 0.005 48.74
0.308 0.005 48.77
0.313 0.003 48.81
0.315 0.003 48.84
0.315 0.002 48.87
0.318 0.002 48.91
0.317 0.002 48.94
0.316 0.003 48.97
0.318 0.003 49.01
0.317 0.002 49.04
0.317 0.002 49.07
0.316 0.001 49.11
0.32 0.001 49.14
0.32 0.001 49.18
0.321 0.001 49.21
0.324 0.002 49.24
0.324 0.002 49.28
0.326 0.001 49.31
0.334 0.001 49.34
0.333 0.001 49.37
0.332 0.002 49.41
0.334 0.002 49.44
0.332 0.003 49.47
0.33 0.002 49.51
0.329 0.002 49.54
0.332 0.001 49.57
0.332 0.001 49.61
0.332 0.001 49.64
0.336 0.002 49.68
0.335 0.002 49.71
0.335 0.001 49.74
0.337 0.003 49.77
0.337 0.001 49.81
0.336 0.002 49.84
0.341 0.001 49.87
0.34 0.001 49.91
0.339 0.001 49.94
0.339 0.002 49.97
0.342 0.004 50.01
0.342 0.005 50.04
0.34 0.008 50.08
0.344 0.01 50.11
0.344 0.013 50.14
0.346 0.017 50.18
0.354 0.018 50.21
0.361 0.019 50.24
0.372 0.02 50.27
0.386 0.019 50.31
0 0 50.34
0.42 0.035 50.37
0 0 50.41
0.458 0.036 50.44
0.475 0.017 50.47
0.491 0.017 50.51
0.51 0.017 50.54
0 0 50.57
0 0 50.6
0 0 50.64
0 0 50.67
0 0 50.71
0 0 50.74
0 0 50.77
0 0 50.81
0 0 50.84
0 0 50.87
0 0 50.9
0 0 50.94
0 0 50.97
0 0 51.0
0 0 51.04
0 0 51.07
0 0 51.1
0 0 51.14
0 0 51.17
0 0 51.2
0 0 51.24
0 0 51.27
0 0 51.3
0 0 51.34
0 0 51.37
0 0 51.41
0 0 51.44
0 0 51.47
0 0 51.51
0 0 51.54
0 0 51.57
0 0 51.6
0 0 51.64
0 0 51.67
0 0 51.7
0 0 51.74
0 0 51.77
0 0 51.8
0 0 51.84
0 0 51.87
0 0 51.9
0 0 51.94
0 0 51.97
0 0 52.0
0 0 52.04
0 0 52.07
0 0 52.1
0 0 52.14
0.592 0.078 52.17
0.593 0.004 52.21
0 0 52.24
0 0 52.27
0 0 52.3
0.585 0.009 52.34
0 0 52.37
0 0 52.4
0 0 52.44
0 0 52.47
0 0 52.51
0.594 0.012 52.54
0 0 52.57
0 0 52.6
0.595 0.002 52.64
0 0 52.67
0 0 52.7
0 0 52.74
0 0 52.77
0 0 52.8
0 0 52.84
0.6 0.01 52.87
0 0 52.9
0 0 52.94
0 0 52.97
0 0 53.01
0 0 53.04
0 0 53.07
0 0 53.1
0 0 53.14
0 0 53.17
0.539 0.084 53.21
0 0 53.24
0 0 53.27
0 0 53.3
0.468 0.08 53.34
0.45 0.024 53.37
0.436 0.02 53.41
0.423 0.019 53.44
0.412 0.018 53.47
0.403 0.016 53.51
0.395 0.014 53.54
0.389 0.013 53.58
0.384 0.011 53.61
0.38 0.01 53.64
0.376 0.01 53.68
0.374 0.008 53.71
0.374 0.007 53.74
0.375 0.007 53.77
0.377 0.005 53.81
0.378 0.004 53.84
0.377 0.002 53.87
0.377 0.002 53.91
0.376 0.001 53.94
0.373 0.001 53.97
0.371 0.002 54.01
0.369 0.002 54.04
0.367 0.002 54.07
0.363 0.003 54.11
0.363 0.003 54.14
0.361 0.002 54.17
0.358 0.003 54.21
0.357 0.003 54.24
0.357 0.004 54.28
0.356 0.005 54.31
0.357 0.006 54.34
0.359 0.007 54.37
0.36 0.01 54.41
0.365 0.01 54.44
0.371 0.012 54.47
0.377 0.014 54.51
0 0 54.54
0.394 0.03 54.57
0.406 0.016 54.61
0 0 54.64
0.434 0.034 54.67
0.451 0.02 54.71
0.468 0.018 54.74
0.485 0.018 54.77
0.509 0.026 54.81
0 0 54.84
0 0 54.87
0 0 54.91
0 0 54.94
0 0 54.97
0 0 55.01
0 0 55.04
0 0 55.07
0 0 55.1
0 0 55.14
0 0 55.17
0 0 55.2
0 0 55.24
0 0 55.27
0 0 55.3
0 0 55.34
0 0 55.37
0 0 55.4
0 0 55.44
0 0 55.47
0 0 55.5
0 0 55.54
0 0 55.57
0 0 55.6
0 0 55.64
0 0 55.67
0 0 55.7
0 0 55.74
0 0 55.77
0 0 55.8
0 0 55.84
0 0 55.87
0 0 55.9
0 0 55.94
0 0 55.97
0 0 56.01
0 0 56.04
0 0 56.07
0 0 56.1
0 0 56.14
0 0 56.17
0 0 56.2
0 0 56.24
0 0 56.27
0 0 56.3
0 0 56.34
0 0 56.37
0 0 56.4
0 0 56.44
0 0 56.47
0 0 56.5
0 0 56.54
0 0 56.57
0 0 56.6
0 0 56.64
0 0 56.67
0 0 56.7
0 0 56.74
0 0 56.77
0 0 56.8
0 0 56.84
0 0 56.87
0 0 56.9
0 0 56.94
0 0 56.97
0.522 0.03 57.01
0.5 0.024 57.04
0 0 57.07
0.458 0.044 57.11
0.44 0.021 57.14
0.423 0.02 57.17
0.408 0.018 57.21
0.395 0.016 57.24
0.387 0.012 57.27
0.38 0.01 57.31
0.375 0.008 57.34
0.372 0.006 57.37
0.37 0.005 57.41
0.369 0.005 57.44
0.368 0.004 57.47
0.369 0.004 57.51
0.369 0.003 57.54
0.37 0.002 57.57
0.369 0.001 57.61
0.37 0.002 57.64
0.37 0.001 57.67
0.37 0.001 57.71
0.37 0.001 57.74
0.37 0.001 57.77
0.371 0.001 57.81
0.371 0.002 57.84
0.372 0.001 57.87
0.372 0.001 57.91
0.372 0.002 57.94
0.372 0.001 57.97
0.372 0.001 58.01
0.371 0.002 58.04
0.37 0.001 58.08
0.369 0.001 58.11
0.367 0.001 58.14
0.366 0.001 58.18
0.365 0.001 58.21
0.364 0.001 58.24
0.363 0.002 58.27
0.361 0.002 58.31
0.359 0.003 58.34
0.356 0.003 58.37
0.353 0.003 58.41
0.35 0.002 58.44
0.349 0.002 58.48
0.347 0.003 58.51
0.344 0.005 58.54
0.343 0.005 58.58
0.343 0.007 58.61
0.343 0.008 58.64
0.346 0.009 58.67
0.35 0.01 58.71
0 0 58.74
0.363 0.024 58.77
0.373 0.013 58.81
0.385 0.015 58.84
0.398 0.017 58.87
0.414 0.017 58.91
0.43 0.017 58.94
0.447 0.02 58.97
0.465 0.018 59.01
0.483 0.018 59.04
0.495 0.019 59.07
0.509 0.015 59.11
0 0 59.14
0 0 59.17
0 0 59.2
0 0 59.24
0 0 59.27
0 0 59.3
0 0 59.34
0 0 59.37
0 0 59.4
0 0 59.44
0 0 59.47
0 0 59.5
0 0 59.54
0 0 59.57
0 0 59.6
0 0 59.64
0 0 59.67
0 0 59.7
0 0 59.74
0 0 59.77
0 0 59.8
0 0 59.84
0 0 59.87
0 0 59.9
0 0 59.94
0 0 59.97
0 0 60.0
0 0 60.04
0 0 60.07
0 0 60.1
0 0 60.14
0 0 60.17
0 0 60.2
0 0 60.24
0 0 60.27
0 0 60.3
0 0 60.34
0 0 60.37
0 0 60.4
0 0 60.44
0 0 60.47
0 0 60.5
0 0 60.54
0 0 60.57
0 0 60.6
0 0 60.64
0 0 60.67
0 0 60.7
0 0 60.74
0 0 60.77
0 0 60.8
0 0 60.84
0 0 60.87
0 0 60.9
0 0 60.94
0 0 60.97
0 0 61.01
0 0 61.04
0 0 61.07
0 0 61.11
0 0 61.14
0 0 61.17
0 0 61.2
0 0 61.24
0 0 61.27
0 0 61.3
0 0 61.34
0 0 61.37
0 0 61.4
0 0 61.44
0 0 61.47
0 0 61.5
0 0 61.54
0 0 61.57
0 0 61.6
0 0 61.64
0 0 61.67
0 0 61.7
0 0 61.74
0 0 61.77
0 0 61.8
0 0 61.84
0 0 61.87
0 0 61.9
0 0 61.94
0 0 61.97
0 0 62.0
0 0 62.04
0 0 62.07
0 0 62.1
0 0 62.14
0 0 62.17
0 0 62.2
0 0 62.24
0 0 62.27
0 0 62.3
0 0 62.34
0 0 62.37
0 0 62.4
0 0 62.44
0 0 62.47
0 0 62.5
0 0 62.54
0 0 62.57
0 0 62.6
0 0 62.64
0 0 62.67
0 0 62.7
0 0 62.74
0 0 62.77
0 0 62.8
0 0 62.84
0 0 62.87
0 0 62.9
0 0 62.94
0 0 62.97
0 0 63.0
0 0 63.04
0 0 63.07
0 0 63.1
0 0 63.14
0 0 63.17
0 0 63.2
0 0 63.24
0 0 63.27
0 0 63.3
0 0 63.34
0 0 63.37
0 0 63.4
0 0 63.44
0 0 63.47
0 0 63.5
0 0 63.54
0 0 63.57
0 0 63.6
0 0 63.64
0 0 63.67
0 0 63.7
0 0 63.74
0 0 63.77
0 0 63.8
0 0 63.84
0 0 63.87
0 0 63.9
0 0 63.94
0 0 63.97
0 0 64.01
0 0 64.04
0 0 64.07
0 0 64.1
0 0 64.14
0 0 64.17
0 0 64.2
0 0 64.24
0 0 64.27
0 0 64.3
0 0 64.34
0 0 64.37
0 0 64.4
0 0 64.44
0 0 64.47
0 0 64.5
0 0 64.54
0 0 64.57
0 0 64.6
0 0 64.64
0 0 64.67
0 0 64.7
0 0 64.74
0 0 64.77
0 0 64.8
0 0 64.84
0 0 64.87
0 0 64.9
0 0 64.93
0 0 64.97
0 0 65.0
0 0 65.04
0 0 65.07
0 0 65.1
0 0 65.14
0 0 65.17
0 0 65.2
0 0 65.24
0 0 65.27
0 0 65.3
0 0 65.34
0 0 65.37
0 0 65.4
0 0 65.44
0 0 65.47
0 0 65.5
0 0 65.54
0 0 65.57
0 0 65.6
0 0 65.63
0 0 65.67
0 0 65.7
0 0 65.73
0 0 65.77
0 0 65.8
0 0 65.84
0 0 65.87
0 0 65.9
0 0 65.93
0 0 65.97
0 0 66.0
0 0 66.03
0 0 66.07
0 0 66.1
0 0 66.14
0 0 66.17
0 0 66.2
0 0 66.24
0 0 66.27
0 0 66.3
0 0 66.34
0 0 66.37
0 0 66.4
0 0 66.43
0 0 66.47
0 0 66.5
0 0 66.53
0 0 66.57
0 0 66.6
0 0 66.63
0 0 66.67
0 0 66.7
0 0 66.73
0 0 66.77
0 0 66.8
0 0 66.84
0 0 66.87
0 0 66.9
0 0 66.93
0 0 66.97
0 0 67.0
0 0 67.03
0 0 67.07
0 0 67.1
0 0 67.13
0 0 67.17
0 0 67.2
0 0 67.24
0 0 67.27
0 0 67.3
0 0 67.34
0 0 67.37
0 0 67.4
0 0 67.43
0 0 67.47
0 0 67.5
0 0 67.53
0 0 67.57
0 0 67.6
0 0 67.63
0 0 67.67
0 0 67.7
0 0 67.74
0 0 67.77
0 0 67.8
0 0 67.84
0 0 67.87
0 0 67.9
0 0 67.93
0 0 67.97
0 0 68.0
0.502 0.006 68.04
0.483 0.02 68.07
0.462 0.024 68.1
0 0 68.13
0.428 0.042 68.17
0.412 0.018 68.2
0 0 68.24
0.388 0.034 68.27
0.377 0.015 68.3
0.368 0.014 68.34
0.364 0.013 68.37
0.359 0.013 68.4
0.356 0.011 68.44
0.357 0.01 68.47
0.357 0.011 68.51
0.356 0.008 68.54
0.357 0.008 68.57
0.361 0.009 68.6
0.361 0.006 68.64
0.361 0.006 68.67
0.364 0.005 68.7
0.363 0.003 68.74
0.362 0.005 68.77
0.365 0.002 68.81
0.364 0.003 68.84
0.362 0.002 68.87
0.362 0.003 68.91
0.36 0.002 68.94
0.359 0.001 68.97
0.36 0.002 69.01
0.358 0.001 69.04
0.357 0.003 69.07
0.355 0.002 69.1
0.355 0.004 69.14
0.353 0.003 69.17
0.351 0.006 69.21
0 0 69.24
0.345 0.007 69.27
0.343 0.003 69.31
0.341 0.003 69.34
0.339 0.002 69.37
0.338 0.002 69.4
0.339 0.001 69.44
0.339 0.006 69.47
0.339 0.004 69.51
0.34 0.007 69.54
0.343 0.008 69.57
0.347 0.011 69.6
0.351 0.015 69.64
0.359 0.018 69.67
0.367 0.02 69.7
0.379 0.021 69.74
0 0 69.77
0.409 0.041 69.8
0.429 0.022 69.84
0.449 0.021 69.87
0.471 0.023 69.9
0.493 0.023 69.94
0.514 0.022 69.97
0.534 0.021 70.0
0 0 70.04
0 0 70.07
0 0 70.1
0 0 70.13
0 0 70.17
0 0 70.2
0 0 70.24
0 0 70.27
0 0 70.3
0 0 70.34
0 0 70.37
0 0 70.4
0 0 70.43
0 0 70.47
0 0 70.5
0 0 70.53
0 0 70.57
0 0 70.6
0 0 70.63
0 0 70.67
0 0 70.7
0 0 70.73
0 0 70.77
0 0 70.8
0 0 70.84
0 0 70.87
0 0 70.9
0 0 70.93
0 0 70.97
0 0 71.0
0 0 71.03
0 0 71.07
0 0 71.1
0 0 71.13
0 0 71.17
0 0 71.2
0 0 71.23
0 0 71.27
0 0 71.3
0 0 71.34
0 0 71.37
0 0 71.4
0 0 71.43
0 0 71.47
0 0 71.5
0 0 71.53
0 0 71.57
0 0 71.6
0 0 71.63
0 0 71.67
0 0 71.7
0 0 71.73
0 0 71.77
0 0 71.8
0 0 71.83
0 0 71.87
0 0 71.9
0 0 71.93
0 0 71.97
0 0 72.0
0 0 72.03
0 0 72.07
0 0 72.1
0 0 72.13
0.546 0.012 72.17
0 0 72.2
0.494 0.057 72.24
0 0 72.27
0 0 72.3
0 0 72.34
0.41 0.105 72.37
0.399 0.021 72.4
0.391 0.017 72.44
0.384 0.013 72.47
0.38 0.01 72.51
0.376 0.008 72.54
0.375 0.006 72.57
0.374 0.005 72.6
0.372 0.004 72.64
0.37 0.003 72.67
0.369 0.003 72.7
0.368 0.002 72.74
0.366 0.002 72.77
0.364 0.002 72.8
0.363 0.002 72.84
0.362 0.002 72.87
0.36 0.002 72.91
0.359 0.002 72.94
0.357 0.003 72.97
0.356 0.002 73.01
0.355 0.002 73.04
0.354 0.004 73.07
0.355 0.006 73.1
0.357 0.009 73.14
0.363 0.011 73.17
0.372 0.014 73.2
0.381 0.015 73.24
0.391 0.018 73.27
0.403 0.019 73.3
0.417 0.019 73.34
0.431 0.018 73.37
0 0 73.4
0.463 0.039 73.44
0.48 0.019 73.47
0.499 0.022 73.51
0 0 73.53
0 0 73.57
0 0 73.6
0 0 73.63
0 0 73.67
0 0 73.7
0 0 73.73
0 0 73.77
0 0 73.8
0 0 73.83
0 0 73.87
0 0 73.9
0 0 73.93
0 0 73.97
0 0 74.0
0 0 74.03
0 0 74.07
0 0 74.1
0 0 74.13
0 0 74.17
0 0 74.2
0 0 74.23
0 0 74.27
0 0 74.3
0 0 74.33
0 0 74.37
0 0 74.4
0 0 74.43
0 0 74.47
0 0 74.5
0 0 74.53
0 0 74.57
0 0 74.6
0 0 74.63
0 0 74.67
0 0 74.7
0 0 74.73
0 0 74.77
0 0 74.8
0 0 74.83
0 0 74.87
0 0 74.9
0 0 74.93
0 0 74.97
0 0 75.0
0 0 75.03
0 0 75.07
0 0 75.1
0 0 75.13
0 0 75.17
0 0 75.2
0 0 75.23
0 0 75.27
0 0 75.3
0 0 75.34
0 0 75.37
0 0 75.4
0 0 75.43
0.533 0.056 75.47
0.519 0.016 75.5
0.503 0.02 75.54
0 0 75.57
0.475 0.038 75.6
0.462 0.019 75.64
0.45 0.014 75.67
0.441 0.013 75.7
0.436 0.011 75.74
0.435 0.008 75.77
0.437 0.005 75.81
0.44 0.003 75.84
0.444 0.005 75.87
0.451 0.009 75.9
0.456 0.007 75.94
0.46 0.007 75.97
0.463 0.006 76.0
0.468 0.006 76.04
0.472 0.006 76.07
0.474 0.004 76.1
0.477 0.006 76.14
0.48 0.004 76.17
0.485 0.007 76.2
0.491 0.006 76.24
0.496 0.006 76.27
0.5 0.004 76.3
0 0 76.34
0.504 0.005 76.37
0 0 76.4
0 0 76.43
0.509 0.006 76.47
0.511 0.002 76.5
0.511 0.001 76.53
0 0 76.57
0.511 0.001 76.6
0.512 0.001 76.63
0.513 0.002 76.67
0.513 0.001 76.7
0 0 76.73
0 0 76.77
0.519 0.008 76.8
0.52 0.001 76.84
0 0 76.87
0.523 0.004 76.9
0 0 76.93
0.528 0.005 76.97
0 0 77.0
0 0 77.03
0.534 0.006 77.07
0 0 77.1
0.535 0.002 77.13
0 0 77.17
0.536 0.001 77.2
0.537 0.002 77.23
0.536 0.003 77.27
0.538 0.003 77.3
0.537 0.002 77.34
0 0 77.37
0 0 77.4
0 0 77.43
0.54 0.003 77.47
0.541 0.001 77.5
0 0 77.53
0 0 77.57
0 0 77.6
0 0 77.64
0.537 0.01 77.67
0.538 0.001 77.7
0.538 0.001 77.73
0.538 0.001 77.77
0.539 0.001 77.8
0.539 0.0 77.84
0.538 0.0 77.87
0 0 77.9
0 0 77.93
0.537 0.003 77.97
0.537 0.002 78.0
0 0 78.04
0 0 78.07
0 0 78.1
0 0 78.13
0 0 78.17
0.54 0.007 78.2
0 0 78.23
0 0 78.27
0 0 78.3
0 0 78.34
0 0 78.37
0 0 78.4
0 0 78.43
0 0 78.47
0 0 78.5
0 0 78.53
0 0 78.57
0 0 78.6
0.538 0.005 78.63
0.537 0.002 78.67
0.535 0.001 78.7
0.536 0.001 78.74
0.536 0.001 78.77
0 0 78.8
0 0 78.84
0 0 78.87
0.53 0.005 78.9
0 0 78.93
0.524 0.001 78.97
0 0 79.0
0.521 0.002 79.03
0.522 0.001 79.07
0.522 0.002 79.1
0.52 0.002 79.14
0.521 0.002 79.17
0.522 0.003 79.2
0 0 79.23
0.526 0.011 79.27
0 0 79.3
0 0 79.33
0 0 79.37
0 0 79.4
0 0 79.43
0 0 79.47
0 0 79.5
0 0 79.53
0 0 79.57
0 0 79.6
0 0 79.63
0 0 79.67
0 0 79.7
0 0 79.73
0 0 79.77
0 0 79.8
0 0 79.83
0 0 79.87
0 0 79.9
0 0 79.93
0 0 79.97
0 0 80.0
0 0 80.03
0 0 80.07
0 0 80.1
0 0 80.13
0 0 80.17
0 0 80.2
0 0 80.23
0 0 80.27
0 0 80.3
