0 0 6.71
0 0 6.74
0 0 6.77
0 0 6.8
0 0 6.84
0.374 0.083 6.88
0 0 6.91
0.357 0.027 6.94
0 0 6.97
0 0 7.01
0 0 7.04
0.342 0.048 7.08
0 0 7.11
0.333 0.017 7.14
0.327 0.008 7.18
0.323 0.006 7.21
0.322 0.005 7.24
0.323 0.005 7.27
0.322 0.002 7.31
0.323 0.002 7.34
0.325 0.002 7.38
0.325 0.001 7.41
0 0 7.44
0.329 0.005 7.47
0 0 7.51
0.336 0.014 7.54
0 0 7.57
0 0 7.61
0 0 7.64
0 0 7.68
0 0 7.71
0 0 7.74
0 0 7.77
0 0 7.81
0 0 7.84
0 0 7.87
0 0 7.91
0 0 7.94
0 0 7.97
0 0 8.01
0 0 8.04
0 0 8.07
0 0 8.11
0 0 8.14
0 0 8.17
0 0 8.21
0 0 8.24
0 0 8.27
0 0 8.31
0 0 8.34
0 0 8.37
0 0 8.41
0 0 8.44
0 0 8.47
0 0 8.51
0 0 8.54
0 0 8.57
0 0 8.61
0 0 8.64
0 0 8.67
0 0 8.71
0 0 8.74
0 0 8.77
0 0 8.81
0 0 8.84
0 0 8.87
0 0 8.91
0 0 8.94
0 0 8.97
0 0 9.01
0 0 9.04
0 0 9.07
0 0 9.11
0 0 9.14
0 0 9.17
0 0 9.21
0 0 9.24
0 0 9.27
0 0 9.31
0 0 9.34
0 0 9.37
0 0 9.41
0 0 9.44
0 0 9.47
0 0 9.51
0 0 9.54
0 0 9.57
0 0 9.61
0 0 9.64
0 0 9.68
0 0 9.71
0 0 9.74
0 0 9.77
0.488 0.127 9.81
0.481 0.018 9.84
0 0 9.87
0.461 0.031 9.91
0.456 0.013 9.94
0.449 0.012 9.98
0.441 0.012 10.01
0.44 0.011 10.04
0.429 0.016 10.08
0.429 0.01 10.11
0.424 0.01 10.14
0.426 0.007 10.18
0.421 0.007 10.21
0.417 0.006 10.24
0.414 0.007 10.28
0.408 0.007 10.31
0.403 0.006 10.34
0.404 0.004 10.38
0.402 0.003 10.41
0.401 0.002 10.44
0.4 0.002 10.48
0.402 0.002 10.51
0.403 0.003 10.54
0.403 0.001 10.58
0.405 0.002 10.61
0.407 0.002 10.64
0.407 0.0 10.68
0.41 0.002 10.71
0.411 0.004 10.74
0.411 0.002 10.77
0.413 0.002 10.81
0.417 0.002 10.84
0.419 0.002 10.88
0.42 0.001 10.91
0.422 0.001 10.94
0.422 0.001 10.97
0.422 0.001 11.01
0.423 0.004 11.04
0.425 0.005 11.07
0.429 0.007 11.11
0.435 0.011 11.14
0.439 0.015 11.18
0.45 0.013 11.21
0 0 11.24
0 0 11.27
0.477 0.037 11.31
0 0 11.34
0 0 11.37
0 0 11.41
0 0 11.44
0.497 0.02 11.47
0.494 0.004 11.51
0 0 11.54
0 0 11.57
0.487 0.012 11.61
0.481 0.006 11.64
0.476 0.008 11.67
0.464 0.011 11.71
0.455 0.011 11.74
0.446 0.013 11.78
0.441 0.014 11.81
0.434 0.01 11.84
0.431 0.009 11.88
0.427 0.007 11.91
0.427 0.008 11.94
0.425 0.006 11.98
0.422 0.004 12.01
0.421 0.005 12.04
0.42 0.005 12.07
0.42 0.003 12.11
0.42 0.002 12.14
0.419 0.001 12.18
0.42 0.0 12.21
0.421 0.001 12.24
0.422 0.002 12.27
0.423 0.001 12.31
0.422 0.002 12.34
0.422 0.0 12.38
0.422 0.001 12.41
0.421 0.002 12.44
0.421 0.001 12.47
0.42 0.002 12.51
0.422 0.002 12.54
0.422 0.004 12.57
0.423 0.003 12.61
0.424 0.004 12.64
0.425 0.006 12.68
0.427 0.007 12.71
0.429 0.008 12.74
0.432 0.01 12.77
0.437 0.012 12.81
0.44 0.014 12.84
0.444 0.015 12.87
0.452 0.016 12.91
0.461 0.017 12.94
0.471 0.018 12.97
0.486 0.019 13.01
0.505 0.021 13.04
0 0 13.07
0.541 0.038 13.11
0 0 13.14
0 0 13.17
0 0 13.21
0 0 13.24
0 0 13.27
0 0 13.3
0 0 13.34
0 0 13.37
0 0 13.41
0 0 13.44
0 0 13.47
0 0 13.51
0 0 13.54
0 0 13.57
0 0 13.61
0 0 13.64
0 0 13.67
0 0 13.7
0 0 13.74
0 0 13.77
0 0 13.8
0 0 13.84
0 0 13.87
0 0 13.91
0 0 13.94
0 0 13.97
0 0 14.01
0 0 14.04
0 0 14.07
0 0 14.11
0 0 14.14
0 0 14.17
0 0 14.2
0 0 14.24
0 0 14.27
0 0 14.3
0 0 14.34
0 0 14.37
0 0 14.41
0 0 14.44
0 0 14.47
0 0 14.51
0 0 14.54
0 0 14.57
0 0 14.6
0 0 14.64
0 0 14.67
0 0 14.7
0 0 14.74
0 0 14.77
0.651 0.131 14.81
0 0 14.84
0.62 0.031 14.87
0.589 0.034 14.91
0.575 0.016 14.94
0.539 0.037 14.97
0.514 0.026 15.01
0.49 0.024 15.04
0.463 0.028 15.07
0.441 0.025 15.11
0 0 15.14
0.407 0.044 15.17
0.396 0.014 15.21
0.387 0.011 15.24
0.381 0.008 15.27
0.377 0.006 15.31
0 0 15.34
0.374 0.01 15.37
0.375 0.005 15.41
0 0 15.44
0.378 0.006 15.47
0 0 15.51
0 0 15.54
0 0 15.57
0 0 15.6
0.379 0.006 15.64
0.375 0.004 15.67
0.374 0.002 15.71
0.372 0.003 15.74
0 0 15.77
0.364 0.008 15.81
0.363 0.005 15.84
0 0 15.87
0 0 15.9
0 0 15.94
0 0 15.97
0 0 16.01
0 0 16.04
0 0 16.07
0 0 16.11
0 0 16.14
0 0 16.17
0.35 0.017 16.21
0.354 0.005 16.24
0 0 16.27
0.364 0.012 16.31
0 0 16.34
0.375 0.014 16.37
0.381 0.007 16.41
0.388 0.008 16.44
0.395 0.008 16.47
0.4 0.008 16.51
0.408 0.009 16.54
0.416 0.01 16.57
0 0 16.6
0 0 16.64
0.455 0.042 16.67
0.461 0.011 16.71
0 0 16.74
0.489 0.031 16.77
0 0 16.8
0.515 0.029 16.84
0.539 0.026 16.87
0 0 16.91
0 0 16.94
0 0 16.97
0 0 17.01
0 0 17.04
0 0 17.07
0 0 17.1
0 0 17.14
0 0 17.17
0 0 17.2
0 0 17.24
0 0 17.27
0 0 17.3
0 0 17.34
0 0 17.37
0 0 17.4
0 0 17.44
0 0 17.47
0 0 17.51
0 0 17.54
0 0 17.57
0 0 17.6
0 0 17.64
0 0 17.67
0 0 17.7
0 0 17.74
0 0 17.77
0 0 17.8
0 0 17.84
0 0 17.87
0 0 17.91
0 0 17.94
0 0 17.97
0 0 18.0
0 0 18.04
0 0 18.07
0 0 18.1
0 0 18.14
0 0 18.17
0 0 18.2
0 0 18.24
0 0 18.27
0 0 18.3
0 0 18.34
0 0 18.37
0 0 18.4
0 0 18.44
0 0 18.47
0 0 18.51
0 0 18.54
0 0 18.57
0 0 18.6
0 0 18.64
0 0 18.67
0 0 18.7
0 0 18.74
0 0 18.77
0.597 0.083 18.81
0 0 18.84
0 0 18.87
0.594 0.004 18.91
0.595 0.005 18.94
0 0 18.97
0 0 19.0
0 0 19.04
0 0 19.07
0 0 19.1
0.587 0.005 19.14
0 0 19.17
0 0 19.2
0.583 0.002 19.24
0 0 19.27
0 0 19.3
0 0 19.34
0 0 19.37
0 0 19.4
0 0 19.44
0.586 0.014 19.47
0 0 19.51
0 0 19.54
0 0 19.57
0 0 19.6
0 0 19.64
0 0 19.67
0 0 19.7
0.567 0.012 19.74
0 0 19.77
0 0 19.8
0.565 0.006 19.84
0 0 19.87
0 0 19.9
0.554 0.006 19.94
0 0 19.97
0 0 20.01
0.541 0.001 20.04
0 0 20.07
0 0 20.1
0.537 0.003 20.14
0 0 20.17
0 0 20.2
0 0 20.24
0 0 20.27
0.535 0.006 20.31
0.529 0.001 20.34
0.535 0.007 20.37
0 0 20.41
0 0 20.44
0 0 20.47
0.535 0.008 20.51
0 0 20.54
0.524 0.007 20.57
0 0 20.6
0 0 20.64
0.512 0.008 20.67
0 0 20.7
0.514 0.003 20.74
0 0 20.77
0 0 20.8
0.509 0.001 20.84
0.504 0.0 20.87
0.504 0.001 20.91
0 0 20.94
0 0 20.97
0 0 21.01
0 0 21.04
0 0 21.07
0 0 21.1
0 0 21.14
0 0 21.17
0.49 0.001 21.21
0 0 21.24
0.486 0.005 21.27
0.487 0.006 21.31
0.487 0.0 21.34
0 0 21.37
0 0 21.4
0 0 21.44
0 0 21.47
0 0 21.51
0 0 21.54
0 0 21.57
0 0 21.6
0 0 21.64
0 0 21.67
0 0 21.7
0 0 21.74
0 0 21.77
0 0 21.8
0.466 0.003 21.84
0.464 0.001 21.87
0 0 21.9
0.461 0.003 21.94
0 0 21.97
0 0 22.0
0 0 22.04
0 0 22.07
0.461 0.005 22.11
0 0 22.14
0 0 22.17
0.458 0.001 22.2
0 0 22.24
0 0 22.27
0 0 22.3
0 0 22.34
0 0 22.37
0.452 0.004 22.41
0 0 22.44
0 0 22.47
0 0 22.51
0 0 22.54
0 0 22.57
0.451 0.001 22.61
0.456 0.007 22.64
0 0 22.67
0 0 22.7
0 0 22.74
0 0 22.77
0 0 22.8
0.448 0.008 22.84
0 0 22.87
0 0 22.9
0 0 22.94
0 0 22.97
0 0 23.01
0 0 23.04
0 0 23.07
0 0 23.1
0.452 0.006 23.14
0.45 0.002 23.17
0 0 23.2
0 0 23.24
0 0 23.27
0 0 23.3
0 0 23.34
0 0 23.37
0 0 23.4
0.449 0.001 23.44
0 0 23.47
0.45 0.001 23.51
0 0 23.54
0 0 23.57
0 0 23.6
0.453 0.005 23.64
0 0 23.67
0 0 23.7
0 0 23.74
0 0 23.77
0 0 23.8
0.448 0.008 23.84
0.447 0.002 23.87
0.447 0.0 23.91
0 0 23.94
0 0 23.97
0 0 24.0
0.456 0.01 24.04
0.456 0.0 24.07
0 0 24.1
0.456 0.001 24.14
0 0 24.17
0.454 0.005 24.21
0.454 0.001 24.24
0 0 24.27
0 0 24.3
0.456 0.001 24.34
0.455 0.001 24.37
0.456 0.001 24.41
0.458 0.003 24.44
0 0 24.47
0 0 24.51
0.466 0.005 24.54
0 0 24.57
0 0 24.6
0 0 24.64
0 0 24.67
0.464 0.007 24.7
0 0 24.74
0 0 24.77
0 0 24.8
0 0 24.84
0 0 24.87
0.468 0.002 24.91
0 0 24.94
0.472 0.002 24.97
0 0 25.0
0 0 25.04
0 0 25.07
0 0 25.1
0.473 0.003 25.14
0 0 25.17
0 0 25.2
0.483 0.008 25.24
0 0 25.27
0 0 25.3
0 0 25.34
0 0 25.37
0.485 0.006 25.4
0 0 25.44
0 0 25.47
0.49 0.001 25.51
0 0 25.54
0 0 25.57
0.493 0.001 25.6
0 0 25.64
0 0 25.67
0 0 25.7
0.499 0.002 25.74
0 0 25.77
0 0 25.8
0.504 0.0 25.84
0.506 0.002 25.87
0.509 0.005 25.9
0 0 25.94
0 0 25.97
0.513 0.009 26.01
0 0 26.04
0 0 26.07
0 0 26.1
0.523 0.007 26.14
0 0 26.17
0 0 26.2
0.529 0.001 26.24
0 0 26.27
0.534 0.001 26.3
0 0 26.34
0 0 26.37
0.538 0.003 26.4
0 0 26.44
0 0 26.47
0.543 0.003 26.51
0.541 0.004 26.54
0 0 26.57
0.552 0.006 26.61
0 0 26.64
0 0 26.67
0 0 26.7
0 0 26.74
0 0 26.77
0 0 26.8
0 0 26.84
0.569 0.009 26.87
0 0 26.9
0.56 0.014 26.94
0 0 26.97
0 0 27.0
0 0 27.04
0 0 27.07
0.49 0.075 27.1
0.475 0.021 27.14
0.46 0.016 27.17
0 0 27.2
0.441 0.03 27.24
0.427 0.014 27.27
0.417 0.013 27.3
0.404 0.014 27.34
0.403 0.011 27.37
0.394 0.012 27.41
0.39 0.008 27.44
0.392 0.007 27.47
0.391 0.006 27.51
0.39 0.004 27.54
0.391 0.006 27.57
0.396 0.003 27.6
0.396 0.003 27.64
0.396 0.003 27.67
0.398 0.003 27.7
0.398 0.003 27.74
0.395 0.003 27.77
0.398 0.003 27.8
0.397 0.002 27.84
0.396 0.002 27.87
0.399 0.001 27.9
0.398 0.002 27.94
0.397 0.002 27.97
0.398 0.002 28.01
0.4 0.001 28.04
0.4 0.001 28.07
0.4 0.001 28.1
0.404 0.001 28.14
0.404 0.002 28.17
0.405 0.002 28.2
0.409 0.003 28.24
0.408 0.001 28.27
0.408 0.001 28.3
0.412 0.001 28.34
0.411 0.002 28.37
0.41 0.001 28.4
0.409 0.001 28.44
0.41 0.002 28.47
0.408 0.002 28.51
0.406 0.002 28.54
0.408 0.001 28.57
0.409 0.001 28.6
0.409 0.002 28.64
0.414 0.003 28.67
0.415 0.002 28.71
0.417 0.003 28.74
0.419 0.003 28.77
0.422 0.004 28.8
0.424 0.004 28.84
0.427 0.004 28.87
0.429 0.004 28.9
0.432 0.005 28.94
0.437 0.008 28.97
0.44 0.007 29.01
0.446 0.01 29.04
0.451 0.01 29.07
0.457 0.011 29.1
0.461 0.012 29.14
0.468 0.013 29.17
0.477 0.013 29.2
0.49 0.016 29.24
0.501 0.014 29.27
0.514 0.015 29.3
0.53 0.017 29.34
0.545 0.016 29.37
0.555 0.015 29.4
0 0 29.44
0 0 29.47
0 0 29.5
0 0 29.54
0 0 29.57
0 0 29.6
0 0 29.64
0 0 29.67
0 0 29.7
0 0 29.73
0 0 29.77
0 0 29.8
0 0 29.84
0 0 29.87
0 0 29.9
0 0 29.93
0 0 29.97
0 0 30.0
0 0 30.04
0.644 0.092 30.07
0 0 30.1
0 0 30.13
0 0 30.17
0 0 30.2
0 0 30.24
0 0 30.27
0 0 30.3
0 0 30.34
0 0 30.37
0 0 30.4
0 0 30.43
0 0 30.47
0 0 30.5
0 0 30.54
0 0 30.57
0 0 30.6
0 0 30.64
0 0 30.67
0 0 30.7
0 0 30.73
0 0 30.77
0 0 30.8
0 0 30.84
0 0 30.87
0 0 30.9
0 0 30.93
0 0 30.97
0 0 31.0
0 0 31.03
0 0 31.07
0.587 0.057 31.1
0 0 31.13
0 0 31.17
0 0 31.2
0 0 31.24
0.493 0.098 31.27
0 0 31.3
0.462 0.037 31.34
0.45 0.017 31.37
0.441 0.014 31.4
0.434 0.013 31.44
0.429 0.01 31.47
0.425 0.009 31.5
0.421 0.008 31.54
0.418 0.008 31.57
0.415 0.007 31.6
0.412 0.007 31.64
0.409 0.005 31.67
0.407 0.006 31.7
0.406 0.004 31.74
0.405 0.003 31.77
0.405 0.003 31.8
0 0 31.84
0.406 0.005 31.87
0.407 0.002 31.9
0.406 0.001 31.94
0.405 0.001 31.97
0 0 32.0
0 0 32.04
0.402 0.005 32.07
0 0 32.1
0 0 32.13
0.399 0.004 32.17
0 0 32.2
0.397 0.004 32.24
0.395 0.003 32.27
0 0 32.3
0 0 32.34
0.392 0.002 32.37
0 0 32.4
0.392 0.002 32.44
0 0 32.47
0.39 0.003 32.51
0.39 0.002 32.54
0.389 0.002 32.57
0 0 32.6
0.389 0.003 32.64
0.391 0.002 32.67
0.392 0.002 32.7
0.393 0.003 32.74
0.394 0.002 32.77
0 0 32.8
0.395 0.006 32.84
0.395 0.004 32.87
0 0 32.9
0.399 0.008 32.94
0 0 32.97
0 0 33.01
0 0 33.04
0.409 0.018 33.07
0.411 0.006 33.1
0.414 0.007 33.14
0.415 0.009 33.17
0 0 33.2
0 0 33.24
0 0 33.27
0.433 0.047 33.3
0 0 33.34
0.449 0.028 33.37
0 0 33.4
0.474 0.029 33.44
0.489 0.015 33.47
0 0 33.5
0 0 33.53
0 0 33.57
0 0 33.6
0 0 33.63
0 0 33.67
0 0 33.7
0 0 33.73
0 0 33.77
0 0 33.8
0 0 33.84
0 0 33.87
0 0 33.9
0 0 33.93
0 0 33.97
0 0 34.0
0 0 34.03
0 0 34.07
0 0 34.1
0 0 34.13
0 0 34.17
0 0 34.2
0 0 34.23
0 0 34.27
0 0 34.3
0 0 34.34
0 0 34.37
0 0 34.4
0 0 34.43
0 0 34.47
0 0 34.5
0 0 34.53
0 0 34.57
0 0 34.6
0 0 34.63
0 0 34.67
0 0 34.7
0 0 34.73
0 0 34.77
0 0 34.8
0 0 34.83
0 0 34.87
0 0 34.9
0 0 34.93
0 0 34.97
0 0 35.0
0 0 35.04
0 0 35.07
0 0 35.1
0 0 35.13
0 0 35.17
0 0 35.2
0 0 35.23
0 0 35.27
0 0 35.3
0 0 35.34
0 0 35.37
0 0 35.4
0 0 35.43
0.513 0.041 35.47
0.496 0.018 35.5
0.48 0.017 35.54
0 0 35.57
0 0 35.6
0.438 0.051 35.64
0 0 35.67
0 0 35.7
0 0 35.74
0 0 35.77
0 0 35.8
0 0 35.84
0 0 35.87
0.399 0.075 35.9
0.398 0.006 35.94
0.397 0.005 35.97
0.397 0.004 36.01
0.397 0.005 36.04
0 0 36.07
0 0 36.1
0 0 36.13
0 0 36.17
0.394 0.011 36.2
0 0 36.23
0 0 36.27
0.391 0.006 36.3
0.391 0.002 36.34
0.39 0.001 36.37
0 0 36.4
0.387 0.003 36.43
0 0 36.47
0 0 36.5
0.382 0.005 36.54
0 0 36.57
0 0 36.6
0.378 0.009 36.64
0 0 36.67
0.379 0.002 36.7
0.379 0.001 36.74
0.38 0.001 36.77
0 0 36.8
0 0 36.84
0.38 0.004 36.87
0.379 0.002 36.9
0.38 0.003 36.94
0.38 0.001 36.97
0.38 0.003 37.0
0.38 0.003 37.04
0 0 37.07
0.38 0.004 37.1
0.381 0.003 37.14
0.381 0.003 37.17
0 0 37.2
0.383 0.01 37.24
0.384 0.006 37.27
0.385 0.008 37.3
0.388 0.009 37.34
0.39 0.01 37.37
0.395 0.011 37.4
0 0 37.43
0 0 37.47
0 0 37.5
0.424 0.051 37.54
0 0 37.57
0 0 37.6
0 0 37.63
0.476 0.059 37.67
0.492 0.016 37.7
0.519 0.03 37.73
0.525 0.017 37.77
0 0 37.8
0 0 37.84
0 0 37.87
0 0 37.9
0 0 37.93
0 0 37.97
0 0 38.0
0 0 38.03
0 0 38.07
0 0 38.1
0 0 38.13
0 0 38.17
0 0 38.2
0 0 38.23
0 0 38.27
0 0 38.3
0 0 38.33
0 0 38.37
0 0 38.4
0 0 38.43
0 0 38.47
0 0 38.5
0 0 38.53
0 0 38.57
0 0 38.6
0 0 38.63
0 0 38.67
0 0 38.7
0 0 38.73
0 0 38.77
0 0 38.8
0 0 38.84
0 0 38.87
0 0 38.9
0 0 38.93
0 0 38.97
0 0 39.0
0 0 39.03
0 0 39.07
0 0 39.1
0 0 39.13
0 0 39.17
0 0 39.2
0 0 39.23
0 0 39.27
0 0 39.3
0 0 39.33
0 0 39.37
0 0 39.4
0 0 39.43
0 0 39.47
0 0 39.5
0 0 39.53
0 0 39.57
0 0 39.6
0 0 39.63
0 0 39.67
0 0 39.7
0 0 39.73
0 0 39.77
0 0 39.8
0 0 39.83
0 0 39.87
0 0 39.9
0 0 39.93
0 0 39.97
0 0 40.0
0 0 40.03
0 0 40.07
0 0 40.1
0 0 40.13
0 0 40.17
0 0 40.2
0 0 40.23
0 0 40.27
0 0 40.3
0 0 40.33
0 0 40.37
0 0 40.4
0 0 40.43
0 0 40.47
0 0 40.5
0 0 40.53
0 0 40.57
0 0 40.6
0 0 40.63
0 0 40.67
0 0 40.7
0 0 40.73
0 0 40.77
0 0 40.8
0 0 40.83
0 0 40.87
0 0 40.9
0 0 40.93
0 0 40.97
0 0 41.0
0 0 41.03
0 0 41.07
0 0 41.1
0 0 41.13
0 0 41.17
0 0 41.2
0 0 41.23
0 0 41.27
0 0 41.3
0 0 41.33
0 0 41.37
0 0 41.4
0 0 41.43
0 0 41.47
0 0 41.5
0 0 41.54
0 0 41.57
0 0 41.6
0 0 41.63
0 0 41.67
0 0 41.7
0 0 41.73
0 0 41.77
0 0 41.8
0 0 41.84
0 0 41.87
0 0 41.9
0 0 41.93
0 0 41.97
0 0 42.0
0 0 42.03
0 0 42.07
0 0 42.1
0 0 42.13
0 0 42.17
0 0 42.2
0 0 42.23
0 0 42.27
0 0 42.3
0 0 42.33
0 0 42.37
0 0 42.4
0 0 42.43
0 0 42.47
0 0 42.5
0 0 42.53
0 0 42.57
0 0 42.6
0 0 42.63
0 0 42.67
0 0 42.7
0 0 42.73
0 0 42.77
0 0 42.8
0 0 42.84
0 0 42.87
0 0 42.9
0 0 42.93
0 0 42.97
0 0 43.0
0 0 43.03
0 0 43.07
0 0 43.1
0 0 43.13
0 0 43.17
0 0 43.2
0 0 43.23
0 0 43.27
0 0 43.3
0 0 43.33
0 0 43.37
0 0 43.4
0 0 43.43
0 0 43.47
0 0 43.5
0 0 43.53
0 0 43.57
0 0 43.6
0 0 43.63
0 0 43.67
0 0 43.7
0 0 43.73
0 0 43.77
0 0 43.8
0 0 43.83
0 0 43.87
0 0 43.9
0 0 43.94
0 0 43.97
0 0 44.0
0 0 44.03
0 0 44.07
0 0 44.1
0 0 44.13
0 0 44.17
0 0 44.2
0 0 44.23
0 0 44.27
0 0 44.3
0 0 44.33
0 0 44.37
0 0 44.4
0 0 44.43
0 0 44.47
0 0 44.5
0 0 44.53
0 0 44.57
0 0 44.6
0 0 44.63
0 0 44.67
0 0 44.7
0 0 44.73
0 0 44.77
0 0 44.8
0 0 44.83
0 0 44.87
0 0 44.9
0 0 44.93
0 0 44.97
0 0 45.0
0 0 45.03
0 0 45.07
0 0 45.1
0 0 45.13
0 0 45.17
0 0 45.2
0 0 45.23
0 0 45.27
0 0 45.3
0 0 45.33
0 0 45.37
0 0 45.4
0 0 45.43
0 0 45.47
0 0 45.5
0 0 45.53
0 0 45.57
0 0 45.6
0 0 45.63
0 0 45.67
0 0 45.7
0 0 45.73
0 0 45.77
0 0 45.8
0 0 45.83
0 0 45.87
0 0 45.9
0 0 45.93
0 0 45.97
0 0 46.0
0 0 46.03
0 0 46.07
0 0 46.1
0 0 46.13
0 0 46.17
0 0 46.2
0 0 46.23
0 0 46.27
0 0 46.3
0 0 46.33
0 0 46.37
0 0 46.4
0 0 46.43
0 0 46.47
0 0 46.5
0 0 46.53
0 0 46.57
0 0 46.6
0 0 46.63
0 0 46.67
0 0 46.7
0 0 46.73
0 0 46.77
0 0 46.8
0 0 46.83
0 0 46.87
0 0 46.9
0.406 0.117 46.93
0 0 46.97
0 0 47.0
0 0 47.03
0 0 47.07
0 0 47.1
0 0 47.13
0 0 47.17
0 0 47.2
0 0 47.23
0 0 47.27
0.337 0.095 47.3
0.333 0.006 47.34
0 0 47.37
0.334 0.007 47.4
0.333 0.002 47.43
0.334 0.002 47.47
0.336 0.003 47.5
0.336 0.002 47.53
0.332 0.006 47.57
0.337 0.004 47.6
0.334 0.004 47.64
0.334 0.001 47.67
0.337 0.002 47.7
0.338 0.003 47.74
0.338 0.0 47.77
0.342 0.001 47.8
0.344 0.003 47.84
0 0 47.87
0.344 0.002 47.9
0 0 47.93
0.35 0.003 47.97
0.35 0.001 48.0
0.356 0.004 48.03
0.353 0.006 48.07
0.354 0.002 48.1
0.361 0.001 48.13
0.362 0.002 48.17
0.362 0.0 48.2
0.365 0.001 48.24
0 0 48.27
0.363 0.002 48.3
0.363 0.002 48.33
0.362 0.006 48.37
0.361 0.002 48.4
0.359 0.002 48.43
0 0 48.47
0 0 48.5
0.356 0.006 48.53
0.36 0.001 48.57
0.361 0.002 48.6
0.365 0.004 48.63
0.374 0.006 48.67
0.383 0.011 48.7
0.393 0.012 48.73
0.405 0.014 48.77
0.421 0.015 48.8
0.436 0.017 48.83
0 0 48.87
0 0 48.9
0 0 48.93
0 0 48.97
0 0 49.0
0 0 49.03
0 0 49.06
0 0 49.1
0 0 49.13
0 0 49.17
0 0 49.2
0 0 49.23
0 0 49.26
0 0 49.3
0 0 49.33
0 0 49.36
0 0 49.4
0 0 49.43
0 0 49.47
0 0 49.5
0 0 49.53
0 0 49.57
0 0 49.6
0 0 49.63
0 0 49.67
0 0 49.7
0 0 49.73
0 0 49.77
0 0 49.8
0 0 49.83
0 0 49.87
0 0 49.9
0 0 49.93
0 0 49.97
0 0 50.0
0 0 50.03
0 0 50.06
0 0 50.1
0 0 50.13
0 0 50.17
0 0 50.2
0 0 50.23
0 0 50.26
0 0 50.3
0 0 50.33
0 0 50.37
0 0 50.4
0 0 50.43
0 0 50.46
0 0 50.5
0 0 50.53
0 0 50.57
0 0 50.6
0 0 50.63
0 0 50.67
0 0 50.7
0 0 50.73
0 0 50.77
0 0 50.8
0 0 50.83
0 0 50.86
0 0 50.9
0 0 50.93
0 0 50.96
0 0 51.0
0 0 51.03
0 0 51.07
0 0 51.1
0 0 51.13
0 0 51.17
0.514 0.063 51.2
0 0 51.23
0 0 51.27
0.479 0.038 51.3
0.465 0.015 51.33
0.448 0.02 51.37
0.434 0.014 51.4
0.414 0.022 51.43
0.4 0.018 51.47
0.385 0.017 51.5
0.369 0.017 51.53
0.358 0.013 51.57
0.348 0.015 51.6
0.339 0.011 51.63
0 0 51.67
0.328 0.019 51.7
0.322 0.008 51.73
0.315 0.008 51.77
0.313 0.008 51.8
0.308 0.008 51.84
0.303 0.008 51.87
0.303 0.007 51.9
0.301 0.007 51.93
0.3 0.006 51.97
0.3 0.007 52.0
0.304 0.005 52.03
0 0 52.07
0.307 0.009 52.1
0.313 0.004 52.14
0.314 0.002 52.17
0.315 0.002 52.2
0.32 0.003 52.23
0 0 52.27
0 0 52.3
0.321 0.002 52.33
0.327 0.002 52.37
0.327 0.001 52.4
0.328 0.002 52.43
0.334 0.002 52.47
0.335 0.002 52.5
0.336 0.002 52.54
0 0 52.57
0.342 0.004 52.6
0 0 52.63
0 0 52.67
0 0 52.7
0 0 52.73
0.351 0.049 52.77
0.361 0.009 52.8
0 0 52.83
0 0 52.86
0 0 52.9
0 0 52.93
0 0 52.97
0 0 53.0
0 0 53.03
0 0 53.06
0 0 53.1
0 0 53.13
0 0 53.17
0 0 53.2
0.479 0.12 53.23
0.482 0.003 53.27
0.476 0.008 53.3
0.47 0.01 53.33
0 0 53.37
0.44 0.033 53.4
0 0 53.43
0 0 53.46
0 0 53.5
0.402 0.054 53.53
0 0 53.57
0 0 53.6
0.401 0.01 53.63
0.413 0.007 53.67
0.422 0.01 53.7
0.432 0.011 53.73
0.449 0.015 53.77
0.465 0.018 53.8
0.482 0.02 53.83
0 0 53.86
0.514 0.031 53.9
0.528 0.015 53.93
0.539 0.01 53.97
0 0 54.0
0 0 54.03
0 0 54.07
0.567 0.027 54.1
0.57 0.003 54.13
0 0 54.17
0.58 0.008 54.2
0.587 0.009 54.23
0.591 0.004 54.27
0.596 0.003 54.3
0.598 0.002 54.33
0.598 0.001 54.36
0 0 54.4
0 0 54.43
0.6 0.001 54.47
0.598 0.001 54.5
0.599 0.001 54.53
0.597 0.002 54.57
0 0 54.6
0.596 0.002 54.63
0 0 54.67
0 0 54.7
0.596 0.002 54.73
0 0 54.76
0 0 54.8
0.594 0.003 54.83
0.595 0.001 54.87
0 0 54.9
0.599 0.004 54.93
0.596 0.006 54.97
0 0 55.0
0 0 55.03
0 0 55.06
0.585 0.013 55.1
0.579 0.008 55.13
0.577 0.002 55.17
0.573 0.004 55.2
0 0 55.23
0.557 0.017 55.27
0 0 55.3
0.539 0.019 55.33
0.531 0.007 55.37
0.524 0.008 55.4
0.511 0.016 55.43
0.504 0.008 55.47
0.499 0.006 55.5
0.495 0.006 55.53
0 0 55.57
0.484 0.016 55.6
0.482 0.007 55.63
0.476 0.01 55.67
0 0 55.7
0.462 0.021 55.73
0.456 0.009 55.77
0.451 0.009 55.8
0.449 0.007 55.83
0.445 0.008 55.87
0.444 0.006 55.9
0.442 0.005 55.93
0.44 0.004 55.97
0.437 0.005 56.0
0.433 0.005 56.03
0.427 0.006 56.07
0.424 0.005 56.1
0.422 0.005 56.13
0.419 0.004 56.17
0.417 0.003 56.2
0.416 0.003 56.23
0.415 0.002 56.27
0.415 0.002 56.3
0.414 0.002 56.33
0.414 0.002 56.37
0.413 0.002 56.4
0.413 0.002 56.43
0.412 0.001 56.46
0.412 0.003 56.5
0.411 0.002 56.53
0.411 0.003 56.57
0.41 0.003 56.6
0 0 56.63
0 0 56.67
0.406 0.008 56.7
0 0 56.73
0.404 0.003 56.77
0.404 0.001 56.8
0.403 0.002 56.83
0.403 0.001 56.86
0.403 0.003 56.9
0 0 56.93
0 0 56.96
0.404 0.019 57.0
0 0 57.03
0.409 0.028 57.07
0.413 0.018 57.1
0 0 57.13
0.434 0.04 57.17
0.446 0.02 57.2
0 0 57.23
0.482 0.04 57.27
0 0 57.3
0.531 0.051 57.33
0.553 0.022 57.36
0 0 57.4
0 0 57.43
0 0 57.46
0 0 57.5
0 0 57.53
0 0 57.56
0 0 57.6
0 0 57.63
0 0 57.66
0 0 57.7
0 0 57.73
0 0 57.76
0 0 57.8
0 0 57.83
0 0 57.86
0 0 57.9
0 0 57.93
0 0 57.96
0 0 58.0
0 0 58.03
0 0 58.06
0 0 58.1
0 0 58.13
0 0 58.17
0 0 58.2
0 0 58.23
0 0 58.26
0 0 58.3
0 0 58.33
0 0 58.36
0 0 58.4
0 0 58.43
0 0 58.46
0 0 58.5
0 0 58.53
0 0 58.57
0 0 58.6
0 0 58.63
0 0 58.66
0 0 58.7
0 0 58.73
0 0 58.76
0 0 58.8
0 0 58.83
0 0 58.86
0 0 58.9
0 0 58.93
0 0 58.96
0 0 59.0
0 0 59.03
0 0 59.06
0 0 59.1
0 0 59.13
0 0 59.17
0 0 59.2
0 0 59.23
0 0 59.26
0 0 59.3
0 0 59.33
0 0 59.36
0 0 59.4
0 0 59.43
0 0 59.46
0 0 59.5
0 0 59.53
0 0 59.56
0 0 59.6
0 0 59.63
0 0 59.67
0 0 59.7
0 0 59.73
0 0 59.76
0.519 0.036 59.8
0 0 59.83
0.48 0.041 59.86
0.464 0.018 59.9
0.449 0.018 59.93
0 0 59.96
0.424 0.034 60.0
0.412 0.016 60.03
0.404 0.014 60.07
0.397 0.012 60.1
0.392 0.01 60.13
0.39 0.009 60.17
0.387 0.008 60.2
0.384 0.007 60.23
0.382 0.005 60.27
0 0 60.3
0.383 0.009 60.34
0.384 0.003 60.37
0 0 60.4
0 0 60.43
0 0 60.46
0.382 0.004 60.5
0.381 0.001 60.53
0.381 0.001 60.57
0.381 0.001 60.6
0.379 0.002 60.63
0 0 60.67
0 0 60.7
0.381 0.004 60.73
0 0 60.76
0.378 0.005 60.8
0.378 0.004 60.83
0.377 0.006 60.87
0.375 0.009 60.9
0 0 60.93
0 0 60.96
0 0 61.0
0.396 0.059 61.03
0.408 0.022 61.07
0 0 61.1
0 0 61.13
0 0 61.16
0.484 0.09 61.2
0 0 61.23
0 0 61.26
0.553 0.07 61.3
0.572 0.02 61.33
0 0 61.36
0 0 61.4
0 0 61.43
0 0 61.46
0 0 61.5
0 0 61.53
0 0 61.56
0 0 61.6
0 0 61.63
0 0 61.66
0 0 61.7
0 0 61.73
0 0 61.76
0 0 61.8
0 0 61.83
0 0 61.86
0 0 61.9
0 0 61.93
0 0 61.96
0 0 62.0
0 0 62.03
0 0 62.06
0 0 62.1
0 0 62.13
0 0 62.16
0 0 62.2
0 0 62.23
0 0 62.27
0 0 62.3
0 0 62.33
0 0 62.37
0 0 62.4
0 0 62.43
0 0 62.46
0 0 62.5
0 0 62.53
0 0 62.57
0 0 62.6
0 0 62.63
0 0 62.67
0 0 62.7
0 0 62.73
0 0 62.76
0 0 62.79
0 0 62.83
0 0 62.86
0 0 62.9
0 0 62.93
0 0 62.96
0 0 63.0
0 0 63.03
0 0 63.06
0 0 63.1
0 0 63.13
0 0 63.16
0 0 63.2
0 0 63.23
0 0 63.26
0 0 63.3
0 0 63.33
0 0 63.36
0 0 63.39
0 0 63.43
0 0 63.46
0 0 63.5
0 0 63.53
0 0 63.56
0 0 63.6
0.56 0.099 63.63
0 0 63.66
0 0 63.7
0 0 63.73
0 0 63.76
0 0 63.8
0 0 63.83
0.538 0.005 63.86
0 0 63.9
0 0 63.93
0 0 63.96
0 0 64.0
0 0 64.03
0 0 64.06
0 0 64.1
0 0 64.13
0 0 64.16
0.522 0.002 64.2
0 0 64.23
0 0 64.26
0 0 64.3
0 0 64.33
0 0 64.36
0 0 64.4
0 0 64.43
0 0 64.46
0 0 64.5
0 0 64.53
0 0 64.56
0 0 64.6
0 0 64.63
0 0 64.66
0.496 0.001 64.7
0 0 64.73
0 0 64.76
0 0 64.8
0 0 64.83
0 0 64.86
0 0 64.9
0 0 64.93
0 0 64.96
0 0 65.0
0 0 65.03
0 0 65.06
0 0 65.1
0 0 65.13
0 0 65.16
0 0 65.2
0 0 65.23
0 0 65.26
0 0 65.3
0 0 65.33
0 0 65.36
0 0 65.4
0 0 65.43
0 0 65.46
0 0 65.5
0 0 65.53
0 0 65.56
0 0 65.6
0 0 65.63
0 0 65.67
0 0 65.7
0 0 65.73
0.462 0.002 65.76
0 0 65.8
0 0 65.83
0 0 65.86
0 0 65.9
0 0 65.93
0 0 65.97
0 0 66.0
0 0 66.03
0 0 66.06
0 0 66.1
0 0 66.13
0 0 66.16
0 0 66.2
0 0 66.23
0.457 0.002 66.26
0 0 66.3
0 0 66.33
0 0 66.36
0 0 66.4
0 0 66.43
0 0 66.46
0.462 0.008 66.5
0 0 66.53
0 0 66.56
0 0 66.6
0 0 66.63
0 0 66.67
0 0 66.7
0 0 66.73
0 0 66.76
0 0 66.8
0 0 66.83
0 0 66.86
0 0 66.9
0 0 66.93
0 0 66.96
0 0 67.0
0 0 67.03
0 0 67.06
0 0 67.1
0 0 67.13
0 0 67.17
0 0 67.2
0 0 67.23
0 0 67.26
0 0 67.3
0 0 67.33
0 0 67.36
0 0 67.4
0 0 67.43
0 0 67.46
0.466 0.004 67.5
0 0 67.53
0 0 67.56
0 0 67.6
0 0 67.63
0 0 67.67
0 0 67.7
0 0 67.73
0 0 67.76
0 0 67.8
0 0 67.83
0 0 67.86
0 0 67.9
0 0 67.93
0 0 67.96
0 0 68.0
0 0 68.03
0 0 68.06
0 0 68.1
0 0 68.13
0 0 68.16
0 0 68.19
0 0 68.23
0 0 68.26
0 0 68.3
0 0 68.33
0.477 0.008 68.36
0 0 68.4
0 0 68.43
0 0 68.46
0 0 68.5
0 0 68.53
0.484 0.001 68.57
0 0 68.6
0 0 68.63
0 0 68.67
0 0 68.7
0 0 68.73
0 0 68.76
0 0 68.79
0 0 68.83
0 0 68.86
0 0 68.9
0 0 68.93
0 0 68.96
0 0 69.0
0 0 69.03
0 0 69.06
0 0 69.09
0 0 69.13
0 0 69.16
0 0 69.19
0 0 69.23
0 0 69.26
0 0 69.29
0 0 69.33
0 0 69.36
0 0 69.4
0 0 69.43
0 0 69.46
0 0 69.5
0 0 69.53
0 0 69.56
0.51 0.024 69.6
0 0 69.63
0.496 0.021 69.66
0 0 69.69
0 0 69.73
0 0 69.76
0 0 69.8
0.436 0.066 69.83
0 0 69.86
0 0 69.9
0 0 69.93
0.403 0.05 69.96
0.393 0.011 70.0
0.383 0.012 70.03
0.382 0.009 70.06
0.372 0.011 70.1
0.363 0.01 70.13
0.356 0.009 70.17
0.356 0.008 70.2
0.351 0.007 70.23
0.347 0.006 70.26
0.351 0.005 70.3
0.349 0.005 70.33
0.348 0.004 70.36
0.352 0.003 70.4
0.351 0.004 70.43
0.349 0.004 70.46
0.353 0.004 70.5
0.35 0.004 70.53
0.347 0.004 70.57
0.345 0.004 70.6
0.354 0.005 70.63
0.352 0.003 70.67
0.351 0.003 70.7
0.356 0.003 70.73
0.355 0.002 70.76
0.354 0.002 70.8
0 0 70.83
0.357 0.003 70.86
0.356 0.001 70.9
0.36 0.002 70.93
0.359 0.001 70.96
0.359 0.001 71.0
0 0 71.03
0 0 71.06
0 0 71.09
0 0 71.13
0 0 71.16
0 0 71.2
0 0 71.23
0 0 71.26
0 0 71.3
0 0 71.33
0 0 71.36
0 0 71.39
0.523 0.211 71.43
0 0 71.46
0 0 71.5
0.581 0.055 71.53
0 0 71.56
0 0 71.59
0 0 71.63
0.631 0.047 71.66
0 0 71.7
0.642 0.01 71.73
0 0 71.76
0 0 71.79
0 0 71.83
0 0 71.86
0 0 71.9
0 0 71.93
0 0 71.96
0 0 72.0
0 0 72.03
0 0 72.06
0 0 72.09
0.654 0.02 72.13
0 0 72.16
0 0 72.2
0.664 0.011 72.23
0 0 72.26
0 0 72.29
0 0 72.33
0 0 72.36
0 0 72.39
0 0 72.43
0 0 72.46
0 0 72.5
0 0 72.53
0 0 72.56
0 0 72.59
0 0 72.63
0 0 72.66
0 0 72.69
0 0 72.73
0 0 72.76
0 0 72.79
0 0 72.83
0 0 72.86
0 0 72.89
0 0 72.93
0 0 72.96
0 0 73.0
0 0 73.03
0 0 73.06
0 0 73.09
0 0 73.13
0 0 73.16
0 0 73.2
0 0 73.23
0 0 73.26
0 0 73.3
0 0 73.33
0 0 73.36
0 0 73.39
0 0 73.43
0 0 73.46
0 0 73.5
0 0 73.53
0 0 73.56
0 0 73.59
0 0 73.63
0 0 73.66
0 0 73.69
0 0 73.73
0 0 73.76
0 0 73.79
0 0 73.83
0 0 73.86
0 0 73.9
0 0 73.93
0 0 73.96
0 0 74.0
0 0 74.03
0 0 74.06
0 0 74.09
0.444 0.238 74.13
0.437 0.017 74.16
0.432 0.016 74.2
0.428 0.014 74.23
0.424 0.012 74.26
0.42 0.012 74.3
0 0 74.33
0.413 0.021 74.37
0.412 0.009 74.4
0.409 0.008 74.43
0.407 0.006 74.46
0.406 0.005 74.5
0.405 0.005 74.53
0.405 0.004 74.56
0.405 0.004 74.6
0.403 0.003 74.63
0.402 0.003 74.66
0.4 0.003 74.7
0.398 0.004 74.73
0.396 0.003 74.76
0.395 0.002 74.8
0 0 74.83
0.394 0.0 74.87
0.393 0.002 74.9
0.392 0.003 74.93
0.39 0.002 74.96
0 0 75.0
0 0 75.03
0 0 75.06
0 0 75.09
0 0 75.13
0.382 0.008 75.16
0.383 0.003 75.2
0.384 0.003 75.23
0 0 75.26
0.384 0.002 75.3
0.385 0.003 75.33
0.385 0.004 75.36
0.383 0.006 75.4
0.382 0.007 75.43
0 0 75.46
0 0 75.5
0.383 0.023 75.53
0.385 0.01 75.56
0.388 0.012 75.6
0.393 0.014 75.63
0.4 0.017 75.67
0 0 75.69
0.424 0.04 75.73
0.438 0.02 75.76
0.452 0.018 75.8
0.471 0.019 75.83
0.489 0.018 75.86
0.506 0.018 75.9
0.524 0.018 75.93
0 0 75.96
0.555 0.033 76.0
0 0 76.03
0.586 0.036 76.06
0 0 76.09
0 0 76.13
0 0 76.16
0 0 76.19
0 0 76.23
0 0 76.26
0 0 76.29
0 0 76.33
0 0 76.36
0 0 76.39
0 0 76.43
0 0 76.46
0 0 76.5
0 0 76.53
0 0 76.56
0 0 76.59
0 0 76.63
0 0 76.66
0 0 76.69
0 0 76.73
0 0 76.76
0 0 76.79
0 0 76.83
0 0 76.86
0 0 76.9
0 0 76.93
0 0 76.96
0 0 77.0
0 0 77.03
0 0 77.06
0 0 77.09
0 0 77.13
0 0 77.16
0 0 77.19
0 0 77.23
0 0 77.26
0 0 77.29
0 0 77.33
0 0 77.36
0 0 77.39
0 0 77.43
0 0 77.46
0 0 77.49
0 0 77.53
0 0 77.56
0 0 77.59
0 0 77.63
0 0 77.66
0 0 77.69
0 0 77.73
0 0 77.76
0 0 77.79
0 0 77.83
0 0 77.86
0 0 77.89
0 0 77.93
0 0 77.96
0.571 0.039 78.0
0.559 0.013 78.03
0.542 0.019 78.06
0.526 0.018 78.09
0.507 0.021 78.13
0 0 78.16
0.47 0.041 78.2
0.454 0.018 78.23
0.441 0.016 78.26
0.429 0.015 78.3
0 0 78.33
0.414 0.024 78.36
0.409 0.009 78.4
0 0 78.43
0.402 0.013 78.46
0.399 0.005 78.5
0.395 0.004 78.53
0 0 78.56
0.391 0.008 78.6
0.389 0.003 78.63
0 0 78.66
0.386 0.006 78.7
0 0 78.73
0 0 78.76
0.386 0.004 78.8
0 0 78.83
0.384 0.003 78.86
0.382 0.002 78.9
0.38 0.002 78.93
0 0 78.96
0.375 0.006 79.0
0 0 79.03
0 0 79.06
0 0 79.09
0 0 79.13
0 0 79.16
0 0 79.2
0 0 79.23
0 0 79.26
0 0 79.29
0 0 79.33
0 0 79.36
0 0 79.39
0 0 79.43
0 0 79.46
0 0 79.5
0 0 79.53
0 0 79.56
0 0 79.59
0 0 79.63
0 0 79.66
0 0 79.69
0 0 79.73
0 0 79.76
0 0 79.79
0 0 79.83
0 0 79.86
0 0 79.9
0 0 79.93
0 0 79.96
0 0 80.0
0 0 80.03
0 0 80.06
0.365 0.023 80.1
0.368 0.003 80.13
0.37 0.003 80.16
0 0 80.19
0.369 0.002 80.23
0.367 0.005 80.26
0 0 80.29
0 0 80.33
0 0 80.36
0.365 0.01 80.4
0.367 0.002 80.43
0 0 80.46
0.373 0.007 80.5
0.375 0.003 80.53
0.377 0.002 80.56
0.379 0.003 80.6
0.379 0.0 80.63
0.379 0.002 80.66
0.378 0.002 80.7
0 0 80.73
0 0 80.76
0 0 80.79
0.377 0.005 80.83
0.379 0.005 80.86
0 0 80.89
0 0 80.93
0.379 0.002 80.96
0.378 0.002 81.0
0 0 81.03
0 0 81.06
0.374 0.013 81.1
0 0 81.13
0.372 0.018 81.17
0 0 81.19
0 0 81.23
0.383 0.043 81.26
0.391 0.018 81.3
0.399 0.018 81.33
0 0 81.36
0 0 81.39
0 0 81.43
0 0 81.46
0 0 81.49
0 0 81.53
0 0 81.56
0 0 81.59
0 0 81.63
0 0 81.66
0 0 81.69
0 0 81.73
0 0 81.76
0 0 81.79
0 0 81.83
0 0 81.86
0 0 81.89
0 0 81.93
0 0 81.96
0 0 81.99
0 0 82.03
0 0 82.06
0 0 82.09
0 0 82.13
0 0 82.16
0 0 82.19
0 0 82.23
0 0 82.26
0 0 82.29
0 0 82.33
0 0 82.36
0 0 82.39
0 0 82.43
0 0 82.46
0 0 82.49
0 0 82.53
0 0 82.56
0 0 82.59
0 0 82.62
0 0 82.66
0 0 82.69
0 0 82.73
0 0 82.76
0 0 82.79
0 0 82.83
0 0 82.86
0 0 82.89
0 0 82.93
0 0 82.96
0 0 82.99
0 0 83.03
0 0 83.06
0 0 83.09
0 0 83.13
0 0 83.16
0 0 83.19
0 0 83.23
0 0 83.26
0 0 83.29
0 0 83.33
0 0 83.36
0 0 83.39
0 0 83.43
0 0 83.46
0 0 83.49
0 0 83.53
0 0 83.56
0 0 83.59
0 0 83.63
0 0 83.66
0 0 83.69
0 0 83.73
0 0 83.76
0 0 83.79
0 0 83.83
0 0 83.86
0 0 83.89
0 0 83.93
0 0 83.96
0 0 83.99
0 0 84.03
0 0 84.06
0 0 84.09
0 0 84.13
0 0 84.16
0 0 84.19
0 0 84.23
0 0 84.26
0 0 84.29
0 0 84.33
0 0 84.36
0 0 84.39
0 0 84.43
0 0 84.46
0 0 84.49
0 0 84.53
0 0 84.56
0 0 84.59
0 0 84.63
0 0 84.66
0 0 84.69
0 0 84.73
0 0 84.76
0 0 84.79
0 0 84.83
0 0 84.86
0 0 84.89
0 0 84.93
0 0 84.96
0 0 84.99
0 0 85.03
0 0 85.06
0 0 85.09
0 0 85.13
0 0 85.16
0 0 85.19
0 0 85.23
0 0 85.26
0 0 85.29
0 0 85.33
0 0 85.36
0 0 85.39
0 0 85.43
0 0 85.46
0 0 85.49
0 0 85.53
0 0 85.56
0 0 85.59
0 0 85.63
0 0 85.66
0 0 85.69
0 0 85.73
0 0 85.76
0 0 85.79
0 0 85.83
0 0 85.86
0 0 85.89
0 0 85.93
0 0 85.96
0 0 85.99
0 0 86.03
0.363 0.246 86.06
0 0 86.09
0 0 86.13
0 0 86.16
0 0 86.19
0 0 86.23
0 0 86.26
0 0 86.29
0 0 86.33
0 0 86.36
0 0 86.39
0 0 86.43
0 0 86.46
0 0 86.49
0 0 86.53
0 0 86.56
0 0 86.59
0 0 86.63
0 0 86.66
0 0 86.69
0 0 86.73
0 0 86.76
0 0 86.79
0 0 86.83
0 0 86.86
0 0 86.89
0 0 86.93
0 0 86.96
0 0 86.99
0 0 87.03
0 0 87.06
0 0 87.09
0 0 87.13
0 0 87.16
0 0 87.19
0 0 87.23
0 0 87.26
0 0 87.29
0.34 0.004 87.33
0 0 87.36
0 0 87.39
0 0 87.43
0 0 87.46
0 0 87.5
0 0 87.53
0 0 87.56
0 0 87.59
0 0 87.63
0 0 87.66
0 0 87.69
0 0 87.73
0 0 87.76
0 0 87.79
0 0 87.83
0 0 87.86
0 0 87.89
0 0 87.93
0 0 87.96
0 0 87.99
0 0 88.03
0 0 88.06
0 0 88.09
0 0 88.13
0 0 88.16
0 0 88.19
0 0 88.23
0 0 88.26
0 0 88.29
0 0 88.33
0 0 88.36
0 0 88.39
0 0 88.43
0 0 88.46
0 0 88.49
0 0 88.53
0 0 88.56
0 0 88.59
0 0 88.63
0 0 88.66
0 0 88.69
0 0 88.73
0 0 88.76
0 0 88.79
0 0 88.83
0 0 88.86
0 0 88.89
0 0 88.93
0 0 88.96
0 0 88.99
0 0 89.03
0 0 89.06
0 0 89.09
0 0 89.13
0 0 89.16
0 0 89.19
0 0 89.23
0 0 89.26
0 0 89.29
0 0 89.33
0 0 89.36
0 0 89.39
0 0 89.43
0 0 89.46
0 0 89.49
0 0 89.53
0 0 89.56
0 0 89.59
0 0 89.63
0 0 89.66
0 0 89.69
0 0 89.72
0 0 89.76
0 0 89.79
0 0 89.83
0 0 89.86
0 0 89.89
0 0 89.93
0.373 0.005 89.96
0 0 89.99
0 0 90.02
0 0 90.06
0 0 90.09
0 0 90.12
0 0 90.16
0 0 90.19
0 0 90.23
0 0 90.26
0 0 90.29
0 0 90.33
0 0 90.36
0 0 90.39
0 0 90.43
0 0 90.46
0 0 90.49
0 0 90.53
0 0 90.56
0 0 90.59
0 0 90.62
0 0 90.66
0 0 90.69
0 0 90.72
0 0 90.76
0 0 90.79
0 0 90.83
0 0 90.86
0 0 90.89
0 0 90.92
0 0 90.96
0 0 90.99
0 0 91.03
0 0 91.06
0 0 91.09
0 0 91.12
0 0 91.16
0 0 91.19
0 0 91.23
0 0 91.26
0 0 91.29
0 0 91.33
0 0 91.36
0 0 91.39
0 0 91.42
0 0 91.46
0 0 91.49
0 0 91.52
0 0 91.56
0 0 91.59
0 0 91.62
0 0 91.66
0 0 91.69
0 0 91.73
0 0 91.76
0 0 91.79
0 0 91.83
0 0 91.86
0 0 91.89
0 0 91.93
0 0 91.96
0 0 91.99
0 0 92.02
0 0 92.06
0 0 92.09
0 0 92.12
0 0 92.16
0 0 92.19
0 0 92.22
0 0 92.26
0 0 92.29
0 0 92.33
0 0 92.36
0 0 92.39
0 0 92.42
0 0 92.46
0 0 92.49
0 0 92.52
0 0 92.56
0 0 92.59
0 0 92.62
0 0 92.66
0 0 92.69
0 0 92.72
0 0 92.76
0 0 92.79
0 0 92.83
0 0 92.86
0 0 92.89
0 0 92.92
0 0 92.96
0 0 92.99
0 0 93.02
0 0 93.06
0 0 93.09
0 0 93.12
0 0 93.16
0 0 93.19
0 0 93.22
0 0 93.26
0 0 93.29
0 0 93.32
0 0 93.36
0 0 93.39
0 0 93.42
0 0 93.46
0 0 93.49
0 0 93.52
0 0 93.56
0 0 93.59
0 0 93.62
0 0 93.66
0 0 93.69
0 0 93.72
0 0 93.76
0 0 93.79
0 0 93.83
0 0 93.86
0 0 93.89
0 0 93.92
0 0 93.96
0 0 93.99
0 0 94.02
0 0 94.06
0 0 94.09
0 0 94.12
0 0 94.16
0 0 94.19
0.309 0.187 94.23
0.302 0.015 94.26
0 0 94.29
0.298 0.021 94.33
0.297 0.008 94.36
0.296 0.007 94.39
0 0 94.43
0.297 0.01 94.46
0.297 0.004 94.49
0.296 0.003 94.53
0.297 0.002 94.56
0 0 94.59
0.297 0.005 94.63
0 0 94.66
0 0 94.69
0.296 0.004 94.73
0 0 94.76
0.297 0.002 94.79
0.297 0.0 94.83
0.297 0.002 94.86
0 0 94.89
0 0 94.92
0 0 94.96
0 0 94.99
0.313 0.04 95.03
0.319 0.013 95.06
0 0 95.09
0 0 95.12
0 0 95.16
0 0 95.19
0 0 95.22
0 0 95.26
0 0 95.29
0 0 95.33
0 0 95.36
0 0 95.39
0 0 95.42
0 0 95.46
0 0 95.49
0 0 95.52
0 0 95.56
0 0 95.59
0 0 95.62
0 0 95.66
0 0 95.69
0 0 95.72
0 0 95.76
0 0 95.79
0 0 95.83
0 0 95.86
0 0 95.89
0 0 95.92
0 0 95.96
0 0 95.99
0 0 96.02
0 0 96.06
0 0 96.09
0 0 96.12
0 0 96.16
0 0 96.19
0 0 96.22
0 0 96.26
0 0 96.29
0 0 96.32
0 0 96.36
0 0 96.39
0 0 96.42
0 0 96.46
0 0 96.49
0 0 96.52
0 0 96.56
0 0 96.59
0 0 96.62
0 0 96.66
0 0 96.69
0 0 96.72
0 0 96.76
0 0 96.79
0 0 96.83
0 0 96.86
0.415 0.062 96.89
0.413 0.007 96.93
0 0 96.96
0.41 0.013 96.99
0.406 0.006 97.03
0 0 97.06
0 0 97.09
0.399 0.019 97.13
0 0 97.16
0.396 0.01 97.19
0.392 0.005 97.23
0.389 0.004 97.26
0 0 97.29
0 0 97.33
0.389 0.005 97.36
0.395 0.001 97.39
0 0 97.42
0.395 0.001 97.46
0 0 97.49
0.4 0.004 97.53
0.402 0.005 97.56
0.405 0.007 97.59
0 0 97.62
0 0 97.66
0.422 0.023 97.69
0.43 0.009 97.73
0 0 97.76
0 0 97.79
0.452 0.027 97.83
0 0 97.86
0.456 0.004 97.89
0 0 97.92
0.451 0.009 97.96
0 0 97.99
0.436 0.018 98.03
0 0 98.06
0.423 0.02 98.09
0 0 98.13
0.414 0.019 98.16
0.411 0.009 98.19
0.412 0.008 98.23
0.414 0.006 98.26
0.413 0.004 98.29
0 0 98.33
0 0 98.36
0 0 98.39
0.409 0.01 98.43
0 0 98.46
0.408 0.004 98.49
0.408 0.002 98.53
0 0 98.56
0.409 0.002 98.59
0.409 0.002 98.63
0 0 98.66
0 0 98.69
0.411 0.003 98.73
0 0 98.76
0.41 0.002 98.79
0.409 0.002 98.83
0.409 0.001 98.86
0.409 0.001 98.89
0 0 98.92
0.408 0.001 98.96
0 0 98.99
0.409 0.003 99.03
0.408 0.002 99.06
0 0 99.09
0 0 99.13
0.406 0.002 99.16
0.406 0.001 99.19
0 0 99.22
0.405 0.002 99.26
0 0 99.29
0 0 99.33
0.405 0.002 99.36
0.404 0.001 99.39
0.403 0.001 99.43
0.402 0.001 99.46
0.402 0.001 99.49
0.402 0.0 99.53
0.402 0.0 99.56
0.402 0.001 99.59
0.403 0.001 99.63
0.403 0.001 99.66
0 0 99.69
0 0 99.73
0.401 0.009 99.76
0.399 0.007 99.79
0.399 0.009 99.83
0 0 99.86
0.4 0.029 99.89
0.405 0.02 99.92
0.414 0.022 99.96
0.427 0.023 99.99
0.445 0.024 100.03
0.467 0.024 100.06
0 0 100.09
0.519 0.053 100.12
0 0 100.16
0 0 100.19
0 0 100.22
0 0 100.26
0 0 100.29
0 0 100.32
0 0 100.36
0 0 100.39
0 0 100.42
0 0 100.46
0 0 100.49
0 0 100.52
0 0 100.56
0 0 100.59
0 0 100.62
0 0 100.66
0 0 100.69
0 0 100.72
0 0 100.76
0 0 100.79
0 0 100.82
0 0 100.86
0 0 100.89
0 0 100.92
0 0 100.96
0 0 100.99
0 0 101.02
0 0 101.06
0 0 101.09
0 0 101.12
0 0 101.16
0 0 101.19
0 0 101.22
0 0 101.26
0 0 101.29
0 0 101.32
0 0 101.36
0 0 101.39
0 0 101.42
0 0 101.46
0 0 101.49
0 0 101.52
0 0 101.56
0 0 101.59
0 0 101.62
0 0 101.66
0 0 101.69
0 0 101.72
0 0 101.76
0 0 101.79
0 0 101.82
0 0 101.86
0 0 101.89
0 0 101.92
0 0 101.96
0 0 101.99
0 0 102.02
0 0 102.06
0 0 102.09
0 0 102.12
0 0 102.16
0.474 0.073 102.19
0.46 0.016 102.23
0 0 102.26
0 0 102.29
0 0 102.32
0.418 0.051 102.36
0.413 0.008 102.39
0.409 0.007 102.42
0.405 0.006 102.46
0.402 0.006 102.49
0.4 0.006 102.53
0.397 0.005 102.56
0.395 0.005 102.59
0.393 0.005 102.62
0 0 102.66
0.392 0.009 102.69
0.392 0.003 102.72
0.392 0.003 102.76
0.391 0.003 102.79
0.391 0.002 102.83
0.389 0.002 102.86
0.389 0.001 102.89
0 0 102.92
0.39 0.003 102.96
0.392 0.004 102.99
0.394 0.006 103.03
0.396 0.007 103.06
0.399 0.006 103.09
0.399 0.007 103.12
0.4 0.005 103.16
0.398 0.007 103.19
0.396 0.007 103.23
0.393 0.006 103.26
0 0 103.29
0.384 0.015 103.33
0.38 0.005 103.36
0.376 0.005 103.39
0.372 0.004 103.43
0.37 0.004 103.46
0 0 103.49
0 0 103.52
0 0 103.56
0 0 103.59
0 0 103.62
0.374 0.009 103.66
0 0 103.69
0.381 0.006 103.73
0.384 0.004 103.76
0 0 103.79
0.39 0.006 103.83
0.393 0.004 103.86
0.395 0.004 103.89
0 0 103.92
0.398 0.009 103.96
0.397 0.007 103.99
0.397 0.007 104.03
0.396 0.007 104.06
0.395 0.006 104.09
0.394 0.006 104.13
0.393 0.005 104.16
0.393 0.003 104.19
0.393 0.004 104.23
0.394 0.001 104.26
0.395 0.001 104.29
0 0 104.33
0 0 104.36
0.398 0.008 104.39
0 0 104.43
0.4 0.014 104.46
0.4 0.009 104.49
0.4 0.008 104.53
0.401 0.012 104.56
0.401 0.01 104.59
0 0 104.62
0 0 104.66
0.4 0.024 104.69
0.399 0.007 104.72
0.397 0.004 104.76
0.396 0.004 104.79
0.394 0.004 104.83
0.391 0.004 104.86
0 0 104.89
0.389 0.007 104.92
0.386 0.003 104.96
0.385 0.003 104.99
0.385 0.004 105.03
0.383 0.001 105.06
0 0 105.09
0.383 0.004 105.13
0.381 0.001 105.16
0.38 0.002 105.19
0 0 105.22
0 0 105.26
0.382 0.008 105.29
0.385 0.005 105.33
0.386 0.006 105.36
0.391 0.008 105.39
0.395 0.008 105.42
0 0 105.46
0 0 105.49
0 0 105.52
0 0 105.56
0.436 0.059 105.59
0.445 0.013 105.62
0 0 105.66
0.469 0.027 105.69
0 0 105.72
0 0 105.76
0 0 105.79
0 0 105.82
0.524 0.062 105.86
0.536 0.012 105.89
0 0 105.92
0.555 0.022 105.96
0 0 105.99
0 0 106.02
0.583 0.034 106.06
0 0 106.09
0 0 106.12
0 0 106.16
0 0 106.19
0 0 106.22
0 0 106.26
0 0 106.29
0 0 106.32
0 0 106.36
0 0 106.39
0 0 106.42
0 0 106.46
0 0 106.49
0 0 106.52
0 0 106.56
0 0 106.59
0 0 106.62
0 0 106.66
0 0 106.69
0 0 106.72
0 0 106.76
0 0 106.79
0 0 106.82
0 0 106.86
0 0 106.89
0 0 106.92
0 0 106.96
0 0 106.99
0 0 107.02
0 0 107.06
0 0 107.09
0 0 107.12
0 0 107.16
0 0 107.19
0 0 107.22
0 0 107.26
0 0 107.29
0 0 107.33
0 0 107.36
0 0 107.39
0 0 107.42
0 0 107.46
0 0 107.49
0 0 107.52
0 0 107.56
0 0 107.59
0 0 107.62
0 0 107.66
0 0 107.69
0 0 107.72
0 0 107.76
0 0 107.79
0 0 107.82
0 0 107.86
0 0 107.89
0 0 107.92
0 0 107.96
0 0 107.99
0 0 108.02
0 0 108.06
0 0 108.09
0 0 108.12
0 0 108.16
0 0 108.19
0 0 108.22
0 0 108.26
0 0 108.29
0 0 108.32
0 0 108.35
0 0 108.39
0 0 108.42
0 0 108.46
0 0 108.49
0 0 108.52
0 0 108.56
0 0 108.59
0 0 108.62
0 0 108.66
0 0 108.69
0 0 108.72
0 0 108.76
0 0 108.79
0 0 108.82
0 0 108.86
0 0 108.89
0 0 108.92
0 0 108.95
0 0 108.99
0 0 109.02
0 0 109.06
0 0 109.09
0 0 109.12
0 0 109.16
0 0 109.19
0 0 109.22
0 0 109.26
0 0 109.29
0 0 109.32
0 0 109.36
0 0 109.39
0 0 109.42
