0 0 6.7
0 0 6.76
0 0 6.78
0 0 6.81
0 0 6.83
0 0 6.87
0 0 6.9
0 0 6.94
0 0 6.97
0 0 7.0
0 0 7.04
0 0 7.07
0 0 7.1
0 0 7.14
0 0 7.17
0 0 7.2
0 0 7.23
0 0 7.27
0 0 7.3
0 0 7.34
0 0 7.37
0 0 7.4
0 0 7.43
0.437 0.524 7.47
0.427 0.024 7.5
0.407 0.025 7.54
0.386 0.025 7.57
0.367 0.025 7.6
0.35 0.026 7.64
0.334 0.027 7.67
0.321 0.028 7.7
0.308 0.028 7.74
0.301 0.028 7.77
0 0 7.8
0.299 0.05 7.84
0 0 7.87
0 0 7.9
0 0 7.94
0.317 0.068 7.97
0.322 0.01 8.01
0 0 8.04
0.334 0.016 8.07
0.337 0.005 8.1
0.34 0.005 8.14
0.341 0.003 8.17
0.341 0.002 8.21
0 0 8.24
0 0 8.27
0.346 0.006 8.31
0 0 8.34
0 0 8.37
0.348 0.016 8.4
0.345 0.012 8.44
0.339 0.017 8.47
0 0 8.5
0.346 0.038 8.54
0 0 8.57
0 0 8.6
0 0 8.64
0 0 8.67
0 0 8.7
0 0 8.73
0 0 8.77
0 0 8.8
0 0 8.83
0 0 8.87
0 0 8.91
0 0 8.94
0 0 8.97
0 0 9.02
0 0 9.05
0 0 9.08
0 0 9.1
0 0 9.14
0 0 9.17
0 0 9.2
0 0 9.24
0 0 9.27
0 0 9.3
0 0 9.34
0 0 9.37
0 0 9.4
0 0 9.44
0 0 9.47
0 0 9.5
0 0 9.54
0 0 9.57
0 0 9.6
0 0 9.64
0 0 9.67
0 0 9.7
0 0 9.73
0 0 9.77
0 0 9.8
0 0 9.83
0 0 9.87
0 0 9.9
0 0 9.94
0 0 9.97
0 0 10.0
0 0 10.04
0 0 10.07
0 0 10.1
0.405 0.145 10.14
0.397 0.034 10.17
0 0 10.2
0 0 10.23
0.351 0.094 10.27
0.343 0.025 10.3
0.34 0.022 10.34
0.34 0.018 10.37
0.339 0.013 10.41
0.339 0.01 10.44
0.338 0.007 10.47
0.339 0.005 10.51
0 0 10.54
0.344 0.007 10.57
0.35 0.003 10.61
0.353 0.003 10.64
0 0 10.67
0.353 0.004 10.7
0.35 0.006 10.74
0.348 0.005 10.77
0.351 0.004 10.8
0.351 0.001 10.84
0.35 0.003 10.87
0.35 0.003 10.9
0.351 0.01 10.94
0 0 10.97
0 0 11.0
0 0 11.04
0 0 11.07
0 0 11.1
0 0 11.13
0 0 11.17
0 0 11.2
0 0 11.23
0 0 11.27
0 0 11.3
0 0 11.33
0 0 11.37
0 0 11.4
0 0 11.43
0 0 11.47
0 0 11.5
0 0 11.53
0 0 11.57
0 0 11.6
0 0 11.63
0 0 11.67
0 0 11.7
0 0 11.73
0 0 11.77
0 0 11.8
0 0 11.83
0 0 11.87
0 0 11.9
0 0 11.93
0 0 11.97
0 0 12.0
0 0 12.04
0 0 12.07
0 0 12.1
0 0 12.13
0 0 12.17
0 0 12.2
0 0 12.23
0 0 12.27
0 0 12.3
0 0 12.33
0 0 12.37
0 0 12.4
0 0 12.43
0 0 12.47
0 0 12.5
0 0 12.54
0 0 12.57
0 0 12.6
0 0 12.63
0 0 12.67
0 0 12.7
0 0 12.74
0 0 12.77
0 0 12.8
0 0 12.83
0 0 12.87
0 0 12.9
0 0 12.93
0 0 12.97
0 0 13.0
0 0 13.03
0 0 13.07
0 0 13.1
0 0 13.13
0 0 13.17
0.599 0.335 13.2
0.584 0.017 13.24
0.562 0.024 13.27
0.545 0.026 13.3
0.523 0.029 13.33
0.507 0.033 13.37
0.474 0.038 13.4
0.451 0.033 13.44
0.433 0.031 13.47
0.415 0.028 13.5
0.403 0.024 13.54
0.395 0.02 13.57
0.391 0.016 13.6
0.391 0.014 13.64
0.393 0.012 13.67
0 0 13.7
0.398 0.016 13.74
0.402 0.007 13.77
0.403 0.004 13.8
0.402 0.003 13.83
0.404 0.004 13.87
0.401 0.002 13.9
0.402 0.007 13.94
0.399 0.004 13.97
0.395 0.003 14.0
0.395 0.001 14.04
0 0 14.07
0.397 0.004 14.1
0.393 0.009 14.13
0.395 0.003 14.17
0.393 0.008 14.2
0.391 0.008 14.24
0.389 0.011 14.27
0.389 0.016 14.3
0.398 0.019 14.33
0 0 14.37
0 0 14.4
0 0 14.43
0 0 14.47
0 0 14.5
0 0 14.53
0 0 14.57
0 0 14.6
0 0 14.63
0 0 14.67
0 0 14.7
0 0 14.73
0 0 14.76
0 0 14.8
0 0 14.83
0 0 14.87
0 0 14.9
0 0 14.94
0 0 14.97
0 0 15.0
0 0 15.03
0 0 15.07
0 0 15.1
0 0 15.13
0 0 15.17
0 0 15.2
0 0 15.23
0 0 15.27
0 0 15.3
0 0 15.33
0 0 15.37
0 0 15.4
0 0 15.43
0 0 15.47
0 0 15.5
0 0 15.53
0 0 15.57
0 0 15.6
0 0 15.63
0 0 15.67
0.511 0.275 15.7
0.491 0.021 15.73
0.474 0.02 15.77
0.454 0.02 15.8
0.444 0.018 15.83
0.432 0.016 15.87
0.422 0.014 15.9
0.417 0.011 15.94
0.416 0.011 15.97
0.412 0.011 16.0
0.413 0.014 16.04
0 0 16.07
0.411 0.034 16.1
0.405 0.022 16.13
0.402 0.023 16.17
0.397 0.022 16.2
0.388 0.021 16.24
0.384 0.019 16.27
0.384 0.018 16.3
0.379 0.014 16.34
0.38 0.012 16.37
0.381 0.009 16.4
0.382 0.008 16.44
0.386 0.005 16.47
0.388 0.004 16.5
0.391 0.005 16.54
0.389 0.005 16.57
0.387 0.003 16.6
0.386 0.002 16.64
0.381 0.001 16.67
0 0 16.7
0.378 0.005 16.73
0 0 16.77
0 0 16.8
0 0 16.83
0.372 0.03 16.87
0.382 0.016 16.9
0 0 16.93
0 0 16.97
0 0 17.0
0 0 17.03
0 0 17.07
0 0 17.1
0 0 17.13
0 0 17.17
0 0 17.2
0 0 17.23
0 0 17.27
0 0 17.3
0 0 17.33
0 0 17.37
0 0 17.4
0 0 17.43
0 0 17.47
0 0 17.5
0 0 17.53
0 0 17.57
0 0 17.6
0 0 17.63
0 0 17.67
0 0 17.7
0 0 17.73
0 0 17.77
0 0 17.8
0 0 17.83
0 0 17.87
0 0 17.9
0 0 17.93
0 0 17.97
0 0 18.0
0 0 18.03
0 0 18.06
0 0 18.1
0 0 18.13
0 0 18.17
0 0 18.2
0 0 18.23
0 0 18.27
0 0 18.3
0 0 18.33
0 0 18.37
0 0 18.4
0 0 18.43
0 0 18.47
0 0 18.5
0 0 18.53
0 0 18.57
0 0 18.6
0 0 18.63
0 0 18.67
0 0 18.7
0 0 18.73
0 0 18.77
0 0 18.8
0 0 18.83
0 0 18.87
0 0 18.9
0 0 18.93
0 0 18.97
0 0 19.0
0 0 19.03
0 0 19.07
0 0 19.1
0 0 19.13
0 0 19.16
0 0 19.2
0 0 19.23
0 0 19.27
0 0 19.3
0 0 19.33
0 0 19.37
0 0 19.4
0 0 19.43
0 0 19.47
0 0 19.5
0 0 19.53
0 0 19.56
0 0 19.6
0 0 19.63
0 0 19.67
0 0 19.7
0 0 19.73
0 0 19.76
0 0 19.8
0 0 19.83
0 0 19.87
0 0 19.9
0 0 19.93
0 0 19.97
0 0 20.0
0 0 20.03
0 0 20.07
0 0 20.1
0 0 20.13
0 0 20.17
0 0 20.2
0 0 20.23
0 0 20.27
0 0 20.3
0 0 20.33
0 0 20.37
0 0 20.4
0 0 20.43
0 0 20.47
0 0 20.5
0 0 20.53
0 0 20.56
0 0 20.6
0 0 20.63
0 0 20.67
0 0 20.7
0 0 20.73
0 0 20.77
0 0 20.8
0 0 20.83
0 0 20.87
0 0 20.9
0 0 20.93
0 0 20.97
0 0 21.0
0 0 21.03
0 0 21.07
0 0 21.1
0 0 21.13
0 0 21.17
0 0 21.2
0 0 21.23
0 0 21.27
0 0 21.3
0 0 21.33
0 0 21.37
0 0 21.4
0 0 21.43
0 0 21.46
0 0 21.5
0 0 21.53
0 0 21.57
0 0 21.6
0 0 21.63
0 0 21.66
0 0 21.7
0 0 21.73
0 0 21.76
0 0 21.8
0 0 21.83
0 0 21.87
0 0 21.9
0 0 21.93
0 0 21.96
0 0 22.0
0 0 22.03
0 0 22.06
0 0 22.1
0 0 22.13
0 0 22.17
0.481 0.346 22.2
0 0 22.23
0 0 22.27
0 0 22.3
0 0 22.33
0 0 22.37
0 0 22.4
0 0 22.43
0 0 22.47
0 0 22.5
0 0 22.53
0 0 22.57
0 0 22.6
0 0 22.63
0 0 22.67
0 0 22.7
0 0 22.73
0 0 22.77
0 0 22.8
0 0 22.83
0 0 22.87
0 0 22.9
0 0 22.93
0 0 22.96
0 0 23.0
0 0 23.03
0 0 23.06
0 0 23.1
0 0 23.13
0 0 23.17
0 0 23.2
0 0 23.23
0 0 23.27
0 0 23.3
0 0 23.33
0 0 23.37
0 0 23.4
0 0 23.43
0 0 23.47
0 0 23.5
0 0 23.53
0.446 0.101 23.57
0.448 0.02 23.6
0.446 0.019 23.63
0.439 0.02 23.67
0 0 23.7
0 0 23.73
0.408 0.074 23.77
0.399 0.026 23.8
0.381 0.027 23.83
0.367 0.024 23.87
0.364 0.022 23.9
0.354 0.02 23.94
0.344 0.018 23.97
0 0 24.0
0.339 0.026 24.04
0.331 0.012 24.07
0.329 0.008 24.1
0.332 0.006 24.13
0.332 0.005 24.17
0.334 0.006 24.2
0.338 0.004 24.24
0 0 24.27
0.339 0.009 24.3
0.338 0.006 24.34
0.337 0.001 24.37
0.338 0.003 24.4
0.337 0.004 24.43
0.34 0.01 24.47
0 0 24.5
0 0 24.53
0 0 24.56
0 0 24.6
0 0 24.63
0 0 24.67
0 0 24.7
0 0 24.73
0 0 24.77
0 0 24.8
0 0 24.83
0 0 24.87
0 0 24.9
0 0 24.93
0 0 24.96
0 0 25.0
0 0 25.03
0 0 25.06
0 0 25.1
0 0 25.13
0 0 25.16
0 0 25.2
0 0 25.23
0 0 25.26
0 0 25.3
0 0 25.33
0 0 25.37
0 0 25.4
0 0 25.43
0 0 25.47
0 0 25.5
0 0 25.53
0.625 0.366 25.57
0.631 0.009 25.6
0 0 25.63
0 0 25.66
0.605 0.028 25.7
0.589 0.017 25.73
0.573 0.019 25.77
0.544 0.03 25.8
0.521 0.027 25.83
0.5 0.029 25.87
0.472 0.034 25.9
0.453 0.03 25.94
0 0 25.96
0 0 26.0
0.398 0.079 26.04
0.391 0.018 26.07
0.387 0.014 26.1
0.385 0.011 26.13
0.394 0.021 26.17
0.386 0.015 26.2
0.386 0.005 26.23
0.388 0.004 26.27
0.392 0.004 26.3
0.393 0.003 26.33
0.391 0.004 26.37
0.388 0.005 26.4
0.385 0.005 26.44
0 0 26.47
0 0 26.5
0.38 0.016 26.54
0.379 0.003 26.57
0.375 0.007 26.6
0.372 0.005 26.63
0.372 0.001 26.67
0.369 0.006 26.7
0.368 0.006 26.73
0 0 26.76
0 0 26.8
0 0 26.83
0 0 26.87
0 0 26.9
0 0 26.93
0 0 26.97
0 0 27.0
0 0 27.03
0 0 27.07
0 0 27.1
0 0 27.13
0 0 27.17
0 0 27.2
0 0 27.23
0 0 27.27
0 0 27.3
0 0 27.33
0 0 27.37
0 0 27.4
0 0 27.43
0 0 27.47
0 0 27.5
0 0 27.53
0 0 27.56
0 0 27.6
0 0 27.63
0 0 27.66
0 0 27.7
0 0 27.73
0 0 27.76
0 0 27.8
0 0 27.83
0 0 27.86
0 0 27.9
0 0 27.93
0 0 27.96
0 0 28.0
0 0 28.03
0 0 28.06
0 0 28.1
0 0 28.13
0 0 28.16
0 0 28.2
0 0 28.23
0 0 28.26
0 0 28.3
0 0 28.33
0 0 28.36
0 0 28.4
0 0 28.43
0 0 28.46
0 0 28.5
0 0 28.53
0 0 28.56
0 0 28.6
0 0 28.63
0 0 28.66
0 0 28.7
0 0 28.73
0 0 28.76
0 0 28.8
0 0 28.83
0 0 28.86
0 0 28.9
0 0 28.93
0 0 28.96
0 0 29.0
0 0 29.03
0 0 29.06
0 0 29.1
0 0 29.13
0 0 29.16
0 0 29.2
0 0 29.23
0 0 29.26
0 0 29.3
0 0 29.33
0 0 29.36
0 0 29.4
0 0 29.43
0 0 29.46
0 0 29.5
0 0 29.53
0 0 29.56
0 0 29.6
0 0 29.63
0.534 0.287 29.66
0 0 29.7
0 0 29.73
0.475 0.078 29.76
0.452 0.029 29.8
0.43 0.028 29.83
0.418 0.026 29.87
0.398 0.028 29.9
0.388 0.021 29.93
0.38 0.018 29.97
0.374 0.015 30.0
0.371 0.012 30.03
0.369 0.01 30.07
0.368 0.009 30.1
0.364 0.007 30.13
0.36 0.008 30.17
0.353 0.008 30.2
0.347 0.006 30.23
0.347 0.007 30.27
0.344 0.004 30.3
0.342 0.003 30.33
0.342 0.003 30.37
0.342 0.003 30.4
0.343 0.003 30.43
0.342 0.001 30.46
0.344 0.002 30.5
0.344 0.001 30.53
0.343 0.001 30.57
0.343 0.0 30.6
0.343 0.001 30.63
0.341 0.006 30.67
0.341 0.002 30.7
0.342 0.003 30.73
0.344 0.003 30.77
0.344 0.003 30.8
0.343 0.003 30.83
0.342 0.005 30.87
0.342 0.005 30.9
0.346 0.004 30.93
0.346 0.001 30.97
0.347 0.001 31.0
0.346 0.003 31.03
0.346 0.003 31.07
0.349 0.004 31.1
0.35 0.006 31.13
0.351 0.006 31.17
0.352 0.009 31.2
0.356 0.011 31.23
0.361 0.013 31.27
0.369 0.015 31.3
0.377 0.019 31.33
0.387 0.02 31.37
0.399 0.023 31.4
0.414 0.026 31.43
0.433 0.029 31.47
0.457 0.034 31.5
0 0 31.53
0 0 31.56
0 0 31.6
0 0 31.63
0 0 31.66
0 0 31.7
0 0 31.73
0 0 31.76
0 0 31.8
0 0 31.83
0 0 31.86
0 0 31.9
0 0 31.93
0 0 31.96
0 0 32.0
0 0 32.03
0 0 32.06
0 0 32.1
0 0 32.13
0 0 32.16
0 0 32.2
0.655 0.232 32.23
0 0 32.26
0 0 32.3
0 0 32.33
0 0 32.36
0 0 32.4
0 0 32.43
0 0 32.46
0 0 32.5
0 0 32.53
0 0 32.56
0 0 32.6
0 0 32.63
0 0 32.66
0 0 32.7
0.649 0.023 32.73
0 0 32.76
0 0 32.8
0 0 32.83
0.664 0.021 32.87
0.661 0.003 32.9
0.665 0.004 32.93
0 0 32.96
0 0 32.99
0.665 0.008 33.03
0 0 33.06
0.67 0.007 33.1
0 0 33.13
0 0 33.16
0 0 33.2
0 0 33.23
0 0 33.26
0 0 33.3
0.673 0.003 33.33
0 0 33.37
0 0 33.4
0 0 33.43
0 0 33.46
0 0 33.5
0 0 33.53
0 0 33.56
0 0 33.6
0 0 33.63
0 0 33.66
0 0 33.7
0 0 33.73
0 0 33.76
0 0 33.8
0 0 33.83
0 0 33.86
0 0 33.89
0 0 33.93
0 0 33.96
0 0 33.99
0 0 34.03
0 0 34.06
0 0 34.1
0 0 34.13
0 0 34.16
0 0 34.2
0 0 34.23
0 0 34.26
0 0 34.3
0 0 34.33
0 0 34.36
0 0 34.4
0 0 34.43
0 0 34.46
0 0 34.5
0 0 34.53
0 0 34.56
0 0 34.6
0 0 34.63
0.591 0.085 34.67
0.564 0.027 34.7
0.544 0.027 34.73
0.523 0.03 34.76
0.5 0.032 34.8
0.478 0.031 34.83
0.452 0.033 34.87
0.431 0.029 34.9
0.425 0.025 34.93
0.405 0.028 34.96
0.399 0.016 35.0
0.396 0.013 35.03
0.394 0.011 35.07
0.391 0.009 35.1
0.392 0.009 35.13
0.395 0.007 35.17
0.396 0.005 35.2
0.397 0.004 35.23
0.396 0.006 35.27
0.393 0.004 35.3
0.393 0.003 35.33
0.39 0.003 35.37
0.387 0.007 35.4
0.388 0.002 35.43
0 0 35.46
0.378 0.009 35.5
0 0 35.53
0 0 35.56
0.371 0.025 35.6
0.374 0.016 35.63
0 0 35.66
0 0 35.7
0 0 35.73
0 0 35.76
0 0 35.8
0 0 35.83
0 0 35.87
0 0 35.9
0 0 35.93
0 0 35.96
0 0 36.0
0 0 36.03
0 0 36.06
0 0 36.1
0 0 36.13
0 0 36.16
0 0 36.2
0 0 36.23
0 0 36.26
0 0 36.3
0 0 36.33
0 0 36.36
0 0 36.4
0 0 36.43
0 0 36.46
0 0 36.5
0 0 36.53
0 0 36.56
0 0 36.6
0 0 36.63
0 0 36.66
0 0 36.7
0 0 36.73
0 0 36.76
0 0 36.8
0 0 36.83
0 0 36.86
0 0 36.9
0 0 36.93
0 0 36.96
0 0 37.0
0 0 37.03
0 0 37.06
0 0 37.09
0 0 37.13
0 0 37.16
0 0 37.2
0 0 37.23
0 0 37.26
0 0 37.3
0 0 37.33
0 0 37.36
0 0 37.4
0 0 37.43
0 0 37.46
0 0 37.49
0 0 37.53
0 0 37.56
0 0 37.6
0 0 37.63
0 0 37.66
0 0 37.7
0 0 37.73
0 0 37.76
0 0 37.79
0 0 37.83
0 0 37.86
0 0 37.9
0 0 37.93
0 0 37.96
0 0 38.0
0 0 38.03
0 0 38.06
0 0 38.1
0 0 38.13
0 0 38.16
0 0 38.2
0 0 38.23
0 0 38.26
0 0 38.29
0 0 38.33
0 0 38.36
0 0 38.4
0 0 38.43
0 0 38.46
0 0 38.5
0 0 38.53
0 0 38.56
0 0 38.6
0 0 38.63
0 0 38.66
0 0 38.7
0 0 38.73
0 0 38.76
0 0 38.8
0 0 38.83
0 0 38.86
0 0 38.9
0 0 38.93
0 0 38.96
0 0 38.99
0 0 39.03
0 0 39.06
0 0 39.1
0 0 39.13
0 0 39.16
0 0 39.2
0 0 39.23
0 0 39.26
0 0 39.3
0 0 39.33
0.403 0.365 39.37
0 0 39.4
0.42 0.023 39.43
0 0 39.46
0.397 0.028 39.5
0.391 0.009 39.53
0 0 39.56
0 0 39.6
0 0 39.63
0 0 39.66
0 0 39.7
0 0 39.73
0.361 0.029 39.77
0 0 39.8
0 0 39.83
0 0 39.86
0 0 39.9
0 0 39.93
0.371 0.027 39.96
0 0 40.0
0.361 0.011 40.03
0.362 0.005 40.06
0.36 0.003 40.1
0.366 0.009 40.13
0 0 40.16
0.362 0.007 40.2
0 0 40.23
0 0 40.26
0 0 40.29
0.372 0.013 40.33
0.369 0.003 40.37
0 0 40.4
0.367 0.006 40.43
0.361 0.006 40.46
0 0 40.5
0 0 40.53
0.347 0.014 40.56
0.347 0.003 40.6
0.341 0.007 40.63
0 0 40.66
0.333 0.01 40.7
0.331 0.004 40.73
0.332 0.005 40.76
0 0 40.79
0.338 0.013 40.83
0 0 40.86
0 0 40.9
0.335 0.009 40.93
0 0 40.96
0 0 40.99
0.343 0.01 41.03
0.336 0.012 41.06
0.332 0.008 41.1
0.336 0.005 41.13
0 0 41.16
0.335 0.008 41.2
0 0 41.23
0.329 0.011 41.26
0 0 41.29
0 0 41.33
0.326 0.007 41.36
0 0 41.39
0 0 41.43
0 0 41.46
0 0 41.49
0 0 41.53
0 0 41.56
0.345 0.021 41.6
0 0 41.63
0.35 0.008 41.66
0 0 41.7
0 0 41.73
0 0 41.76
0 0 41.8
0 0 41.83
0 0 41.86
0.329 0.03 41.9
0 0 41.93
0 0 41.96
0 0 42.0
0.313 0.019 42.03
0.308 0.008 42.06
0.308 0.005 42.1
0.318 0.015 42.13
0.315 0.008 42.16
0.325 0.014 42.2
0.316 0.01 42.23
0.319 0.003 42.26
0.327 0.006 42.3
0 0 42.33
0 0 42.36
0.336 0.008 42.4
0.339 0.003 42.43
0.339 0.002 42.46
0.339 0.005 42.5
0 0 42.53
0.341 0.007 42.56
0.347 0.004 42.6
0.352 0.004 42.63
0 0 42.66
0.356 0.007 42.7
0.36 0.007 42.73
0.365 0.007 42.76
0.37 0.006 42.8
0 0 42.83
0 0 42.86
0 0 42.9
0 0 42.93
0.384 0.01 42.97
0.384 0.004 43.0
0 0 43.03
0 0 43.06
0.392 0.006 43.1
0 0 43.13
0 0 43.16
0 0 43.2
0 0 43.23
0 0 43.26
0 0 43.29
0 0 43.33
0 0 43.36
0 0 43.4
0 0 43.43
0 0 43.46
0 0 43.49
0 0 43.53
0 0 43.56
0 0 43.59
0 0 43.63
0 0 43.66
0 0 43.69
0 0 43.73
0 0 43.76
0 0 43.79
0 0 43.83
0 0 43.86
0 0 43.89
0 0 43.93
0 0 43.96
0 0 43.99
0 0 44.03
0 0 44.06
0 0 44.09
0 0 44.13
0 0 44.16
0 0 44.19
0 0 44.23
0 0 44.26
0 0 44.29
0 0 44.33
0 0 44.36
0 0 44.39
0 0 44.43
0 0 44.46
0 0 44.49
0 0 44.53
0 0 44.56
0 0 44.59
0 0 44.63
0 0 44.66
0 0 44.69
0 0 44.73
0 0 44.76
0 0 44.79
0 0 44.83
0 0 44.86
0 0 44.89
0 0 44.93
0 0 44.96
0 0 44.99
0 0 45.03
0 0 45.06
0 0 45.09
0 0 45.13
0 0 45.16
0 0 45.19
0 0 45.23
0 0 45.26
0 0 45.29
0 0 45.33
0 0 45.36
0 0 45.4
0 0 45.43
0 0 45.46
0 0 45.49
0 0 45.53
0 0 45.56
0 0 45.59
0 0 45.63
0 0 45.66
0 0 45.69
0 0 45.73
0 0 45.76
0 0 45.79
0 0 45.83
0 0 45.86
0 0 45.89
0 0 45.93
0 0 45.96
0 0 45.99
0 0 46.03
