0 0 3.74
0 0 3.77
0 0 3.8
0 0 3.84
0 0 3.87
0 0 3.9
0 0 3.94
0 0 3.97
0 0 4.0
0 0 4.04
0 0 4.07
0 0 4.1
0 0 4.14
0 0 4.17
0 0 4.2
0 0 4.24
0 0 4.27
0 0 4.3
0 0 4.34
0 0 4.37
0 0 4.4
0 0 4.44
0 0 4.47
0 0 4.5
0 0 4.54
0 0 4.57
0 0 4.6
0 0 4.64
0 0 4.67
0 0 4.7
0 0 4.74
0 0 4.77
0 0 4.8
0 0 4.83
0 0 4.87
0 0 4.9
0 0 4.94
0 0 4.97
0 0 5.0
0 0 5.04
0 0 5.07
0 0 5.1
0 0 5.13
0 0 5.17
0 0 5.2
0 0 5.23
0 0 5.27
0 0 5.3
0 0 5.34
0 0 5.37
0 0 5.4
0 0 5.43
0 0 5.47
0 0 5.5
0 0 5.54
0 0 5.57
0 0 5.6
0 0 5.64
0 0 5.67
0 0 5.7
0 0 5.73
0 0 5.77
0 0 5.8
0 0 5.84
0 0 5.87
0 0 5.9
0 0 5.93
0 0 5.97
0 0 6.0
0 0 6.04
0 0 6.07
0 0 6.1
0 0 6.14
0 0 6.17
0 0 6.21
0 0 6.24
0 0 6.27
0 0 6.3
0 0 6.34
0.358 0.542 6.37
0.337 0.029 6.4
0.322 0.028 6.44
0.315 0.032 6.47
0.303 0.03 6.5
0.296 0.032 6.54
0.289 0.031 6.57
0.283 0.028 6.6
0.285 0.027 6.64
0.284 0.023 6.67
0.286 0.019 6.7
0.293 0.016 6.74
0.295 0.013 6.77
0.295 0.01 6.8
0.301 0.008 6.84
0.302 0.007 6.87
0.302 0.005 6.9
0.309 0.004 6.94
0.313 0.005 6.97
0.315 0.004 7.0
0.332 0.023 7.04
0.319 0.022 7.07
0.318 0.003 7.1
0 0 7.13
0.322 0.006 7.17
0.32 0.006 7.2
0.323 0.006 7.24
0 0 7.27
0 0 7.3
0.333 0.016 7.34
0.33 0.008 7.37
0 0 7.4
0.34 0.016 7.43
0.336 0.013 7.47
0.34 0.015 7.5
0.338 0.019 7.54
0 0 7.57
0 0 7.6
0 0 7.63
0 0 7.67
0 0 7.7
0 0 7.73
0 0 7.77
0 0 7.8
0 0 7.83
0 0 7.87
0 0 7.9
0 0 7.94
0 0 7.97
0 0 8.0
0 0 8.03
0 0 8.07
0 0 8.1
0 0 8.13
0 0 8.17
0 0 8.2
0 0 8.24
0 0 8.27
0 0 8.3
0 0 8.34
0 0 8.37
0 0 8.4
0 0 8.43
0 0 8.47
0 0 8.5
0 0 8.54
0 0 8.57
0 0 8.6
0 0 8.63
0 0 8.67
0 0 8.7
0 0 8.73
0 0 8.77
0 0 8.8
0 0 8.83
0 0 8.87
0 0 8.9
0 0 8.93
0 0 8.97
0 0 9.0
0 0 9.03
0 0 9.07
0 0 9.1
0 0 9.13
0 0 9.17
0 0 9.2
0 0 9.23
0 0 9.27
0 0 9.3
0 0 9.33
0 0 9.37
0 0 9.4
0 0 9.43
0 0 9.47
0 0 9.5
0 0 9.53
0 0 9.57
0 0 9.6
0 0 9.63
0 0 9.67
0 0 9.7
0 0 9.73
0 0 9.77
0 0 9.8
0 0 9.83
0 0 9.87
0 0 9.9
0 0 9.93
0 0 9.97
0 0 10.0
0 0 10.03
0 0 10.07
0 0 10.1
0 0 10.14
0 0 10.17
0 0 10.2
0 0 10.23
0 0 10.27
0 0 10.3
0 0 10.33
0 0 10.37
0 0 10.4
0 0 10.43
0 0 10.47
0 0 10.5
0 0 10.54
0 0 10.57
0 0 10.6
0 0 10.63
0 0 10.67
0 0 10.7
0 0 10.73
0 0 10.77
0 0 10.8
0 0 10.83
0 0 10.87
0 0 10.9
0 0 10.93
0 0 10.97
0 0 11.0
0 0 11.04
0 0 11.07
0 0 11.1
0 0 11.13
0 0 11.17
0 0 11.2
0 0 11.23
0 0 11.27
0 0 11.3
0 0 11.33
0 0 11.37
0 0 11.4
0 0 11.43
0 0 11.47
0 0 11.5
0 0 11.53
0.571 0.282 11.57
0.532 0.041 11.6
0.517 0.022 11.63
0.486 0.042 11.67
0.458 0.031 11.7
0.437 0.033 11.74
0.408 0.038 11.77
0.379 0.036 11.8
0.354 0.035 11.84
0.341 0.032 11.87
0.322 0.03 11.9
0.314 0.025 11.94
0.312 0.022 11.97
0.309 0.017 12.0
0.315 0.018 12.04
0.315 0.01 12.07
0.322 0.011 12.1
0.324 0.007 12.14
0.325 0.004 12.17
0.328 0.004 12.2
0.33 0.004 12.24
0.333 0.003 12.27
0.334 0.005 12.3
0.342 0.012 12.34
0 0 12.37
0 0 12.4
0 0 12.44
0 0 12.47
0 0 12.5
0 0 12.54
0 0 12.57
0 0 12.6
0 0 12.64
0 0 12.67
0 0 12.7
0 0 12.73
0 0 12.77
0 0 12.8
0 0 12.84
0.348 0.057 12.87
0.35 0.016 12.9
0.349 0.022 12.94
0.354 0.025 12.97
0.36 0.024 13.0
0.365 0.027 13.04
0 0 13.07
0.4 0.047 13.1
0 0 13.13
0 0 13.17
0 0 13.2
0 0 13.23
0 0 13.27
0 0 13.3
0 0 13.33
0 0 13.37
0 0 13.4
0 0 13.43
0 0 13.47
0 0 13.5
0 0 13.53
0 0 13.57
0 0 13.6
0 0 13.63
0 0 13.67
0 0 13.7
0 0 13.73
0 0 13.77
0 0 13.8
0 0 13.83
0 0 13.87
0 0 13.9
0 0 13.94
0 0 13.97
0 0 14.0
0 0 14.03
0 0 14.07
0 0 14.1
0 0 14.13
0 0 14.17
0 0 14.2
0 0 14.23
0 0 14.27
0 0 14.3
0 0 14.33
0 0 14.39
0.65 0.243 14.42
0 0 14.43
0 0 14.47
0 0 14.5
0 0 14.53
0 0 14.57
0.555 0.099 14.6
0.53 0.028 14.64
0.51 0.028 14.67
0.486 0.029 14.7
0.462 0.03 14.74
0.438 0.03 14.77
0.416 0.029 14.8
0.399 0.025 14.84
0.389 0.023 14.87
0.385 0.021 14.9
0.383 0.018 14.94
0 0 14.97
0.388 0.033 15.0
0 0 15.04
0.398 0.024 15.07
0.403 0.009 15.1
0.407 0.006 15.14
0 0 15.17
0.411 0.007 15.21
0.41 0.001 15.24
0.411 0.002 15.27
0.408 0.004 15.3
0.407 0.002 15.34
0.405 0.006 15.37
0 0 15.4
0.401 0.028 15.44
0 0 15.47
0 0 15.5
0 0 15.53
0 0 15.57
0 0 15.6
0 0 15.63
0 0 15.67
0 0 15.7
0 0 15.73
0 0 15.77
0 0 15.8
0 0 15.83
0 0 15.87
0 0 15.9
0 0 15.93
0 0 15.97
0 0 16.0
0 0 16.04
0 0 16.07
0 0 16.1
0 0 16.14
0 0 16.17
0 0 16.2
0 0 16.23
0 0 16.27
0 0 16.3
0 0 16.33
0 0 16.37
0 0 16.4
0 0 16.43
0 0 16.47
0 0 16.5
0 0 16.54
0.568 0.272 16.57
0.549 0.024 16.6
0.522 0.03 16.63
0.5 0.03 16.67
0.473 0.032 16.7
0.445 0.033 16.73
0.418 0.034 16.77
0.397 0.029 16.8
0.379 0.026 16.83
0.368 0.021 16.87
0.363 0.018 16.9
0.359 0.016 16.94
0.359 0.014 16.97
0.361 0.012 17.0
0.36 0.009 17.04
0.365 0.01 17.07
0.368 0.007 17.1
0.37 0.005 17.13
0.373 0.006 17.17
0.372 0.003 17.2
0.369 0.004 17.23
0.369 0.002 17.27
0.366 0.004 17.3
0.365 0.003 17.33
0.364 0.002 17.37
0.364 0.001 17.4
0.361 0.006 17.43
0.36 0.003 17.47
0.361 0.002 17.5
0.36 0.004 17.54
0.358 0.004 17.57
0.356 0.005 17.6
0.355 0.006 17.63
0 0 17.67
0.356 0.014 17.7
0.358 0.011 17.73
0.364 0.013 17.77
0.374 0.017 17.8
0.386 0.02 17.84
0.399 0.024 17.87
0.422 0.03 17.9
0 0 17.93
0 0 17.97
0 0 18.0
0 0 18.03
0 0 18.07
0 0 18.1
0 0 18.13
0 0 18.17
0 0 18.2
0 0 18.23
0 0 18.27
0 0 18.3
0 0 18.33
0 0 18.37
0 0 18.4
0 0 18.43
0 0 18.46
0 0 18.5
0 0 18.53
0 0 18.57
0 0 18.6
0 0 18.63
0 0 18.66
0 0 18.7
0 0 18.73
0 0 18.76
0 0 18.8
0 0 18.83
0 0 18.87
0 0 18.9
0 0 18.93
0 0 18.96
0 0 19.0
0 0 19.03
0 0 19.07
0 0 19.1
0 0 19.13
0 0 19.17
0 0 19.2
0 0 19.23
0 0 19.27
0 0 19.3
0 0 19.33
0 0 19.37
0 0 19.4
0.667 0.272 19.43
0.659 0.01 19.47
0.64 0.019 19.5
0.622 0.018 19.54
0.607 0.019 19.57
0.582 0.027 19.6
0.562 0.027 19.63
0.542 0.029 19.67
0.507 0.038 19.7
0.477 0.034 19.73
0.455 0.03 19.77
0.434 0.028 19.8
0.415 0.026 19.83
0.406 0.022 19.87
0.392 0.019 19.9
0.388 0.015 19.93
0.38 0.012 19.97
0.378 0.009 20.0
0.378 0.007 20.04
0.377 0.005 20.07
0.375 0.005 20.1
0.377 0.006 20.13
0.379 0.005 20.17
0.376 0.004 20.2
0.372 0.004 20.23
0.374 0.006 20.27
0 0 20.3
0.366 0.008 20.33
0 0 20.37
0 0 20.4
0 0 20.43
0 0 20.47
0 0 20.5
0.357 0.023 20.54
0 0 20.57
0.362 0.019 20.6
0 0 20.63
0.373 0.036 20.67
0 0 20.7
0.388 0.055 20.73
0.4 0.032 20.77
0.431 0.037 20.8
0.45 0.034 20.83
0.469 0.033 20.87
0.498 0.033 20.9
0 0 20.93
0 0 20.97
0 0 21.0
0 0 21.03
0 0 21.07
0 0 21.1
0 0 21.13
0 0 21.16
0 0 21.2
0 0 21.23
0 0 21.27
0 0 21.3
0 0 21.33
0 0 21.37
0 0 21.4
0 0 21.43
0 0 21.46
0 0 21.5
0 0 21.53
0 0 21.57
0 0 21.6
0 0 21.63
0 0 21.66
0 0 21.7
0 0 21.73
0 0 21.76
0 0 21.8
0 0 21.83
0 0 21.87
0 0 21.9
0 0 21.93
0 0 21.96
0 0 22.0
0 0 22.03
0 0 22.06
0 0 22.1
0 0 22.13
0 0 22.16
0 0 22.2
0 0 22.23
0 0 22.27
0 0 22.3
0 0 22.33
0 0 22.37
0 0 22.4
0.586 0.156 22.43
0 0 22.46
0 0 22.5
0 0 22.53
0 0 22.56
0.51 0.064 22.6
0 0 22.63
0 0 22.66
0 0 22.7
0.496 0.022 22.73
0.5 0.006 22.77
0.505 0.005 22.8
0 0 22.83
0 0 22.87
0.519 0.021 22.9
0 0 22.93
0.514 0.003 22.97
0.513 0.002 23.0
0 0 23.03
0.504 0.003 23.07
0 0 23.1
0.498 0.006 23.13
0.494 0.002 23.17
0.5 0.007 23.2
0 0 23.23
0.492 0.004 23.27
0.49 0.004 23.3
0.5 0.011 23.33
0 0 23.37
0 0 23.4
0.498 0.006 23.43
0.497 0.004 23.47
0.493 0.006 23.5
0 0 23.53
0 0 23.57
0 0 23.6
0.504 0.015 23.63
0 0 23.66
0.499 0.004 23.7
0.496 0.005 23.73
0.506 0.011 23.77
0.496 0.008 23.8
0 0 23.83
0 0 23.87
0.494 0.002 23.9
0 0 23.93
0.5 0.007 23.97
0.498 0.002 24.0
0.497 0.003 24.03
0 0 24.06
0 0 24.1
0 0 24.13
0.48 0.015 24.17
0.482 0.002 24.2
0 0 24.23
0 0 24.26
0 0 24.3
0 0 24.33
0 0 24.37
0 0 24.4
0 0 24.43
0 0 24.46
0 0 24.5
0 0 24.53
0 0 24.56
0 0 24.6
0 0 24.63
0 0 24.67
0 0 24.7
0 0 24.73
0 0 24.76
0 0 24.8
0 0 24.83
0 0 24.87
0 0 24.9
0 0 24.93
0 0 24.96
0 0 25.0
0 0 25.03
0 0 25.06
0 0 25.1
0 0 25.13
0 0 25.16
0 0 25.2
0 0 25.23
0 0 25.27
0 0 25.3
0 0 25.33
0 0 25.37
0 0 25.4
0 0 25.43
0 0 25.46
0 0 25.5
0 0 25.53
0 0 25.56
0 0 25.6
0 0 25.63
0 0 25.66
0 0 25.7
0 0 25.73
0 0 25.76
0 0 25.8
0 0 25.83
0 0 25.87
0 0 25.9
0 0 25.93
0 0 25.96
0 0 26.0
0 0 26.03
0 0 26.06
0 0 26.1
0 0 26.13
0 0 26.16
0 0 26.2
0 0 26.23
0 0 26.27
0 0 26.3
0 0 26.33
0 0 26.37
0 0 26.4
0 0 26.43
0 0 26.46
0 0 26.5
0 0 26.54
0 0 26.56
0 0 26.6
0 0 26.63
0 0 26.66
0 0 26.7
0 0 26.73
0 0 26.76
0 0 26.8
0 0 26.83
0 0 26.87
0 0 26.9
0 0 26.93
0 0 26.96
0 0 27.0
0 0 27.03
0 0 27.06
0 0 27.1
0 0 27.13
0 0 27.17
0 0 27.2
0 0 27.23
0 0 27.26
0 0 27.3
0 0 27.33
0 0 27.37
0 0 27.4
0 0 27.43
0 0 27.46
0 0 27.5
0 0 27.53
0 0 27.56
0 0 27.6
0 0 27.63
0 0 27.66
0 0 27.7
0 0 27.73
0 0 27.76
0 0 27.8
0 0 27.83
0 0 27.87
0 0 27.9
0 0 27.93
0 0 27.96
0 0 28.0
0 0 28.03
0 0 28.06
0 0 28.1
0.491 0.094 28.13
0 0 28.16
0.461 0.032 28.2
0.443 0.022 28.23
0.423 0.021 28.27
0.408 0.019 28.3
0.398 0.019 28.33
0.393 0.021 28.37
0.386 0.017 28.4
0.379 0.014 28.43
0.379 0.016 28.47
0 0 28.5
0.384 0.024 28.53
0.384 0.009 28.57
0.388 0.01 28.6
0.39 0.007 28.63
0 0 28.66
0.397 0.011 28.7
0.4 0.01 28.73
0 0 28.76
0.394 0.017 28.8
0.384 0.014 28.83
0 0 28.87
0.366 0.033 28.9
0.356 0.017 28.93
0.354 0.015 28.97
0.348 0.014 29.0
0.345 0.011 29.03
0.342 0.01 29.07
0.347 0.008 29.1
0.347 0.006 29.13
0.35 0.007 29.17
0.358 0.006 29.2
0.36 0.005 29.23
0.362 0.006 29.27
0.366 0.004 29.3
0.364 0.004 29.33
0.36 0.005 29.37
0.367 0.004 29.4
0.364 0.006 29.43
0.361 0.005 29.47
0.358 0.004 29.5
0.359 0.003 29.53
0 0 29.57
0 0 29.6
0.358 0.006 29.63
0.355 0.005 29.67
0.354 0.003 29.7
0.357 0.002 29.73
0 0 29.77
0.351 0.016 29.8
0 0 29.83
0.359 0.016 29.87
0 0 29.9
0.367 0.028 29.93
0.377 0.018 29.97
0.382 0.022 30.0
0.394 0.023 30.04
0 0 30.06
0 0 30.1
0 0 30.13
0 0 30.16
0 0 30.2
0 0 30.23
0 0 30.27
0 0 30.3
0 0 30.33
0 0 30.36
0 0 30.4
0 0 30.43
0 0 30.46
0 0 30.5
0 0 30.53
0 0 30.56
0 0 30.6
0 0 30.63
0 0 30.66
0 0 30.7
0 0 30.73
0 0 30.76
0 0 30.8
0 0 30.83
0 0 30.87
0 0 30.9
0 0 30.93
0 0 30.96
0 0 31.0
0 0 31.03
0 0 31.06
0 0 31.1
0 0 31.13
0 0 31.16
0 0 31.2
0 0 31.23
0 0 31.26
0 0 31.3
0 0 31.33
0.616 0.247 31.37
0.591 0.025 31.4
0.567 0.025 31.43
0.546 0.025 31.46
0.518 0.03 31.5
0.486 0.034 31.53
0.467 0.03 31.56
0.447 0.031 31.6
0.423 0.032 31.64
0.401 0.032 31.67
0.391 0.027 31.7
0.383 0.024 31.73
0.378 0.019 31.77
0.379 0.018 31.8
0.378 0.012 31.83
0.378 0.01 31.87
0.379 0.009 31.9
0.377 0.006 31.93
0.377 0.005 31.96
0.378 0.004 32.0
0.377 0.004 32.03
0.375 0.004 32.07
0.372 0.004 32.1
0.37 0.003 32.14
0.367 0.003 32.17
0.365 0.003 32.2
0.368 0.006 32.23
0.367 0.002 32.27
0.367 0.001 32.3
0.368 0.001 32.33
0.37 0.002 32.37
0.37 0.003 32.4
0.369 0.004 32.43
0.366 0.007 32.47
0.366 0.001 32.5
0.363 0.005 32.53
0.36 0.003 32.57
0.358 0.005 32.6
0.357 0.004 32.63
0.355 0.004 32.67
0.355 0.003 32.7
0.354 0.007 32.74
0.355 0.007 32.77
0.359 0.006 32.8
0.362 0.006 32.83
0.365 0.005 32.87
0.366 0.007 32.9
0.367 0.006 32.93
0.369 0.004 32.97
0.369 0.005 33.0
0.37 0.005 33.03
0.373 0.005 33.07
0.375 0.006 33.1
0.376 0.006 33.13
0.38 0.008 33.17
0.383 0.009 33.2
0.387 0.011 33.23
0.395 0.012 33.27
0.404 0.011 33.3
0.407 0.008 33.33
0.41 0.005 33.37
0.41 0.005 33.4
0.411 0.004 33.44
0.413 0.004 33.47
0.415 0.005 33.5
0.419 0.007 33.53
0.423 0.008 33.57
0.428 0.009 33.6
0.437 0.012 33.63
0.444 0.009 33.66
0.451 0.009 33.7
0.458 0.01 33.73
0.466 0.011 33.77
0.474 0.01 33.8
0.482 0.01 33.83
0.49 0.009 33.87
0.498 0.009 33.9
0.508 0.011 33.94
0 0 33.96
0 0 34.0
0 0 34.03
0 0 34.06
0 0 34.1
0 0 34.13
0 0 34.17
0 0 34.2
0 0 34.23
0 0 34.26
0 0 34.3
0 0 34.33
0 0 34.36
0 0 34.4
0 0 34.43
0 0 34.46
0 0 34.5
0 0 34.53
0 0 34.56
0 0 34.6
0 0 34.63
0 0 34.66
0 0 34.7
0 0 34.73
0 0 34.76
0 0 34.8
0 0 34.83
0 0 34.86
0 0 34.9
0 0 34.93
0 0 34.96
0 0 35.0
0 0 35.03
0 0 35.06
0 0 35.1
0 0 35.13
0 0 35.16
0.659 0.195 35.2
0 0 35.23
0 0 35.26
0 0 35.3
0 0 35.33
0.652 0.009 35.37
0 0 35.4
0.647 0.005 35.43
0 0 35.46
0.647 0.003 35.5
0.639 0.011 35.53
0 0 35.56
0.638 0.002 35.6
0.639 0.002 35.63
0 0 35.66
0 0 35.7
0.639 0.007 35.73
0 0 35.76
0 0 35.8
0.644 0.006 35.83
0.642 0.005 35.87
0.648 0.008 35.9
0 0 35.93
0 0 35.96
0 0 36.0
0 0 36.03
0 0 36.07
0 0 36.1
0 0 36.13
0 0 36.16
0 0 36.2
0 0 36.23
0 0 36.26
0 0 36.29
0 0 36.33
0 0 36.36
0 0 36.4
0.676 0.034 36.43
0.676 0.002 36.46
0 0 36.5
0 0 36.53
0 0 36.56
0 0 36.6
0 0 36.63
0.662 0.016 36.66
0 0 36.7
0.656 0.014 36.73
0.656 0.002 36.76
0.657 0.002 36.8
0 0 36.83
0 0 36.86
0.649 0.012 36.9
0.649 0.004 36.93
0.642 0.009 36.96
0 0 37.0
0 0 37.03
0 0 37.06
0 0 37.1
0 0 37.13
0 0 37.16
0 0 37.2
0 0 37.23
0.638 0.008 37.26
0 0 37.3
0 0 37.33
0 0 37.36
0 0 37.4
0 0 37.43
0 0 37.46
0 0 37.49
0 0 37.53
0 0 37.56
0 0 37.6
0.57 0.072 37.63
0.55 0.025 37.66
0.532 0.028 37.7
0.514 0.03 37.73
0.489 0.031 37.76
0.464 0.031 37.8
0.444 0.028 37.83
0.427 0.026 37.87
0.407 0.026 37.9
0.4 0.019 37.93
0.394 0.016 37.96
0.392 0.014 38.0
0.392 0.011 38.03
0.391 0.008 38.06
0.391 0.006 38.1
0.396 0.006 38.13
0.397 0.004 38.17
0.398 0.003 38.2
0.397 0.003 38.23
0.396 0.002 38.27
0.394 0.003 38.3
0.403 0.013 38.33
0.391 0.024 38.37
0.391 0.001 38.4
0.389 0.005 38.43
0.39 0.005 38.47
0.389 0.007 38.5
0.391 0.009 38.53
0.394 0.012 38.57
0.396 0.016 38.6
0.401 0.018 38.63
0.407 0.019 38.66
0.415 0.017 38.7
0.423 0.017 38.73
0.434 0.015 38.77
0.439 0.014 38.8
0.452 0.015 38.83
0.456 0.012 38.87
0.464 0.011 38.9
0.472 0.011 38.93
0.478 0.01 38.96
0.488 0.011 39.0
0.496 0.01 39.03
0.505 0.01 39.06
0.512 0.008 39.1
0.517 0.007 39.13
0 0 39.16
0 0 39.2
0 0 39.23
0 0 39.26
0 0 39.29
0 0 39.33
0 0 39.36
0 0 39.4
0 0 39.43
0 0 39.46
0 0 39.49
0 0 39.53
0 0 39.56
0 0 39.59
0 0 39.63
0 0 39.66
0 0 39.7
0 0 39.73
0 0 39.76
0 0 39.79
0 0 39.83
0 0 39.86
0 0 39.9
0 0 39.93
0 0 39.96
0 0 39.99
0 0 40.03
0 0 40.06
0 0 40.09
0 0 40.13
0 0 40.16
0 0 40.2
0 0 40.23
0 0 40.26
0 0 40.29
0 0 40.33
0 0 40.36
0.71 0.224 40.4
0.712 0.005 40.43
0 0 40.46
0 0 40.49
0 0 40.53
0 0 40.56
0 0 40.6
0 0 40.63
0 0 40.66
0 0 40.7
0 0 40.73
0 0 40.76
0 0 40.79
0 0 40.83
0 0 40.86
0 0 40.9
0 0 40.93
0 0 40.96
0 0 40.99
0 0 41.03
0 0 41.06
0 0 41.09
0 0 41.13
0 0 41.16
0 0 41.2
0 0 41.23
0 0 41.26
0 0 41.29
0 0 41.33
0 0 41.36
0 0 41.4
0 0 41.43
0 0 41.46
0 0 41.49
0 0 41.53
0 0 41.56
0 0 41.6
0 0 41.63
0 0 41.66
0 0 41.7
0 0 41.73
0 0 41.76
0 0 41.79
0 0 41.83
0 0 41.86
0 0 41.9
0 0 41.93
0 0 41.96
0 0 41.99
0 0 42.03
0 0 42.06
0 0 42.09
0 0 42.13
0 0 42.16
0 0 42.2
0 0 42.23
0 0 42.26
0 0 42.29
0 0 42.33
0 0 42.36
0 0 42.39
0 0 42.43
0 0 42.46
0 0 42.49
0 0 42.53
0 0 42.56
0 0 42.59
0 0 42.63
0 0 42.66
0 0 42.7
0 0 42.73
0 0 42.76
0 0 42.79
0 0 42.83
0 0 42.86
0 0 42.89
0 0 42.93
0 0 42.96
0 0 42.99
0 0 43.03
0 0 43.06
0 0 43.09
0 0 43.13
0 0 43.16
0 0 43.19
0 0 43.23
0 0 43.26
0 0 43.29
0 0 43.33
0 0 43.36
0 0 43.39
0 0 43.43
0 0 43.47
0 0 43.5
0 0 43.53
0 0 43.56
0 0 43.59
0 0 43.63
0 0 43.66
0 0 43.69
0 0 43.73
0 0 43.76
0 0 43.79
0 0 43.83
0 0 43.86
0 0 43.89
0 0 43.93
0 0 43.96
0 0 43.99
0 0 44.03
0 0 44.06
0 0 44.09
0 0 44.13
0 0 44.16
0 0 44.19
0 0 44.23
0 0 44.26
0 0 44.29
0 0 44.33
0 0 44.36
0 0 44.39
0 0 44.43
0 0 44.46
0 0 44.49
0 0 44.53
0 0 44.56
0 0 44.6
0 0 44.63
0 0 44.66
0 0 44.7
0 0 44.73
0 0 44.76
