0 0 13.69
0 0 13.73
0 0 13.76
0 0 13.8
0 0 13.83
0 0 13.86
0 0 13.9
0 0 13.93
0 0 13.96
0 0 14.0
0 0 14.03
0 0 14.06
0 0 14.1
0 0 14.13
0 0 14.16
0 0 14.19
0 0 14.23
0 0 14.26
0 0 14.29
0 0 14.33
0 0 14.36
0 0 14.39
0 0 14.43
0 0 14.46
0 0 14.5
0 0 14.53
0 0 14.56
0 0 14.59
0 0 14.63
0 0 14.66
0 0 14.69
0 0 14.73
0 0 14.76
0 0 14.79
0 0 14.83
0 0 14.86
0 0 14.89
0 0 14.93
0 0 14.96
0 0 15.0
0 0 15.03
0 0 15.06
0 0 15.09
0 0 15.13
0 0 15.16
0 0 15.19
0 0 15.23
0 0 15.26
0 0 15.29
0 0 15.33
0 0 15.36
0 0 15.39
0 0 15.43
0 0 15.46
0 0 15.5
0 0 15.53
0 0 15.56
0 0 15.59
0 0 15.63
0 0 15.66
0 0 15.69
0 0 15.73
0 0 15.76
0 0 15.79
0 0 15.83
0 0 15.86
0 0 15.89
0 0 15.93
0 0 15.96
0 0 16.0
0 0 16.03
0 0 16.06
0 0 16.09
0 0 16.13
0 0 16.16
0 0 16.19
0 0 16.23
0 0 16.26
0 0 16.3
0 0 16.33
0 0 16.36
0 0 16.39
0 0 16.43
0 0 16.46
0 0 16.5
0 0 16.53
0 0 16.56
0 0 16.59
0 0 16.63
0 0 16.66
0 0 16.69
0 0 16.73
0 0 16.76
0 0 16.79
0 0 16.83
0 0 16.86
0 0 16.9
0 0 16.93
0 0 16.96
0 0 17.0
0 0 17.03
0 0 17.06
0 0 17.09
0 0 17.13
0 0 17.16
0 0 17.19
0 0 17.23
0 0 17.26
0 0 17.3
0 0 17.33
0 0 17.36
0 0 17.39
0 0 17.43
0 0 17.46
0 0 17.49
0 0 17.53
0 0 17.56
0 0 17.59
0 0 17.63
0 0 17.66
0 0 17.69
0 0 17.73
0 0 17.76
0 0 17.79
0 0 17.83
0 0 17.86
0 0 17.89
0 0 17.93
0 0 17.96
0 0 17.99
0 0 18.03
0 0 18.06
0 0 18.09
0 0 18.13
0 0 18.16
0 0 18.19
0 0 18.23
0 0 18.26
0 0 18.29
0 0 18.33
0 0 18.36
0 0 18.39
0 0 18.43
0 0 18.46
0 0 18.5
0 0 18.53
0 0 18.56
0 0 18.59
0 0 18.63
0 0 18.66
0 0 18.69
0 0 18.73
0 0 18.76
0 0 18.79
0 0 18.83
0 0 18.86
0 0 18.89
0 0 18.93
0 0 18.96
0 0 18.99
0 0 19.03
0 0 19.06
0 0 19.1
0 0 19.13
0 0 19.16
0 0 19.2
0 0 19.23
0 0 19.26
0 0 19.3
0 0 19.33
0 0 19.36
0 0 19.39
0 0 19.43
0 0 19.46
0 0 19.5
0 0 19.53
0 0 19.56
0 0 19.59
0 0 19.63
0 0 19.66
0 0 19.69
0 0 19.73
0 0 19.76
0 0 19.8
0 0 19.83
0 0 19.86
0 0 19.89
0 0 19.93
0 0 19.96
0 0 19.99
0 0 20.03
0 0 20.06
0 0 20.1
0 0 20.13
0 0 20.16
0 0 20.19
0 0 20.23
0 0 20.26
0 0 20.29
0 0 20.33
0 0 20.36
0 0 20.39
0 0 20.43
0 0 20.46
0 0 20.5
0 0 20.53
0 0 20.56
0 0 20.59
0 0 20.63
0 0 20.66
0 0 20.69
0 0 20.73
0 0 20.76
0 0 20.79
0 0 20.83
0 0 20.86
0 0 20.89
0 0 20.93
0 0 20.96
0 0 20.99
0 0 21.03
0 0 21.06
0 0 21.09
0 0 21.13
0 0 21.16
0 0 21.19
0 0 21.23
0 0 21.26
0 0 21.29
0 0 21.33
0 0 21.36
0 0 21.39
0 0 21.43
0 0 21.46
0 0 21.49
0 0 21.53
0 0 21.56
0 0 21.59
0 0 21.63
0 0 21.66
0 0 21.69
0 0 21.73
0 0 21.76
0 0 21.79
0 0 21.83
0 0 21.86
0 0 21.89
0 0 21.93
0 0 21.96
0 0 21.99
0 0 22.03
0 0 22.06
0 0 22.09
0 0 22.13
0 0 22.16
0 0 22.19
0 0 22.23
0 0 22.26
0 0 22.29
0 0 22.33
0 0 22.36
0 0 22.39
0 0 22.43
0 0 22.46
0 0 22.49
0 0 22.53
0 0 22.56
0 0 22.59
0 0 22.63
0 0 22.66
0 0 22.69
0 0 22.73
0 0 22.76
0 0 22.79
0 0 22.83
0 0 22.86
0 0 22.89
0 0 22.93
0 0 22.96
0 0 22.99
0 0 23.03
0 0 23.06
0 0 23.09
0 0 23.13
0 0 23.16
0 0 23.19
0 0 23.23
0 0 23.26
0 0 23.29
0 0 23.33
0 0 23.36
0 0 23.39
0 0 23.43
0 0 23.46
0 0 23.49
0 0 23.53
0 0 23.56
0 0 23.59
0 0 23.63
0 0 23.66
0 0 23.69
0 0 23.73
0 0 23.76
0 0 23.79
0 0 23.83
0 0 23.86
0 0 23.89
0 0 23.93
0 0 23.96
0 0 23.99
0 0 24.03
0 0 24.06
0 0 24.09
0 0 24.13
0 0 24.16
0 0 24.19
0 0 24.23
0 0 24.26
0 0 24.29
0 0 24.33
0 0 24.36
0 0 24.39
0 0 24.43
0 0 24.46
0 0 24.49
0 0 24.53
0 0 24.56
0 0 24.59
0 0 24.63
0 0 24.66
0 0 24.69
0 0 24.73
0 0 24.76
0 0 24.79
0 0 24.83
0 0 24.86
0 0 24.89
0 0 24.93
0 0 24.96
0 0 24.99
0 0 25.03
0 0 25.06
0 0 25.09
0 0 25.13
0 0 25.16
0 0 25.19
0 0 25.23
0 0 25.26
0 0 25.29
0 0 25.33
0 0 25.36
0 0 25.39
0 0 25.43
0 0 25.46
0 0 25.5
0 0 25.53
0 0 25.56
0 0 25.59
0 0 25.63
0 0 25.66
0 0 25.69
0 0 25.73
0 0 25.76
0 0 25.79
0 0 25.83
0 0 25.86
0 0 25.89
0 0 25.93
0 0 25.96
0 0 26.0
0 0 26.03
0 0 26.06
0 0 26.09
0 0 26.13
0 0 26.16
0 0 26.19
0 0 26.23
0 0 26.26
0 0 26.29
0 0 26.33
0 0 26.36
0 0 26.39
0 0 26.43
0 0 26.46
0 0 26.49
0 0 26.53
0 0 26.56
0 0 26.59
0 0 26.63
0 0 26.66
0 0 26.69
0 0 26.73
0 0 26.76
0 0 26.79
0 0 26.83
0 0 26.86
0 0 26.89
0 0 26.93
0 0 26.96
0 0 26.99
0 0 27.03
0 0 27.06
0 0 27.09
0 0 27.13
0 0 27.16
0 0 27.19
0 0 27.23
0 0 27.26
0 0 27.29
0 0 27.33
0 0 27.36
0 0 27.39
0 0 27.43
0 0 27.46
0 0 27.49
0 0 27.53
0 0 27.56
0 0 27.59
0 0 27.63
0 0 27.66
0 0 27.69
0 0 27.73
0 0 27.76
0 0 27.79
0 0 27.83
0 0 27.86
0 0 27.89
0 0 27.93
0 0 27.96
0 0 27.99
0 0 28.02
0 0 28.06
0 0 28.09
0 0 28.12
0 0 28.16
0 0 28.19
0 0 28.23
0 0 28.26
0 0 28.29
0 0 28.33
0 0 28.36
0 0 28.39
0 0 28.42
0 0 28.46
0 0 28.49
0 0 28.52
0 0 28.56
0 0 28.59
0 0 28.62
0 0 28.66
0 0 28.69
0 0 28.73
0 0 28.76
0 0 28.79
0 0 28.83
0 0 28.86
0 0 28.89
0 0 28.92
0 0 28.96
0 0 28.99
0 0 29.02
0 0 29.06
0 0 29.09
0 0 29.13
0 0 29.16
0 0 29.19
0 0 29.22
0 0 29.26
0 0 29.29
0 0 29.33
0 0 29.36
0 0 29.39
0 0 29.43
0 0 29.46
0 0 29.49
0 0 29.52
0 0 29.56
0 0 29.59
0 0 29.62
0 0 29.66
0 0 29.69
0 0 29.72
0 0 29.76
0 0 29.79
0 0 29.83
0 0 29.86
0 0 29.89
0 0 29.92
0 0 29.96
0 0 29.99
0 0 30.02
0 0 30.06
0 0 30.09
0 0 30.12
0 0 30.16
0 0 30.19
0 0 30.22
0 0 30.26
0 0 30.29
0 0 30.33
0 0 30.36
0 0 30.39
0 0 30.42
0 0 30.46
0 0 30.49
0 0 30.52
0 0 30.56
0 0 30.59
0 0 30.63
0 0 30.66
0 0 30.69
0 0 30.72
0 0 30.76
0 0 30.79
0 0 30.83
0 0 30.86
0 0 30.89
0 0 30.92
0 0 30.96
0 0 30.99
0 0 31.02
0 0 31.06
0 0 31.09
0 0 31.13
0 0 31.16
0 0 31.19
0 0 31.22
0 0 31.26
0 0 31.29
0 0 31.33
0 0 31.36
0 0 31.39
0 0 31.42
0 0 31.46
0 0 31.49
0 0 31.52
0 0 31.56
0 0 31.59
0 0 31.62
0 0 31.66
0 0 31.69
0 0 31.73
0 0 31.76
0 0 31.79
0 0 31.83
0 0 31.86
0 0 31.89
0 0 31.92
0 0 31.96
0 0 31.99
0 0 32.02
0 0 32.06
0 0 32.09
0 0 32.12
0 0 32.16
0 0 32.19
0 0 32.22
0 0 32.26
0 0 32.29
0 0 32.33
0 0 32.36
0 0 32.39
0 0 32.42
0 0 32.46
0 0 32.49
0 0 32.52
0 0 32.56
0 0 32.59
0 0 32.62
0 0 32.66
0 0 32.69
0 0 32.72
0 0 32.76
0 0 32.79
0 0 32.83
0 0 32.86
0 0 32.89
0 0 32.92
0 0 32.96
0 0 32.99
0 0 33.02
0 0 33.06
0 0 33.09
0 0 33.12
0 0 33.16
0 0 33.19
0 0 33.23
0 0 33.26
0 0 33.29
0 0 33.33
0 0 33.36
0 0 33.39
0 0 33.42
0 0 33.46
0 0 33.49
0.604 0.027 33.53
0 0 33.56
0 0 33.59
0 0 33.62
0 0 33.66
0.568 0.075 33.69
0.544 0.024 33.73
0.513 0.033 33.76
0.49 0.027 33.79
0.454 0.044 33.83
0.43 0.029 33.86
0.41 0.028 33.89
0.392 0.026 33.93
0.383 0.024 33.96
0.372 0.02 33.99
0.366 0.016 34.03
0.363 0.013 34.06
0.362 0.01 34.09
0.361 0.01 34.13
0.358 0.006 34.16
0.356 0.005 34.19
0.355 0.003 34.23
0.355 0.003 34.26
0.355 0.004 34.29
0.352 0.003 34.33
0.35 0.002 34.36
0.348 0.004 34.39
0.348 0.001 34.43
0.347 0.001 34.46
0.346 0.002 34.5
0.346 0.0 34.53
0.344 0.002 34.56
0.342 0.002 34.59
0.341 0.002 34.63
0.341 0.004 34.66
0.34 0.003 34.69
0.34 0.001 34.73
0.341 0.001 34.76
0.342 0.001 34.79
0.342 0.001 34.83
0.342 0.002 34.86
0.341 0.002 34.89
0.339 0.003 34.93
0.337 0.002 34.96
0.335 0.002 34.99
0.334 0.001 35.03
0.336 0.004 35.06
0.34 0.008 35.09
0.346 0.016 35.13
0 0 35.16
0.371 0.058 35.19
0.391 0.038 35.23
0 0 35.26
0 0 35.29
0 0 35.33
0.512 0.152 35.36
0.556 0.046 35.39
0.596 0.04 35.43
0 0 35.46
0 0 35.49
0 0 35.52
0 0 35.56
0 0 35.59
0 0 35.62
0 0 35.66
0 0 35.69
0 0 35.72
0 0 35.76
0 0 35.79
0 0 35.83
0 0 35.86
0 0 35.89
0 0 35.93
0 0 35.96
0 0 35.99
0 0 36.02
0 0 36.06
0 0 36.09
0 0 36.12
0 0 36.16
0 0 36.19
0 0 36.22
0 0 36.26
0 0 36.29
0 0 36.33
0 0 36.36
0 0 36.39
0 0 36.42
0 0 36.46
0 0 36.49
0.661 0.09 36.53
0 0 36.56
0.63 0.032 36.59
0.599 0.032 36.63
0.567 0.034 36.66
0.539 0.029 36.69
0.517 0.022 36.73
0.495 0.024 36.76
0.481 0.014 36.79
0.47 0.011 36.83
0.461 0.01 36.86
0.454 0.01 36.89
0.446 0.011 36.93
0.439 0.011 36.96
0.434 0.009 36.99
0.429 0.007 37.03
0.427 0.004 37.06
0.425 0.003 37.1
0.424 0.002 37.13
0 0 37.16
0 0 37.19
0 0 37.23
0.401 0.035 37.26
0.388 0.017 37.29
0.376 0.018 37.33
0.365 0.016 37.36
0.358 0.014 37.39
0.352 0.012 37.43
0.345 0.011 37.46
0.341 0.009 37.49
0.34 0.008 37.53
0.338 0.005 37.56
0.335 0.005 37.59
0.332 0.005 37.63
0.33 0.003 37.66
0 0 37.69
0 0 37.73
0.333 0.006 37.76
0.332 0.002 37.79
0 0 37.83
0.331 0.002 37.86
0 0 37.89
0.334 0.004 37.93
0.337 0.007 37.96
0.34 0.015 38.0
0.344 0.021 38.03
0.358 0.028 38.06
0 0 38.09
0 0 38.12
0 0 38.16
0 0 38.19
0 0 38.22
0.529 0.214 38.26
0 0 38.29
0 0 38.32
0 0 38.36
0 0 38.39
0 0 38.42
0 0 38.46
0 0 38.49
0 0 38.52
0 0 38.56
0 0 38.59
0 0 38.62
0.669 0.14 38.66
0 0 38.69
0.66 0.022 38.72
0.656 0.012 38.76
0 0 38.79
0.642 0.023 38.83
0 0 38.86
0 0 38.89
0 0 38.92
0 0 38.96
0 0 38.99
0 0 39.02
0 0 39.06
0 0 39.09
0.635 0.069 39.13
0 0 39.16
0 0 39.19
0 0 39.22
0 0 39.26
0 0 39.29
0 0 39.33
0.625 0.02 39.36
0 0 39.39
0 0 39.42
0.629 0.029 39.46
0 0 39.49
0 0 39.52
0 0 39.56
0 0 39.59
0 0 39.62
0 0 39.66
0 0 39.69
0 0 39.72
0 0 39.76
0 0 39.79
0 0 39.83
0 0 39.86
0 0 39.89
0 0 39.92
0 0 39.96
0 0 39.99
0 0 40.02
0 0 40.06
0 0 40.09
0 0 40.13
0 0 40.16
0 0 40.19
0 0 40.23
0 0 40.26
0 0 40.29
0 0 40.33
0 0 40.36
0 0 40.39
0.615 0.095 40.43
0.616 0.025 40.46
0.614 0.025 40.49
0.627 0.023 40.52
0 0 40.56
0 0 40.59
0 0 40.62
0 0 40.66
0 0 40.69
0 0 40.72
0 0 40.76
0 0 40.79
0 0 40.83
0 0 40.86
0 0 40.89
0 0 40.92
0 0 40.96
0 0 40.99
0 0 41.02
0 0 41.06
0 0 41.09
0 0 41.12
0 0 41.16
0 0 41.19
0 0 41.22
0 0 41.26
0 0 41.29
0 0 41.32
0 0 41.36
0 0 41.39
0 0 41.42
0 0 41.46
0 0 41.49
0 0 41.52
0 0 41.56
0 0 41.59
0 0 41.62
0 0 41.66
0 0 41.69
0 0 41.72
0 0 41.76
0 0 41.79
0 0 41.82
0 0 41.86
0 0 41.89
0 0 41.92
0 0 41.96
0 0 41.99
0 0 42.02
0 0 42.06
0 0 42.09
0 0 42.12
0 0 42.16
0 0 42.19
0 0 42.22
0 0 42.26
0 0 42.29
0 0 42.32
0 0 42.36
0 0 42.39
0 0 42.42
0 0 42.46
0 0 42.49
0 0 42.52
0 0 42.56
0 0 42.59
0 0 42.62
0 0 42.66
0 0 42.69
0 0 42.72
0 0 42.76
0 0 42.79
0 0 42.82
0 0 42.86
0 0 42.89
0 0 42.92
0 0 42.96
0 0 42.99
0 0 43.02
0 0 43.06
0 0 43.09
0 0 43.12
0 0 43.16
0 0 43.19
0 0 43.22
0 0 43.26
0 0 43.29
0 0 43.32
0 0 43.36
0 0 43.39
0 0 43.42
0 0 43.46
0 0 43.49
0 0 43.52
0 0 43.56
0 0 43.59
0 0 43.62
0 0 43.66
0 0 43.69
0 0 43.72
0 0 43.76
0 0 43.79
0 0 43.82
0 0 43.86
0 0 43.89
0 0 43.92
0 0 43.96
0 0 43.99
0 0 44.02
0 0 44.06
0 0 44.09
0 0 44.12
0 0 44.16
0 0 44.19
0 0 44.22
0 0 44.26
0 0 44.29
0 0 44.32
0 0 44.36
0 0 44.39
0 0 44.42
0 0 44.46
0 0 44.49
0 0 44.52
0 0 44.56
0 0 44.59
0 0 44.62
0 0 44.66
0 0 44.69
0 0 44.72
0 0 44.76
0 0 44.79
0 0 44.82
0 0 44.86
0 0 44.89
0 0 44.92
0 0 44.96
0 0 44.99
0 0 45.02
0 0 45.06
0 0 45.09
0 0 45.12
0 0 45.16
0 0 45.19
0 0 45.22
0 0 45.26
0 0 45.29
0 0 45.32
0 0 45.36
0 0 45.39
0 0 45.42
0 0 45.45
0 0 45.49
0 0 45.52
0 0 45.56
0 0 45.59
0 0 45.62
0 0 45.66
0 0 45.69
0 0 45.72
0 0 45.76
0 0 45.79
0 0 45.82
0 0 45.86
0 0 45.89
0 0 45.92
0 0 45.96
0 0 45.99
0 0 46.02
0 0 46.06
0 0 46.09
0 0 46.12
0 0 46.16
0 0 46.19
0 0 46.23
0 0 46.26
0 0 46.29
0 0 46.33
0 0 46.36
0 0 46.39
0 0 46.42
0 0 46.46
0 0 46.49
0 0 46.52
0 0 46.56
0 0 46.59
0 0 46.62
0 0 46.66
0 0 46.69
0 0 46.72
0 0 46.76
0 0 46.79
0 0 46.82
0 0 46.86
0 0 46.89
0 0 46.92
0 0 46.96
0 0 46.99
0 0 47.02
0 0 47.06
0 0 47.09
0 0 47.12
0 0 47.16
0 0 47.19
0 0 47.22
0 0 47.26
0 0 47.29
0 0 47.32
0 0 47.36
0 0 47.39
0 0 47.42
0 0 47.46
0 0 47.49
0 0 47.52
0 0 47.56
0 0 47.59
0 0 47.62
0 0 47.66
0 0 47.69
0 0 47.72
0 0 47.76
0 0 47.79
0 0 47.82
0 0 47.86
0 0 47.89
0 0 47.92
0 0 47.95
0 0 47.99
0 0 48.02
0 0 48.06
0 0 48.09
0 0 48.12
0 0 48.16
0 0 48.19
0 0 48.22
0 0 48.26
0 0 48.29
0 0 48.32
0 0 48.36
0 0 48.39
0 0 48.42
0 0 48.46
0 0 48.49
0 0 48.52
0 0 48.56
0 0 48.59
0 0 48.62
0 0 48.66
0 0 48.69
0 0 48.72
0 0 48.75
0 0 48.79
0 0 48.82
0 0 48.85
0 0 48.89
0 0 48.92
0 0 48.95
0 0 48.99
0 0 49.02
0 0 49.05
0 0 49.09
0 0 49.12
0 0 49.16
0 0 49.19
0 0 49.22
0 0 49.25
0 0 49.29
0 0 49.32
0 0 49.35
0 0 49.39
0 0 49.42
0 0 49.45
0 0 49.49
0 0 49.52
0 0 49.56
0 0 49.59
0 0 49.62
0 0 49.66
0 0 49.69
0 0 49.72
0 0 49.75
0 0 49.79
0 0 49.82
0 0 49.85
0 0 49.89
0 0 49.92
0 0 49.95
0 0 49.99
0 0 50.02
0 0 50.05
0 0 50.09
0 0 50.12
0 0 50.16
0 0 50.19
0 0 50.22
0 0 50.25
0 0 50.29
0 0 50.32
0 0 50.35
0 0 50.39
0 0 50.42
0 0 50.45
0 0 50.49
0 0 50.52
0 0 50.56
0 0 50.59
0 0 50.62
0 0 50.66
0 0 50.69
0 0 50.72
0.477 0.048 50.76
0.461 0.016 50.79
0.44 0.022 50.82
0.424 0.02 50.86
0.406 0.02 50.89
0.388 0.019 50.92
0.368 0.023 50.96
0.355 0.017 50.99
0.34 0.017 51.02
0.326 0.016 51.06
0.315 0.015 51.09
0.302 0.015 51.12
0.29 0.015 51.16
0.281 0.014 51.19
0.271 0.014 51.22
0.262 0.013 51.26
0.256 0.012 51.29
0.249 0.011 51.32
0.244 0.01 51.36
0.24 0.01 51.39
0.237 0.009 51.42
0.233 0.008 51.46
0.228 0.008 51.49
0.226 0.007 51.52
0.225 0.006 51.56
0.223 0.005 51.59
0.223 0.004 51.62
0 0 51.66
0 0 51.69
0 0 51.72
0 0 51.76
0 0 51.79
0 0 51.82
0 0 51.85
0 0 51.89
0 0 51.92
0 0 51.96
0.409 0.284 51.99
0 0 52.02
0.468 0.063 52.06
0 0 52.09
0 0 52.12
0 0 52.16
0 0 52.19
0 0 52.22
0 0 52.25
0 0 52.29
0 0 52.32
0 0 52.35
0 0 52.39
0 0 52.42
0 0 52.45
0 0 52.49
0 0 52.52
0 0 52.55
0 0 52.59
0 0 52.62
0 0 52.66
0 0 52.69
0 0 52.72
0 0 52.75
0 0 52.79
0 0 52.82
0 0 52.85
0 0 52.89
0 0 52.92
0 0 52.95
0 0 52.99
0 0 53.02
0 0 53.05
0 0 53.09
0 0 53.12
0 0 53.16
0 0 53.19
0 0 53.22
0 0 53.25
0 0 53.29
0 0 53.32
0 0 53.35
0 0 53.39
0 0 53.42
0 0 53.45
0 0 53.49
0 0 53.52
0 0 53.55
0 0 53.59
0 0 53.62
0 0 53.66
0 0 53.69
0 0 53.72
0 0 53.75
0 0 53.79
0 0 53.82
0 0 53.85
0 0 53.89
0 0 53.92
0 0 53.95
0 0 53.99
0 0 54.02
0 0 54.05
0 0 54.09
0 0 54.12
0 0 54.16
0 0 54.19
0 0 54.22
0 0 54.25
0 0 54.29
0 0 54.32
0 0 54.35
0 0 54.39
0 0 54.42
0 0 54.45
0 0 54.49
0 0 54.52
0 0 54.56
0 0 54.59
0 0 54.62
0.475 0.085 54.66
0.469 0.007 54.69
0.468 0.002 54.72
0.47 0.008 54.76
0.47 0.006 54.79
0.471 0.006 54.82
0 0 54.85
0 0 54.89
0.478 0.006 54.92
0.485 0.003 54.96
0.484 0.003 54.99
0.481 0.003 55.02
0.484 0.005 55.06
0.479 0.006 55.09
0 0 55.12
0 0 55.16
0.475 0.019 55.19
0 0 55.22
0 0 55.25
0 0 55.29
0.488 0.036 55.32
0.482 0.01 55.36
0.48 0.012 55.39
0.466 0.015 55.42
0.45 0.016 55.46
0.435 0.019 55.49
0.417 0.018 55.52
0.398 0.019 55.56
0.376 0.025 55.59
0.366 0.015 55.62
0.351 0.018 55.66
0.34 0.014 55.69
0.333 0.013 55.72
0.325 0.013 55.76
0.317 0.012 55.79
0.315 0.012 55.82
0.311 0.01 55.86
0.309 0.009 55.89
0.313 0.008 55.92
0.314 0.008 55.96
0.314 0.006 55.99
0.317 0.005 56.02
0.317 0.005 56.06
0.316 0.004 56.09
0.315 0.004 56.12
0.317 0.004 56.16
0.318 0.003 56.19
0 0 56.22
0.324 0.006 56.26
0.325 0.001 56.29
0.325 0.001 56.32
0.328 0.001 56.36
0.328 0.002 56.39
0.328 0.001 56.42
0.328 0.001 56.46
0.329 0.004 56.49
0 0 56.52
0.332 0.015 56.56
0.334 0.022 56.59
0 0 56.62
0 0 56.66
0 0 56.69
0 0 56.72
0 0 56.75
0 0 56.79
0 0 56.82
0 0 56.85
0 0 56.89
0 0 56.92
0 0 56.95
0 0 56.99
0 0 57.02
0 0 57.05
0 0 57.09
0 0 57.12
0 0 57.16
0 0 57.19
0 0 57.22
0 0 57.25
0 0 57.29
0 0 57.32
0 0 57.35
0 0 57.39
0 0 57.42
0 0 57.45
0 0 57.49
0 0 57.52
0 0 57.55
0 0 57.59
0 0 57.62
0 0 57.65
0 0 57.69
0 0 57.72
0 0 57.75
0 0 57.79
0 0 57.82
0 0 57.85
0 0 57.89
0 0 57.92
0 0 57.95
0 0 57.99
0 0 58.02
0 0 58.05
0 0 58.09
0 0 58.12
0 0 58.15
0 0 58.19
0 0 58.22
0 0 58.25
0 0 58.29
0 0 58.32
0 0 58.35
0 0 58.39
0 0 58.42
0 0 58.45
0 0 58.49
0 0 58.52
0 0 58.56
0 0 58.59
0 0 58.62
0 0 58.66
0 0 58.69
0 0 58.72
0 0 58.75
0 0 58.79
0 0 58.82
0 0 58.85
0 0 58.89
0 0 58.92
0 0 58.95
0 0 58.99
0 0 59.02
0 0 59.05
0 0 59.09
0 0 59.12
0 0 59.16
0 0 59.19
0 0 59.22
0 0 59.25
0 0 59.29
0 0 59.32
0 0 59.35
0 0 59.39
0 0 59.42
0 0 59.45
0 0 59.49
0 0 59.52
0 0 59.56
0 0 59.59
0 0 59.62
0 0 59.65
0.532 0.25 59.69
0 0 59.72
0.487 0.052 59.75
0.465 0.026 59.79
0.444 0.025 59.82
0 0 59.85
0.405 0.047 59.89
0 0 59.92
0 0 59.95
0 0 59.99
0 0 60.02
0 0 60.05
0.337 0.091 60.09
0 0 60.12
0.334 0.015 60.16
0.335 0.006 60.19
0.331 0.007 60.22
0.331 0.004 60.26
0 0 60.29
0.331 0.007 60.32
0.332 0.003 60.36
0.332 0.005 60.39
0 0 60.42
0 0 60.45
0.332 0.003 60.49
0 0 60.52
0.328 0.004 60.56
0.328 0.001 60.59
0.329 0.001 60.62
0 0 60.66
0.331 0.008 60.69
0.333 0.012 60.72
0 0 60.75
0 0 60.79
0 0 60.82
0 0 60.86
0 0 60.89
0 0 60.92
0 0 60.96
0 0 60.99
0.596 0.32 61.02
0 0 61.05
0 0 61.09
0 0 61.12
0 0 61.16
0 0 61.19
0 0 61.22
0 0 61.25
0 0 61.29
0 0 61.32
0 0 61.35
0 0 61.39
0 0 61.42
0.669 0.1 61.46
0.67 0.013 61.49
0 0 61.52
0.665 0.023 61.55
0.661 0.01 61.59
0 0 61.62
0.663 0.019 61.66
0.668 0.012 61.69
0.672 0.01 61.72
0.673 0.007 61.75
0.679 0.011 61.79
0 0 61.82
0 0 61.85
0.684 0.019 61.89
0.676 0.008 61.92
0.674 0.003 61.95
0 0 61.99
0 0 62.02
0 0 62.05
0 0 62.09
0.662 0.014 62.12
0 0 62.15
0 0 62.19
0 0 62.22
0 0 62.25
0 0 62.29
0 0 62.32
0 0 62.35
0 0 62.39
0 0 62.42
0 0 62.45
0 0 62.49
0 0 62.52
0 0 62.55
0 0 62.59
0 0 62.62
0 0 62.65
0 0 62.69
0 0 62.72
0 0 62.75
0 0 62.79
0 0 62.82
0 0 62.85
0 0 62.89
0.671 0.027 62.92
0 0 62.95
0 0 62.99
0.667 0.046 63.02
0 0 63.05
0 0 63.09
0 0 63.12
0 0 63.15
0 0 63.19
0 0 63.22
0 0 63.25
0.632 0.056 63.29
0.615 0.017 63.32
0 0 63.35
0.578 0.038 63.39
0.557 0.021 63.42
0.536 0.022 63.46
0.516 0.02 63.49
0.496 0.021 63.52
0.478 0.02 63.56
0.458 0.02 63.59
0.442 0.019 63.62
0.427 0.017 63.66
0.412 0.016 63.69
0.398 0.016 63.72
0.387 0.014 63.76
0.377 0.013 63.79
0.371 0.011 63.82
0.365 0.01 63.86
0.362 0.008 63.89
0.359 0.006 63.92
0.357 0.005 63.96
0.355 0.004 63.99
0.352 0.003 64.02
0.352 0.003 64.06
0.352 0.001 64.09
0.349 0.001 64.12
0.35 0.002 64.16
0.35 0.001 64.19
0.349 0.001 64.22
0.346 0.001 64.26
0.345 0.002 64.29
0.341 0.003 64.32
0.334 0.003 64.36
0.332 0.002 64.39
0.331 0.001 64.42
0.329 0.001 64.46
0.332 0.003 64.49
0.338 0.009 64.52
0 0 64.55
0 0 64.59
0 0 64.62
0 0 64.66
0 0 64.69
0 0 64.72
0 0 64.75
0.524 0.26 64.79
0 0 64.82
0 0 64.85
0 0 64.89
0 0 64.92
0 0 64.95
0 0 64.99
0 0 65.02
0 0 65.05
0 0 65.09
0 0 65.12
0 0 65.15
0 0 65.19
0 0 65.22
0 0 65.25
0 0 65.29
0 0 65.32
0 0 65.35
0 0 65.39
0 0 65.42
0 0 65.45
0 0 65.49
0 0 65.52
0 0 65.55
0 0 65.59
0 0 65.62
0 0 65.65
0 0 65.68
0 0 65.72
0 0 65.75
0 0 65.79
0 0 65.82
0 0 65.85
0 0 65.89
0 0 65.92
0 0 65.95
0 0 65.99
0 0 66.02
0 0 66.05
0 0 66.09
0 0 66.12
0 0 66.15
0 0 66.19
0 0 66.22
0 0 66.25
0 0 66.29
0 0 66.32
0 0 66.35
0 0 66.39
0 0 66.42
0 0 66.45
0 0 66.49
0 0 66.52
0 0 66.55
0 0 66.59
0 0 66.62
0 0 66.65
0 0 66.69
0 0 66.72
0 0 66.75
0 0 66.79
0 0 66.82
0 0 66.85
0 0 66.89
0 0 66.92
0 0 66.95
0 0 66.99
0 0 67.02
0 0 67.05
0 0 67.09
0 0 67.12
0 0 67.16
0 0 67.19
0 0 67.22
0 0 67.25
0 0 67.29
0 0 67.32
0 0 67.35
0 0 67.39
0 0 67.42
0 0 67.45
0 0 67.49
0 0 67.52
0 0 67.55
0 0 67.59
0 0 67.62
0 0 67.65
0 0 67.69
0 0 67.72
0 0 67.75
0 0 67.79
0 0 67.82
0 0 67.85
0 0 67.89
0 0 67.92
0 0 67.95
0 0 67.99
0 0 68.02
0 0 68.05
0 0 68.09
0 0 68.12
0 0 68.15
0 0 68.19
0 0 68.22
0 0 68.25
0 0 68.29
0 0 68.32
0 0 68.35
0 0 68.39
0 0 68.42
0 0 68.45
0 0 68.49
0 0 68.52
0 0 68.55
0 0 68.59
0 0 68.62
0 0 68.65
0 0 68.69
0 0 68.72
0 0 68.75
0 0 68.79
0 0 68.82
0 0 68.85
0 0 68.89
0 0 68.92
0 0 68.95
0 0 68.99
0 0 69.02
0 0 69.05
0 0 69.09
0 0 69.12
0 0 69.16
0 0 69.19
0 0 69.22
0 0 69.25
0 0 69.29
0 0 69.32
0 0 69.35
0 0 69.39
0 0 69.42
0 0 69.45
0 0 69.49
0 0 69.52
0 0 69.55
0 0 69.59
0 0 69.62
0 0 69.65
0 0 69.68
0 0 69.72
0 0 69.75
0 0 69.79
0 0 69.82
0 0 69.85
0 0 69.89
0 0 69.92
0 0 69.95
0 0 69.99
0 0 70.02
0 0 70.05
0 0 70.09
0 0 70.12
0 0 70.15
0 0 70.19
0 0 70.22
0 0 70.25
0 0 70.29
0 0 70.32
0 0 70.35
0 0 70.38
0 0 70.42
0 0 70.45
0 0 70.49
0 0 70.52
0 0 70.55
0 0 70.58
0 0 70.62
0 0 70.65
0 0 70.68
0 0 70.72
0 0 70.75
0 0 70.79
0 0 70.82
0 0 70.85
0 0 70.89
0 0 70.92
0 0 70.95
0 0 70.99
0 0 71.02
0 0 71.05
0 0 71.08
0 0 71.12
0 0 71.15
0 0 71.18
0 0 71.22
0 0 71.25
0.461 0.091 71.29
0.438 0.023 71.32
0.417 0.025 71.35
0.395 0.023 71.39
0.372 0.023 71.42
0.348 0.025 71.45
0.33 0.022 71.49
0.31 0.02 71.52
0.294 0.018 71.55
0.289 0.016 71.59
0.278 0.015 71.62
0.268 0.015 71.65
0.267 0.012 71.69
0.262 0.011 71.72
0.257 0.01 71.75
0.26 0.008 71.79
0.258 0.007 71.82
0 0 71.85
0.251 0.012 71.89
0.253 0.006 71.92
0.251 0.005 71.95
0.247 0.006 71.99
0.252 0.005 72.02
0.25 0.004 72.06
0 0 72.09
0.252 0.006 72.12
0.251 0.001 72.16
0.251 0.002 72.19
0.255 0.006 72.22
0.257 0.014 72.26
0 0 72.29
0 0 72.32
0 0 72.35
0 0 72.38
0 0 72.42
0 0 72.45
0 0 72.49
0 0 72.52
0.521 0.303 72.55
0 0 72.59
0 0 72.62
0 0 72.65
0 0 72.68
0 0 72.72
0 0 72.75
0 0 72.78
0 0 72.82
0 0 72.85
0 0 72.89
0 0 72.92
0 0 72.95
0 0 72.99
0 0 73.02
0 0 73.05
0 0 73.08
0 0 73.12
0 0 73.15
0 0 73.18
0 0 73.22
0 0 73.25
0 0 73.28
0 0 73.32
0 0 73.35
0 0 73.38
0 0 73.42
0 0 73.45
0 0 73.49
0 0 73.52
0 0 73.55
0 0 73.58
0 0 73.62
0 0 73.65
0 0 73.68
0 0 73.72
0 0 73.75
0 0 73.78
0 0 73.82
0 0 73.85
0 0 73.88
0 0 73.92
0 0 73.95
0 0 73.99
0 0 74.02
0 0 74.05
0 0 74.08
0 0 74.12
0 0 74.15
0 0 74.18
0 0 74.22
0 0 74.25
0 0 74.28
0 0 74.32
0 0 74.35
0 0 74.38
0 0 74.42
0 0 74.45
0 0 74.49
0 0 74.52
0 0 74.55
0 0 74.59
0 0 74.62
0 0 74.65
0 0 74.69
0 0 74.72
0 0 74.75
0 0 74.78
0 0 74.82
0 0 74.85
0 0 74.89
0 0 74.92
0 0 74.95
0 0 74.99
0 0 75.02
0 0 75.05
0 0 75.09
0 0 75.12
0 0 75.15
0 0 75.18
0.668 0.096 75.22
0.65 0.018 75.26
0.629 0.022 75.29
0.609 0.021 75.32
0.581 0.029 75.35
0.56 0.022 75.39
0.539 0.022 75.42
0.517 0.023 75.45
0 0 75.49
0.484 0.036 75.52
0.473 0.012 75.55
0.464 0.011 75.59
0.457 0.009 75.62
0.451 0.007 75.65
0.446 0.007 75.69
0.439 0.009 75.72
0.433 0.008 75.75
0.427 0.008 75.79
0.421 0.007 75.82
0.417 0.005 75.85
0.413 0.005 75.89
0.41 0.004 75.92
0.409 0.004 75.95
0.406 0.004 75.99
0.404 0.005 76.02
0.401 0.005 76.05
0.396 0.006 76.09
0.393 0.006 76.12
0.388 0.007 76.16
0.383 0.006 76.19
0.379 0.006 76.22
0.373 0.006 76.25
0.369 0.004 76.29
0 0 76.32
0.361 0.009 76.35
0.359 0.004 76.39
0 0 76.42
0.352 0.008 76.45
0.349 0.005 76.49
0.346 0.004 76.52
0 0 76.55
0.343 0.005 76.59
0.342 0.001 76.62
0.344 0.004 76.66
0.345 0.002 76.69
0.346 0.002 76.72
0 0 76.75
0.349 0.004 76.79
0.35 0.002 76.82
0 0 76.85
0 0 76.89
0 0 76.92
0.348 0.002 76.95
0.349 0.003 76.99
0.348 0.001 77.02
0.349 0.003 77.05
0 0 77.08
0.346 0.002 77.12
0.344 0.008 77.15
0 0 77.18
0 0 77.22
0 0 77.25
0 0 77.28
0 0 77.32
0 0 77.35
0 0 77.38
0 0 77.42
0 0 77.45
0 0 77.48
0 0 77.52
0 0 77.55
0 0 77.58
0 0 77.62
0 0 77.65
0 0 77.68
0 0 77.72
0 0 77.75
0 0 77.78
0 0 77.82
0 0 77.85
0 0 77.88
0 0 77.92
0 0 77.95
0 0 77.99
0 0 78.02
0 0 78.05
0 0 78.08
0 0 78.12
0 0 78.15
0 0 78.18
0 0 78.22
0 0 78.25
0 0 78.28
0 0 78.32
0 0 78.35
0 0 78.38
0 0 78.42
0 0 78.45
0 0 78.49
0 0 78.52
0 0 78.55
0 0 78.58
0 0 78.62
0 0 78.65
0 0 78.68
0 0 78.72
0 0 78.75
0 0 78.78
0 0 78.82
0 0 78.85
0 0 78.88
0 0 78.92
0 0 78.95
0 0 78.98
0 0 79.02
0 0 79.05
0 0 79.08
0 0 79.12
0 0 79.15
0 0 79.18
0 0 79.22
0 0 79.25
0 0 79.28
0 0 79.32
0 0 79.35
0 0 79.38
0 0 79.42
0 0 79.45
0 0 79.49
0 0 79.52
0 0 79.55
0 0 79.58
0 0 79.62
0 0 79.65
0 0 79.68
0 0 79.72
0 0 79.75
0 0 79.78
0 0 79.82
0 0 79.85
0 0 79.88
0 0 79.92
0 0 79.95
0 0 79.99
0 0 80.02
0 0 80.05
0 0 80.08
0 0 80.12
0 0 80.15
0 0 80.18
0 0 80.22
0 0 80.25
0 0 80.28
0 0 80.32
0 0 80.35
0 0 80.38
0 0 80.42
0 0 80.45
0.651 0.35 80.49
0.632 0.023 80.52
0.598 0.033 80.55
0.567 0.031 80.58
0.538 0.03 80.62
0.501 0.039 80.65
0 0 80.68
0.45 0.054 80.72
0 0 80.75
0 0 80.78
0 0 80.82
0.387 0.079 80.85
0.378 0.014 80.89
0.369 0.013 80.92
0.363 0.011 80.95
0.358 0.01 80.99
0.356 0.007 81.02
0.355 0.006 81.05
0.351 0.007 81.09
0 0 81.12
0 0 81.15
0.346 0.013 81.19
0.347 0.003 81.22
0.351 0.004 81.25
0.353 0.003 81.29
0.356 0.003 81.32
0.358 0.003 81.35
0.362 0.003 81.39
0.363 0.001 81.42
0.363 0.001 81.45
0.366 0.004 81.49
0 0 81.52
0.368 0.002 81.55
0.368 0.001 81.59
0.367 0.002 81.62
0.366 0.002 81.65
0 0 81.68
0.364 0.017 81.72
0 0 81.75
0 0 81.78
0 0 81.82
0 0 81.85
0 0 81.88
0 0 81.92
0 0 81.95
0 0 81.99
0 0 82.02
0 0 82.05
0 0 82.08
0 0 82.12
0 0 82.15
0 0 82.18
0 0 82.22
0 0 82.25
0 0 82.28
0 0 82.32
0 0 82.35
0 0 82.38
0 0 82.42
0 0 82.45
0 0 82.48
0 0 82.52
0 0 82.55
0 0 82.58
0 0 82.62
0 0 82.65
0 0 82.68
0 0 82.72
0 0 82.75
0 0 82.78
0 0 82.82
0 0 82.85
0 0 82.88
0 0 82.92
0 0 82.95
0 0 82.98
0 0 83.02
0 0 83.05
0 0 83.08
0 0 83.12
0 0 83.15
0 0 83.18
0 0 83.22
0 0 83.25
0 0 83.28
0 0 83.32
0 0 83.35
0 0 83.38
0 0 83.42
0 0 83.45
0 0 83.48
0 0 83.52
0 0 83.55
0 0 83.58
0 0 83.62
0 0 83.65
0 0 83.68
0 0 83.72
0 0 83.75
0 0 83.78
0 0 83.82
0 0 83.85
0 0 83.88
0 0 83.92
0 0 83.95
0 0 83.98
0 0 84.02
0 0 84.05
0 0 84.08
0 0 84.12
0 0 84.15
0.629 0.328 84.18
0.604 0.023 84.22
0 0 84.25
0.552 0.052 84.28
0 0 84.32
0.489 0.058 84.35
0.461 0.03 84.38
0.433 0.03 84.42
0.405 0.027 84.45
0.385 0.023 84.49
0.367 0.022 84.52
0.348 0.018 84.55
0.337 0.015 84.59
0 0 84.62
0 0 84.65
0 0 84.68
0 0 84.72
0 0 84.75
0 0 84.78
0 0 84.82
0 0 84.85
0 0 84.88
0 0 84.92
0.307 0.056 84.95
0 0 84.98
0 0 85.02
0 0 85.05
0.298 0.009 85.09
0 0 85.12
0 0 85.15
0 0 85.18
0 0 85.22
0 0 85.25
0 0 85.28
0.431 0.214 85.32
0 0 85.35
0 0 85.38
0 0 85.42
0 0 85.45
0 0 85.48
0 0 85.52
0 0 85.55
0 0 85.58
0 0 85.62
0 0 85.65
0 0 85.68
0 0 85.71
0 0 85.75
0 0 85.78
0 0 85.82
0 0 85.85
0 0 85.88
0 0 85.92
0 0 85.95
0 0 85.98
0 0 86.02
0 0 86.05
0 0 86.08
0 0 86.12
0 0 86.15
0 0 86.18
0 0 86.22
0 0 86.25
0 0 86.28
0 0 86.32
0 0 86.35
0 0 86.38
0 0 86.42
0 0 86.45
0 0 86.48
0 0 86.52
0 0 86.55
0 0 86.58
0 0 86.62
0 0 86.65
0 0 86.68
0 0 86.72
0 0 86.75
0 0 86.78
0 0 86.82
0 0 86.85
0 0 86.88
0 0 86.92
0 0 86.95
0 0 86.98
0 0 87.01
0 0 87.05
0 0 87.08
0 0 87.12
0 0 87.15
0 0 87.18
0 0 87.22
0 0 87.25
0 0 87.28
0 0 87.32
0 0 87.35
0 0 87.38
0 0 87.42
0 0 87.45
0 0 87.48
0 0 87.51
0 0 87.55
0 0 87.58
0 0 87.62
0 0 87.65
0 0 87.68
0 0 87.72
0 0 87.75
0 0 87.78
0 0 87.82
0 0 87.85
0 0 87.88
0 0 87.91
0 0 87.95
0 0 87.98
0 0 88.02
0 0 88.05
0 0 88.08
0 0 88.12
0 0 88.15
0 0 88.18
0 0 88.22
0 0 88.25
0 0 88.28
0 0 88.32
0 0 88.35
0 0 88.38
0 0 88.41
0 0 88.45
0 0 88.49
0 0 88.52
0 0 88.55
0 0 88.58
0 0 88.61
0 0 88.65
0 0 88.68
0 0 88.72
0 0 88.75
0 0 88.78
0 0 88.82
0 0 88.85
0 0 88.88
0 0 88.91
0 0 88.95
0 0 88.98
0 0 89.02
0 0 89.05
0 0 89.08
0 0 89.12
0 0 89.15
0 0 89.18
0 0 89.22
0 0 89.25
0 0 89.28
0 0 89.32
0 0 89.35
0 0 89.38
0 0 89.41
0 0 89.45
0 0 89.48
0 0 89.52
0 0 89.55
0 0 89.58
0 0 89.61
0 0 89.65
0 0 89.68
0 0 89.72
0 0 89.75
0 0 89.78
0 0 89.82
0 0 89.85
0 0 89.88
0 0 89.92
0 0 89.95
0 0 89.98
0 0 90.02
0 0 90.05
0 0 90.08
0 0 90.11
0 0 90.15
0 0 90.18
0 0 90.22
0 0 90.25
0 0 90.28
0 0 90.32
0 0 90.35
0 0 90.38
0 0 90.42
0 0 90.45
0 0 90.48
0 0 90.52
0 0 90.55
0 0 90.58
0 0 90.62
0 0 90.65
0 0 90.68
0 0 90.71
0 0 90.75
0 0 90.78
0 0 90.82
0 0 90.85
0 0 90.88
0 0 90.91
0 0 90.95
0 0 90.98
0 0 91.02
0 0 91.05
0 0 91.08
0 0 91.11
0 0 91.15
0 0 91.18
0 0 91.22
0 0 91.25
0 0 91.28
0 0 91.32
0 0 91.35
0 0 91.38
0 0 91.41
0 0 91.45
0 0 91.48
0 0 91.52
0 0 91.55
0 0 91.58
0 0 91.61
0 0 91.65
0 0 91.68
0 0 91.71
0 0 91.75
0 0 91.78
0 0 91.82
0 0 91.85
0 0 91.88
0 0 91.91
0 0 91.95
0 0 91.98
0 0 92.01
0 0 92.05
0 0 92.08
0 0 92.11
0 0 92.15
0 0 92.18
0 0 92.22
0 0 92.25
0 0 92.28
0 0 92.32
0 0 92.35
0 0 92.38
0 0 92.41
0 0 92.45
0 0 92.48
0 0 92.51
0 0 92.55
0 0 92.58
0 0 92.61
0 0 92.65
0 0 92.68
0 0 92.72
0 0 92.75
0 0 92.78
0 0 92.82
0 0 92.85
0 0 92.88
0 0 92.91
0 0 92.95
0 0 92.98
0 0 93.01
0 0 93.05
0 0 93.08
0 0 93.11
0 0 93.15
0 0 93.18
0 0 93.21
0 0 93.25
0 0 93.28
0 0 93.32
0 0 93.35
0 0 93.38
0 0 93.41
0 0 93.45
0 0 93.48
0 0 93.51
0 0 93.55
0 0 93.58
0 0 93.61
0 0 93.65
0 0 93.68
0 0 93.71
0 0 93.75
0 0 93.78
0 0 93.81
0 0 93.85
0 0 93.88
0 0 93.91
0 0 93.95
0 0 93.98
0 0 94.01
0 0 94.05
0 0 94.08
0 0 94.11
0 0 94.15
0 0 94.18
0 0 94.21
0 0 94.25
0 0 94.28
0 0 94.31
0 0 94.35
0 0 94.38
0 0 94.41
0 0 94.45
0 0 94.48
0 0 94.51
0 0 94.55
0 0 94.58
0 0 94.61
0 0 94.65
0 0 94.68
0 0 94.71
0 0 94.75
0 0 94.78
0 0 94.81
0 0 94.85
0 0 94.88
0 0 94.91
0 0 94.95
0 0 94.98
0 0 95.01
0 0 95.05
0 0 95.08
0 0 95.11
0 0 95.15
0 0 95.18
0 0 95.21
0 0 95.25
0 0 95.28
0 0 95.31
0 0 95.35
0 0 95.38
0 0 95.41
0 0 95.45
0 0 95.48
0 0 95.51
0 0 95.55
0 0 95.58
0 0 95.61
0 0 95.65
0 0 95.68
0 0 95.71
0 0 95.75
0 0 95.78
0 0 95.81
0 0 95.85
0 0 95.88
0 0 95.91
0 0 95.95
0 0 95.98
0 0 96.01
0 0 96.05
0 0 96.08
0 0 96.11
0 0 96.15
0 0 96.18
0 0 96.21
0 0 96.25
0 0 96.28
0 0 96.31
0 0 96.35
0 0 96.38
0 0 96.41
0 0 96.45
0 0 96.48
0 0 96.51
0 0 96.55
0 0 96.58
0 0 96.61
0 0 96.65
0 0 96.68
0 0 96.71
0 0 96.75
0 0 96.78
0 0 96.82
0 0 96.85
0 0 96.88
0 0 96.91
0 0 96.95
0 0 96.98
0 0 97.01
0 0 97.05
0 0 97.08
0 0 97.11
0 0 97.15
0 0 97.18
0 0 97.21
0 0 97.25
0 0 97.28
0 0 97.31
0 0 97.35
0 0 97.38
0 0 97.41
0 0 97.45
0 0 97.48
0 0 97.51
0 0 97.55
0 0 97.58
0 0 97.61
0 0 97.65
0 0 97.68
0 0 97.71
0 0 97.75
0 0 97.78
0 0 97.82
0 0 97.85
0.428 0.039 97.88
0.405 0.023 97.91
0.388 0.022 97.95
0.37 0.021 97.98
0.352 0.022 98.02
0.342 0.02 98.05
0.33 0.019 98.08
0.319 0.018 98.11
0.317 0.016 98.15
0.312 0.014 98.18
0.309 0.012 98.22
0.307 0.01 98.25
0.314 0.009 98.28
0.312 0.007 98.32
0 0 98.35
0 0 98.38
0.313 0.016 98.42
0.312 0.004 98.45
0.316 0.002 98.48
0.319 0.004 98.52
0.321 0.002 98.55
0.328 0.003 98.58
0.33 0.004 98.62
0 0 98.65
0.334 0.027 98.68
0.346 0.027 98.72
0.358 0.031 98.75
0 0 98.78
0 0 98.82
0.429 0.095 98.85
0.47 0.042 98.88
0.503 0.033 98.92
0.534 0.033 98.95
0.574 0.04 98.98
0.601 0.03 99.01
0 0 99.05
0 0 99.08
0 0 99.11
0 0 99.15
0 0 99.18
0 0 99.21
0 0 99.25
0 0 99.28
0 0 99.32
0 0 99.35
0 0 99.38
0 0 99.41
0 0 99.45
0 0 99.48
0 0 99.51
0 0 99.55
0 0 99.58
0 0 99.61
0 0 99.65
0 0 99.68
0 0 99.71
0 0 99.75
0 0 99.78
0 0 99.81
0 0 99.85
0 0 99.88
0 0 99.91
0 0 99.95
0 0 99.98
0 0 100.01
0 0 100.05
0 0 100.08
0 0 100.11
0 0 100.15
0 0 100.18
0 0 100.21
0 0 100.25
0 0 100.28
0 0 100.31
0 0 100.35
0 0 100.38
0 0 100.41
0 0 100.45
0 0 100.48
0 0 100.51
0 0 100.55
0 0 100.58
0 0 100.61
0 0 100.65
0 0 100.68
0.635 0.026 100.71
0.605 0.03 100.75
0.575 0.031 100.78
0.541 0.035 100.82
0.508 0.034 100.85
0.479 0.032 100.88
0 0 100.91
0 0 100.95
0.414 0.076 100.98
0 0 101.01
0 0 101.05
0.386 0.047 101.08
0.383 0.01 101.12
0 0 101.15
0.382 0.013 101.18
0 0 101.21
0 0 101.25
0 0 101.28
0.376 0.014 101.32
0 0 101.35
0 0 101.38
0.377 0.003 101.42
0.376 0.001 101.45
0 0 101.48
0 0 101.51
0.374 0.002 101.55
0 0 101.58
0.374 0.002 101.62
0 0 101.65
0 0 101.68
0 0 101.71
0.374 0.01 101.75
0.373 0.008 101.78
0 0 101.81
0.382 0.026 101.85
0 0 101.88
0.404 0.04 101.92
0 0 101.95
0.439 0.047 101.98
0 0 102.01
0.487 0.052 102.05
0.513 0.027 102.08
0 0 102.11
0.566 0.056 102.15
0 0 102.18
0.6 0.037 102.21
0.614 0.018 102.25
0.624 0.015 102.28
0 0 102.31
0 0 102.35
0 0 102.38
0.637 0.03 102.41
0.636 0.005 102.45
0 0 102.48
0.632 0.009 102.51
0 0 102.55
0 0 102.58
0 0 102.61
0 0 102.65
0 0 102.68
0 0 102.71
0 0 102.75
0 0 102.78
0 0 102.81
0 0 102.85
0 0 102.88
0 0 102.91
0 0 102.95
0 0 102.98
0 0 103.02
0 0 103.05
0 0 103.08
0 0 103.11
0.548 0.071 103.15
0 0 103.18
0.496 0.053 103.22
0 0 103.25
0.448 0.05 103.28
0.422 0.025 103.32
0 0 103.35
0 0 103.38
0 0 103.41
0.355 0.078 103.45
0.347 0.015 103.48
0 0 103.51
0 0 103.55
0 0 103.58
0 0 103.61
0 0 103.65
0 0 103.68
0 0 103.71
0 0 103.75
0 0 103.78
0 0 103.81
0 0 103.85
0 0 103.88
0 0 103.91
0 0 103.95
0 0 103.98
0 0 104.01
0 0 104.05
0 0 104.08
0 0 104.11
0 0 104.15
0 0 104.18
0 0 104.21
0 0 104.25
0 0 104.28
0 0 104.31
0 0 104.35
0 0 104.38
0 0 104.41
0 0 104.45
0 0 104.48
0 0 104.51
0 0 104.55
0 0 104.58
0 0 104.61
0.577 0.299 104.65
0 0 104.68
0 0 104.71
0 0 104.75
0 0 104.78
0 0 104.81
0 0 104.85
0 0 104.88
0 0 104.91
0 0 104.95
0 0 104.98
0 0 105.01
0 0 105.05
0 0 105.08
0 0 105.11
0 0 105.15
0 0 105.18
0 0 105.21
0 0 105.25
0 0 105.28
0.518 0.084 105.32
0 0 105.35
0 0 105.38
0 0 105.41
0.512 0.004 105.45
0 0 105.48
0 0 105.51
0.524 0.039 105.55
0.526 0.02 105.58
0 0 105.61
0.518 0.049 105.65
0.528 0.019 105.68
0 0 105.71
0 0 105.75
0 0 105.78
0 0 105.81
0 0 105.85
0 0 105.88
0 0 105.91
0 0 105.95
0 0 105.98
0 0 106.01
0 0 106.05
0 0 106.08
0 0 106.11
0 0 106.15
0 0 106.18
0 0 106.21
0 0 106.25
0 0 106.28
0 0 106.31
0 0 106.35
0 0 106.38
0 0 106.41
0 0 106.45
0 0 106.48
0 0 106.51
0 0 106.55
0 0 106.58
0 0 106.61
0 0 106.65
0 0 106.68
0 0 106.71
0 0 106.75
0 0 106.78
0 0 106.81
0 0 106.85
0 0 106.88
0 0 106.91
0 0 106.95
0 0 106.98
0 0 107.01
0 0 107.05
0 0 107.08
0 0 107.11
0 0 107.15
0 0 107.18
0 0 107.21
0 0 107.25
0 0 107.28
0 0 107.31
0 0 107.35
0 0 107.38
0 0 107.41
0 0 107.45
0 0 107.48
0 0 107.51
0 0 107.55
0 0 107.58
0 0 107.61
0 0 107.65
0 0 107.68
0 0 107.71
0 0 107.75
0 0 107.78
0 0 107.81
0 0 107.85
0 0 107.88
0 0 107.91
0 0 107.95
0 0 107.98
0 0 108.01
0 0 108.05
0 0 108.08
0 0 108.12
0 0 108.15
0 0 108.18
0 0 108.22
0 0 108.25
0 0 108.28
0 0 108.31
0 0 108.35
0 0 108.38
0 0 108.41
0 0 108.45
0 0 108.48
0 0 108.51
0 0 108.55
0 0 108.58
0 0 108.61
0 0 108.65
0 0 108.68
0 0 108.71
0 0 108.75
0 0 108.78
0 0 108.81
0 0 108.85
0 0 108.88
0 0 108.91
0 0 108.95
0 0 108.98
0 0 109.01
0 0 109.05
0 0 109.08
0 0 109.11
0 0 109.15
0 0 109.18
0 0 109.21
0 0 109.24
0 0 109.28
0 0 109.31
0 0 109.35
0 0 109.38
0 0 109.41
0 0 109.44
0 0 109.48
0 0 109.51
0 0 109.55
0 0 109.58
0 0 109.61
0 0 109.65
0 0 109.68
0 0 109.71
0 0 109.74
0 0 109.78
0 0 109.81
0 0 109.84
0 0 109.88
0 0 109.91
0 0 109.94
0 0 109.98
0 0 110.01
0 0 110.04
0 0 110.08
0 0 110.11
0 0 110.15
0 0 110.18
0 0 110.21
0 0 110.24
0 0 110.28
0 0 110.31
0 0 110.35
0 0 110.38
0.459 0.076 110.41
0 0 110.44
0.432 0.028 110.48
0.418 0.018 110.51
0 0 110.55
0.382 0.037 110.58
0 0 110.61
0.347 0.044 110.65
0.328 0.02 110.68
0.316 0.018 110.71
0.302 0.016 110.75
0.288 0.015 110.78
0.278 0.012 110.81
0.274 0.011 110.85
0.262 0.012 110.88
0.253 0.011 110.91
0.248 0.01 110.95
0.242 0.009 110.98
0.239 0.007 111.01
0 0 111.05
0 0 111.08
0 0 111.11
0.248 0.014 111.15
0.25 0.004 111.18
0 0 111.21
0 0 111.25
0 0 111.28
0.257 0.003 111.32
0.26 0.007 111.35
0.272 0.017 111.38
0 0 111.41
0 0 111.45
0 0 111.48
0 0 111.51
0 0 111.55
0 0 111.58
0.468 0.219 111.61
0 0 111.65
0 0 111.68
0 0 111.71
0 0 111.75
0 0 111.78
0 0 111.81
0 0 111.84
0 0 111.88
0 0 111.91
0 0 111.94
0 0 111.98
0 0 112.01
0 0 112.04
0 0 112.08
0 0 112.11
0 0 112.15
0 0 112.18
0 0 112.21
0 0 112.24
0 0 112.28
0 0 112.31
0 0 112.34
0 0 112.38
0 0 112.41
0 0 112.44
0 0 112.48
0 0 112.51
0 0 112.54
0 0 112.58
0 0 112.61
0 0 112.65
0 0 112.68
0 0 112.71
0 0 112.74
0 0 112.78
0 0 112.81
0 0 112.84
0 0 112.88
0 0 112.91
0 0 112.95
0 0 112.98
0 0 113.01
0 0 113.04
0 0 113.08
0 0 113.11
0 0 113.15
0 0 113.18
0 0 113.21
0 0 113.24
0.591 0.074 113.28
0.573 0.018 113.31
0.554 0.021 113.35
0.533 0.021 113.38
0.516 0.017 113.41
0 0 113.44
0.481 0.037 113.48
0.465 0.017 113.51
0.45 0.018 113.55
0.436 0.015 113.58
0.421 0.017 113.61
0.411 0.013 113.65
0.401 0.015 113.68
0.393 0.013 113.71
0.387 0.012 113.75
0.382 0.011 113.78
0.376 0.009 113.81
0.37 0.008 113.85
0.366 0.008 113.88
0.36 0.007 113.91
0 0 113.95
0.356 0.01 113.98
0.354 0.004 114.01
0.354 0.003 114.05
0.355 0.002 114.08
0 0 114.11
0.356 0.002 114.15
0.356 0.003 114.18
0.357 0.001 114.21
0 0 114.25
0 0 114.28
0.358 0.002 114.32
0.358 0.001 114.35
0.357 0.002 114.38
0.357 0.002 114.41
0.356 0.004 114.45
0 0 114.48
0.36 0.015 114.51
0.363 0.012 114.55
0.37 0.016 114.58
0.381 0.019 114.61
0 0 114.65
0.412 0.043 114.68
0 0 114.71
0 0 114.74
0 0 114.78
0 0 114.81
0.532 0.124 114.85
0.561 0.03 114.88
0 0 114.91
0.604 0.043 114.95
0 0 114.98
0 0 115.01
0.643 0.043 115.05
0.654 0.013 115.08
0 0 115.11
0 0 115.15
0 0 115.18
0.654 0.018 115.21
0 0 115.24
0 0 115.28
0.649 0.019 115.31
0.651 0.01 115.35
0 0 115.38
0 0 115.41
0 0 115.44
0 0 115.48
0 0 115.51
0 0 115.54
0 0 115.58
0 0 115.61
0 0 115.64
0 0 115.68
0 0 115.71
0 0 115.74
0 0 115.78
0 0 115.81
0 0 115.84
0.616 0.058 115.88
0 0 115.91
0.619 0.005 115.94
0 0 115.98
0 0 116.01
0 0 116.04
0 0 116.08
0 0 116.11
0 0 116.15
0 0 116.18
0 0 116.21
0 0 116.24
0 0 116.28
0 0 116.31
0 0 116.34
0 0 116.38
0 0 116.41
0 0 116.44
0 0 116.48
0 0 116.51
0 0 116.54
0 0 116.58
0 0 116.61
0.633 0.035 116.65
0 0 116.68
0.629 0.027 116.71
0.629 0.015 116.74
0.633 0.013 116.78
0.636 0.011 116.81
0 0 116.84
0.638 0.01 116.88
0.633 0.006 116.91
0.62 0.013 116.94
0.603 0.017 116.98
0.583 0.02 117.01
0 0 117.04
0.536 0.047 117.08
0.511 0.025 117.11
0.488 0.024 117.15
0.465 0.024 117.18
0.447 0.021 117.21
0.429 0.021 117.24
0.415 0.018 117.28
0.404 0.016 117.31
0.393 0.015 117.35
0.386 0.012 117.38
0.383 0.01 117.41
0.381 0.007 117.44
0.38 0.006 117.48
0 0 117.51
0.378 0.008 117.55
0.378 0.003 117.58
0.376 0.003 117.61
0 0 117.65
0.374 0.005 117.68
0 0 117.71
0 0 117.74
0 0 117.78
0 0 117.81
0.375 0.004 117.85
0.378 0.005 117.88
0 0 117.91
0.377 0.002 117.95
0.377 0.002 117.98
0.376 0.003 118.01
0.372 0.006 118.05
0.371 0.004 118.08
0 0 118.11
0.368 0.004 118.15
0.367 0.001 118.18
0 0 118.21
0.367 0.001 118.25
0 0 118.28
0.366 0.005 118.31
0 0 118.34
0.367 0.004 118.38
0 0 118.41
0 0 118.45
0.371 0.01 118.48
0.372 0.002 118.51
0.374 0.002 118.55
0.375 0.002 118.58
0.374 0.003 118.61
0.373 0.002 118.65
0.371 0.002 118.68
0.37 0.003 118.71
0.369 0.002 118.74
0 0 118.78
0 0 118.81
0.372 0.005 118.85
0 0 118.88
0.374 0.004 118.91
0.373 0.004 118.95
0.375 0.004 118.98
0.373 0.003 119.01
0.37 0.003 119.04
0.367 0.003 119.08
0 0 119.11
0.365 0.005 119.15
0.368 0.006 119.18
0.37 0.004 119.21
0.372 0.002 119.25
0.371 0.004 119.28
0 0 119.31
0 0 119.34
0.37 0.004 119.38
0 0 119.41
0 0 119.44
0 0 119.48
0 0 119.51
0 0 119.54
0 0 119.58
0 0 119.61
0 0 119.65
0 0 119.68
0 0 119.71
0 0 119.74
0 0 119.78
0.353 0.019 119.81
0.354 0.004 119.85
0.353 0.012 119.88
0.355 0.007 119.91
0.36 0.006 119.95
0.363 0.008 119.98
0.369 0.007 120.01
0.374 0.006 120.05
0 0 120.08
0.379 0.007 120.11
0.378 0.003 120.15
0.377 0.002 120.18
0.378 0.004 120.21
0.377 0.001 120.25
0.377 0.001 120.28
0.377 0.003 120.31
0.379 0.007 120.35
0 0 120.38
0.38 0.01 120.41
0 0 120.44
0.379 0.009 120.48
0 0 120.51
0 0 120.54
0 0 120.58
0 0 120.61
0 0 120.64
0 0 120.68
0 0 120.71
0 0 120.74
0 0 120.78
0 0 120.81
0 0 120.84
0 0 120.88
0 0 120.91
0 0 120.94
0 0 120.98
0 0 121.01
0 0 121.04
0 0 121.08
0 0 121.11
0 0 121.15
0 0 121.18
0 0 121.21
0 0 121.24
0 0 121.28
0 0 121.31
0 0 121.34
0 0 121.38
0 0 121.41
0 0 121.44
0 0 121.48
0 0 121.51
0 0 121.54
0 0 121.58
0 0 121.61
0.396 0.034 121.65
0 0 121.68
0 0 121.71
0 0 121.74
0 0 121.78
0 0 121.81
0 0 121.84
0 0 121.88
0.399 0.003 121.91
0 0 121.94
0 0 121.98
0 0 122.01
0 0 122.04
0.403 0.032 122.08
0.406 0.014 122.11
0 0 122.14
0 0 122.18
0.434 0.062 122.21
0 0 122.24
0 0 122.28
0.486 0.072 122.31
0.51 0.025 122.34
0 0 122.38
0.559 0.051 122.41
0.58 0.021 122.44
0.602 0.023 122.48
0 0 122.51
0.634 0.032 122.55
0 0 122.58
0.647 0.014 122.61
0.653 0.006 122.65
0.655 0.003 122.68
0.653 0.004 122.71
0 0 122.74
0 0 122.78
0.644 0.022 122.81
0 0 122.84
0.634 0.019 122.88
0.626 0.01 122.91
0 0 122.94
0 0 122.98
0 0 123.01
0 0 123.04
0 0 123.08
0 0 123.11
0 0 123.14
0 0 123.18
0 0 123.21
0 0 123.24
0 0 123.28
0 0 123.31
0 0 123.34
0 0 123.38
0 0 123.41
0 0 123.44
0 0 123.48
0 0 123.51
0 0 123.54
0 0 123.58
0 0 123.61
0 0 123.64
0 0 123.68
0 0 123.71
0 0 123.74
0 0 123.78
0 0 123.81
0 0 123.84
0 0 123.88
0 0 123.91
0 0 123.94
0 0 123.98
0 0 124.01
0 0 124.04
0 0 124.08
0 0 124.11
0 0 124.15
0 0 124.18
0 0 124.21
0 0 124.24
0 0 124.28
0 0 124.31
0 0 124.34
0 0 124.38
0 0 124.41
0 0 124.44
0 0 124.48
0 0 124.51
0 0 124.54
0 0 124.57
0 0 124.61
0 0 124.64
0.502 0.081 124.68
0.498 0.005 124.71
0.497 0.005 124.74
0.487 0.008 124.78
0.491 0.013 124.81
0.489 0.01 124.84
0 0 124.88
0.478 0.022 124.91
0.476 0.005 124.94
0 0 124.98
0 0 125.01
0 0 125.04
0 0 125.08
0 0 125.11
0 0 125.14
0 0 125.17
0 0 125.21
0 0 125.24
0 0 125.28
0 0 125.31
0 0 125.34
0 0 125.37
0 0 125.41
0 0 125.44
0 0 125.48
0 0 125.51
0 0 125.54
0 0 125.57
0.44 0.012 125.61
0.433 0.008 125.65
0.431 0.007 125.68
0.43 0.006 125.71
0.423 0.005 125.74
0.427 0.005 125.78
0.432 0.006 125.81
0.428 0.008 125.84
0.434 0.009 125.88
0.442 0.01 125.91
0 0 125.94
0.456 0.025 125.98
0.462 0.014 126.01
0 0 126.04
0.479 0.032 126.08
0 0 126.11
0 0 126.14
0 0 126.17
0 0 126.21
0 0 126.24
0 0 126.27
0 0 126.31
0 0 126.34
0 0 126.38
0 0 126.41
0 0 126.44
0 0 126.48
0 0 126.51
0 0 126.54
0 0 126.57
0 0 126.61
0 0 126.64
0 0 126.67
0 0 126.71
0 0 126.74
0 0 126.78
0 0 126.81
0 0 126.84
0 0 126.88
0 0 126.91
0 0 126.94
0 0 126.98
0 0 127.01
0 0 127.04
0 0 127.07
0 0 127.11
0 0 127.14
0 0 127.18
0 0 127.21
0 0 127.24
0 0 127.27
0 0 127.31
0 0 127.34
0 0 127.38
0 0 127.41
0 0 127.44
0 0 127.48
0 0 127.51
0 0 127.54
0 0 127.58
0 0 127.61
0 0 127.64
0 0 127.68
0 0 127.71
0 0 127.74
0 0 127.78
0 0 127.81
0 0 127.84
0 0 127.88
0 0 127.91
0 0 127.94
0 0 127.98
0 0 128.01
0 0 128.04
0 0 128.08
0 0 128.11
0 0 128.14
0 0 128.18
0 0 128.21
0 0 128.24
0 0 128.28
0 0 128.31
0 0 128.34
0 0 128.38
0 0 128.41
0 0 128.44
0 0 128.48
0 0 128.51
0 0 128.54
0 0 128.58
0 0 128.61
0 0 128.64
0 0 128.68
0 0 128.71
0 0 128.74
0 0 128.78
0 0 128.81
0 0 128.84
0 0 128.88
0 0 128.91
0 0 128.94
0 0 128.98
0 0 129.01
0 0 129.04
0 0 129.07
0 0 129.11
0 0 129.14
0 0 129.17
0 0 129.21
0 0 129.24
0 0 129.28
0 0 129.31
0 0 129.34
0 0 129.38
0 0 129.41
0 0 129.44
0 0 129.48
0 0 129.51
0 0 129.54
0 0 129.57
0 0 129.61
0 0 129.64
0 0 129.67
0 0 129.71
0 0 129.74
0 0 129.77
0 0 129.81
0 0 129.84
0 0 129.88
0 0 129.91
0 0 129.94
0 0 129.98
0 0 130.01
0 0 130.04
0 0 130.07
0 0 130.11
0 0 130.15
0 0 130.18
0 0 130.21
0 0 130.24
0 0 130.27
0 0 130.31
0 0 130.34
0 0 130.37
0 0 130.41
0 0 130.44
0 0 130.48
0 0 130.51
0 0 130.54
0 0 130.57
0 0 130.61
0 0 130.64
0 0 130.67
0 0 130.71
0 0 130.74
0 0 130.78
0 0 130.81
0 0 130.84
0 0 130.88
0 0 130.91
0 0 130.94
0 0 130.98
0 0 131.01
0 0 131.04
0 0 131.07
0 0 131.11
0 0 131.14
0 0 131.17
0 0 131.21
0 0 131.24
0 0 131.27
0 0 131.31
0 0 131.34
0 0 131.37
0 0 131.41
0 0 131.44
0 0 131.48
0 0 131.51
0 0 131.54
0 0 131.57
0 0 131.61
0 0 131.64
0 0 131.67
0 0 131.71
0 0 131.74
0 0 131.77
0 0 131.81
0 0 131.84
0 0 131.87
0 0 131.91
0 0 131.94
0 0 131.98
0 0 132.01
0 0 132.04
0 0 132.07
0 0 132.11
0 0 132.14
0 0 132.18
0 0 132.21
0 0 132.24
0 0 132.28
0 0 132.31
0 0 132.34
0 0 132.38
0 0 132.41
0 0 132.44
0 0 132.48
0 0 132.51
0 0 132.54
0 0 132.57
0 0 132.61
0 0 132.64
0 0 132.67
0 0 132.71
0 0 132.74
0 0 132.77
0 0 132.81
0 0 132.84
0 0 132.87
0 0 132.91
0 0 132.94
0 0 132.97
0 0 133.01
0 0 133.04
0 0 133.07
0 0 133.11
0 0 133.14
0 0 133.17
0 0 133.21
0 0 133.24
0 0 133.27
0 0 133.31
0 0 133.34
0 0 133.37
0 0 133.41
0 0 133.44
0 0 133.47
0 0 133.51
0 0 133.54
0 0 133.57
0 0 133.61
0 0 133.64
0 0 133.67
0 0 133.71
0 0 133.74
0 0 133.77
0 0 133.81
0 0 133.84
0 0 133.87
0 0 133.91
0 0 133.94
0 0 133.97
0 0 134.01
0 0 134.04
0 0 134.07
0 0 134.11
0 0 134.14
0 0 134.17
0 0 134.21
0 0 134.24
0 0 134.27
0 0 134.31
0 0 134.34
0 0 134.37
0 0 134.41
0 0 134.44
0 0 134.47
0 0 134.51
0 0 134.54
0 0 134.57
0 0 134.61
0 0 134.64
0 0 134.67
0 0 134.71
0 0 134.74
0 0 134.77
0 0 134.81
0 0 134.84
0 0 134.87
0 0 134.91
0 0 134.94
0 0 134.97
0 0 135.01
0 0 135.04
0 0 135.07
0 0 135.11
0 0 135.14
0 0 135.17
0 0 135.21
0 0 135.24
0 0 135.27
0 0 135.31
0 0 135.34
0 0 135.37
0 0 135.41
0 0 135.44
0 0 135.48
0 0 135.51
0 0 135.54
0 0 135.57
0 0 135.61
0 0 135.64
0 0 135.67
0 0 135.71
0 0 135.74
0 0 135.77
0 0 135.81
0 0 135.84
0 0 135.87
0 0 135.91
0 0 135.94
0 0 135.98
0 0 136.01
0 0 136.04
0 0 136.07
0 0 136.11
0 0 136.14
0 0 136.17
0 0 136.21
0 0 136.24
0 0 136.27
0 0 136.31
0 0 136.34
0 0 136.37
0 0 136.41
0 0 136.44
0 0 136.47
0 0 136.51
0 0 136.54
0 0 136.57
0 0 136.61
0 0 136.64
0 0 136.67
0 0 136.71
0 0 136.74
0.519 0.032 136.77
0 0 136.81
0.486 0.036 136.84
0.465 0.021 136.88
0.442 0.023 136.91
0 0 136.94
0.404 0.042 136.98
0 0 137.01
0.373 0.037 137.04
0.359 0.016 137.07
0.348 0.015 137.11
0.336 0.015 137.14
0.33 0.011 137.17
0.321 0.011 137.21
0.315 0.01 137.24
0.31 0.01 137.27
0.303 0.009 137.31
0.298 0.007 137.34
0.297 0.005 137.37
0.296 0.005 137.41
0.296 0.004 137.44
0.301 0.004 137.48
0.304 0.005 137.51
0.304 0.003 137.54
0.304 0.005 137.58
0.306 0.003 137.61
0.304 0.003 137.64
0.302 0.003 137.67
0.303 0.003 137.71
0.303 0.002 137.74
0.301 0.004 137.77
0.307 0.01 137.81
0.313 0.018 137.84
0 0 137.87
0 0 137.91
0 0 137.94
0.405 0.125 137.98
0.438 0.036 138.01
0.48 0.037 138.04
0 0 138.07
0 0 138.11
0 0 138.14
0 0 138.17
0 0 138.21
0 0 138.24
0 0 138.27
0 0 138.31
0 0 138.34
0 0 138.37
0 0 138.41
0 0 138.44
0 0 138.47
0 0 138.51
0 0 138.54
0 0 138.57
0 0 138.61
0 0 138.64
0 0 138.67
0 0 138.71
0 0 138.74
0 0 138.77
0 0 138.81
0 0 138.84
0 0 138.88
0 0 138.91
0 0 138.94
0 0 138.98
0 0 139.01
0 0 139.04
0 0 139.07
0 0 139.11
0 0 139.14
0 0 139.17
0 0 139.21
0 0 139.24
0 0 139.27
0 0 139.31
0 0 139.34
0 0 139.37
0 0 139.41
0 0 139.44
0 0 139.47
0 0 139.51
0 0 139.54
0 0 139.57
0 0 139.61
0 0 139.64
0 0 139.67
0 0 139.71
0 0 139.74
0.592 0.064 139.77
0 0 139.81
0.531 0.061 139.84
0.501 0.033 139.88
0.472 0.029 139.91
0 0 139.94
0.428 0.045 139.98
0.413 0.019 140.01
0.398 0.016 140.04
0 0 140.07
0 0 140.11
0.377 0.031 140.14
0 0 140.17
0.373 0.013 140.21
0.373 0.007 140.24
0.373 0.005 140.28
0.374 0.004 140.31
0.373 0.004 140.34
0 0 140.37
0.374 0.006 140.41
0.375 0.002 140.44
0.373 0.001 140.48
0 0 140.51
0.374 0.003 140.55
0.372 0.004 140.58
0.372 0.001 140.61
0.374 0.001 140.64
0.374 0.003 140.68
0 0 140.71
0.378 0.004 140.74
0.381 0.004 140.77
0.38 0.002 140.81
0.382 0.002 140.84
0.384 0.002 140.87
0.386 0.003 140.91
0.388 0.002 140.94
0 0 140.97
0.39 0.004 141.01
0.39 0.002 141.04
0 0 141.07
0.388 0.005 141.11
0 0 141.14
0.384 0.004 141.18
0.384 0.002 141.21
0.382 0.002 141.24
0.384 0.004 141.28
0 0 141.31
0 0 141.34
0 0 141.37
0.383 0.002 141.41
0 0 141.44
0.382 0.001 141.48
0.381 0.001 141.51
0.38 0.002 141.54
0.378 0.002 141.58
0 0 141.61
0 0 141.64
0.374 0.004 141.68
0 0 141.71
0.373 0.003 141.74
0 0 141.77
0 0 141.81
0.373 0.003 141.84
0.374 0.002 141.88
0.375 0.003 141.91
0.378 0.004 141.94
0 0 141.97
0.374 0.002 142.01
0 0 142.04
0 0 142.07
0.37 0.004 142.11
0.369 0.005 142.14
0.372 0.005 142.18
0.374 0.008 142.21
0.375 0.01 142.24
0.379 0.008 142.28
0.38 0.006 142.31
0.379 0.003 142.34
0.379 0.002 142.37
0.379 0.001 142.41
0 0 142.44
0 0 142.47
0.372 0.011 142.51
0.367 0.007 142.54
0.366 0.008 142.58
0.366 0.009 142.61
0.365 0.008 142.64
0 0 142.67
0 0 142.71
0 0 142.74
0.354 0.018 142.77
0 0 142.81
0.356 0.008 142.84
0.358 0.014 142.87
0.365 0.021 142.91
0 0 142.94
0 0 142.97
0.409 0.082 143.01
0 0 143.04
0.463 0.057 143.07
0.489 0.031 143.11
0.521 0.033 143.14
0.545 0.025 143.17
0 0 143.21
0 0 143.24
0 0 143.27
0 0 143.31
0 0 143.34
0 0 143.37
0 0 143.4
0.6 0.083 143.44
0 0 143.47
0.599 0.014 143.51
0.59 0.007 143.54
0 0 143.57
0 0 143.61
0.584 0.021 143.64
0 0 143.67
0.579 0.01 143.71
0 0 143.74
0 0 143.77
0 0 143.81
0 0 143.84
0 0 143.87
0 0 143.9
0 0 143.94
0 0 143.97
0.555 0.019 144.01
0 0 144.04
0.556 0.009 144.07
0.555 0.001 144.11
0.553 0.003 144.14
0 0 144.17
0 0 144.21
0 0 144.24
0 0 144.27
0 0 144.31
0 0 144.34
0.544 0.006 144.37
0.544 0.006 144.41
0.54 0.005 144.44
0 0 144.47
0 0 144.5
0 0 144.54
0 0 144.57
0 0 144.6
0 0 144.64
0.534 0.008 144.67
0 0 144.71
0 0 144.74
0 0 144.77
0 0 144.81
0 0 144.84
0.536 0.014 144.88
0 0 144.91
0 0 144.94
0 0 144.98
0 0 145.0
0 0 145.04
0 0 145.07
0 0 145.11
0 0 145.14
0 0 145.17
0 0 145.21
0 0 145.24
0.515 0.033 145.27
0.515 0.018 145.31
0.509 0.023 145.34
0.508 0.017 145.37
0 0 145.41
0.518 0.034 145.44
0 0 145.47
0 0 145.5
0 0 145.54
0 0 145.57
0 0 145.6
0 0 145.64
0 0 145.67
0 0 145.71
0 0 145.74
0 0 145.77
0 0 145.81
0 0 145.84
0 0 145.87
0 0 145.9
0 0 145.94
0 0 145.97
0 0 146.01
0 0 146.04
0 0 146.07
0 0 146.11
0 0 146.14
0 0 146.17
0 0 146.21
0 0 146.24
0 0 146.27
0 0 146.31
0 0 146.34
0 0 146.37
0 0 146.41
0 0 146.44
0 0 146.47
0 0 146.5
0 0 146.54
0 0 146.57
0 0 146.6
0 0 146.64
0 0 146.67
0 0 146.7
0 0 146.74
0 0 146.77
0 0 146.81
0 0 146.84
0 0 146.87
0 0 146.91
0 0 146.94
0 0 146.97
0 0 147.01
0 0 147.04
0 0 147.07
0 0 147.11
0 0 147.14
0 0 147.17
0 0 147.21
0 0 147.24
0 0 147.27
0 0 147.31
0 0 147.34
0 0 147.37
0 0 147.4
0 0 147.44
0 0 147.47
0 0 147.5
0 0 147.54
0 0 147.57
0 0 147.6
0 0 147.64
0 0 147.67
0 0 147.7
0 0 147.74
0 0 147.77
0 0 147.81
0 0 147.84
0 0 147.87
0 0 147.9
0 0 147.94
0 0 147.97
0 0 148.0
0 0 148.04
0 0 148.07
0 0 148.1
0 0 148.14
0 0 148.17
0 0 148.2
0 0 148.24
0 0 148.27
0 0 148.31
0 0 148.34
0 0 148.37
0 0 148.4
0 0 148.44
0 0 148.47
0 0 148.5
0 0 148.54
0 0 148.57
0 0 148.6
0 0 148.64
0 0 148.67
0 0 148.7
0 0 148.74
0 0 148.77
0 0 148.81
0 0 148.84
0 0 148.87
0 0 148.9
0 0 148.94
0 0 148.97
0 0 149.0
0 0 149.04
0 0 149.07
0 0 149.1
0 0 149.14
0 0 149.17
0 0 149.21
0 0 149.24
0 0 149.27
0 0 149.31
0 0 149.34
0 0 149.37
0 0 149.4
0 0 149.44
0 0 149.47
0 0 149.5
0 0 149.54
0 0 149.57
0 0 149.6
0 0 149.64
0 0 149.67
0 0 149.7
0 0 149.74
0 0 149.77
0 0 149.81
0 0 149.84
0 0 149.87
0 0 149.9
0 0 149.94
0 0 149.97
0 0 150.0
0 0 150.04
0 0 150.07
0 0 150.1
0.497 0.095 150.14
0.474 0.023 150.17
0.456 0.018 150.21
0.442 0.019 150.24
0.425 0.018 150.27
0.411 0.015 150.31
0.405 0.013 150.34
0.397 0.011 150.37
0.388 0.011 150.41
0.387 0.01 150.44
0.379 0.009 150.47
0.37 0.01 150.51
0.365 0.011 150.54
0 0 150.57
0.339 0.026 150.61
0.331 0.009 150.64
0.329 0.009 150.67
0 0 150.7
0 0 150.74
0 0 150.77
0.329 0.022 150.81
0.329 0.005 150.84
0.336 0.005 150.87
0.338 0.005 150.91
0.339 0.002 150.94
0.344 0.001 150.97
0.344 0.001 151.01
0.343 0.001 151.04
0.341 0.002 151.07
0.345 0.002 151.11
0 0 151.14
0.344 0.003 151.17
0.349 0.007 151.21
0.354 0.013 151.24
0.362 0.022 151.27
0.378 0.029 151.31
0 0 151.34
0 0 151.37
0 0 151.4
0.487 0.129 151.44
0.521 0.034 151.47
0.562 0.041 151.5
0.592 0.029 151.54
0 0 151.57
0 0 151.6
0 0 151.64
0 0 151.67
0 0 151.7
0 0 151.74
0 0 151.77
0 0 151.8
0 0 151.84
0 0 151.87
0 0 151.9
0 0 151.94
0 0 151.97
0 0 152.0
0 0 152.04
0 0 152.07
0 0 152.1
0 0 152.14
0 0 152.17
0 0 152.2
0 0 152.24
0 0 152.27
0 0 152.3
0 0 152.34
0 0 152.37
0 0 152.4
0 0 152.44
0 0 152.47
0 0 152.5
0 0 152.54
0 0 152.57
0 0 152.6
0 0 152.64
0 0 152.67
0 0 152.7
0 0 152.74
0 0 152.77
0 0 152.8
0 0 152.84
0 0 152.87
0 0 152.9
0 0 152.94
0 0 152.97
0 0 153.0
0 0 153.04
0 0 153.07
0 0 153.1
0 0 153.14
0 0 153.17
0 0 153.21
0 0 153.24
0 0 153.27
0 0 153.31
0 0 153.34
0 0 153.37
0 0 153.4
0 0 153.44
0 0 153.47
0.568 0.072 153.5
0.55 0.019 153.54
0.53 0.021 153.57
0 0 153.6
0.487 0.044 153.64
0.468 0.02 153.67
0.451 0.018 153.7
0 0 153.74
0 0 153.77
0 0 153.81
0 0 153.84
0.411 0.061 153.87
0 0 153.9
0 0 153.94
0.403 0.018 153.97
0.398 0.006 154.01
0.395 0.005 154.04
0.394 0.003 154.07
0.393 0.003 154.1
0.391 0.003 154.14
0.389 0.002 154.17
0.388 0.002 154.21
0.386 0.002 154.24
0.386 0.001 154.27
0.387 0.002 154.31
0.388 0.004 154.34
0.391 0.006 154.37
0.394 0.008 154.4
0.398 0.011 154.44
0 0 154.47
0 0 154.5
0 0 154.54
0.437 0.064 154.57
0.451 0.019 154.6
0 0 154.64
0 0 154.67
0 0 154.7
0 0 154.74
0.543 0.1 154.77
0 0 154.8
0.577 0.036 154.84
0.593 0.018 154.87
0.607 0.015 154.9
0.621 0.017 154.94
0.629 0.01 154.97
0.639 0.013 155.0
0 0 155.04
0 0 155.07
0 0 155.1
0 0 155.14
0 0 155.17
0.662 0.041 155.21
0.663 0.006 155.24
0 0 155.27
0.663 0.01 155.3
0.662 0.004 155.34
0.661 0.004 155.37
0.656 0.005 155.4
0.658 0.009 155.44
0.653 0.005 155.47
0.651 0.006 155.51
0 0 155.54
0.643 0.012 155.57
0.639 0.005 155.6
0.636 0.004 155.64
0.631 0.006 155.67
0.628 0.004 155.7
0.626 0.004 155.74
0.626 0.005 155.77
0 0 155.8
0 0 155.84
0 0 155.87
0.633 0.02 155.91
0 0 155.94
0 0 155.97
0 0 156.0
0.628 0.012 156.04
0 0 156.07
0.625 0.003 156.1
0.623 0.004 156.14
0.625 0.004 156.17
0.622 0.012 156.21
0.626 0.007 156.24
0.624 0.01 156.27
0.619 0.013 156.31
0.612 0.017 156.34
0.606 0.014 156.37
0 0 156.4
0.589 0.029 156.44
0.579 0.014 156.47
0 0 156.5
0.557 0.029 156.54
0.547 0.013 156.57
0.535 0.017 156.6
0.528 0.01 156.64
0.52 0.012 156.67
0.514 0.009 156.7
0.512 0.004 156.74
0.509 0.003 156.77
0.508 0.002 156.81
0.508 0.003 156.84
0.51 0.005 156.87
0.512 0.005 156.9
0.514 0.003 156.94
0.513 0.002 156.97
0.513 0.005 157.0
0.508 0.006 157.04
0.502 0.007 157.07
0.493 0.009 157.1
0.482 0.011 157.14
0.469 0.013 157.17
0.453 0.017 157.21
0.441 0.013 157.24
0.427 0.016 157.27
0.417 0.012 157.31
0.408 0.011 157.34
0 0 157.37
0.396 0.02 157.4
0.393 0.007 157.44
0.392 0.006 157.47
0.391 0.005 157.5
0.389 0.004 157.54
0.386 0.004 157.57
0.384 0.003 157.61
0 0 157.64
0.379 0.006 157.67
0.378 0.002 157.7
0 0 157.74
0.376 0.002 157.77
0 0 157.8
0 0 157.84
0 0 157.87
0 0 157.9
0.371 0.006 157.94
0 0 157.97
0 0 158.0
0.377 0.01 158.04
0 0 158.07
0.374 0.004 158.11
0.373 0.002 158.14
0 0 158.17
0 0 158.2
0.377 0.013 158.24
0.38 0.009 158.27
0.385 0.011 158.31
0 0 158.34
0 0 158.37
0.412 0.042 158.41
0.423 0.017 158.44
0 0 158.47
0 0 158.5
0 0 158.54
0.495 0.083 158.57
0.517 0.023 158.6
0.537 0.021 158.64
0.56 0.023 158.67
0.581 0.021 158.7
0.603 0.023 158.74
0 0 158.77
0 0 158.8
0 0 158.84
0 0 158.87
0 0 158.9
0 0 158.93
0 0 158.97
0 0 159.0
0 0 159.04
0.677 0.084 159.07
0.671 0.008 159.1
0.67 0.008 159.14
0.668 0.009 159.17
0 0 159.2
0 0 159.23
0.662 0.026 159.27
0.659 0.008 159.3
0.66 0.008 159.34
0.657 0.006 159.37
0.655 0.006 159.4
0.65 0.006 159.44
0 0 159.47
0 0 159.5
0 0 159.54
0 0 159.57
0.649 0.011 159.6
0 0 159.64
0 0 159.67
0.657 0.008 159.7
0 0 159.73
0 0 159.77
0 0 159.8
0 0 159.84
0 0 159.87
0 0 159.9
0 0 159.93
0 0 159.97
0 0 160.0
0 0 160.03
0 0 160.07
0 0 160.1
0 0 160.14
0.653 0.007 160.17
0.652 0.005 160.2
0.646 0.01 160.24
0.636 0.013 160.27
0 0 160.3
0.606 0.036 160.34
0.586 0.021 160.37
0 0 160.4
0.545 0.041 160.44
0.526 0.02 160.47
0.503 0.023 160.5
0 0 160.54
0 0 160.57
0 0 160.6
0 0 160.64
0.424 0.091 160.67
0.416 0.014 160.71
0.407 0.013 160.74
0.402 0.011 160.77
0.398 0.01 160.81
0.397 0.008 160.84
0.396 0.006 160.87
0.395 0.006 160.9
0.392 0.005 160.94
0.392 0.004 160.97
0.389 0.003 161.0
0.389 0.001 161.04
0.388 0.001 161.07
0.388 0.001 161.1
0.389 0.001 161.14
0.389 0.001 161.17
0.39 0.001 161.2
0.391 0.002 161.24
0.393 0.001 161.27
0.394 0.001 161.31
0.391 0.002 161.34
0 0 161.37
0 0 161.4
0 0 161.44
0 0 161.47
0.387 0.004 161.5
0.386 0.002 161.54
0 0 161.57
0 0 161.6
0.384 0.013 161.64
0.382 0.008 161.67
0.385 0.01 161.7
0.388 0.015 161.74
0.393 0.018 161.77
0.402 0.021 161.8
0 0 161.83
0 0 161.87
0 0 161.9
0.482 0.097 161.94
0.506 0.027 161.97
0.534 0.029 162.0
0.564 0.031 162.03
0.584 0.02 162.07
0.605 0.025 162.1
0 0 162.14
0 0 162.17
0.632 0.037 162.2
0.636 0.008 162.24
0.642 0.011 162.27
0.639 0.009 162.3
0.636 0.005 162.34
0.637 0.005 162.37
0.634 0.004 162.4
0 0 162.43
0.634 0.004 162.47
0 0 162.5
0 0 162.54
0.63 0.005 162.57
0 0 162.6
0.629 0.006 162.64
0 0 162.67
0 0 162.7
0.614 0.012 162.74
0.614 0.007 162.77
0 0 162.8
0 0 162.84
0 0 162.87
0 0 162.9
0 0 162.93
0 0 162.97
0 0 163.0
0.605 0.006 163.04
0.612 0.013 163.07
0.601 0.02 163.1
0.599 0.011 163.14
0.59 0.014 163.17
0 0 163.2
0.592 0.022 163.24
0.59 0.011 163.27
0 0 163.3
0 0 163.33
0 0 163.37
0 0 163.4
0 0 163.43
0 0 163.47
0 0 163.5
0 0 163.54
0 0 163.57
0 0 163.6
0 0 163.64
0 0 163.67
0.591 0.043 163.7
0 0 163.73
0 0 163.77
0 0 163.8
0 0 163.83
0 0 163.87
0 0 163.9
0 0 163.93
0 0 163.97
0 0 164.0
0 0 164.03
0 0 164.07
0 0 164.1
0 0 164.14
0 0 164.17
0 0 164.2
0 0 164.23
0 0 164.27
0 0 164.3
0 0 164.33
0 0 164.37
0 0 164.4
0 0 164.43
0 0 164.47
0 0 164.5
0 0 164.54
0 0 164.57
0 0 164.6
0 0 164.64
0 0 164.67
0 0 164.7
0 0 164.73
0 0 164.77
0 0 164.8
0 0 164.83
0 0 164.87
0 0 164.9
0 0 164.93
0 0 164.97
0 0 165.0
0 0 165.03
0 0 165.07
0 0 165.1
0 0 165.14
0 0 165.17
0 0 165.2
0 0 165.23
0 0 165.27
0 0 165.3
0 0 165.33
0 0 165.37
0 0 165.4
0 0 165.43
0 0 165.47
0 0 165.5
0 0 165.53
0 0 165.57
0 0 165.6
0 0 165.64
0 0 165.67
0 0 165.7
0 0 165.73
0 0 165.77
0 0 165.8
0 0 165.83
0 0 165.87
0 0 165.9
0 0 165.93
0 0 165.97
0 0 166.0
0 0 166.03
0 0 166.07
0 0 166.1
0 0 166.14
0 0 166.17
0 0 166.2
0 0 166.23
0 0 166.27
0 0 166.3
0 0 166.34
0 0 166.37
0 0 166.4
0 0 166.43
0 0 166.47
0 0 166.5
0 0 166.54
0 0 166.57
0 0 166.6
0 0 166.64
0 0 166.67
0 0 166.7
0 0 166.73
0 0 166.77
0 0 166.8
0 0 166.83
0 0 166.87
0 0 166.9
0 0 166.93
0 0 166.97
0 0 167.0
0 0 167.03
0 0 167.07
0 0 167.1
0 0 167.14
0 0 167.17
0 0 167.2
0 0 167.23
0 0 167.27
0 0 167.3
0 0 167.34
0 0 167.37
0 0 167.4
0 0 167.43
0 0 167.47
0 0 167.5
0 0 167.54
0 0 167.57
0 0 167.6
0 0 167.64
0 0 167.67
0 0 167.7
0 0 167.73
0 0 167.77
0 0 167.8
0 0 167.84
0 0 167.87
0 0 167.9
0 0 167.94
0 0 167.97
0 0 168.0
0 0 168.04
0 0 168.07
0 0 168.1
0 0 168.14
0 0 168.17
0 0 168.2
0 0 168.23
0 0 168.27
0 0 168.3
0 0 168.33
0 0 168.37
0 0 168.4
0 0 168.44
0 0 168.47
0 0 168.5
0 0 168.53
0 0 168.57
0 0 168.6
0 0 168.64
0 0 168.67
0 0 168.7
0 0 168.73
0 0 168.77
0 0 168.8
0 0 168.83
0 0 168.87
0 0 168.9
0 0 168.93
0 0 168.97
0 0 169.0
0 0 169.03
0 0 169.07
0 0 169.1
0 0 169.14
0 0 169.17
0 0 169.2
0 0 169.23
0 0 169.27
0 0 169.3
0 0 169.33
0 0 169.37
0 0 169.4
0 0 169.43
0 0 169.47
0 0 169.5
0 0 169.53
0 0 169.57
0 0 169.6
0 0 169.64
0 0 169.67
0 0 169.7
0 0 169.73
0 0 169.77
0 0 169.8
0 0 169.83
0 0 169.87
0 0 169.9
0 0 169.94
0 0 169.97
0 0 170.0
0 0 170.03
0 0 170.07
0 0 170.1
0 0 170.14
0 0 170.17
0 0 170.2
0 0 170.23
0 0 170.27
0 0 170.3
0 0 170.34
0 0 170.37
0 0 170.4
0 0 170.43
0 0 170.47
0 0 170.5
0 0 170.53
0 0 170.57
0 0 170.6
0 0 170.63
0 0 170.67
0 0 170.7
0 0 170.74
0 0 170.77
0 0 170.8
0 0 170.83
0 0 170.87
0 0 170.9
0 0 170.93
0 0 170.97
0 0 171.0
0 0 171.03
0 0 171.07
0 0 171.1
0 0 171.13
0 0 171.17
0 0 171.2
0 0 171.23
0 0 171.27
0 0 171.3
0 0 171.33
0 0 171.37
0 0 171.4
0 0 171.43
0 0 171.47
0 0 171.5
0 0 171.53
0 0 171.57
0 0 171.6
0 0 171.63
0 0 171.67
0 0 171.7
0 0 171.73
0 0 171.77
0 0 171.8
0 0 171.83
0 0 171.87
0 0 171.9
0 0 171.93
0 0 171.97
0 0 172.0
0 0 172.03
0 0 172.06
0 0 172.1
0 0 172.13
0 0 172.17
0 0 172.2
0 0 172.23
0 0 172.27
0 0 172.3
0 0 172.33
0 0 172.37
0 0 172.4
0 0 172.43
0 0 172.47
0 0 172.5
0 0 172.53
0 0 172.57
0 0 172.6
0 0 172.63
0 0 172.67
0 0 172.7
0 0 172.73
0 0 172.77
0 0 172.8
0 0 172.83
0 0 172.87
0 0 172.9
0 0 172.93
0 0 172.97
0 0 173.0
0.525 0.024 173.03
0 0 173.07
0 0 173.1
0 0 173.13
0 0 173.17
0 0 173.2
0 0 173.23
0 0 173.27
0 0 173.3
0 0 173.33
0 0 173.37
0 0 173.4
0 0 173.43
0 0 173.47
0 0 173.5
0 0 173.53
0 0 173.57
0 0 173.6
0 0 173.63
0 0 173.67
0 0 173.7
0.469 0.06 173.73
0 0 173.77
0.464 0.006 173.8
0.466 0.003 173.83
0 0 173.87
0 0 173.9
0 0 173.93
0 0 173.97
0 0 174.0
0 0 174.03
0 0 174.07
0 0 174.1
0 0 174.13
0 0 174.17
0 0 174.2
0 0 174.23
0 0 174.27
0 0 174.3
0 0 174.33
0 0 174.37
0.477 0.015 174.4
0 0 174.43
0.438 0.041 174.47
0.415 0.024 174.5
0.398 0.019 174.53
0.377 0.022 174.57
0.36 0.019 174.6
0.345 0.018 174.64
0.332 0.015 174.67
0.322 0.013 174.7
0.313 0.013 174.74
0.309 0.009 174.77
0.3 0.012 174.8
0.297 0.008 174.84
0.294 0.006 174.87
0.291 0.005 174.9
0.286 0.007 174.93
0.283 0.005 174.97
0.279 0.005 175.0
0.278 0.003 175.03
0.282 0.002 175.07
0.281 0.001 175.1
0.282 0.001 175.14
0.284 0.001 175.17
0.286 0.003 175.2
0.288 0.002 175.23
0.29 0.002 175.27
0.29 0.007 175.3
0.294 0.014 175.33
0.303 0.021 175.37
0.312 0.023 175.4
0 0 175.43
0 0 175.47
0.387 0.087 175.5
0.416 0.031 175.54
0.46 0.045 175.57
0.502 0.039 175.6
0.533 0.034 175.64
0 0 175.67
0 0 175.7
0 0 175.73
0 0 175.77
0 0 175.8
0 0 175.83
0 0 175.87
0 0 175.9
0 0 175.93
0 0 175.97
0 0 176.0
0 0 176.03
0 0 176.07
0 0 176.1
0 0 176.13
0 0 176.17
0 0 176.2
0 0 176.23
0 0 176.27
0 0 176.3
0 0 176.33
0 0 176.37
0 0 176.4
0 0 176.43
0 0 176.47
0 0 176.5
0 0 176.53
0 0 176.57
0 0 176.6
0 0 176.63
0 0 176.67
0 0 176.7
0 0 176.73
0 0 176.76
0 0 176.8
0 0 176.83
0 0 176.87
0 0 176.9
0 0 176.93
0 0 176.97
0 0 177.0
0 0 177.03
0 0 177.07
0 0 177.1
0 0 177.13
0 0 177.17
0 0 177.2
0 0 177.23
0 0 177.27
0 0 177.3
0 0 177.33
0 0 177.36
0 0 177.4
0 0 177.43
0 0 177.47
0 0 177.5
0 0 177.53
0 0 177.57
0 0 177.6
0 0 177.63
0 0 177.67
0 0 177.7
0 0 177.73
0.606 0.023 177.77
0.587 0.019 177.8
0.565 0.022 177.83
0.544 0.021 177.87
0.529 0.019 177.9
0.509 0.02 177.93
0.493 0.017 177.97
0.48 0.017 178.0
0.467 0.015 178.03
0.457 0.013 178.07
0.447 0.014 178.1
0.438 0.012 178.14
0 0 178.17
0.424 0.02 178.2
0.418 0.009 178.23
0.412 0.008 178.27
0.409 0.006 178.3
0.41 0.005 178.33
0.407 0.005 178.37
0.403 0.004 178.4
0.401 0.004 178.43
0.397 0.005 178.47
0.395 0.004 178.5
0.393 0.004 178.54
0.391 0.004 178.57
0.39 0.004 178.6
0.389 0.004 178.64
0.388 0.004 178.67
0.387 0.004 178.7
0.385 0.004 178.74
0.385 0.003 178.77
0.385 0.003 178.8
0.386 0.002 178.83
0.386 0.001 178.87
0.385 0.002 178.9
0.385 0.002 178.93
0.385 0.001 178.97
0.387 0.003 179.0
0.388 0.001 179.03
0.389 0.002 179.07
0.39 0.002 179.1
0.39 0.001 179.14
0.388 0.003 179.17
0.387 0.002 179.2
0.386 0.001 179.23
0.386 0.001 179.27
0.387 0.002 179.3
0 0 179.33
0.389 0.004 179.37
0.389 0.003 179.4
0.388 0.005 179.43
0.389 0.005 179.47
0.389 0.009 179.5
0.392 0.01 179.54
0.397 0.014 179.57
0.405 0.016 179.6
0.414 0.018 179.64
0.428 0.02 179.67
0.445 0.022 179.7
0.464 0.022 179.73
0.487 0.025 179.77
0.511 0.024 179.8
0.536 0.026 179.83
0.561 0.026 179.87
0.581 0.021 179.9
0.609 0.031 179.93
0.623 0.014 179.97
0.632 0.01 180.0
0.642 0.013 180.03
0 0 180.06
0 0 180.1
0.652 0.024 180.14
0.649 0.007 180.17
0 0 180.2
0.647 0.015 180.23
0.649 0.008 180.27
0.649 0.006 180.3
0 0 180.33
0.644 0.007 180.37
0.643 0.001 180.4
0 0 180.43
0 0 180.47
0 0 180.5
0.65 0.009 180.53
0 0 180.56
0 0 180.6
0 0 180.63
0 0 180.67
0 0 180.7
0 0 180.73
0.66 0.01 180.77
0 0 180.8
0 0 180.83
0 0 180.86
0.656 0.005 180.9
0.657 0.004 180.93
0 0 180.97
0.657 0.0 181.0
0.656 0.003 181.03
0.656 0.003 181.07
0.655 0.004 181.1
0 0 181.13
0.653 0.008 181.17
0.659 0.007 181.2
0.656 0.005 181.23
0 0 181.26
0.655 0.002 181.3
0.651 0.005 181.33
0.651 0.001 181.37
0 0 181.4
0.654 0.006 181.43
0 0 181.47
0.649 0.006 181.5
0 0 181.53
0 0 181.56
0 0 181.6
0 0 181.63
0 0 181.66
0 0 181.7
0 0 181.73
0 0 181.76
0.653 0.014 181.8
0 0 181.83
0 0 181.86
0.657 0.005 181.9
0 0 181.93
0 0 181.97
0.659 0.007 182.0
0.66 0.002 182.03
0 0 182.06
0 0 182.1
0 0 182.13
0 0 182.16
0 0 182.2
0.664 0.004 182.23
0.659 0.008 182.27
0.659 0.004 182.3
0.657 0.006 182.33
0.659 0.003 182.37
0.661 0.003 182.4
0.663 0.002 182.43
0.664 0.002 182.47
0 0 182.5
0.669 0.004 182.53
0.67 0.002 182.57
0.668 0.003 182.6
0.669 0.001 182.63
0 0 182.67
0.662 0.011 182.7
0 0 182.73
0 0 182.77
0 0 182.8
0 0 182.83
0.665 0.011 182.87
0 0 182.9
0.671 0.007 182.93
0 0 182.97
0 0 183.0
0.681 0.01 183.03
0.678 0.006 183.07
0 0 183.1
0.681 0.003 183.13
0.683 0.004 183.17
0 0 183.2
0 0 183.23
0 0 183.26
0.684 0.015 183.3
0 0 183.33
0.684 0.006 183.36
0 0 183.4
0 0 183.43
0 0 183.47
0 0 183.5
0.689 0.009 183.53
0.687 0.003 183.57
0.686 0.001 183.6
0 0 183.63
0.69 0.004 183.67
0.692 0.002 183.7
0.69 0.003 183.73
0 0 183.76
0 0 183.8
0.69 0.005 183.83
0.687 0.003 183.87
0.689 0.003 183.9
0 0 183.93
0 0 183.97
0.691 0.005 184.0
0.689 0.003 184.03
0.691 0.001 184.07
0 0 184.1
0.686 0.008 184.13
0.688 0.003 184.17
0 0 184.2
0 0 184.23
0 0 184.26
0 0 184.3
0 0 184.33
0.701 0.013 184.37
0 0 184.4
0.704 0.004 184.43
0.713 0.011 184.47
0 0 184.5
0 0 184.53
0 0 184.56
0.706 0.009 184.6
0 0 184.63
0.709 0.006 184.67
0 0 184.7
0 0 184.73
0 0 184.76
0 0 184.8
0 0 184.83
0.707 0.007 184.87
0 0 184.9
0.703 0.003 184.93
0 0 184.97
0 0 185.0
0.711 0.011 185.03
0.712 0.001 185.07
0.705 0.008 185.1
0 0 185.13
0.714 0.01 185.17
0 0 185.2
0.703 0.014 185.23
0 0 185.26
0.704 0.002 185.3
0 0 185.33
0 0 185.36
0 0 185.4
0.698 0.005 185.43
0.697 0.002 185.47
0 0 185.5
0 0 185.53
0 0 185.56
0.689 0.007 185.6
0.688 0.002 185.64
0 0 185.67
0 0 185.7
0.683 0.008 185.73
0.682 0.001 185.77
0.684 0.002 185.8
0 0 185.83
0.69 0.012 185.87
0.69 0.002 185.9
0 0 185.93
0 0 185.96
0.689 0.003 186.0
0.683 0.006 186.03
0.686 0.005 186.07
0 0 186.1
0.677 0.005 186.13
0.674 0.003 186.17
0.673 0.003 186.2
0.67 0.004 186.23
0.673 0.005 186.27
0 0 186.3
0.668 0.003 186.33
0.664 0.005 186.37
0.666 0.003 186.4
0 0 186.43
0.66 0.004 186.47
0.665 0.007 186.5
0.654 0.008 186.53
0.659 0.005 186.57
0.66 0.001 186.6
0.651 0.006 186.63
0.652 0.002 186.67
0 0 186.7
0.639 0.014 186.73
0.634 0.01 186.77
0.642 0.008 186.8
0.642 0.005 186.83
0.64 0.004 186.87
0.637 0.006 186.9
0 0 186.93
0 0 186.97
0 0 187.0
0 0 187.03
0.629 0.018 187.07
0 0 187.1
0 0 187.13
0 0 187.16
0.614 0.042 187.2
0 0 187.23
0 0 187.26
0 0 187.3
0 0 187.33
0 0 187.36
0 0 187.4
0 0 187.43
0 0 187.47
0 0 187.5
0 0 187.53
0 0 187.56
0 0 187.6
0 0 187.63
0 0 187.66
0 0 187.7
0 0 187.73
0 0 187.76
0 0 187.8
0 0 187.83
0 0 187.86
0 0 187.9
0 0 187.93
0 0 187.96
0 0 188.0
0 0 188.03
0 0 188.06
0 0 188.1
0 0 188.13
0 0 188.16
0 0 188.2
0 0 188.23
0 0 188.26
0 0 188.3
0 0 188.33
0 0 188.36
0 0 188.4
0 0 188.43
0 0 188.46
0 0 188.5
0 0 188.53
0 0 188.56
0 0 188.6
0 0 188.63
0 0 188.66
0 0 188.7
0 0 188.73
0 0 188.76
0 0 188.8
0 0 188.83
0 0 188.87
0 0 188.9
0 0 188.93
0 0 188.97
0 0 189.0
0 0 189.03
0 0 189.06
0 0 189.1
0 0 189.13
0 0 189.16
0 0 189.2
0 0 189.23
0 0 189.26
0 0 189.3
0 0 189.33
0 0 189.36
0 0 189.4
0 0 189.43
0 0 189.47
0 0 189.5
0 0 189.53
0 0 189.56
0 0 189.6
0 0 189.63
0 0 189.66
0 0 189.7
0 0 189.73
0 0 189.76
0 0 189.8
0 0 189.83
0 0 189.86
0 0 189.9
0 0 189.93
0 0 189.97
0 0 190.0
0 0 190.03
0 0 190.06
0 0 190.1
0 0 190.13
0 0 190.16
0 0 190.2
0 0 190.23
0 0 190.26
0 0 190.3
0 0 190.33
0 0 190.36
0 0 190.4
0 0 190.43
0 0 190.46
0 0 190.5
0 0 190.53
0 0 190.56
0 0 190.6
