0.455 0.004 56.62
0 0 56.65
0.451 0.011 56.69
0.449 0.007 56.72
0.449 0.005 56.75
0.45 0.005 56.79
0.448 0.006 56.82
0.447 0.005 56.85
0.446 0.005 56.89
0.445 0.003 56.92
0.445 0.003 56.95
0.444 0.003 56.99
0.446 0.003 57.02
0.448 0.003 57.05
0.449 0.002 57.09
0.451 0.002 57.12
0.452 0.001 57.16
0.453 0.001 57.19
0.452 0.003 57.22
0.453 0.002 57.25
0.453 0.003 57.29
0.452 0.003 57.32
0.451 0.003 57.36
0.451 0.002 57.39
0.45 0.002 57.42
0.45 0.003 57.45
0.45 0.005 57.49
0.45 0.004 57.52
0.451 0.004 57.56
0.451 0.004 57.59
0.453 0.006 57.62
0.453 0.004 57.66
0.457 0.008 57.69
0.461 0.007 57.72
0.464 0.008 57.76
0 0 57.79
0.475 0.02 57.82
0.479 0.006 57.85
0.482 0.005 57.89
0.482 0.001 57.92
0 0 57.95
0.476 0.006 57.99
0.472 0.005 58.02
0.468 0.004 58.06
0.464 0.004 58.09
0.46 0.005 58.12
0 0 58.16
0 0 58.19
0.458 0.004 58.22
0.459 0.003 58.25
0.458 0.004 58.29
0 0 58.32
0.46 0.005 58.35
0.461 0.002 58.39
0.461 0.002 58.42
0.461 0.001 58.45
0.462 0.001 58.49
0.461 0.001 58.52
0.46 0.003 58.55
0.46 0.002 58.59
0.459 0.001 58.62
0.458 0.003 58.66
0.457 0.002 58.69
0.456 0.002 58.72
0.457 0.001 58.75
0.458 0.001 58.79
0 0 58.82
0.457 0.003 58.85
0.457 0.001 58.89
0.457 0.001 58.92
0.455 0.003 58.96
0.456 0.001 58.99
0.456 0.002 59.02
0.456 0.003 59.05
0.458 0.002 59.09
0.46 0.002 59.12
0.462 0.003 59.16
0 0 59.19
0.464 0.006 59.22
0.465 0.002 59.26
0.463 0.002 59.3
0.462 0.002 59.33
0.46 0.004 59.36
0.457 0.003 59.39
0.456 0.002 59.42
0.456 0.002 59.46
0 0 59.49
0.457 0.003 59.52
0 0 59.55
0.463 0.006 59.59
0.466 0.005 59.62
0 0 59.65
0.473 0.009 59.69
0.474 0.004 59.72
0.478 0.005 59.75
0.478 0.001 59.79
0.479 0.002 59.82
0.478 0.002 59.86
0.476 0.004 59.89
0.475 0.001 59.92
0.474 0.003 59.96
0 0 59.99
0.473 0.002 60.02
0.471 0.001 60.06
0.469 0.002 60.09
0.468 0.002 60.12
0.466 0.002 60.16
0.465 0.002 60.19
0 0 60.22
0.462 0.005 60.25
0.461 0.003 60.29
0.46 0.003 60.32
0.459 0.004 60.35
0.459 0.003 60.39
0 0 60.42
0.456 0.004 60.45
0 0 60.49
0.454 0.004 60.52
0.452 0.002 60.55
0.449 0.003 60.59
0.448 0.002 60.62
0.446 0.002 60.65
0.444 0.002 60.69
0.443 0.001 60.72
0.441 0.002 60.75
0.44 0.001 60.79
0.439 0.001 60.82
0.439 0.001 60.86
0.44 0.002 60.89
0.44 0.001 60.92
0.44 0.001 60.95
0.439 0.001 60.99
0.437 0.002 61.02
0.435 0.002 61.05
0.432 0.003 61.09
0.429 0.003 61.12
0.426 0.003 61.15
0.423 0.003 61.19
0.42 0.003 61.22
0.419 0.002 61.25
0.417 0.002 61.29
0.416 0.002 61.32
0.415 0.003 61.35
0.414 0.003 61.39
0.413 0.002 61.42
0.413 0.002 61.45
0.412 0.002 61.49
0.412 0.002 61.52
0.41 0.002 61.56
0.408 0.003 61.59
0.406 0.003 61.62
0.404 0.003 61.65
0.401 0.003 61.69
0.399 0.003 61.72
0.397 0.003 61.75
0.395 0.003 61.79
0.394 0.003 61.82
0.393 0.003 61.85
0.393 0.003 61.89
0.391 0.002 61.92
0.39 0.002 61.95
0.39 0.002 61.99
0.389 0.002 62.02
0.388 0.001 62.05
0.387 0.001 62.09
0.386 0.002 62.12
0.385 0.001 62.16
0.383 0.004 62.19
0.382 0.001 62.22
0.382 0.001 62.25
0.381 0.003 62.29
0.381 0.001 62.32
0.382 0.002 62.35
0.384 0.002 62.39
0.386 0.003 62.42
0.389 0.003 62.45
0.392 0.003 62.49
0.395 0.003 62.52
0.396 0.004 62.55
0.399 0.003 62.59
0.4 0.003 62.62
0.402 0.003 62.65
0.403 0.003 62.69
0.404 0.003 62.72
0.404 0.002 62.75
0.405 0.003 62.79
0.406 0.002 62.82
0.407 0.002 62.85
0.408 0.002 62.89
0.41 0.001 62.92
0.409 0.001 62.95
0.409 0.001 62.99
0.409 0.001 63.02
0.407 0.002 63.06
0.404 0.003 63.09
0.402 0.003 63.12
0.399 0.004 63.15
0.394 0.005 63.19
0.389 0.006 63.22
0.385 0.007 63.25
0.379 0.007 63.29
0.376 0.007 63.32
0.371 0.007 63.35
0.366 0.006 63.39
0.363 0.006 63.42
0.359 0.005 63.45
0.355 0.005 63.49
0.351 0.005 63.52
0.348 0.005 63.55
0.345 0.005 63.59
0.342 0.004 63.62
0.34 0.004 63.65
0.34 0.003 63.69
0.338 0.003 63.72
0.339 0.002 63.75
0.339 0.001 63.79
0.335 0.002 63.82
0.335 0.002 63.85
0.335 0.0 63.89
0.335 0.001 63.92
0.332 0.001 63.96
0.331 0.001 63.99
0.33 0.002 64.02
0.325 0.002 64.06
0.324 0.002 64.09
0.324 0.002 64.12
0.319 0.002 64.16
0.32 0.003 64.19
0.32 0.001 64.22
0.317 0.003 64.25
0.317 0.002 64.29
0.316 0.001 64.32
0.315 0.002 64.35
0.309 0.002 64.39
0.306 0.003 64.42
0.304 0.003 64.45
0.297 0.003 64.49
0.295 0.002 64.52
0.293 0.002 64.56
0.287 0.002 64.59
0.285 0.001 64.62
0.285 0.002 64.66
0.281 0.003 64.69
0.28 0.0 64.72
0.281 0.001 64.75
0.281 0.001 64.79
0.277 0.001 64.82
0.276 0.001 64.85
0.276 0.002 64.89
0.27 0.002 64.92
0.27 0.003 64.95
0.268 0.004 64.99
0.261 0.003 65.02
0.26 0.001 65.05
0.26 0.001 65.09
0.26 0.002 65.12
0.25 0.002 65.16
0.25 0.004 65.19
0.25 0.005 65.22
0.245 0.007 65.25
0.246 0.009 65.29
0.249 0.01 65.32
0.248 0.012 65.35
0.254 0.012 65.39
0.262 0.013 65.42
0.265 0.014 65.45
0.274 0.014 65.49
0.285 0.013 65.52
0 0 65.55
0.301 0.024 65.59
0.312 0.012 65.62
0.324 0.012 65.65
0 0 65.69
0 0 65.72
0.352 0.034 65.75
0 0 65.79
0.366 0.019 65.82
0 0 65.85
0 0 65.89
0.399 0.046 65.92
0 0 65.95
0 0 65.99
0 0 66.02
0 0 66.05
0 0 66.08
0 0 66.12
0 0 66.15
0 0 66.19
0 0 66.22
0 0 66.25
0 0 66.29
0 0 66.32
0 0 66.35
0 0 66.38
0 0 66.42
0 0 66.45
0 0 66.49
0 0 66.52
0 0 66.55
0 0 66.58
0 0 66.62
0 0 66.65
0 0 66.68
0 0 66.72
0 0 66.75
0 0 66.78
0 0 66.82
0 0 66.85
0 0 66.89
0 0 66.92
0 0 66.95
0 0 66.99
0 0 67.02
0 0 67.05
0 0 67.08
0 0 67.12
0 0 67.15
0 0 67.18
0.497 0.189 67.22
0.496 0.001 67.25
0.493 0.004 67.28
0.489 0.002 67.32
0.489 0.001 67.35
0.487 0.002 67.38
0 0 67.42
0 0 67.45
0 0 67.49
0 0 67.52
0 0 67.55
0.478 0.009 67.59
0.474 0.002 67.62
0 0 67.65
0 0 67.68
0 0 67.72
0 0 67.75
0.462 0.012 67.78
0.464 0.002 67.82
0.462 0.002 67.85
0 0 67.89
0 0 67.92
0 0 67.95
0.461 0.003 67.99
0 0 68.02
0 0 68.05
0 0 68.08
0.459 0.007 68.12
0 0 68.15
0 0 68.18
0.451 0.009 68.22
0 0 68.25
0 0 68.28
0.449 0.008 68.32
0 0 68.35
0 0 68.38
0 0 68.42
0 0 68.45
0 0 68.49
0 0 68.52
0 0 68.55
0 0 68.58
0 0 68.62
0 0 68.65
0 0 68.68
0 0 68.72
0 0 68.75
0.44 0.015 68.79
0.44 0.002 68.82
0 0 68.85
0 0 68.88
0 0 68.92
0 0 68.95
0 0 68.98
0 0 69.02
0.427 0.032 69.05
0 0 69.08
0 0 69.12
0 0 69.15
0 0 69.18
0 0 69.22
0 0 69.25
0 0 69.28
0 0 69.32
0 0 69.35
0 0 69.38
0 0 69.42
0 0 69.45
0 0 69.49
0 0 69.52
0 0 69.55
0 0 69.58
0 0 69.62
0 0 69.65
0 0 69.68
0 0 69.72
0 0 69.75
0 0 69.78
0 0 69.82
0 0 69.85
0 0 69.88
0 0 69.92
0 0 69.95
0 0 69.99
0 0 70.02
0 0 70.05
0 0 70.08
0 0 70.12
0 0 70.15
0 0 70.18
0 0 70.22
0 0 70.25
0 0 70.28
0 0 70.32
0 0 70.35
0 0 70.38
0 0 70.42
0 0 70.45
0 0 70.49
0 0 70.52
0 0 70.55
0 0 70.58
0 0 70.62
0 0 70.65
0 0 70.69
0 0 70.72
0 0 70.75
0 0 70.78
0 0 70.82
0 0 70.85
0 0 70.88
0 0 70.92
0.308 0.179 70.95
0 0 70.98
0 0 71.02
0 0 71.05
0 0 71.08
0 0 71.12
0 0 71.15
0 0 71.18
0.316 0.03 71.22
0 0 71.25
0 0 71.28
0 0 71.32
0.325 0.01 71.35
0.329 0.004 71.38
0.329 0.001 71.42
0 0 71.45
0.327 0.003 71.49
0.329 0.003 71.52
0.327 0.004 71.55
0 0 71.58
0.33 0.002 71.62
0 0 71.65
0.33 0.002 71.68
0.335 0.001 71.72
0.335 0.002 71.75
0.336 0.001 71.78
0.342 0.001 71.82
0 0 71.85
0.345 0.004 71.89
0.346 0.002 71.92
0.353 0.001 71.95
0.354 0.001 71.99
0.356 0.002 72.02
0.362 0.003 72.05
0.361 0.004 72.08
0.364 0.003 72.12
0.369 0.002 72.15
0.37 0.001 72.18
0.368 0.004 72.22
0.375 0.003 72.25
0.373 0.002 72.28
0.37 0.005 72.32
0.367 0.004 72.35
0.369 0.003 72.39
0.365 0.006 72.42
0 0 72.45
0.364 0.008 72.49
0.362 0.004 72.52
0.359 0.004 72.55
0.36 0.005 72.59
0.358 0.004 72.62
0.356 0.004 72.65
0.359 0.003 72.68
0.357 0.003 72.72
0.355 0.003 72.75
0.354 0.004 72.78
0.356 0.004 72.82
0.354 0.004 72.85
0.352 0.004 72.89
0.353 0.004 72.92
0.351 0.004 72.95
0.349 0.004 72.99
0.351 0.004 73.02
0.35 0.004 73.05
0.348 0.003 73.08
0 0 73.12
0.346 0.009 73.15
0.345 0.003 73.18
0.346 0.004 73.22
0.344 0.004 73.25
0.342 0.004 73.28
0.341 0.004 73.32
0.344 0.003 73.35
0.343 0.004 73.38
0.343 0.003 73.42
0.346 0.003 73.45
0.345 0.004 73.49
0 0 73.52
0.346 0.007 73.55
0.346 0.003 73.59
0.345 0.003 73.62
0.345 0.003 73.65
0.35 0.003 73.69
0.35 0.003 73.72
0.35 0.003 73.75
0.353 0.004 73.79
0.354 0.002 73.82
0.354 0.002 73.85
0.355 0.002 73.89
0.354 0.001 73.92
0.353 0.001 73.95
0.354 0.002 73.99
0.354 0.001 74.02
0.354 0.001 74.05
0.354 0.002 74.09
0.355 0.002 74.12
0.354 0.002 74.15
0.353 0.003 74.18
0.352 0.002 74.22
0.352 0.003 74.25
0.35 0.001 74.29
0.35 0.002 74.32
0.349 0.002 74.35
0.347 0.002 74.39
0.345 0.004 74.42
0.344 0.002 74.45
0 0 74.49
0.342 0.003 74.52
0.341 0.002 74.55
0.341 0.003 74.59
0 0 74.62
0 0 74.65
0.343 0.005 74.68
0 0 74.72
0 0 74.75
0 0 74.78
0.346 0.011 74.82
0.346 0.005 74.85
0.346 0.005 74.89
0.346 0.005 74.92
0.347 0.004 74.95
0.348 0.004 74.99
0.35 0.004 75.02
0.35 0.005 75.05
0.35 0.005 75.08
0.351 0.005 75.12
0.352 0.005 75.15
0.353 0.004 75.19
0.355 0.005 75.22
0.357 0.004 75.25
0.36 0.005 75.28
0.364 0.005 75.32
0.369 0.006 75.35
0.373 0.006 75.39
0.378 0.007 75.42
0.383 0.006 75.45
0.387 0.006 75.49
0.392 0.006 75.52
0.396 0.006 75.55
0.4 0.006 75.58
0.404 0.006 75.62
0.408 0.006 75.65
0.413 0.006 75.68
0.417 0.006 75.72
0.422 0.007 75.75
0 0 75.78
0.431 0.011 75.82
0 0 75.85
0.44 0.011 75.89
0.444 0.005 75.92
0.448 0.005 75.95
0.452 0.005 75.99
0.457 0.006 76.02
0.461 0.005 76.05
0 0 76.08
0 0 76.11
0 0 76.15
0 0 76.18
0 0 76.22
0.502 0.046 76.25
0 0 76.28
0.524 0.024 76.32
0 0 76.35
0 0 76.38
0.56 0.043 76.42
0 0 76.45
0.58 0.024 76.48
0.591 0.014 76.52
0.599 0.009 76.55
0 0 76.58
0.613 0.02 76.62
0.619 0.01 76.65
0 0 76.68
0.628 0.013 76.72
0 0 76.75
0 0 76.78
0 0 76.82
0 0 76.85
0.634 0.008 76.88
0 0 76.91
0.633 0.002 76.95
0.641 0.013 76.98
0 0 77.01
0 0 77.05
0.629 0.016 77.08
0.634 0.008 77.12
0.636 0.005 77.15
0 0 77.18
0.634 0.004 77.22
0 0 77.25
0 0 77.28
0 0 77.32
0 0 77.35
0.621 0.017 77.38
0.62 0.002 77.42
0 0 77.45
0 0 77.48
0 0 77.51
0 0 77.55
0.625 0.008 77.58
0.618 0.016 77.62
0.615 0.009 77.65
0 0 77.68
0.612 0.01 77.72
0 0 77.75
0 0 77.78
0 0 77.82
0 0 77.85
0.608 0.008 77.88
0.61 0.002 77.92
0 0 77.95
0 0 77.98
0 0 78.02
0.616 0.006 78.05
0 0 78.08
0.619 0.007 78.12
0.624 0.005 78.15
0 0 78.18
0 0 78.22
0 0 78.25
0 0 78.28
0 0 78.32
0 0 78.35
0 0 78.38
0 0 78.41
0 0 78.45
0 0 78.48
0 0 78.51
0 0 78.55
0 0 78.58
0 0 78.62
0 0 78.65
0 0 78.68
0 0 78.71
0 0 78.75
0 0 78.78
0 0 78.82
0 0 78.85
0 0 78.88
0 0 78.91
0 0 78.95
0.597 0.027 78.99
0 0 79.01
0 0 79.05
0 0 79.08
0 0 79.11
0 0 79.15
0 0 79.18
0 0 79.21
0 0 79.25
0 0 79.28
0 0 79.32
0 0 79.35
0 0 79.38
0 0 79.42
0 0 79.45
0.532 0.08 79.49
0.53 0.003 79.52
0 0 79.55
0 0 79.58
0.519 0.015 79.62
0 0 79.65
0 0 79.68
0.509 0.012 79.72
0 0 79.75
0 0 79.78
0 0 79.82
0 0 79.85
0.501 0.008 79.88
0 0 79.92
0 0 79.95
0 0 79.98
0.495 0.008 80.02
0 0 80.05
0 0 80.08
0 0 80.12
0 0 80.15
0 0 80.18
0.486 0.009 80.22
0 0 80.25
0 0 80.28
0.479 0.01 80.32
0 0 80.35
0 0 80.38
0.468 0.014 80.42
0.464 0.003 80.45
0 0 80.48
0 0 80.51
0 0 80.55
0 0 80.58
0.447 0.018 80.62
0.444 0.004 80.65
0.442 0.003 80.68
0 0 80.71
0 0 80.75
0 0 80.78
0.431 0.013 80.82
0 0 80.85
0 0 80.88
0.426 0.005 80.92
0.423 0.003 80.95
0 0 80.98
0 0 81.02
0 0 81.05
0.418 0.007 81.08
0.417 0.002 81.12
0 0 81.15
0 0 81.18
0.415 0.003 81.22
0.415 0.001 81.25
0.414 0.002 81.28
0 0 81.32
0 0 81.35
0.413 0.001 81.38
0 0 81.41
0.413 0.002 81.45
0.412 0.002 81.49
0.412 0.002 81.52
0 0 81.55
0 0 81.58
0.412 0.003 81.62
0.411 0.002 81.65
0 0 81.68
0.411 0.002 81.72
0.41 0.001 81.75
0.41 0.001 81.78
0 0 81.82
0.408 0.002 81.85
0.407 0.002 81.88
0 0 81.91
0.403 0.005 81.95
0.402 0.002 81.99
0.401 0.002 82.02
0.399 0.002 82.05
0.397 0.003 82.08
0.395 0.002 82.12
0.393 0.003 82.15
0.391 0.003 82.18
0.388 0.003 82.22
0 0 82.25
0.383 0.009 82.28
0.38 0.003 82.32
0.378 0.004 82.35
0.375 0.004 82.38
0.371 0.004 82.42
0.368 0.005 82.45
0 0 82.48
0.361 0.011 82.52
0.358 0.006 82.55
0 0 82.58
0.353 0.013 82.62
0.351 0.006 82.65
0.35 0.006 82.68
0.349 0.006 82.72
0.349 0.006 82.75
0.349 0.006 82.78
0 0 82.82
0.347 0.01 82.85
0.347 0.005 82.89
0.346 0.004 82.92
0.344 0.004 82.95
0.344 0.007 82.98
0.343 0.004 83.02
0 0 83.05
0.341 0.007 83.08
0 0 83.12
0 0 83.15
0.339 0.007 83.18
0 0 83.22
0 0 83.25
0 0 83.28
0 0 83.32
0 0 83.35
0 0 83.38
0.328 0.006 83.42
0 0 83.45
0.327 0.004 83.48
0 0 83.52
0 0 83.55
0 0 83.58
0.318 0.014 83.62
0.318 0.006 83.65
0.317 0.005 83.68
0.314 0.005 83.72
0.313 0.006 83.75
0 0 83.78
0.311 0.012 83.82
0.312 0.007 83.85
0.314 0.007 83.88
0.317 0.007 83.92
0.316 0.007 83.95
0.32 0.007 83.99
0.324 0.007 84.02
0.323 0.007 84.05
0.326 0.007 84.08
0.33 0.007 84.12
0.329 0.008 84.15
0 0 84.18
0.337 0.016 84.22
0 0 84.25
0 0 84.28
0.348 0.023 84.32
0.355 0.008 84.35
0 0 84.38
0.364 0.015 84.42
0 0 84.45
0.374 0.016 84.48
0.381 0.007 84.51
0 0 84.55
0.394 0.02 84.58
0 0 84.61
0 0 84.65
0 0 84.68
0 0 84.71
0 0 84.75
0 0 84.78
0 0 84.82
0 0 84.85
0 0 84.88
0 0 84.91
0 0 84.95
0 0 84.98
0 0 85.01
0 0 85.05
0 0 85.08
0 0 85.11
0 0 85.15
0 0 85.18
0 0 85.21
0 0 85.25
0 0 85.28
0 0 85.32
0 0 85.35
0 0 85.38
0 0 85.41
0 0 85.45
0 0 85.48
0 0 85.51
0 0 85.55
0 0 85.58
0 0 85.61
0 0 85.65
0 0 85.68
0 0 85.71
0 0 85.75
0 0 85.78
0 0 85.82
0 0 85.85
0 0 85.88
0 0 85.91
0 0 85.95
0 0 85.98
0 0 86.01
0 0 86.05
0 0 86.08
0 0 86.11
0 0 86.15
0 0 86.18
0 0 86.21
0 0 86.25
0 0 86.28
0 0 86.32
0 0 86.35
0 0 86.38
0 0 86.41
0 0 86.45
0 0 86.48
0 0 86.51
0 0 86.55
0 0 86.58
0 0 86.61
0 0 86.65
0 0 86.68
0 0 86.71
0 0 86.75
0 0 86.78
0 0 86.81
0 0 86.85
0 0 86.88
0 0 86.91
0 0 86.95
0 0 86.98
0 0 87.01
0 0 87.05
0 0 87.08
0 0 87.11
0 0 87.15
0 0 87.18
0 0 87.22
0 0 87.25
0 0 87.28
0 0 87.32
0 0 87.35
0 0 87.38
0 0 87.42
0 0 87.45
0 0 87.48
0 0 87.51
0 0 87.55
0 0 87.58
0 0 87.61
0 0 87.65
0 0 87.68
0 0 87.71
0 0 87.75
0 0 87.78
0 0 87.82
0 0 87.85
0 0 87.88
0 0 87.91
0 0 87.95
0 0 87.98
0 0 88.02
0 0 88.05
0 0 88.08
0 0 88.11
0 0 88.15
0 0 88.18
0 0 88.21
0 0 88.25
0 0 88.28
0 0 88.32
0 0 88.35
0 0 88.38
0 0 88.41
0 0 88.45
0 0 88.48
0 0 88.51
0 0 88.55
0 0 88.58
0 0 88.61
0 0 88.65
0 0 88.68
0 0 88.71
0 0 88.75
0 0 88.78
0 0 88.82
0 0 88.85
0 0 88.88
0 0 88.91
0 0 88.95
0 0 88.98
0 0 89.01
0 0 89.05
0 0 89.08
0 0 89.11
0 0 89.15
0 0 89.18
0 0 89.21
0 0 89.25
0 0 89.28
0 0 89.32
0 0 89.35
0 0 89.38
0 0 89.41
0 0 89.45
0 0 89.48
0 0 89.51
0 0 89.55
0 0 89.58
0 0 89.61
0 0 89.65
0 0 89.68
0 0 89.71
0 0 89.75
0 0 89.78
0 0 89.82
0 0 89.85
0 0 89.88
0 0 89.91
0 0 89.95
0 0 89.98
0 0 90.01
0 0 90.05
0 0 90.08
0 0 90.11
0 0 90.15
0 0 90.18
0 0 90.21
0 0 90.25
0 0 90.28
0 0 90.31
0 0 90.35
0 0 90.38
0 0 90.41
0 0 90.45
0 0 90.48
0 0 90.51
0 0 90.55
0 0 90.58
0 0 90.61
0 0 90.65
0 0 90.68
0 0 90.71
0 0 90.75
0 0 90.78
0 0 90.81
0 0 90.85
0 0 90.88
0 0 90.91
0 0 90.95
0 0 90.98
0 0 91.01
0 0 91.05
0 0 91.08
0 0 91.11
0 0 91.15
0 0 91.18
0 0 91.21
0 0 91.25
0 0 91.28
0 0 91.31
0 0 91.35
0 0 91.38
0 0 91.41
0 0 91.45
0 0 91.48
0 0 91.51
0 0 91.55
0 0 91.58
0 0 91.61
0 0 91.65
0 0 91.68
0 0 91.71
0 0 91.75
0 0 91.78
0 0 91.81
0 0 91.85
0 0 91.88
0 0 91.91
0 0 91.95
0 0 91.98
0 0 92.01
0 0 92.05
0 0 92.08
0 0 92.11
0 0 92.15
0 0 92.18
0 0 92.21
0 0 92.25
0 0 92.28
0 0 92.31
0 0 92.35
0 0 92.38
0 0 92.41
0 0 92.45
0 0 92.48
0 0 92.51
0 0 92.55
0 0 92.58
0 0 92.61
0 0 92.65
0 0 92.68
0 0 92.71
0 0 92.75
0 0 92.78
0 0 92.81
0 0 92.85
0 0 92.88
0 0 92.91
0 0 92.95
0 0 92.98
0 0 93.01
0 0 93.04
0 0 93.08
0 0 93.11
0 0 93.15
0 0 93.18
0 0 93.21
0 0 93.25
0 0 93.28
0 0 93.31
0 0 93.35
0 0 93.38
0 0 93.41
0 0 93.45
0 0 93.48
0 0 93.51
0 0 93.55
0 0 93.58
0 0 93.61
0 0 93.65
0 0 93.68
0 0 93.71
0 0 93.74
0 0 93.78
0 0 93.81
0 0 93.85
0 0 93.88
0 0 93.91
0 0 93.95
0 0 93.98
0 0 94.01
0 0 94.04
0 0 94.08
0 0 94.11
0 0 94.15
0 0 94.18
0 0 94.21
0 0 94.24
0 0 94.28
0 0 94.31
0 0 94.35
0 0 94.38
0 0 94.41
0 0 94.45
0 0 94.48
0 0 94.51
0 0 94.55
0 0 94.58
0 0 94.61
0 0 94.65
0 0 94.68
0 0 94.71
0 0 94.74
0 0 94.78
0 0 94.81
0 0 94.84
0 0 94.88
0 0 94.91
0 0 94.95
0 0 94.98
0 0 95.01
0 0 95.04
0 0 95.08
0 0 95.11
0 0 95.15
0 0 95.18
0 0 95.21
0 0 95.24
0 0 95.28
0 0 95.31
0 0 95.35
0 0 95.38
0 0 95.41
0 0 95.45
0 0 95.48
0 0 95.51
0 0 95.55
0 0 95.58
0 0 95.61
0 0 95.65
0 0 95.68
0 0 95.71
0 0 95.75
0 0 95.78
0 0 95.81
0 0 95.85
0 0 95.88
0 0 95.91
0 0 95.95
0 0 95.98
0 0 96.01
0 0 96.05
0 0 96.08
0 0 96.11
0 0 96.15
0 0 96.18
0 0 96.21
0 0 96.25
0 0 96.28
0.373 0.079 96.32
0 0 96.35
0.364 0.015 96.38
0 0 96.41
0 0 96.45
0 0 96.48
0.356 0.027 96.51
0 0 96.55
0.354 0.01 96.58
0.353 0.004 96.61
0.353 0.004 96.65
0.352 0.002 96.68
0 0 96.71
0.35 0.004 96.75
0.348 0.003 96.78
0 0 96.81
0 0 96.85
0 0 96.88
0 0 96.91
0.347 0.01 96.95
0.348 0.004 96.98
0 0 97.01
0 0 97.05
0.353 0.012 97.08
0.354 0.005 97.11
0 0 97.15
0.355 0.011 97.18
0.355 0.007 97.21
0.354 0.008 97.25
0.353 0.006 97.28
0.351 0.006 97.32
0.35 0.005 97.35
0.349 0.007 97.38
0 0 97.41
0 0 97.45
0 0 97.48
0.35 0.013 97.51
0.35 0.003 97.55
0 0 97.58
0.347 0.005 97.61
0 0 97.65
0.348 0.003 97.68
0.349 0.001 97.71
0.349 0.002 97.75
0.349 0.001 97.78
0.348 0.002 97.82
0.345 0.004 97.85
0 0 97.88
0.343 0.006 97.91
0.34 0.005 97.95
0.339 0.006 97.98
0.337 0.007 98.02
0.335 0.008 98.05
0 0 98.08
0.338 0.018 98.11
0.34 0.008 98.15
0 0 98.18
0.347 0.019 98.21
0.352 0.008 98.25
0.357 0.009 98.28
0.364 0.011 98.31
0 0 98.35
0.379 0.02 98.38
0.386 0.009 98.41
0 0 98.44
0.4 0.018 98.48
0.407 0.009 98.51
0.413 0.009 98.55
0.418 0.007 98.58
0 0 98.61
0.431 0.017 98.65
0 0 98.68
0 0 98.71
0 0 98.75
0 0 98.78
0 0 98.81
0.477 0.051 98.85
0 0 98.88
0 0 98.91
0 0 98.94
0 0 98.98
0 0 99.01
0 0 99.04
0 0 99.08
0 0 99.11
0 0 99.15
0 0 99.18
0 0 99.21
0 0 99.25
0 0 99.28
0 0 99.31
0 0 99.34
0 0 99.38
0 0 99.41
0 0 99.44
0 0 99.48
0 0 99.51
0 0 99.54
0.601 0.125 99.58
0 0 99.61
0 0 99.65
0 0 99.68
0 0 99.71
0 0 99.74
0 0 99.78
0 0 99.81
0 0 99.84
0 0 99.88
0 0 99.91
0 0 99.94
0 0 99.98
0 0 100.01
0 0 100.04
0 0 100.08
0 0 100.11
0 0 100.15
0 0 100.18
0 0 100.21
0 0 100.24
0 0 100.28
0 0 100.31
0 0 100.34
0 0 100.38
0 0 100.41
0 0 100.44
0 0 100.48
0 0 100.51
0 0 100.54
0 0 100.58
0 0 100.61
0 0 100.64
0 0 100.68
0 0 100.71
0 0 100.74
0 0 100.78
0 0 100.81
0 0 100.84
0 0 100.88
0 0 100.91
0 0 100.94
0 0 100.98
0 0 101.01
0.642 0.063 101.05
0 0 101.08
0 0 101.11
0 0 101.15
0 0 101.18
0 0 101.21
0 0 101.24
0 0 101.28
0.588 0.07 101.31
0 0 101.34
0 0 101.38
0 0 101.41
0 0 101.44
0 0 101.48
0 0 101.51
0 0 101.54
0 0 101.58
0 0 101.61
0 0 101.65
0 0 101.68
0 0 101.71
0 0 101.74
0 0 101.78
0 0 101.81
0 0 101.84
0 0 101.88
0 0 101.91
0 0 101.95
0 0 101.98
0 0 102.01
0 0 102.05
0 0 102.08
0 0 102.11
0 0 102.15
0 0 102.18
0 0 102.21
0 0 102.24
0 0 102.28
0 0 102.31
0 0 102.34
0 0 102.38
0 0 102.41
0 0 102.44
0 0 102.48
0 0 102.51
0 0 102.54
0 0 102.58
0 0 102.61
0 0 102.65
0 0 102.68
0 0 102.71
0 0 102.74
0 0 102.78
0 0 102.81
0 0 102.84
0 0 102.88
0 0 102.91
0 0 102.94
0 0 102.98
0 0 103.01
0 0 103.04
0 0 103.08
0 0 103.11
0 0 103.15
0 0 103.18
0 0 103.21
0 0 103.24
0 0 103.28
0 0 103.31
0 0 103.34
0 0 103.38
0 0 103.41
0 0 103.44
0 0 103.48
0 0 103.51
0 0 103.54
0 0 103.58
0 0 103.61
0 0 103.64
0 0 103.68
0 0 103.71
0 0 103.74
0 0 103.78
0 0 103.81
0 0 103.84
0 0 103.88
0 0 103.91
0 0 103.94
0 0 103.98
0 0 104.01
0 0 104.05
0 0 104.08
0 0 104.11
0 0 104.14
0 0 104.18
0 0 104.21
0 0 104.24
0 0 104.28
0 0 104.31
0 0 104.34
0 0 104.38
0 0 104.41
0 0 104.44
0 0 104.48
0 0 104.51
0 0 104.54
0 0 104.58
0 0 104.61
0 0 104.64
0 0 104.68
0 0 104.71
0 0 104.74
0 0 104.78
0 0 104.81
0 0 104.84
0 0 104.88
0 0 104.91
0 0 104.94
0 0 104.98
0 0 105.01
0 0 105.04
0 0 105.08
0 0 105.11
0 0 105.14
0 0 105.18
0 0 105.21
0 0 105.24
0 0 105.28
0 0 105.31
0 0 105.34
0 0 105.38
0 0 105.41
0 0 105.44
0 0 105.48
0 0 105.51
0 0 105.54
0 0 105.58
0 0 105.61
0 0 105.65
0 0 105.68
0 0 105.71
0 0 105.74
0 0 105.78
0 0 105.81
0 0 105.84
0 0 105.88
0 0 105.91
0 0 105.94
0 0 105.98
0 0 106.01
0 0 106.04
0 0 106.08
0 0 106.11
0 0 106.15
0 0 106.18
0 0 106.21
0 0 106.24
0 0 106.28
0 0 106.31
0 0 106.34
0 0 106.38
0 0 106.41
0 0 106.44
0 0 106.48
0 0 106.51
0 0 106.54
0 0 106.58
0 0 106.61
0 0 106.64
0 0 106.68
0 0 106.71
0 0 106.74
0 0 106.78
0 0 106.81
0 0 106.84
0 0 106.88
0 0 106.91
0 0 106.94
0 0 106.98
0 0 107.01
0 0 107.04
0 0 107.08
0 0 107.11
0 0 107.15
0 0 107.18
0 0 107.21
0 0 107.25
0 0 107.28
0 0 107.31
0 0 107.34
0 0 107.38
0 0 107.41
0 0 107.44
0 0 107.48
0 0 107.51
0 0 107.54
0 0 107.58
0 0 107.61
0 0 107.65
0 0 107.68
0 0 107.71
0 0 107.74
0 0 107.78
0 0 107.81
0 0 107.84
0 0 107.88
0 0 107.91
0 0 107.94
0 0 107.98
0 0 108.01
0 0 108.04
0 0 108.08
0 0 108.11
0 0 108.15
0 0 108.18
0 0 108.21
0 0 108.24
0 0 108.28
0 0 108.31
0 0 108.35
0 0 108.38
0 0 108.41
0 0 108.44
0 0 108.48
0 0 108.51
0 0 108.55
0 0 108.58
0 0 108.61
0 0 108.65
0 0 108.68
0 0 108.71
0 0 108.74
0 0 108.78
0 0 108.81
0 0 108.84
0 0 108.88
0 0 108.91
0 0 108.94
0 0 108.98
0 0 109.01
0 0 109.04
0 0 109.08
0 0 109.11
0 0 109.15
0 0 109.18
0 0 109.21
0 0 109.24
0 0 109.28
0 0 109.31
0 0 109.34
0 0 109.38
0 0 109.41
0 0 109.44
0 0 109.48
0 0 109.51
0 0 109.54
0 0 109.58
0 0 109.61
0 0 109.64
0 0 109.68
0 0 109.71
0 0 109.74
0 0 109.78
0 0 109.81
0 0 109.84
0 0 109.88
0 0 109.91
0 0 109.94
0 0 109.98
0 0 110.01
0 0 110.04
0 0 110.08
0 0 110.11
0 0 110.14
0 0 110.18
0 0 110.21
0 0 110.24
0 0 110.28
0 0 110.31
0 0 110.34
0 0 110.38
0 0 110.41
0 0 110.44
0 0 110.48
0 0 110.51
0 0 110.54
0 0 110.58
0 0 110.61
0 0 110.64
0 0 110.68
0 0 110.71
0 0 110.74
0 0 110.78
0 0 110.81
0 0 110.84
0 0 110.88
0 0 110.91
0 0 110.94
0 0 110.98
0 0 111.01
0 0 111.04
0 0 111.07
0 0 111.11
0 0 111.14
0 0 111.18
0 0 111.21
0 0 111.24
0 0 111.28
0 0 111.31
0 0 111.34
0 0 111.38
0 0 111.41
0 0 111.44
0 0 111.48
0 0 111.51
0 0 111.54
0 0 111.58
0 0 111.61
0 0 111.64
0 0 111.68
0 0 111.71
0 0 111.74
0 0 111.78
0 0 111.81
0 0 111.84
0 0 111.88
0 0 111.91
0 0 111.94
0 0 111.98
0 0 112.01
0 0 112.04
0 0 112.08
0 0 112.11
0 0 112.14
0 0 112.18
0 0 112.21
0 0 112.24
0 0 112.27
0 0 112.31
0 0 112.34
0 0 112.38
0 0 112.41
0 0 112.44
0 0 112.48
0 0 112.51
0 0 112.54
0 0 112.57
0 0 112.61
0 0 112.64
0 0 112.68
0 0 112.71
0 0 112.74
0 0 112.78
0 0 112.81
0 0 112.84
0 0 112.88
0 0 112.91
0 0 112.94
0 0 112.98
0 0 113.01
0 0 113.04
0 0 113.08
0 0 113.11
0 0 113.14
0 0 113.18
0 0 113.21
0 0 113.24
0.445 0.143 113.28
0 0 113.31
0 0 113.34
0.432 0.016 113.38
0.43 0.004 113.41
0 0 113.44
0.42 0.011 113.48
0.413 0.009 113.51
0.411 0.006 113.54
0.406 0.006 113.58
0.402 0.006 113.61
0 0 113.64
0.397 0.011 113.68
0.395 0.006 113.71
0.394 0.005 113.74
0.393 0.005 113.78
0.392 0.005 113.81
0.391 0.005 113.84
0.39 0.005 113.88
0.389 0.005 113.91
0.389 0.005 113.94
0.389 0.005 113.98
0.389 0.006 114.01
0.389 0.006 114.04
0.389 0.006 114.08
0.39 0.006 114.11
0.391 0.005 114.15
0.391 0.005 114.18
0.391 0.004 114.21
0.391 0.005 114.24
0.39 0.004 114.28
0.388 0.005 114.31
0.386 0.005 114.34
0.384 0.005 114.38
0.382 0.005 114.41
0.38 0.004 114.44
0.378 0.004 114.48
0.376 0.004 114.51
0.377 0.004 114.55
0.377 0.004 114.58
0.376 0.004 114.61
0.375 0.003 114.65
0.375 0.004 114.68
0.373 0.003 114.71
0.371 0.003 114.75
0.369 0.003 114.78
0.367 0.002 114.81
0.365 0.002 114.84
0.363 0.002 114.88
0.362 0.002 114.91
0.36 0.002 114.95
0.36 0.001 114.98
0.36 0.001 115.01
0.361 0.002 115.04
0.361 0.001 115.08
0.361 0.001 115.11
0.361 0.001 115.15
0.36 0.002 115.18
0.36 0.001 115.21
0.36 0.002 115.25
0.359 0.001 115.28
0.359 0.0 115.31
0.359 0.001 115.34
0.359 0.0 115.38
0.359 0.001 115.41
0.358 0.001 115.44
0.358 0.002 115.48
0.356 0.002 115.51
0.355 0.002 115.54
0.354 0.002 115.58
0.354 0.002 115.61
0.353 0.002 115.65
0.353 0.001 115.68
0.352 0.002 115.71
0.352 0.001 115.74
0.353 0.002 115.78
0.355 0.003 115.81
0.358 0.004 115.84
0.359 0.001 115.88
0.359 0.001 115.91
0.36 0.002 115.94
0.36 0.003 115.98
0.361 0.002 116.01
0.361 0.002 116.05
0.361 0.004 116.08
0.36 0.004 116.11
0.359 0.004 116.15
0.358 0.005 116.18
0.356 0.006 116.21
0.355 0.005 116.24
0.355 0.005 116.28
0.355 0.005 116.31
0.355 0.005 116.34
0.357 0.005 116.38
0.359 0.005 116.41
0.362 0.004 116.44
0.365 0.004 116.48
0.368 0.004 116.51
0.372 0.003 116.54
0.375 0.004 116.58
0.379 0.004 116.61
0.382 0.004 116.65
0.384 0.004 116.68
0.386 0.004 116.71
0.385 0.004 116.74
0.383 0.005 116.78
0.381 0.005 116.81
0.379 0.004 116.84
0.377 0.005 116.88
0.375 0.003 116.91
0.375 0.003 116.94
0.374 0.003 116.98
0.374 0.002 117.01
0.373 0.001 117.04
0.373 0.002 117.08
0.372 0.004 117.11
0.371 0.007 117.15
0.371 0.008 117.18
0.373 0.009 117.21
0.376 0.01 117.24
0.379 0.01 117.28
0.384 0.01 117.31
0.39 0.01 117.34
0.396 0.009 117.38
0.402 0.009 117.41
0.409 0.009 117.44
0.415 0.008 117.48
0.422 0.008 117.51
0 0 117.54
0 0 117.57
0.438 0.022 117.61
0 0 117.64
0.447 0.013 117.68
0 0 117.71
0.453 0.011 117.74
0.455 0.005 117.78
0.458 0.004 117.81
0 0 117.84
0.462 0.008 117.88
0 0 117.91
0 0 117.94
0 0 117.98
0.466 0.012 118.01
0 0 118.04
0 0 118.07
0 0 118.11
0.461 0.008 118.14
0 0 118.17
0 0 118.21
0.452 0.024 118.24
0.448 0.01 118.28
0.444 0.012 118.31
0.439 0.012 118.34
0.434 0.012 118.38
0.43 0.012 118.41
0.424 0.012 118.44
0.418 0.011 118.48
0.413 0.01 118.51
0.406 0.009 118.54
0.399 0.009 118.58
0.392 0.008 118.61
0.385 0.008 118.64
0.379 0.007 118.68
0.373 0.006 118.71
0.368 0.005 118.74
0.362 0.007 118.78
0.355 0.008 118.81
0.348 0.007 118.84
0.343 0.006 118.88
0.338 0.005 118.91
0.335 0.004 118.94
0.333 0.002 118.98
0.331 0.002 119.01
0.33 0.002 119.04
0.33 0.004 119.08
0.331 0.005 119.11
0.334 0.008 119.15
0.338 0.009 119.18
0.342 0.009 119.21
0.345 0.007 119.24
0.348 0.006 119.28
0.35 0.005 119.31
0.35 0.002 119.34
0.349 0.002 119.38
0.347 0.002 119.41
0.345 0.003 119.44
0.343 0.002 119.48
0.342 0.003 119.51
0.342 0.001 119.54
0.342 0.001 119.58
0.342 0.0 119.61
0.342 0.001 119.64
0.342 0.0 119.68
0.341 0.002 119.71
0.34 0.002 119.74
0.339 0.001 119.78
0.339 0.001 119.81
0.338 0.001 119.84
0.339 0.001 119.88
0.34 0.001 119.91
0.341 0.001 119.94
0.342 0.001 119.98
0.343 0.001 120.01
0.344 0.002 120.04
0.346 0.002 120.08
0.347 0.003 120.11
0.348 0.002 120.14
0.35 0.002 120.18
0.351 0.001 120.21
0.35 0.001 120.24
0.35 0.001 120.28
0.35 0.002 120.31
0.351 0.001 120.34
0.352 0.001 120.38
0.352 0.001 120.41
0.352 0.003 120.44
0.352 0.003 120.48
0.352 0.003 120.51
0.353 0.004 120.55
0.354 0.004 120.58
0.355 0.004 120.61
0.356 0.004 120.65
0.357 0.004 120.68
0.359 0.003 120.71
0.359 0.004 120.74
0.361 0.003 120.78
0.362 0.002 120.81
0.362 0.002 120.84
0.363 0.001 120.88
0.364 0.001 120.91
0.365 0.002 120.94
0.366 0.003 120.98
0.367 0.004 121.01
0.369 0.004 121.04
0.371 0.005 121.08
0.374 0.007 121.11
0.379 0.008 121.15
0.386 0.008 121.18
0.392 0.008 121.21
0.397 0.007 121.24
0.401 0.007 121.28
0.402 0.008 121.31
0.403 0.007 121.34
0.402 0.007 121.38
0.4 0.008 121.41
0.398 0.008 121.44
0.395 0.008 121.48
0.393 0.005 121.51
0.392 0.006 121.54
0.392 0.006 121.58
0.392 0.007 121.61
0.393 0.007 121.65
0.394 0.005 121.68
0.395 0.004 121.71
0.398 0.004 121.74
0.401 0.003 121.78
0.405 0.004 121.81
0.408 0.004 121.84
0.413 0.005 121.88
0.417 0.004 121.91
0.421 0.004 121.94
0.424 0.003 121.98
0.426 0.002 122.01
0.427 0.002 122.04
0.428 0.002 122.08
0 0 122.11
0.43 0.003 122.14
0.431 0.001 122.18
0.432 0.001 122.21
0 0 122.24
0.434 0.003 122.28
0 0 122.31
0.437 0.003 122.34
0 0 122.37
0.44 0.005 122.41
0.441 0.001 122.44
0.442 0.006 122.48
0 0 122.51
0 0 122.54
0.46 0.028 122.58
0.469 0.01 122.61
0 0 122.64
0.489 0.025 122.68
0 0 122.71
0.511 0.024 122.74
0.522 0.013 122.77
0 0 122.81
0 0 122.84
0 0 122.87
0 0 122.91
0 0 122.94
0 0 122.98
0 0 123.01
0 0 123.04
0 0 123.07
0 0 123.11
0 0 123.14
0 0 123.17
0 0 123.21
0 0 123.24
0 0 123.28
0 0 123.31
0 0 123.34
0 0 123.37
0 0 123.41
0 0 123.44
0 0 123.48
0 0 123.51
0 0 123.54
0.621 0.15 123.57
0 0 123.61
0 0 123.64
0 0 123.67
0 0 123.71
0 0 123.74
0 0 123.77
0 0 123.81
0 0 123.84
0 0 123.87
0 0 123.91
0 0 123.94
0 0 123.97
0 0 124.01
0 0 124.04
0 0 124.07
0 0 124.11
0 0 124.14
0 0 124.17
0 0 124.21
0 0 124.24
0 0 124.27
0 0 124.31
0 0 124.34
0 0 124.37
0 0 124.41
0 0 124.44
0 0 124.47
0 0 124.51
0 0 124.54
0 0 124.57
0 0 124.61
0 0 124.64
0 0 124.67
0 0 124.71
0 0 124.74
0 0 124.77
0 0 124.81
0 0 124.84
0 0 124.87
0 0 124.91
0 0 124.94
0 0 124.97
0 0 125.01
0 0 125.04
0 0 125.07
0 0 125.11
0 0 125.14
0 0 125.17
0 0 125.21
0 0 125.24
0 0 125.27
0 0 125.31
0 0 125.34
0 0 125.37
0 0 125.41
0 0 125.44
0 0 125.48
0 0 125.51
0 0 125.54
0 0 125.57
0 0 125.61
0 0 125.64
0 0 125.67
0 0 125.71
0 0 125.74
0 0 125.77
0 0 125.81
0 0 125.84
0 0 125.87
0 0 125.91
0 0 125.94
0 0 125.98
0 0 126.01
0 0 126.04
0 0 126.07
0 0 126.11
0 0 126.14
0 0 126.17
0 0 126.21
0 0 126.24
0 0 126.27
0 0 126.31
0 0 126.34
0 0 126.37
0 0 126.41
0 0 126.44
0 0 126.48
0 0 126.51
0 0 126.54
0 0 126.57
0 0 126.61
0 0 126.64
0 0 126.67
0 0 126.7
0 0 126.74
0 0 126.77
0 0 126.81
0 0 126.84
0 0 126.87
0 0 126.91
0 0 126.94
0 0 126.97
0 0 127.01
0 0 127.04
0 0 127.07
0 0 127.11
0 0 127.14
0 0 127.17
0 0 127.21
0 0 127.24
0 0 127.27
0 0 127.31
0 0 127.34
0 0 127.37
0 0 127.41
0 0 127.44
0 0 127.48
0 0 127.51
0 0 127.54
0 0 127.57
0 0 127.61
0 0 127.64
0 0 127.67
0 0 127.71
0 0 127.74
0 0 127.77
0 0 127.81
0 0 127.84
0 0 127.87
0 0 127.91
0 0 127.94
0 0 127.97
0 0 128.01
0 0 128.04
0 0 128.07
0 0 128.11
0 0 128.14
0 0 128.17
0 0 128.21
0 0 128.24
0 0 128.27
0 0 128.31
0 0 128.34
0 0 128.37
0 0 128.41
0 0 128.44
0 0 128.47
0 0 128.51
0 0 128.54
0 0 128.57
0 0 128.61
0 0 128.64
0 0 128.67
0 0 128.71
0 0 128.74
0 0 128.77
0 0 128.81
0 0 128.84
0 0 128.87
0 0 128.91
0 0 128.94
0 0 128.97
0 0 129.01
0 0 129.04
0 0 129.07
0 0 129.11
0 0 129.14
0 0 129.17
0 0 129.21
0 0 129.24
0 0 129.27
0 0 129.31
0 0 129.34
0 0 129.37
0 0 129.41
0 0 129.44
0 0 129.48
0 0 129.51
0 0 129.54
0 0 129.57
0 0 129.61
0 0 129.64
0 0 129.67
0 0 129.71
0 0 129.74
0 0 129.77
0 0 129.81
0 0 129.84
0 0 129.88
0 0 129.91
0 0 129.94
0 0 129.98
0 0 130.01
0 0 130.04
0 0 130.07
0 0 130.11
0 0 130.14
0 0 130.18
0 0 130.21
0 0 130.24
0 0 130.27
0 0 130.31
0 0 130.34
0 0 130.37
0 0 130.41
0 0 130.44
0 0 130.47
0 0 130.51
0 0 130.54
0 0 130.57
0 0 130.61
0 0 130.64
0 0 130.67
0 0 130.71
0 0 130.74
0 0 130.77
0 0 130.81
0 0 130.84
0 0 130.87
0 0 130.91
0 0 130.94
0 0 130.97
0 0 131.01
0 0 131.04
0 0 131.07
0 0 131.11
0 0 131.14
0 0 131.17
0 0 131.21
0 0 131.24
0 0 131.27
0 0 131.31
0 0 131.34
0 0 131.37
0 0 131.41
0 0 131.44
0 0 131.47
0 0 131.51
0 0 131.54
0 0 131.57
0 0 131.61
0 0 131.64
0 0 131.67
0 0 131.71
0 0 131.74
0 0 131.77
0 0 131.81
0 0 131.84
0 0 131.87
0 0 131.91
0 0 131.94
0 0 131.97
0 0 132.01
0 0 132.04
0 0 132.07
0 0 132.1
0 0 132.14
0 0 132.17
0 0 132.21
0 0 132.24
0 0 132.27
0 0 132.31
0 0 132.34
0 0 132.37
0 0 132.41
0 0 132.44
0 0 132.48
0 0 132.51
0 0 132.54
0 0 132.57
0 0 132.61
0 0 132.64
0 0 132.67
0 0 132.7
0 0 132.74
0 0 132.77
0 0 132.81
0 0 132.84
0 0 132.87
0 0 132.9
0 0 132.94
0 0 132.97
0 0 133.01
0 0 133.04
0 0 133.07
0 0 133.1
0 0 133.14
0 0 133.17
0 0 133.21
0 0 133.24
0 0 133.27
0 0 133.31
0 0 133.34
0 0 133.37
0 0 133.41
0 0 133.44
0 0 133.47
0 0 133.51
0 0 133.54
0 0 133.57
0 0 133.6
0 0 133.64
0 0 133.67
0 0 133.71
0 0 133.74
0 0 133.77
0 0 133.81
0 0 133.84
0 0 133.87
0 0 133.91
0 0 133.94
0 0 133.97
0 0 134.01
0 0 134.04
0 0 134.07
0 0 134.1
0 0 134.14
0 0 134.17
0 0 134.21
0 0 134.24
0 0 134.27
0 0 134.31
0 0 134.34
0 0 134.37
0 0 134.4
0 0 134.44
0 0 134.47
0 0 134.5
0 0 134.54
0 0 134.57
0 0 134.6
0 0 134.64
0 0 134.67
0 0 134.7
0 0 134.74
0 0 134.77
0 0 134.81
0 0 134.84
0 0 134.87
0 0 134.9
0 0 134.94
0 0 134.97
0 0 135.0
0 0 135.04
0 0 135.07
0 0 135.1
0 0 135.14
0 0 135.17
0 0 135.2
0 0 135.24
0 0 135.27
0 0 135.31
0 0 135.34
0 0 135.37
0 0 135.4
0 0 135.44
0 0 135.47
0 0 135.5
0 0 135.54
0 0 135.57
0 0 135.6
0 0 135.64
0 0 135.67
0 0 135.7
0 0 135.74
0 0 135.77
0 0 135.81
0 0 135.84
0 0 135.87
0 0 135.9
0 0 135.94
0 0 135.97
0 0 136.0
0 0 136.04
0 0 136.07
0 0 136.1
0 0 136.14
0 0 136.17
0 0 136.2
0 0 136.24
0 0 136.27
0 0 136.31
0 0 136.34
0 0 136.37
0 0 136.4
0 0 136.44
0 0 136.47
0 0 136.5
0 0 136.54
0 0 136.57
0 0 136.6
0 0 136.64
0 0 136.67
0 0 136.7
0 0 136.74
0 0 136.77
0 0 136.81
0 0 136.84
0 0 136.87
0 0 136.9
0 0 136.94
0 0 136.97
0 0 137.0
0 0 137.04
0 0 137.07
0 0 137.1
0 0 137.14
0 0 137.17
0 0 137.2
0 0 137.24
0 0 137.27
0 0 137.31
0 0 137.34
0 0 137.37
0 0 137.4
0 0 137.44
0 0 137.47
0 0 137.5
0 0 137.54
0 0 137.57
0 0 137.6
0 0 137.64
0 0 137.67
0 0 137.71
0 0 137.74
0 0 137.77
0 0 137.81
0 0 137.84
0 0 137.87
0 0 137.91
0 0 137.94
0 0 137.97
0 0 138.0
0 0 138.04
0 0 138.07
0 0 138.1
0 0 138.14
0 0 138.17
0 0 138.21
0 0 138.24
0 0 138.27
0 0 138.3
0 0 138.34
0 0 138.37
0 0 138.4
0 0 138.44
0 0 138.47
0 0 138.5
0 0 138.54
0 0 138.57
0 0 138.6
0 0 138.64
0 0 138.67
0 0 138.7
0 0 138.74
0 0 138.77
0 0 138.8
0 0 138.84
0 0 138.87
0 0 138.9
0 0 138.94
0 0 138.97
0 0 139.0
0 0 139.04
0 0 139.07
0 0 139.1
0 0 139.14
0 0 139.17
0 0 139.2
0 0 139.24
0 0 139.27
0 0 139.31
0 0 139.34
0 0 139.37
0 0 139.4
0 0 139.44
0.512 0.16 139.47
0.51 0.003 139.51
0 0 139.54
0.504 0.007 139.57
0.498 0.007 139.61
0 0 139.64
0.492 0.007 139.67
0.487 0.005 139.71
0.482 0.006 139.74
0 0 139.77
0.476 0.007 139.81
0 0 139.84
0 0 139.87
0 0 139.9
0 0 139.94
0.455 0.026 139.97
0.451 0.004 140.01
0.447 0.005 140.04
0.442 0.006 140.07
0.437 0.005 140.11
0.432 0.005 140.14
0 0 140.17
0.424 0.009 140.21
0.42 0.005 140.24
0.417 0.005 140.27
0 0 140.31
0 0 140.34
0.404 0.017 140.37
0 0 140.4
0 0 140.44
0.392 0.016 140.47
0.388 0.005 140.51
0.386 0.005 140.54
0.383 0.006 140.57
0.38 0.006 140.61
0.377 0.007 140.64
0 0 140.67
0.371 0.012 140.71
0.368 0.005 140.74
0.365 0.006 140.77
0.363 0.006 140.81
0.361 0.006 140.84
0.359 0.005 140.87
0.358 0.005 140.91
0.356 0.005 140.94
0.355 0.004 140.97
0.353 0.005 141.01
0.352 0.004 141.04
0.351 0.004 141.07
0.35 0.004 141.11
0.35 0.004 141.14
0.35 0.004 141.17
0.349 0.003 141.21
0.348 0.003 141.24
0.346 0.003 141.27
0.345 0.002 141.31
0.344 0.002 141.34
0.342 0.003 141.37
0.342 0.001 141.41
0.342 0.001 141.44
0 0 141.47
0.339 0.003 141.51
0.338 0.002 141.54
0.338 0.003 141.57
0.335 0.001 141.61
0 0 141.64
0.336 0.001 141.67
0.336 0.002 141.71
0.337 0.002 141.74
0.338 0.001 141.77
0.339 0.002 141.81
0.34 0.001 141.84
0.341 0.001 141.88
0.342 0.001 141.91
0.341 0.002 141.94
0.34 0.001 141.98
0.339 0.002 142.01
0.336 0.002 142.04
0.334 0.002 142.07
0.332 0.002 142.11
0.329 0.002 142.14
0.329 0.002 142.17
0.33 0.003 142.21
0.329 0.0 142.24
0.328 0.002 142.27
0.326 0.004 142.31
0.323 0.005 142.34
0.321 0.006 142.37
0.32 0.006 142.41
0.321 0.007 142.44
0.322 0.008 142.47
0.327 0.009 142.51
0 0 142.54
0.337 0.021 142.57
0.344 0.011 142.61
0.35 0.011 142.64
0 0 142.67
0 0 142.7
0.375 0.033 142.74
0.384 0.011 142.77
0.395 0.012 142.81
0.407 0.012 142.84
0 0 142.87
0.433 0.027 142.91
0.449 0.016 142.94
0.465 0.016 142.97
0.481 0.016 143.0
0.497 0.017 143.04
0.512 0.016 143.07
0.529 0.018 143.1
0 0 143.14
0.558 0.03 143.17
0.573 0.016 143.21
0 0 143.24
0 0 143.27
0 0 143.3
0 0 143.34
0 0 143.37
0 0 143.4
0 0 143.44
0.633 0.066 143.47
0 0 143.5
0 0 143.54
0 0 143.57
0 0 143.6
0 0 143.64
0 0 143.67
0 0 143.7
0 0 143.74
0 0 143.77
0 0 143.8
0 0 143.84
0 0 143.87
0 0 143.9
0 0 143.94
0 0 143.97
0 0 144.0
0 0 144.04
0 0 144.07
0 0 144.1
0 0 144.14
0.639 0.036 144.17
0 0 144.2
0 0 144.24
0 0 144.27
0.628 0.015 144.31
0.622 0.006 144.34
0 0 144.37
0.617 0.008 144.4
0 0 144.44
0 0 144.47
0 0 144.5
0.608 0.011 144.54
0 0 144.57
0 0 144.6
0 0 144.64
0 0 144.67
0 0 144.7
0 0 144.74
0 0 144.77
0 0 144.8
0.624 0.017 144.84
0.627 0.003 144.87
0 0 144.9
0.624 0.008 144.94
0 0 144.97
0 0 145.0
0 0 145.04
0 0 145.07
0 0 145.1
0 0 145.14
0 0 145.17
0.638 0.024 145.21
0 0 145.24
0 0 145.27
0 0 145.3
0 0 145.34
0.646 0.009 145.37
0 0 145.4
0 0 145.44
0 0 145.47
0.65 0.005 145.5
0 0 145.54
0 0 145.57
0 0 145.6
0 0 145.64
0 0 145.67
0 0 145.7
0 0 145.74
0 0 145.77
0 0 145.81
0 0 145.84
0 0 145.87
0 0 145.9
0 0 145.94
0 0 145.97
0 0 146.0
0 0 146.04
0.628 0.024 146.07
0 0 146.1
0 0 146.14
0 0 146.17
0 0 146.2
0.609 0.021 146.24
0 0 146.27
0 0 146.3
0 0 146.34
0.592 0.016 146.37
0 0 146.4
0 0 146.44
0 0 146.47
0 0 146.5
0 0 146.54
0 0 146.57
0 0 146.6
0 0 146.64
0.582 0.039 146.67
0.576 0.009 146.7
0.568 0.012 146.74
0.567 0.008 146.77
0 0 146.8
0 0 146.84
0.557 0.021 146.87
0 0 146.9
0 0 146.94
0 0 146.97
0.547 0.015 147.01
0 0 147.04
0 0 147.07
0 0 147.1
0.55 0.01 147.14
0 0 147.17
0 0 147.2
0 0 147.24
0 0 147.27
0 0 147.3
0 0 147.34
0.564 0.02 147.37
0 0 147.4
0 0 147.43
0 0 147.47
0 0 147.5
0 0 147.54
0 0 147.57
0 0 147.6
0 0 147.64
0 0 147.67
0 0 147.7
0 0 147.74
0 0 147.77
0 0 147.8
0 0 147.83
0 0 147.87
0 0 147.9
0 0 147.94
0 0 147.97
0 0 148.0
0 0 148.04
0 0 148.07
0 0 148.1
0 0 148.14
0 0 148.17
0 0 148.2
0 0 148.24
0 0 148.27
0 0 148.3
0 0 148.34
0 0 148.37
0 0 148.4
0 0 148.44
0 0 148.47
0 0 148.5
0 0 148.54
0 0 148.57
0 0 148.6
0 0 148.64
0 0 148.67
0 0 148.7
0 0 148.74
0 0 148.77
0 0 148.8
0 0 148.83
0 0 148.87
0 0 148.9
0 0 148.93
0 0 148.97
0 0 149.0
0 0 149.04
0 0 149.07
0 0 149.1
0 0 149.14
0 0 149.17
0 0 149.2
0 0 149.24
0 0 149.27
0 0 149.3
0 0 149.34
0 0 149.37
0 0 149.4
0 0 149.44
0 0 149.47
0 0 149.5
0 0 149.54
0 0 149.57
0 0 149.6
0 0 149.64
0 0 149.67
0 0 149.7
0 0 149.74
0 0 149.77
0 0 149.8
0 0 149.84
0 0 149.87
0 0 149.9
0 0 149.94
0 0 149.97
0 0 150.0
0 0 150.04
0 0 150.07
0 0 150.1
0 0 150.14
0 0 150.17
0 0 150.2
0 0 150.24
0 0 150.27
0 0 150.31
0 0 150.34
0 0 150.37
0 0 150.4
0 0 150.44
0 0 150.47
0 0 150.5
0 0 150.54
0 0 150.57
0 0 150.6
0 0 150.64
0 0 150.67
0 0 150.7
0 0 150.74
0 0 150.77
0 0 150.8
0 0 150.84
0 0 150.87
0 0 150.9
0 0 150.94
0 0 150.97
0 0 151.0
0 0 151.04
0 0 151.07
0 0 151.1
0 0 151.14
0 0 151.17
0 0 151.2
0 0 151.24
0 0 151.27
0 0 151.3
0 0 151.34
0 0 151.37
0 0 151.4
0 0 151.44
0 0 151.47
0 0 151.5
0 0 151.54
0 0 151.57
0 0 151.6
0 0 151.64
0 0 151.67
0 0 151.7
0 0 151.74
0 0 151.77
0 0 151.8
0 0 151.84
0 0 151.87
0 0 151.9
0 0 151.94
0 0 151.97
0 0 152.0
0 0 152.03
0 0 152.07
0 0 152.1
0 0 152.14
0 0 152.17
0 0 152.2
0 0 152.23
0 0 152.27
0 0 152.31
0 0 152.34
0 0 152.37
0 0 152.4
0 0 152.44
0 0 152.47
0 0 152.5
0 0 152.54
0 0 152.57
0 0 152.6
0 0 152.64
0 0 152.67
0 0 152.7
0 0 152.74
0 0 152.77
0 0 152.8
0 0 152.84
0 0 152.87
0 0 152.9
0 0 152.94
0 0 152.97
0 0 153.0
0 0 153.04
0 0 153.07
0 0 153.1
0 0 153.14
0 0 153.17
0 0 153.2
0 0 153.24
0 0 153.27
0 0 153.3
0 0 153.33
0 0 153.37
0 0 153.4
0 0 153.44
0 0 153.47
0 0 153.5
0 0 153.54
0 0 153.57
0 0 153.6
0 0 153.64
0 0 153.67
0 0 153.7
0 0 153.73
0 0 153.77
0 0 153.8
0 0 153.83
0 0 153.87
0 0 153.9
0 0 153.93
0 0 153.97
0 0 154.0
0 0 154.04
0 0 154.07
0 0 154.1
0 0 154.14
0 0 154.17
0 0 154.2
0 0 154.23
0 0 154.27
0 0 154.3
0 0 154.33
0 0 154.37
0 0 154.4
0 0 154.43
0 0 154.47
0 0 154.5
0 0 154.53
0 0 154.57
0 0 154.6
0 0 154.64
0 0 154.67
0 0 154.7
0 0 154.73
0 0 154.77
0 0 154.8
0 0 154.83
0 0 154.87
0 0 154.9
0 0 154.93
0 0 154.97
0 0 155.0
0 0 155.03
0 0 155.07
0 0 155.1
0 0 155.14
0 0 155.17
0 0 155.2
0 0 155.23
0 0 155.27
0 0 155.3
0 0 155.33
0 0 155.37
0 0 155.4
0 0 155.43
0 0 155.47
0 0 155.5
0 0 155.53
0 0 155.57
0 0 155.6
0 0 155.64
0 0 155.67
0 0 155.7
0 0 155.73
0 0 155.77
0 0 155.8
0 0 155.83
0 0 155.87
0 0 155.9
0 0 155.93
0 0 155.97
0 0 156.0
0 0 156.03
0 0 156.07
0 0 156.1
0 0 156.14
0 0 156.17
0 0 156.2
0 0 156.23
0 0 156.27
0 0 156.3
0 0 156.33
0 0 156.37
0 0 156.4
0 0 156.43
0.587 0.049 156.47
0 0 156.5
0 0 156.53
0.579 0.014 156.57
0 0 156.6
0 0 156.64
0 0 156.67
0 0 156.7
0 0 156.73
0 0 156.77
0 0 156.8
0 0 156.83
0 0 156.87
0 0 156.9
0 0 156.93
0 0 156.97
0 0 157.0
0 0 157.03
0 0 157.07
0 0 157.1
0 0 157.14
0 0 157.17
0 0 157.2
0 0 157.23
0 0 157.27
0 0 157.3
0 0 157.33
0 0 157.37
0 0 157.4
0 0 157.43
0 0 157.47
0 0 157.5
0 0 157.54
0 0 157.57
0 0 157.6
0 0 157.64
0 0 157.67
0 0 157.7
0 0 157.73
0 0 157.77
0 0 157.8
0 0 157.83
0 0 157.87
0 0 157.9
0 0 157.93
0 0 157.97
0 0 158.0
0 0 158.03
0.523 0.171 158.07
0.523 0.001 158.1
0.522 0.001 158.14
0.52 0.003 158.17
0 0 158.2
0.515 0.004 158.24
0 0 158.27
0.509 0.006 158.3
0.505 0.004 158.34
0.502 0.004 158.37
0.498 0.005 158.4
0.494 0.004 158.44
0.49 0.005 158.47
0.484 0.006 158.5
0.477 0.008 158.54
0.471 0.007 158.57
0.465 0.007 158.6
0.459 0.007 158.64
0.454 0.007 158.67
0.45 0.006 158.7
0.446 0.006 158.74
0.443 0.006 158.77
0.44 0.006 158.8
0.437 0.008 158.84
0.432 0.007 158.87
0.427 0.008 158.9
0.423 0.009 158.94
0.418 0.007 158.97
0.414 0.008 159.0
0.411 0.008 159.04
0.408 0.008 159.07
0.403 0.007 159.1
0.399 0.008 159.14
0.394 0.007 159.17
0.39 0.007 159.2
0.385 0.007 159.24
0.38 0.006 159.27
0.376 0.006 159.3
0.371 0.006 159.34
0.367 0.005 159.37
0.364 0.005 159.4
0.362 0.004 159.44
0.359 0.004 159.47
0.357 0.004 159.5
0.354 0.003 159.54
0.352 0.003 159.57
0.351 0.002 159.6
0.351 0.002 159.64
0.35 0.002 159.67
0.35 0.001 159.7
0.349 0.001 159.74
0.346 0.003 159.77
0.342 0.004 159.8
0.339 0.004 159.84
0.337 0.003 159.87
0.336 0.001 159.9
0.337 0.003 159.94
0.338 0.001 159.97
0.339 0.001 160.0
0.341 0.001 160.04
0.342 0.002 160.07
0.343 0.002 160.1
0.345 0.002 160.14
0.346 0.002 160.17
0.348 0.003 160.2
0.35 0.003 160.24
0.353 0.004 160.27
0.355 0.004 160.3
0.358 0.004 160.34
0.361 0.004 160.37
0.365 0.004 160.4
0.369 0.004 160.44
0.373 0.005 160.47
0.377 0.005 160.5
0.382 0.005 160.54
0.387 0.006 160.57
0.391 0.005 160.6
0.395 0.005 160.64
0.399 0.005 160.67
0.402 0.005 160.7
0.406 0.006 160.74
0.408 0.006 160.77
0.411 0.006 160.8
0.416 0.007 160.83
0.42 0.007 160.87
0.425 0.007 160.9
0.431 0.008 160.93
0.436 0.008 160.97
0.442 0.008 161.0
0.449 0.009 161.03
0.455 0.008 161.07
0 0 161.1
0.467 0.016 161.14
0.474 0.008 161.17
0.48 0.008 161.2
0.487 0.008 161.24
0 0 161.27
0.504 0.02 161.3
0.514 0.01 161.33
0.525 0.012 161.37
0.537 0.014 161.4
0.549 0.014 161.43
0.565 0.019 161.47
0.578 0.015 161.5
0.59 0.014 161.53
0.601 0.012 161.57
0 0 161.6
0 0 161.63
0 0 161.67
0 0 161.7
0 0 161.73
0 0 161.77
0 0 161.8
0 0 161.83
0 0 161.87
0 0 161.9
0 0 161.93
0 0 161.97
0 0 162.0
0 0 162.03
0 0 162.07
0 0 162.1
0 0 162.13
0 0 162.17
0 0 162.2
0 0 162.23
0 0 162.27
0 0 162.3
0 0 162.33
0 0 162.37
0 0 162.4
0 0 162.43
0 0 162.47
0 0 162.5
0 0 162.53
0 0 162.57
0 0 162.6
0 0 162.63
0 0 162.67
0 0 162.7
0 0 162.73
0 0 162.77
0 0 162.8
0 0 162.83
0 0 162.87
0 0 162.9
0 0 162.93
0 0 162.97
0 0 163.0
0 0 163.03
0 0 163.07
0 0 163.1
0 0 163.13
0 0 163.17
0 0 163.2
0 0 163.23
0 0 163.27
0 0 163.3
0 0 163.33
0 0 163.37
0 0 163.4
0 0 163.43
0 0 163.47
0 0 163.5
0 0 163.53
0 0 163.57
0 0 163.6
0 0 163.63
0 0 163.67
0 0 163.7
0 0 163.73
0 0 163.77
0 0 163.8
0 0 163.83
0 0 163.87
0 0 163.9
0 0 163.93
0 0 163.97
0 0 164.0
0 0 164.03
0 0 164.07
0 0 164.1
0 0 164.13
0 0 164.17
0 0 164.2
0 0 164.23
0 0 164.27
0 0 164.3
0 0 164.33
0 0 164.37
0 0 164.4
0 0 164.43
0 0 164.47
0 0 164.5
0 0 164.54
0 0 164.57
0 0 164.6
0 0 164.63
0 0 164.67
0 0 164.7
0 0 164.73
0 0 164.77
0 0 164.8
0 0 164.83
0 0 164.87
0 0 164.9
0 0 164.93
0 0 164.97
0 0 165.0
0 0 165.03
0 0 165.06
0 0 165.1
0 0 165.14
0 0 165.17
0 0 165.2
0 0 165.23
0 0 165.27
0 0 165.3
0 0 165.33
0 0 165.37
0 0 165.4
0 0 165.43
0 0 165.47
0 0 165.5
0 0 165.53
0 0 165.57
0 0 165.6
0 0 165.63
0 0 165.67
0.571 0.097 165.7
0.568 0.004 165.73
0 0 165.77
0 0 165.8
0.566 0.014 165.83
0.565 0.003 165.87
0.567 0.008 165.9
0.569 0.005 165.93
0.57 0.004 165.97
0 0 166.0
0 0 166.03
0.573 0.01 166.07
0 0 166.1
0.571 0.001 166.13
0 0 166.16
0 0 166.2
0 0 166.23
0 0 166.27
0.568 0.005 166.3
0 0 166.33
0.567 0.003 166.37
0.569 0.003 166.4
0.559 0.014 166.43
0.56 0.004 166.47
0.56 0.001 166.5
0 0 166.53
0 0 166.57
0 0 166.6
0.557 0.012 166.64
0 0 166.67
0 0 166.7
0 0 166.73
0 0 166.76
0.553 0.026 166.8
0 0 166.83
0 0 166.87
0 0 166.9
0 0 166.93
0 0 166.97
0 0 167.0
0 0 167.03
0 0 167.07
0 0 167.1
0 0 167.13
0 0 167.17
0 0 167.2
0 0 167.23
0 0 167.27
0 0 167.3
0 0 167.33
0 0 167.37
0 0 167.4
0 0 167.43
0 0 167.47
0 0 167.5
0 0 167.53
0 0 167.56
0 0 167.6
0 0 167.63
0 0 167.67
0 0 167.7
0 0 167.73
0 0 167.77
0 0 167.8
0 0 167.83
0 0 167.87
0 0 167.9
0 0 167.93
0 0 167.97
0 0 168.0
0 0 168.03
0 0 168.07
0 0 168.1
0 0 168.13
0 0 168.16
0 0 168.2
0 0 168.23
0 0 168.26
0 0 168.3
0 0 168.33
0 0 168.36
0 0 168.4
0 0 168.43
0 0 168.47
0 0 168.5
0 0 168.53
0 0 168.56
0 0 168.6
0 0 168.63
0 0 168.67
0 0 168.7
0 0 168.73
0 0 168.77
0 0 168.8
0 0 168.83
0 0 168.87
0 0 168.9
0 0 168.93
0 0 168.97
0 0 169.0
0 0 169.03
0 0 169.07
0 0 169.1
0 0 169.13
0 0 169.17
0 0 169.2
0 0 169.23
0 0 169.27
0 0 169.3
0 0 169.33
0 0 169.36
0 0 169.4
0 0 169.43
0 0 169.47
0 0 169.5
0 0 169.53
0 0 169.57
0 0 169.6
0 0 169.63
0 0 169.67
0 0 169.7
0 0 169.73
0 0 169.77
0 0 169.8
0 0 169.83
0 0 169.87
0 0 169.9
0 0 169.93
0 0 169.97
0 0 170.0
0 0 170.03
0 0 170.07
0 0 170.1
0 0 170.13
0 0 170.16
0 0 170.2
0 0 170.23
0 0 170.27
0 0 170.3
0 0 170.33
0 0 170.37
0 0 170.4
0 0 170.43
0 0 170.47
0 0 170.5
0 0 170.53
0 0 170.57
0 0 170.6
0 0 170.63
0 0 170.67
0 0 170.7
0 0 170.73
0 0 170.76
0 0 170.8
0 0 170.83
0 0 170.87
0 0 170.9
0 0 170.93
0 0 170.97
0 0 171.0
0 0 171.03
0 0 171.06
0 0 171.1
0 0 171.13
0 0 171.17
0 0 171.2
0 0 171.23
0 0 171.26
0 0 171.3
0 0 171.33
0 0 171.36
0 0 171.4
0 0 171.43
0 0 171.47
0 0 171.5
0 0 171.53
0 0 171.56
0 0 171.6
0 0 171.63
0 0 171.66
0 0 171.7
0 0 171.73
0 0 171.76
0 0 171.8
0 0 171.83
0 0 171.87
0 0 171.9
0 0 171.93
0 0 171.97
0 0 172.0
0 0 172.03
0 0 172.07
0 0 172.1
0 0 172.13
0 0 172.17
0 0 172.2
0 0 172.23
0 0 172.26
0 0 172.3
0 0 172.33
0 0 172.37
0 0 172.4
0 0 172.43
0 0 172.47
0 0 172.5
0 0 172.53
0 0 172.57
0 0 172.6
0 0 172.63
0 0 172.66
0 0 172.7
0 0 172.73
0 0 172.76
0 0 172.8
0 0 172.83
0 0 172.87
0 0 172.9
0 0 172.93
0 0 172.97
0 0 173.0
0 0 173.03
0 0 173.07
0 0 173.1
0 0 173.13
0 0 173.16
0 0 173.2
0 0 173.23
0 0 173.26
0 0 173.3
0 0 173.33
0 0 173.37
0 0 173.4
0 0 173.43
0 0 173.47
0 0 173.5
0 0 173.53
0 0 173.57
0 0 173.6
0 0 173.63
0 0 173.66
0 0 173.7
0 0 173.73
0 0 173.76
0 0 173.8
0 0 173.83
0 0 173.87
0 0 173.9
0 0 173.93
0 0 173.97
0 0 174.0
0 0 174.03
0 0 174.06
0 0 174.1
0 0 174.13
0 0 174.17
0 0 174.2
0 0 174.23
0 0 174.27
0 0 174.3
0 0 174.33
0 0 174.36
0 0 174.4
0 0 174.43
0 0 174.47
0 0 174.5
0 0 174.53
0 0 174.57
0 0 174.6
0 0 174.63
0 0 174.66
0 0 174.7
0 0 174.73
0 0 174.76
0 0 174.8
0 0 174.83
0 0 174.86
0 0 174.9
0 0 174.93
0 0 174.97
0 0 175.0
0 0 175.03
0 0 175.07
0 0 175.1
0 0 175.13
0 0 175.16
0 0 175.2
0 0 175.23
0 0 175.26
0 0 175.3
0 0 175.33
0 0 175.36
0 0 175.4
0 0 175.43
0 0 175.46
0 0 175.5
0 0 175.53
0 0 175.56
0 0 175.6
0 0 175.63
0 0 175.66
0 0 175.7
0 0 175.73
0 0 175.76
0 0 175.8
0 0 175.83
0 0 175.86
0 0 175.9
0 0 175.93
0 0 175.96
0 0 176.0
0 0 176.03
0 0 176.06
0 0 176.1
0 0 176.13
0 0 176.16
0 0 176.2
0 0 176.23
0 0 176.26
0 0 176.3
0 0 176.33
0 0 176.36
0 0 176.4
0 0 176.43
0 0 176.47
0 0 176.5
0 0 176.53
0 0 176.56
0 0 176.6
0 0 176.63
0 0 176.66
0 0 176.7
0 0 176.73
0 0 176.76
0 0 176.8
0 0 176.83
0 0 176.86
0 0 176.9
0 0 176.93
0 0 176.96
0 0 177.0
0 0 177.03
0 0 177.06
0 0 177.1
0 0 177.13
0 0 177.16
0 0 177.2
0 0 177.23
0 0 177.26
0 0 177.3
0 0 177.33
0 0 177.36
0 0 177.4
0 0 177.43
0 0 177.46
0 0 177.5
0 0 177.53
0 0 177.56
0 0 177.6
0 0 177.63
0 0 177.66
0 0 177.7
0 0 177.73
0 0 177.76
0 0 177.8
0 0 177.83
0 0 177.86
0 0 177.9
0 0 177.93
0 0 177.96
0 0 178.0
0 0 178.03
0 0 178.06
0 0 178.1
0 0 178.13
0 0 178.16
0 0 178.2
0 0 178.23
0 0 178.26
0 0 178.3
0 0 178.33
0 0 178.36
0 0 178.4
0 0 178.43
0 0 178.46
0 0 178.5
0 0 178.53
0 0 178.56
0 0 178.6
0 0 178.63
0 0 178.66
0 0 178.7
0 0 178.73
0 0 178.76
0 0 178.8
0 0 178.83
0 0 178.86
0 0 178.9
0 0 178.93
0 0 178.97
0 0 179.0
0 0 179.03
0 0 179.06
0 0 179.1
0 0 179.13
0 0 179.16
0 0 179.2
0 0 179.23
0 0 179.26
0 0 179.3
0 0 179.33
0 0 179.36
0 0 179.4
0 0 179.43
0 0 179.46
0 0 179.5
0 0 179.53
0 0 179.57
0 0 179.6
0 0 179.63
0 0 179.66
0 0 179.7
0 0 179.73
0 0 179.76
0 0 179.8
0 0 179.83
0 0 179.86
0 0 179.9
0 0 179.93
0 0 179.97
0 0 180.0
0 0 180.03
0 0 180.06
0 0 180.1
0 0 180.13
0 0 180.16
0 0 180.2
0 0 180.23
0 0 180.26
0 0 180.3
0 0 180.33
0 0 180.36
0 0 180.4
0 0 180.43
0 0 180.47
0 0 180.5
0 0 180.53
0 0 180.56
0 0 180.6
0 0 180.63
0 0 180.66
0 0 180.7
0 0 180.73
0 0 180.76
0 0 180.8
0 0 180.83
0 0 180.86
0 0 180.9
0 0 180.93
0 0 180.96
0 0 181.0
0 0 181.03
0 0 181.06
0 0 181.1
0 0 181.13
0 0 181.16
0 0 181.2
0 0 181.23
0 0 181.26
0 0 181.3
0.467 0.047 181.33
0.463 0.013 181.37
0.463 0.003 181.4
0 0 181.43
0 0 181.46
0 0 181.5
0.449 0.027 181.53
0 0 181.56
0.444 0.013 181.6
0.437 0.01 181.63
0 0 181.66
0 0 181.7
0 0 181.73
0.426 0.024 181.76
0.428 0.007 181.8
0.427 0.004 181.83
0 0 181.86
0 0 181.9
0 0 181.93
0.421 0.02 181.97
0 0 182.0
0.415 0.011 182.03
0.411 0.005 182.06
0.407 0.006 182.1
0.406 0.006 182.13
0.402 0.005 182.16
0 0 182.2
0.399 0.01 182.23
0 0 182.26
0.393 0.01 182.3
0.395 0.004 182.33
0.391 0.004 182.36
0.388 0.005 182.4
0 0 182.43
0.383 0.009 182.47
0 0 182.5
0.378 0.008 182.53
0.378 0.004 182.57
0.377 0.004 182.6
0.375 0.004 182.63
0.376 0.004 182.67
0.374 0.004 182.7
0.373 0.004 182.73
0.374 0.003 182.76
0.372 0.003 182.8
0.371 0.003 182.83
0.372 0.003 182.87
0.37 0.003 182.9
0.368 0.003 182.93
0.367 0.003 182.97
0.368 0.003 183.0
0.366 0.003 183.03
0.365 0.004 183.07
0.365 0.003 183.1
0.365 0.002 183.13
0 0 183.16
0.363 0.005 183.2
0.361 0.002 183.23
0.36 0.002 183.27
0.361 0.004 183.3
0.36 0.001 183.33
0.36 0.001 183.37
0 0 183.4
0.361 0.002 183.43
0.362 0.001 183.47
0.363 0.001 183.5
0.365 0.001 183.53
0.365 0.003 183.57
0.366 0.001 183.6
0.367 0.002 183.63
0.368 0.002 183.66
0.37 0.002 183.7
0.372 0.002 183.73
0.374 0.002 183.76
0.375 0.002 183.8
0.376 0.001 183.83
0.376 0.001 183.87
0.375 0.001 183.9
0.373 0.002 183.93
0.372 0.002 183.97
0.37 0.002 184.0
0.369 0.003 184.03
0.368 0.002 184.06
0.368 0.002 184.1
0.368 0.001 184.13
0 0 184.16
0.368 0.003 184.2
0.368 0.003 184.23
0.369 0.003 184.26
0.369 0.003 184.3
0.371 0.003 184.33
0.37 0.004 184.37
0.37 0.003 184.4
0.37 0.004 184.43
0.369 0.004 184.46
0.37 0.005 184.5
0.372 0.006 184.53
0.375 0.007 184.56
0.379 0.009 184.6
0.387 0.012 184.63
0 0 184.66
0.405 0.025 184.7
0.416 0.013 184.73
0.427 0.013 184.76
0.439 0.014 184.8
0 0 184.83
0.466 0.028 184.86
0 0 184.9
0 0 184.93
0.508 0.043 184.97
0.522 0.014 185.0
0.536 0.015 185.03
0.554 0.019 185.06
0 0 185.1
0 0 185.13
0 0 185.16
0.619 0.073 185.2
0 0 185.23
0 0 185.26
0 0 185.3
0 0 185.33
0 0 185.36
0 0 185.39
0 0 185.43
0 0 185.46
0 0 185.49
0 0 185.53
0 0 185.56
0 0 185.6
0 0 185.63
0 0 185.66
0 0 185.7
0 0 185.73
0 0 185.76
0 0 185.8
0 0 185.83
0 0 185.86
0 0 185.9
0 0 185.93
0 0 185.96
0 0 185.99
0 0 186.03
0 0 186.06
0 0 186.1
0 0 186.13
0 0 186.16
0 0 186.2
0 0 186.23
0 0 186.26
0 0 186.3
0 0 186.33
0 0 186.36
0 0 186.39
0 0 186.43
0 0 186.46
0 0 186.5
0 0 186.53
0 0 186.57
0 0 186.6
0 0 186.63
0 0 186.66
0 0 186.69
0 0 186.73
0 0 186.76
0 0 186.8
0 0 186.83
0 0 186.86
0 0 186.9
0 0 186.93
0 0 186.96
0 0 186.99
0 0 187.03
0 0 187.06
0 0 187.09
0 0 187.13
0 0 187.16
0 0 187.2
0 0 187.23
0 0 187.26
0 0 187.3
0 0 187.33
0 0 187.36
0 0 187.39
0 0 187.43
0 0 187.46
0 0 187.49
0 0 187.53
0 0 187.56
0 0 187.6
0 0 187.63
0 0 187.66
0 0 187.69
0 0 187.73
0 0 187.76
0 0 187.8
0 0 187.83
0 0 187.86
0 0 187.89
0 0 187.93
0 0 187.96
0 0 187.99
0 0 188.03
0 0 188.06
0 0 188.1
0 0 188.13
0 0 188.16
0 0 188.2
0 0 188.23
0 0 188.26
0 0 188.3
0 0 188.33
0 0 188.36
0 0 188.4
0 0 188.43
0 0 188.46
0 0 188.49
0 0 188.53
0 0 188.56
0 0 188.59
0 0 188.63
0 0 188.66
0 0 188.69
0 0 188.73
0 0 188.76
0 0 188.8
0 0 188.83
0 0 188.86
0 0 188.9
0 0 188.93
0 0 188.96
0 0 188.99
0 0 189.03
0 0 189.06
0 0 189.09
0 0 189.13
0 0 189.16
0 0 189.2
0 0 189.23
0 0 189.26
0 0 189.3
0 0 189.33
0 0 189.36
0 0 189.39
0 0 189.43
0 0 189.46
0 0 189.49
0 0 189.53
0 0 189.56
0 0 189.59
0 0 189.63
0 0 189.66
0 0 189.69
0 0 189.73
0 0 189.76
0 0 189.8
0 0 189.83
0 0 189.86
0 0 189.89
0 0 189.93
0 0 189.96
0 0 189.99
0 0 190.03
0 0 190.06
0 0 190.1
0 0 190.13
0 0 190.16
0 0 190.19
0 0 190.23
0 0 190.26
0 0 190.3
0 0 190.33
0 0 190.36
0 0 190.39
0 0 190.43
0 0 190.46
0 0 190.5
0 0 190.53
0 0 190.56
0 0 190.59
0 0 190.63
0 0 190.66
0 0 190.69
0 0 190.73
0 0 190.76
0 0 190.8
0 0 190.83
0 0 190.86
0 0 190.89
0 0 190.93
0 0 190.96
0 0 190.99
0 0 191.03
0 0 191.06
0 0 191.09
0 0 191.13
0 0 191.16
0 0 191.19
0 0 191.23
0 0 191.26
0 0 191.3
0 0 191.33
0 0 191.36
0 0 191.39
0 0 191.43
0 0 191.46
0 0 191.49
0 0 191.53
0 0 191.56
0 0 191.59
0 0 191.63
0 0 191.66
0 0 191.69
0 0 191.73
0 0 191.76
0 0 191.8
0 0 191.83
0 0 191.86
0 0 191.89
0 0 191.93
0 0 191.96
0 0 191.99
0 0 192.03
0 0 192.06
0 0 192.09
0 0 192.13
0 0 192.16
0 0 192.2
0 0 192.23
0 0 192.26
0 0 192.3
0 0 192.33
0 0 192.36
0 0 192.39
0 0 192.43
0 0 192.46
0 0 192.49
0 0 192.53
0 0 192.56
0 0 192.59
0 0 192.63
0 0 192.66
0 0 192.69
0 0 192.73
0 0 192.76
0 0 192.8
0 0 192.83
0 0 192.86
0 0 192.89
0 0 192.93
0 0 192.96
0 0 192.99
0 0 193.03
0 0 193.06
0 0 193.1
0 0 193.13
0 0 193.16
0 0 193.2
0 0 193.23
0 0 193.26
0 0 193.3
0 0 193.33
0 0 193.36
0 0 193.39
0 0 193.43
0 0 193.46
0 0 193.5
0 0 193.53
0 0 193.56
0 0 193.59
0 0 193.63
0 0 193.66
0 0 193.7
0 0 193.73
0 0 193.76
0 0 193.8
0 0 193.83
0 0 193.86
0 0 193.89
0 0 193.93
0 0 193.96
0 0 193.99
0 0 194.03
0 0 194.06
0 0 194.09
0 0 194.13
0 0 194.16
0 0 194.19
0 0 194.23
0 0 194.26
0 0 194.3
0 0 194.33
0 0 194.36
0 0 194.4
0 0 194.43
0 0 194.46
0 0 194.5
0 0 194.53
0 0 194.56
0 0 194.6
0 0 194.63
0 0 194.66
0 0 194.7
0 0 194.73
0 0 194.76
0 0 194.8
0 0 194.83
0 0 194.86
0 0 194.89
0 0 194.93
0 0 194.96
0 0 194.99
0 0 195.03
0 0 195.06
0 0 195.09
0 0 195.13
0 0 195.16
0 0 195.19
0 0 195.23
0 0 195.26
0 0 195.3
0 0 195.33
0 0 195.36
0 0 195.39
0 0 195.43
0 0 195.46
0 0 195.49
0 0 195.53
0 0 195.56
0 0 195.6
0 0 195.63
0 0 195.66
0 0 195.69
0 0 195.73
0 0 195.76
0 0 195.8
0 0 195.83
0 0 195.86
0 0 195.89
0 0 195.93
0 0 195.96
0 0 195.99
0 0 196.03
0 0 196.06
0 0 196.1
0 0 196.13
0 0 196.16
0 0 196.19
0 0 196.23
0 0 196.26
0 0 196.3
0 0 196.33
0 0 196.36
0 0 196.4
0 0 196.43
0 0 196.46
0 0 196.49
0 0 196.53
0 0 196.56
0 0 196.59
0 0 196.63
0 0 196.66
0 0 196.69
0 0 196.73
0 0 196.76
0 0 196.8
0 0 196.83
0 0 196.86
0 0 196.89
0 0 196.93
0 0 196.96
0 0 196.99
0 0 197.03
0 0 197.06
0 0 197.09
0 0 197.13
0 0 197.16
0 0 197.19
0 0 197.23
0 0 197.26
0 0 197.3
0 0 197.33
0 0 197.36
0 0 197.39
0 0 197.43
0 0 197.46
0 0 197.49
0 0 197.53
0 0 197.56
0 0 197.59
0 0 197.63
0 0 197.66
0 0 197.69
0 0 197.73
0 0 197.76
0 0 197.8
0 0 197.83
0 0 197.86
0 0 197.89
0 0 197.93
0 0 197.96
0 0 198.0
0 0 198.03
0 0 198.06
0 0 198.09
0 0 198.13
0 0 198.16
0 0 198.19
0 0 198.23
0 0 198.26
0 0 198.29
0 0 198.33
0 0 198.36
0 0 198.39
0 0 198.43
0 0 198.46
0 0 198.49
0 0 198.53
0 0 198.56
0 0 198.59
0 0 198.63
0 0 198.66
0 0 198.69
0.37 0.183 198.73
0.367 0.012 198.76
0.362 0.009 198.8
0 0 198.83
0 0 198.86
0 0 198.89
0.347 0.03 198.93
0.342 0.006 198.97
0.342 0.006 199.0
0.337 0.006 199.03
0.332 0.007 199.06
0.338 0.007 199.1
0 0 199.13
0.332 0.014 199.16
0.335 0.006 199.2
0.333 0.005 199.23
0.33 0.006 199.26
0.331 0.005 199.3
0.33 0.006 199.33
0.328 0.005 199.36
0.326 0.005 199.4
0.328 0.004 199.43
0.326 0.003 199.46
0.324 0.002 199.5
0.328 0.003 199.53
0.328 0.001 199.56
0.328 0.001 199.6
0.331 0.003 199.63
0.33 0.001 199.66
0.33 0.001 199.7
0 0 199.73
0 0 199.76
0.333 0.001 199.8
0.335 0.004 199.83
0.339 0.002 199.86
0.339 0.001 199.9
0.339 0.0 199.93
0.342 0.002 199.96
0.343 0.001 200.0
0.343 0.005 200.03
0.348 0.002 200.06
0.351 0.003 200.1
0.352 0.004 200.13
0.357 0.002 200.16
0.357 0.002 200.2
0.357 0.002 200.23
0.357 0.002 200.26
0.359 0.002 200.3
0.359 0.001 200.33
0.36 0.001 200.36
0.365 0.0 200.4
0.365 0.0 200.43
0.364 0.001 200.46
0.366 0.002 200.49
0.365 0.002 200.53
0.365 0.002 200.56
0.366 0.003 200.6
0.365 0.002 200.63
0.364 0.001 200.66
0.363 0.003 200.7
0.363 0.002 200.73
0.361 0.002 200.76
0.36 0.001 200.8
0.361 0.001 200.83
0.36 0.001 200.86
0.36 0.001 200.9
0.36 0.001 200.93
0.36 0.001 200.96
0.36 0.0 201.0
0 0 201.03
0 0 201.06
0.362 0.001 201.1
0.362 0.0 201.13
0.364 0.001 201.16
0.365 0.001 201.19
0.366 0.002 201.23
0.367 0.003 201.26
0.368 0.002 201.3
0.368 0.001 201.33
0.368 0.001 201.36
0.367 0.0 201.39
0.368 0.001 201.43
0.368 0.002 201.46
0.369 0.001 201.49
0.371 0.002 201.53
0.372 0.002 201.56
0.374 0.003 201.59
0.376 0.003 201.63
0.378 0.003 201.66
0.38 0.002 201.69
0.381 0.003 201.73
0.382 0.003 201.76
0.383 0.002 201.8
0.382 0.003 201.83
0.382 0.002 201.86
0.381 0.002 201.9
0.379 0.002 201.93
0.379 0.003 201.96
0.378 0.002 201.99
0.378 0.003 202.03
0.378 0.002 202.06
0.378 0.002 202.09
0.378 0.002 202.13
0.379 0.002 202.16
0.38 0.003 202.2
0.381 0.004 202.23
0.383 0.005 202.26
0.385 0.007 202.3
0.388 0.009 202.33
0.393 0.011 202.36
0.4 0.012 202.4
0.406 0.012 202.43
0.417 0.015 202.46
0 0 202.49
0.442 0.029 202.53
0.459 0.017 202.56
0.476 0.018 202.59
0.49 0.015 202.63
0.507 0.018 202.66
0 0 202.69
0 0 202.73
0 0 202.76
0 0 202.79
0 0 202.83
0 0 202.86
0 0 202.89
0 0 202.93
0 0 202.96
0 0 202.99
0 0 203.03
0 0 203.06
0 0 203.09
0 0 203.13
0 0 203.16
0 0 203.19
0 0 203.23
0 0 203.26
0 0 203.29
0 0 203.33
0 0 203.36
0 0 203.39
0 0 203.42
0 0 203.46
0 0 203.49
0 0 203.53
0 0 203.56
0 0 203.59
0 0 203.63
0 0 203.66
0 0 203.69
0 0 203.73
0 0 203.76
0 0 203.79
0 0 203.83
0 0 203.86
0 0 203.89
0 0 203.93
0 0 203.96
0 0 203.99
0 0 204.02
0 0 204.06
0 0 204.09
0 0 204.13
0 0 204.16
0 0 204.19
0 0 204.23
0 0 204.26
0 0 204.29
0 0 204.33
0 0 204.36
0 0 204.39
0 0 204.43
0 0 204.46
0 0 204.49
0 0 204.53
0 0 204.56
0 0 204.59
0 0 204.63
0 0 204.66
0 0 204.69
0 0 204.72
0 0 204.76
0 0 204.79
0 0 204.82
0 0 204.86
0 0 204.89
0 0 204.92
0 0 204.96
0 0 204.99
0 0 205.03
0 0 205.06
0 0 205.09
0.452 0.062 205.13
0 0 205.16
0.433 0.022 205.2
0 0 205.23
0.416 0.022 205.26
0.41 0.009 205.3
0.403 0.01 205.33
0.399 0.009 205.36
0.395 0.008 205.39
0.392 0.007 205.43
0.39 0.007 205.46
0.387 0.006 205.49
0.384 0.006 205.53
0.381 0.005 205.56
0.377 0.007 205.6
0.373 0.006 205.63
0.368 0.006 205.66
0.363 0.006 205.69
0.36 0.005 205.73
0.359 0.004 205.76
0.358 0.004 205.8
0.357 0.004 205.83
0.355 0.002 205.86
0.354 0.002 205.9
0.354 0.002 205.93
0.353 0.002 205.96
0.353 0.001 205.99
0.353 0.001 206.03
0.353 0.001 206.06
0.353 0.002 206.09
0.353 0.001 206.13
0 0 206.16
0.351 0.004 206.19
0.35 0.001 206.23
0 0 206.26
0.352 0.004 206.3
0.353 0.003 206.33
0.355 0.006 206.36
0.358 0.005 206.4
0.36 0.006 206.43
0 0 206.46
0.36 0.002 206.49
0.359 0.003 206.53
0.358 0.003 206.56
0.358 0.002 206.59
0.358 0.001 206.63
0 0 206.66
0.355 0.003 206.69
0.354 0.005 206.73
0.352 0.002 206.76
0.352 0.004 206.8
0.352 0.002 206.83
0.352 0.007 206.86
0.354 0.003 206.9
0.357 0.004 206.93
0 0 206.96
0.361 0.005 207.0
0.363 0.002 207.03
0.364 0.004 207.06
0.363 0.004 207.1
0 0 207.13
0 0 207.16
0.365 0.003 207.2
0.367 0.003 207.23
0.368 0.003 207.26
0.371 0.005 207.3
0.37 0.003 207.33
0.37 0.001 207.36
0.368 0.003 207.39
0.367 0.003 207.43
0 0 207.46
0.366 0.004 207.49
0 0 207.53
0.366 0.005 207.56
0 0 207.59
0.363 0.009 207.63
0 0 207.66
0 0 207.69
0 0 207.73
0 0 207.76
0.359 0.014 207.8
0 0 207.83
0.36 0.002 207.86
0 0 207.89
0 0 207.93
0.358 0.008 207.96
0 0 207.99
0 0 208.03
0 0 208.06
0 0 208.09
0.368 0.01 208.13
0.369 0.006 208.16
0.368 0.006 208.19
0.369 0.003 208.23
0.372 0.004 208.26
0.373 0.001 208.3
0 0 208.33
0.372 0.002 208.36
0.37 0.001 208.39
0.37 0.002 208.43
0 0 208.46
0.368 0.004 208.49
0.368 0.001 208.53
0.368 0.002 208.56
0 0 208.59
0.368 0.001 208.63
0.369 0.003 208.66
0 0 208.69
0 0 208.73
0.37 0.006 208.76
0 0 208.79
0.371 0.003 208.83
0.371 0.006 208.86
0.374 0.004 208.89
0.377 0.006 208.93
0 0 208.96
0.387 0.023 208.99
0.396 0.019 209.03
0 0 209.06
0 0 209.09
0.449 0.074 209.13
0 0 209.16
0 0 209.19
0 0 209.23
0 0 209.26
0 0 209.29
0 0 209.32
0 0 209.36
0 0 209.39
0 0 209.42
0 0 209.46
0 0 209.49
0 0 209.52
0 0 209.56
0 0 209.59
0 0 209.63
0 0 209.66
0 0 209.69
0 0 209.72
0 0 209.76
0 0 209.79
0 0 209.83
0 0 209.86
0 0 209.89
0 0 209.92
0 0 209.96
0 0 209.99
0 0 210.02
0 0 210.06
0 0 210.09
0 0 210.13
0 0 210.16
0 0 210.19
0 0 210.22
0 0 210.26
0 0 210.29
0 0 210.32
0 0 210.36
0 0 210.39
0 0 210.42
0 0 210.46
0 0 210.49
0 0 210.52
0 0 210.56
0 0 210.59
0 0 210.62
0 0 210.66
0 0 210.69
0 0 210.72
0 0 210.76
0 0 210.79
0 0 210.82
0 0 210.86
0 0 210.89
0 0 210.92
0 0 210.96
0 0 210.99
0 0 211.02
0 0 211.06
0 0 211.09
0 0 211.13
0 0 211.16
0 0 211.19
0 0 211.22
0 0 211.26
0 0 211.29
0 0 211.32
0 0 211.36
0 0 211.39
0 0 211.42
0 0 211.46
0 0 211.49
0 0 211.52
0 0 211.56
0 0 211.59
0 0 211.63
0 0 211.66
0 0 211.69
0 0 211.72
0 0 211.76
0 0 211.79
0 0 211.82
0 0 211.86
0 0 211.89
0 0 211.92
0 0 211.96
0 0 211.99
0 0 212.02
0 0 212.06
0 0 212.09
0 0 212.12
0 0 212.16
0 0 212.19
0 0 212.22
0 0 212.26
0 0 212.29
0 0 212.32
0 0 212.36
0 0 212.39
0 0 212.42
0 0 212.46
0 0 212.49
0 0 212.52
0 0 212.56
0 0 212.59
0 0 212.63
0 0 212.66
0 0 212.69
0 0 212.72
0 0 212.76
0 0 212.79
0 0 212.82
0 0 212.86
0 0 212.89
0 0 212.92
0 0 212.96
0 0 212.99
0 0 213.02
0 0 213.06
0 0 213.09
0 0 213.13
0 0 213.16
0 0 213.19
0 0 213.22
0 0 213.26
0 0 213.29
0 0 213.32
0 0 213.36
0 0 213.39
0 0 213.42
0 0 213.46
0 0 213.49
0 0 213.53
0 0 213.56
0 0 213.59
0 0 213.63
0 0 213.66
0 0 213.69
0 0 213.72
0 0 213.76
0 0 213.79
0 0 213.82
0 0 213.86
0 0 213.89
0 0 213.92
0 0 213.96
0 0 213.99
0 0 214.02
0 0 214.06
0 0 214.09
0 0 214.13
0 0 214.16
0 0 214.19
0 0 214.22
0 0 214.26
0 0 214.29
0 0 214.32
0 0 214.36
0 0 214.39
0 0 214.42
0 0 214.46
0 0 214.49
0 0 214.52
0 0 214.56
0 0 214.59
0 0 214.63
0 0 214.66
0 0 214.69
0 0 214.72
0 0 214.76
0 0 214.79
0 0 214.82
0 0 214.86
0 0 214.89
0 0 214.92
0 0 214.96
0 0 214.99
0 0 215.02
0 0 215.06
0 0 215.09
0 0 215.13
0 0 215.16
0 0 215.19
0 0 215.22
0 0 215.26
0 0 215.29
0 0 215.33
0 0 215.36
0 0 215.39
0 0 215.43
0 0 215.46
0 0 215.49
0 0 215.53
0 0 215.56
0 0 215.59
0 0 215.63
0 0 215.66
0 0 215.69
0 0 215.72
0 0 215.76
0 0 215.79
0 0 215.82
0 0 215.86
0 0 215.89
0 0 215.92
0 0 215.96
0 0 215.99
0 0 216.03
0 0 216.06
0 0 216.09
0 0 216.13
0 0 216.16
0 0 216.19
0 0 216.22
0 0 216.26
0 0 216.29
0 0 216.32
0 0 216.36
0 0 216.39
0 0 216.42
0 0 216.46
0 0 216.49
0 0 216.52
0 0 216.56
0 0 216.59
0 0 216.63
0 0 216.66
0 0 216.69
0 0 216.72
0 0 216.76
0 0 216.79
0 0 216.82
0 0 216.86
0 0 216.89
0 0 216.92
0 0 216.96
0 0 216.99
0 0 217.02
0 0 217.06
0 0 217.09
0 0 217.12
0 0 217.16
0 0 217.19
0 0 217.22
0 0 217.26
0 0 217.29
0 0 217.32
0 0 217.36
0 0 217.39
0 0 217.42
0 0 217.46
0 0 217.49
0 0 217.52
0 0 217.56
0 0 217.59
0 0 217.62
0 0 217.66
0 0 217.69
0 0 217.72
0 0 217.76
0 0 217.79
0 0 217.82
0 0 217.86
0 0 217.89
0 0 217.92
0 0 217.96
0 0 217.99
0 0 218.02
0 0 218.06
0 0 218.09
0 0 218.13
0 0 218.16
0 0 218.19
0 0 218.22
0 0 218.26
0 0 218.29
0 0 218.32
0 0 218.36
0 0 218.39
0 0 218.42
0 0 218.46
0 0 218.49
0 0 218.52
0 0 218.56
0 0 218.59
0 0 218.62
0 0 218.66
0 0 218.69
0 0 218.72
0 0 218.76
0 0 218.79
0 0 218.82
0 0 218.86
0 0 218.89
0 0 218.92
0 0 218.96
0 0 218.99
0 0 219.02
0 0 219.06
0 0 219.09
0 0 219.12
0 0 219.16
0 0 219.19
0 0 219.22
0 0 219.26
0 0 219.29
0 0 219.32
0 0 219.36
0 0 219.39
0 0 219.42
0 0 219.46
0 0 219.49
0 0 219.52
0 0 219.56
0 0 219.59
0 0 219.62
0 0 219.66
0 0 219.69
0 0 219.72
0 0 219.76
0 0 219.79
0 0 219.82
0 0 219.86
0 0 219.89
0 0 219.92
0 0 219.96
0 0 219.99
0 0 220.02
0 0 220.05
0 0 220.09
0 0 220.12
0 0 220.16
0 0 220.19
0 0 220.22
0 0 220.26
0 0 220.29
0 0 220.32
0 0 220.36
0 0 220.39
0 0 220.42
0 0 220.46
0 0 220.49
0 0 220.52
0 0 220.56
0 0 220.59
0 0 220.62
0 0 220.66
0 0 220.69
0 0 220.72
0 0 220.76
0 0 220.79
0 0 220.82
0 0 220.86
0 0 220.89
0 0 220.92
0 0 220.96
0 0 220.99
0 0 221.02
0 0 221.06
0 0 221.09
0 0 221.12
0 0 221.16
0 0 221.19
0 0 221.22
0 0 221.26
0 0 221.29
0.317 0.023 221.32
0.315 0.004 221.36
0.316 0.004 221.39
0 0 221.42
0 0 221.46
0 0 221.49
0 0 221.52
0 0 221.56
0 0 221.59
0 0 221.63
0 0 221.65
0 0 221.69
0 0 221.72
0 0 221.76
0 0 221.79
0 0 221.82
0 0 221.86
0 0 221.89
0 0 221.92
0 0 221.96
0 0 221.99
0 0 222.02
0 0 222.05
0 0 222.09
0 0 222.12
0 0 222.16
0 0 222.19
0 0 222.22
0 0 222.26
0 0 222.29
0 0 222.32
0 0 222.35
0 0 222.39
0 0 222.42
0 0 222.46
0 0 222.49
0 0 222.52
0 0 222.55
0 0 222.59
0 0 222.62
0 0 222.66
0 0 222.69
0 0 222.72
0 0 222.75
0 0 222.79
0 0 222.82
0 0 222.86
0 0 222.89
0 0 222.92
0 0 222.96
0 0 222.99
0 0 223.02
0 0 223.06
0 0 223.09
0 0 223.12
0 0 223.15
0 0 223.19
0 0 223.22
0 0 223.26
0 0 223.29
0 0 223.32
0 0 223.35
0 0 223.39
0 0 223.42
0 0 223.46
0 0 223.49
0 0 223.52
0 0 223.56
0 0 223.59
0 0 223.62
0 0 223.66
0 0 223.69
0 0 223.72
0 0 223.76
0 0 223.79
0 0 223.82
0 0 223.86
0 0 223.89
0 0 223.92
0 0 223.96
0 0 223.99
0 0 224.02
0 0 224.06
0 0 224.09
0 0 224.12
0 0 224.15
0 0 224.19
0 0 224.22
0 0 224.26
0 0 224.29
0 0 224.32
0 0 224.35
0 0 224.39
0 0 224.42
0 0 224.46
0 0 224.49
0 0 224.52
0 0 224.56
0 0 224.59
0 0 224.62
0 0 224.65
0 0 224.69
0 0 224.72
0 0 224.76
0 0 224.79
0 0 224.82
0 0 224.86
0 0 224.89
0 0 224.92
0 0 224.96
0 0 224.99
0 0 225.02
0 0 225.05
0 0 225.09
0 0 225.12
0 0 225.16
0 0 225.19
0 0 225.22
0 0 225.26
0 0 225.29
0 0 225.32
0 0 225.35
0 0 225.39
0 0 225.42
0 0 225.46
0 0 225.49
0 0 225.52
0 0 225.55
0 0 225.59
0 0 225.62
0 0 225.65
0 0 225.69
0 0 225.72
0 0 225.75
0 0 225.79
0 0 225.82
0 0 225.86
0 0 225.89
0 0 225.92
0 0 225.96
0 0 225.99
0 0 226.02
0 0 226.06
0 0 226.09
0 0 226.12
0 0 226.16
0 0 226.19
0 0 226.22
0 0 226.25
0 0 226.29
0 0 226.32
0 0 226.35
0 0 226.39
0 0 226.42
0 0 226.46
0 0 226.49
0 0 226.52
0 0 226.56
0 0 226.59
0 0 226.62
0 0 226.65
0 0 226.69
0 0 226.72
0 0 226.75
0 0 226.79
0 0 226.82
0 0 226.86
0 0 226.89
0 0 226.92
0 0 226.96
0 0 226.99
0 0 227.02
0 0 227.06
0 0 227.09
0 0 227.12
0 0 227.15
0 0 227.19
0 0 227.22
0 0 227.26
0 0 227.29
0 0 227.32
0 0 227.35
0 0 227.39
0 0 227.42
0.497 0.04 227.46
0.492 0.008 227.49
0 0 227.52
0 0 227.55
0.482 0.014 227.59
0.477 0.007 227.62
0.472 0.006 227.66
0 0 227.69
0 0 227.72
0.452 0.026 227.76
0.446 0.009 227.79
0.439 0.01 227.83
0.432 0.01 227.86
0.426 0.01 227.89
0.419 0.01 227.93
0.412 0.012 227.96
0.404 0.011 227.99
0.397 0.011 228.03
0.388 0.011 228.06
0.382 0.01 228.09
0.378 0.008 228.13
0.375 0.007 228.16
0.373 0.006 228.19
0.37 0.003 228.22
0 0 228.26
0.367 0.003 228.29
0 0 228.32
0.367 0.002 228.36
0.366 0.001 228.39
0.365 0.003 228.42
0.364 0.003 228.46
0.363 0.002 228.49
0.363 0.002 228.52
0.365 0.002 228.56
0.367 0.003 228.59
0.372 0.005 228.62
0.374 0.007 228.66
0.376 0.005 228.69
0.377 0.004 228.72
0 0 228.76
0.378 0.002 228.79
0.378 0.004 228.82
0.379 0.003 228.86
0.379 0.002 228.89
0.379 0.0 228.92
0.378 0.001 228.96
0.377 0.002 228.99
0.375 0.002 229.02
0.375 0.002 229.06
0.375 0.003 229.09
0.374 0.002 229.13
0.376 0.002 229.16
0.379 0.004 229.19
0 0 229.22
0.384 0.012 229.26
0.386 0.005 229.29
0.385 0.003 229.32
0.385 0.002 229.36
0.384 0.001 229.39
0.382 0.003 229.42
0.379 0.003 229.46
0.377 0.003 229.49
0 0 229.52
0.371 0.006 229.56
0.368 0.003 229.59
0.367 0.001 229.62
0.366 0.001 229.66
0.365 0.002 229.69
0.364 0.002 229.72
0.363 0.002 229.76
0.363 0.001 229.79
0.364 0.004 229.82
0.365 0.004 229.86
0.368 0.006 229.89
0 0 229.92
0.372 0.007 229.96
0 0 229.99
0.369 0.004 230.02
0.369 0.003 230.06
0 0 230.09
0 0 230.12
0.368 0.004 230.16
0.368 0.002 230.19
0.37 0.004 230.22
0.372 0.008 230.26
0.375 0.013 230.29
0.382 0.02 230.32
0 0 230.35
0 0 230.39
0 0 230.42
0.45 0.096 230.46
0.477 0.027 230.49
0.507 0.03 230.52
0.528 0.022 230.56
0 0 230.59
0 0 230.62
0 0 230.65
0 0 230.69
0 0 230.72
0 0 230.76
0 0 230.79
0 0 230.82
0 0 230.85
0 0 230.89
0 0 230.92
0 0 230.96
0 0 230.99
0 0 231.02
0 0 231.05
0 0 231.09
0 0 231.12
0 0 231.15
0 0 231.19
0 0 231.22
0 0 231.25
0 0 231.29
0 0 231.32
0 0 231.35
0 0 231.39
0 0 231.42
0 0 231.46
0 0 231.49
0 0 231.52
0 0 231.55
0 0 231.59
0 0 231.62
0 0 231.65
0 0 231.69
0 0 231.72
0 0 231.75
0 0 231.79
0 0 231.82
0 0 231.85
0 0 231.89
0 0 231.92
0 0 231.95
0 0 231.99
0 0 232.02
0 0 232.05
0 0 232.09
0 0 232.12
0 0 232.15
0 0 232.19
0 0 232.22
0 0 232.25
0 0 232.29
0 0 232.32
0 0 232.35
0 0 232.39
0 0 232.42
0 0 232.46
0 0 232.49
0 0 232.52
0 0 232.55
0 0 232.59
0 0 232.62
0 0 232.65
0 0 232.69
0 0 232.72
0 0 232.75
0 0 232.79
0 0 232.82
0 0 232.85
0 0 232.89
0 0 232.92
0 0 232.96
0 0 232.99
0 0 233.02
0 0 233.05
0 0 233.09
0 0 233.12
0 0 233.15
0 0 233.19
0 0 233.22
0 0 233.25
0 0 233.29
0 0 233.32
0 0 233.35
0 0 233.39
0 0 233.42
0 0 233.46
0 0 233.49
0 0 233.52
0 0 233.55
0 0 233.59
0 0 233.62
0 0 233.65
