0 0 7.58
0 0 7.61
0 0 7.65
0 0 7.68
0 0 7.71
0 0 7.75
0 0 7.78
0 0 7.81
0 0 7.85
0 0 7.88
0 0 7.92
0 0 7.95
0 0 7.98
0 0 8.02
0 0 8.05
0 0 8.08
0 0 8.11
0 0 8.15
0 0 8.18
0 0 8.22
0 0 8.25
0 0 8.28
0 0 8.31
0 0 8.35
0 0 8.38
0 0 8.41
0 0 8.45
0 0 8.48
0 0 8.51
0 0 8.55
0 0 8.58
0 0 8.61
0 0 8.65
0 0 8.68
0 0 8.71
0 0 8.75
0 0 8.78
0 0 8.81
0 0 8.85
0 0 8.88
0 0 8.92
0 0 8.95
0 0 8.98
0 0 9.01
0 0 9.05
0 0 9.08
0 0 9.11
0 0 9.15
0 0 9.18
0 0 9.21
0 0 9.25
0 0 9.28
0 0 9.32
0 0 9.35
0 0 9.38
0 0 9.41
0 0 9.45
0 0 9.48
0 0 9.52
0 0 9.55
0 0 9.58
0 0 9.61
0 0 9.65
0 0 9.68
0 0 9.71
0 0 9.75
0 0 9.78
0.44 0.516 9.81
0.417 0.025 9.85
0 0 9.88
0.383 0.052 9.92
0.368 0.021 9.95
0.357 0.02 9.98
0.351 0.018 10.02
0.342 0.017 10.05
0.336 0.016 10.08
0.336 0.015 10.12
0.335 0.014 10.15
0.336 0.013 10.18
0.341 0.011 10.22
0.339 0.009 10.25
0.334 0.009 10.28
0.334 0.008 10.32
0.331 0.006 10.35
0.331 0.004 10.38
0.331 0.002 10.42
0.334 0.004 10.45
0.336 0.002 10.48
0.335 0.001 10.52
0.336 0.002 10.55
0.337 0.003 10.58
0.336 0.002 10.62
0.34 0.002 10.65
0.34 0.001 10.69
0.34 0.002 10.72
0.343 0.002 10.75
0.347 0.015 10.78
0.349 0.029 10.82
0 0 10.85
0 0 10.88
0 0 10.92
0 0 10.95
0.483 0.209 10.98
0 0 11.02
0 0 11.05
0 0 11.08
0 0 11.11
0 0 11.15
0 0 11.18
0 0 11.21
0 0 11.25
0 0 11.28
0 0 11.31
0 0 11.35
0 0 11.38
0 0 11.41
0 0 11.45
0 0 11.48
0 0 11.51
0 0 11.55
0 0 11.58
0 0 11.61
0 0 11.65
0 0 11.68
0 0 11.71
0 0 11.75
0 0 11.78
0 0 11.81
0 0 11.85
0 0 11.88
0 0 11.91
0 0 11.95
0 0 11.98
0 0 12.02
0 0 12.05
0 0 12.08
0 0 12.11
0 0 12.15
0 0 12.18
0 0 12.21
0 0 12.25
0 0 12.28
0 0 12.31
0 0 12.35
0 0 12.38
0 0 12.41
0 0 12.45
0 0 12.48
0 0 12.51
0 0 12.55
0 0 12.58
0 0 12.61
0 0 12.65
0 0 12.68
0 0 12.71
0 0 12.75
0 0 12.78
0 0 12.81
0 0 12.85
0 0 12.88
0 0 12.91
0 0 12.95
0 0 12.98
0 0 13.01
0 0 13.05
0 0 13.08
0 0 13.11
0 0 13.15
0 0 13.18
0 0 13.21
0 0 13.25
0 0 13.28
0 0 13.31
0 0 13.35
0 0 13.38
0 0 13.41
0 0 13.45
0 0 13.48
0 0 13.51
0 0 13.55
0.524 0.086 13.58
0 0 13.61
0.492 0.036 13.65
0.477 0.016 13.68
0.462 0.017 13.71
0.447 0.016 13.75
0.433 0.015 13.78
0.421 0.014 13.82
0.411 0.013 13.85
0.4 0.012 13.88
0.391 0.012 13.91
0.386 0.011 13.95
0.381 0.01 13.98
0.378 0.009 14.02
0.375 0.007 14.05
0.371 0.007 14.08
0.366 0.007 14.11
0.363 0.006 14.15
0.361 0.005 14.19
0.358 0.005 14.22
0.357 0.004 14.25
0.355 0.003 14.28
0.354 0.002 14.32
0.355 0.002 14.35
0.357 0.002 14.38
0.358 0.002 14.42
0.359 0.001 14.45
0.359 0.001 14.48
0.361 0.002 14.52
0.361 0.001 14.55
0.361 0.001 14.58
0.36 0.002 14.62
0.358 0.003 14.65
0.356 0.003 14.68
0.355 0.003 14.72
0.353 0.003 14.75
0.354 0.003 14.78
0.353 0.001 14.82
0.353 0.002 14.85
0.352 0.001 14.88
0.351 0.001 14.92
0.349 0.002 14.95
0.346 0.002 14.98
0 0 15.02
0 0 15.05
0.343 0.003 15.08
0.343 0.001 15.12
0.344 0.001 15.15
0.344 0.001 15.19
0.344 0.001 15.22
0.343 0.002 15.25
0.343 0.002 15.28
0.341 0.001 15.32
0.341 0.001 15.35
0.34 0.0 15.38
0.339 0.001 15.42
0.339 0.001 15.45
0.339 0.001 15.48
0.338 0.001 15.52
0 0 15.55
0.34 0.009 15.58
0.341 0.014 15.62
0.347 0.024 15.65
0.357 0.034 15.68
0 0 15.71
0 0 15.75
0 0 15.78
0 0 15.81
0 0 15.85
0 0 15.88
0 0 15.91
0 0 15.95
0 0 15.98
0 0 16.01
0 0 16.05
0 0 16.08
0 0 16.11
0 0 16.15
0 0 16.18
0 0 16.21
0 0 16.25
0 0 16.28
0 0 16.31
0 0 16.35
0 0 16.38
0 0 16.41
0 0 16.45
0 0 16.48
0 0 16.51
0 0 16.55
0 0 16.58
0 0 16.61
0 0 16.65
0 0 16.68
0 0 16.71
0 0 16.75
0 0 16.78
0 0 16.81
0 0 16.85
0 0 16.88
0 0 16.91
0 0 16.95
0 0 16.98
0 0 17.02
0 0 17.05
0 0 17.08
0 0 17.12
0 0 17.15
0 0 17.18
0 0 17.21
0 0 17.25
0 0 17.28
0 0 17.31
0 0 17.35
0 0 17.38
0 0 17.41
0 0 17.45
0 0 17.48
0 0 17.51
0 0 17.55
0 0 17.58
0 0 17.61
0 0 17.65
0 0 17.68
0 0 17.71
0 0 17.75
0 0 17.78
0 0 17.81
0 0 17.85
0 0 17.88
0 0 17.91
0 0 17.95
0 0 17.98
0 0 18.01
0 0 18.05
0 0 18.08
0 0 18.11
0 0 18.15
0 0 18.18
0 0 18.21
0 0 18.25
0 0 18.28
0 0 18.31
0 0 18.35
0 0 18.38
0 0 18.41
0 0 18.45
0 0 18.48
0 0 18.51
0 0 18.55
0 0 18.58
0.545 0.204 18.61
0 0 18.65
0 0 18.68
0.499 0.052 18.71
0.484 0.017 18.75
0.468 0.017 18.78
0.455 0.016 18.81
0.44 0.016 18.85
0.427 0.015 18.88
0.414 0.014 18.91
0.403 0.012 18.95
0.394 0.01 18.98
0.389 0.008 19.02
0.384 0.007 19.05
0.38 0.005 19.08
0.377 0.004 19.11
0.375 0.003 19.15
0.373 0.004 19.18
0.37 0.005 19.21
0.367 0.005 19.25
0.363 0.005 19.28
0.356 0.005 19.31
0.353 0.007 19.35
0.356 0.014 19.38
0.364 0.023 19.41
0.375 0.028 19.45
0.393 0.032 19.48
0 0 19.51
0 0 19.55
0 0 19.58
0 0 19.61
0 0 19.65
0.592 0.216 19.68
0 0 19.71
0 0 19.74
0 0 19.78
0 0 19.81
0 0 19.85
0 0 19.88
0 0 19.91
0 0 19.95
0 0 19.98
0 0 20.01
0 0 20.04
0 0 20.08
0 0 20.11
0 0 20.15
0 0 20.18
0 0 20.21
0 0 20.25
0 0 20.28
0 0 20.31
0 0 20.35
0 0 20.38
0 0 20.41
0 0 20.44
0 0 20.48
0 0 20.51
0 0 20.55
0 0 20.58
0 0 20.61
0 0 20.65
0 0 20.68
0 0 20.71
0 0 20.74
0 0 20.78
0 0 20.81
0 0 20.85
0 0 20.88
0 0 20.91
0 0 20.94
0 0 20.98
0 0 21.01
0 0 21.04
0 0 21.08
0 0 21.11
0 0 21.15
0 0 21.18
0 0 21.21
0 0 21.25
0 0 21.28
0 0 21.31
0 0 21.35
0 0 21.38
0 0 21.41
0 0 21.44
0 0 21.48
0 0 21.51
0 0 21.54
0 0 21.58
0 0 21.61
0 0 21.64
0 0 21.68
0 0 21.71
0 0 21.74
0 0 21.78
0 0 21.81
0 0 21.85
0 0 21.88
0 0 21.91
0 0 21.95
0 0 21.98
0 0 22.01
0 0 22.05
0 0 22.08
0 0 22.11
0 0 22.15
0 0 22.18
0 0 22.21
0 0 22.25
0 0 22.28
0 0 22.31
0 0 22.35
0 0 22.38
0 0 22.41
0 0 22.44
0 0 22.48
0 0 22.51
0 0 22.55
0 0 22.58
0 0 22.61
0 0 22.65
0 0 22.68
0 0 22.71
0 0 22.74
0 0 22.78
0 0 22.81
0 0 22.85
0 0 22.88
0 0 22.91
0 0 22.95
0 0 22.98
0 0 23.01
0 0 23.05
0 0 23.08
0 0 23.11
0 0 23.14
0 0 23.18
0 0 23.21
0 0 23.25
0 0 23.28
0 0 23.31
0 0 23.35
0 0 23.38
0 0 23.41
0 0 23.45
0 0 23.48
0 0 23.52
0 0 23.55
0 0 23.58
0 0 23.61
0 0 23.65
0 0 23.68
0 0 23.71
0 0 23.74
0 0 23.78
0 0 23.81
0 0 23.85
0 0 23.88
0 0 23.91
0 0 23.94
0 0 23.98
0 0 24.01
0 0 24.05
0 0 24.08
0 0 24.11
0 0 24.15
0 0 24.18
0 0 24.21
0 0 24.24
0 0 24.28
0 0 24.31
0 0 24.35
0 0 24.38
0 0 24.41
0 0 24.44
0 0 24.48
0 0 24.51
0 0 24.55
0 0 24.58
0 0 24.61
0 0 24.65
0 0 24.68
0 0 24.71
0 0 24.74
0 0 24.78
0 0 24.81
0 0 24.84
0 0 24.88
0 0 24.91
0 0 24.94
0 0 24.98
0 0 25.01
0 0 25.05
0 0 25.08
0 0 25.11
0 0 25.14
0 0 25.18
0 0 25.21
0 0 25.25
0 0 25.28
0 0 25.31
0 0 25.35
0 0 25.38
0 0 25.41
0 0 25.44
0 0 25.48
0 0 25.51
0 0 25.55
0 0 25.58
0 0 25.61
0 0 25.64
0 0 25.68
0 0 25.71
0 0 25.74
0 0 25.78
0 0 25.81
0 0 25.84
0 0 25.88
0 0 25.91
0 0 25.94
0 0 25.98
0 0 26.01
0 0 26.04
0 0 26.08
0 0 26.11
0 0 26.14
0 0 26.18
0 0 26.21
0 0 26.24
0 0 26.28
0 0 26.31
0 0 26.35
0 0 26.38
0 0 26.41
0 0 26.44
0 0 26.48
0 0 26.51
0 0 26.54
0 0 26.58
0 0 26.61
0 0 26.64
0 0 26.68
0 0 26.71
0 0 26.74
0 0 26.78
0.402 0.121 26.81
0 0 26.85
0.359 0.046 26.88
0.338 0.022 26.91
0.317 0.023 26.95
0.314 0.02 26.98
0.299 0.019 27.01
0.283 0.019 27.05
0.275 0.017 27.08
0.262 0.017 27.11
0.252 0.014 27.14
0.245 0.013 27.18
0.247 0.01 27.21
0.245 0.009 27.25
0.242 0.007 27.28
0.247 0.006 27.31
0.246 0.005 27.35
0.245 0.004 27.38
0.251 0.004 27.41
0 0 27.44
0.25 0.002 27.48
0 0 27.51
0.254 0.023 27.54
0.257 0.024 27.58
0 0 27.61
0 0 27.64
0 0 27.68
0 0 27.71
0 0 27.74
0 0 27.78
0 0 27.81
0 0 27.85
0 0 27.88
0 0 27.91
0 0 27.94
0 0 27.98
0 0 28.01
0 0 28.04
0 0 28.08
0 0 28.11
0 0 28.14
0 0 28.18
0 0 28.21
0 0 28.25
0 0 28.28
0 0 28.31
0 0 28.35
0 0 28.38
0 0 28.41
0 0 28.44
0 0 28.48
0 0 28.51
0 0 28.54
0 0 28.58
0 0 28.61
0 0 28.64
0 0 28.68
0 0 28.71
0 0 28.74
0 0 28.78
0 0 28.81
0 0 28.84
0 0 28.88
0 0 28.91
0 0 28.94
0 0 28.98
0 0 29.01
0 0 29.04
0 0 29.08
0 0 29.11
0 0 29.14
0 0 29.18
0 0 29.21
0 0 29.24
0 0 29.28
0 0 29.31
0 0 29.34
0 0 29.38
0 0 29.41
0 0 29.44
0 0 29.48
0 0 29.51
0 0 29.54
0 0 29.58
0 0 29.61
0 0 29.64
0 0 29.68
0 0 29.71
0 0 29.74
0 0 29.78
0 0 29.81
0 0 29.85
0 0 29.88
0 0 29.91
0 0 29.94
0 0 29.98
0.51 0.219 30.01
0.488 0.03 30.05
0.463 0.032 30.08
0.436 0.033 30.11
0.412 0.031 30.15
0.394 0.028 30.18
0.379 0.023 30.21
0.372 0.019 30.25
0.364 0.015 30.28
0.356 0.013 30.31
0.348 0.011 30.35
0 0 30.38
0.339 0.016 30.42
0 0 30.45
0.335 0.008 30.48
0.338 0.005 30.51
0.342 0.004 30.55
0.344 0.004 30.58
0.345 0.001 30.61
0 0 30.65
0.34 0.008 30.68
0.34 0.001 30.71
0.342 0.005 30.75
0 0 30.78
0 0 30.81
0 0 30.85
0 0 30.88
0 0 30.91
0 0 30.95
0 0 30.98
0 0 31.01
0 0 31.04
0 0 31.08
0 0 31.11
0 0 31.14
0 0 31.18
0 0 31.21
0 0 31.24
0 0 31.28
0 0 31.31
0 0 31.34
0 0 31.38
0 0 31.41
0 0 31.44
0 0 31.48
0 0 31.51
0 0 31.54
0 0 31.58
0 0 31.61
0 0 31.64
0 0 31.68
0.676 0.383 31.71
0 0 31.74
0.669 0.01 31.78
0 0 31.81
0 0 31.85
0 0 31.88
0 0 31.91
0 0 31.94
0 0 31.98
0 0 32.01
0 0 32.04
0 0 32.08
0 0 32.11
0 0 32.14
0 0 32.18
0 0 32.21
0 0 32.24
0 0 32.28
0 0 32.31
0 0 32.35
0 0 32.38
0 0 32.41
0 0 32.45
0 0 32.48
0 0 32.51
0 0 32.54
0 0 32.58
0 0 32.61
0 0 32.64
0 0 32.68
0 0 32.71
0 0 32.74
0 0 32.78
0 0 32.81
0 0 32.84
0.621 0.048 32.88
0 0 32.91
0 0 32.95
0 0 32.98
0.628 0.025 33.01
0.637 0.01 33.04
0 0 33.08
0 0 33.11
0 0 33.14
0 0 33.18
0 0 33.21
0 0 33.24
0 0 33.28
0 0 33.31
0 0 33.35
0 0 33.38
0 0 33.41
0 0 33.44
0 0 33.48
0 0 33.51
0 0 33.54
0 0 33.58
0 0 33.61
0 0 33.64
0 0 33.68
0 0 33.71
0 0 33.74
0.527 0.113 33.78
0 0 33.81
0.487 0.042 33.85
0.469 0.019 33.88
0 0 33.91
0.441 0.031 33.95
0.431 0.012 33.98
0.422 0.011 34.01
0.416 0.009 34.05
0.41 0.008 34.08
0.405 0.006 34.11
0.403 0.004 34.15
0.403 0.002 34.18
0.402 0.001 34.21
0.402 0.001 34.25
0.404 0.001 34.28
0.405 0.001 34.31
0.406 0.001 34.35
0.408 0.001 34.38
0.409 0.002 34.41
0.409 0.003 34.45
0.41 0.002 34.48
0.41 0.0 34.51
0.409 0.002 34.55
0.409 0.0 34.58
0.408 0.001 34.61
0.408 0.002 34.65
0.404 0.005 34.68
0.4 0.005 34.71
0.395 0.006 34.74
0.388 0.008 34.78
0.382 0.006 34.81
0.377 0.005 34.85
0.374 0.004 34.88
0.372 0.003 34.92
0.372 0.004 34.95
0.371 0.003 34.98
0.369 0.003 35.02
0.367 0.004 35.05
0.364 0.005 35.08
0.361 0.006 35.11
0.359 0.006 35.15
0.357 0.006 35.18
0 0 35.21
0.352 0.011 35.25
0.349 0.005 35.28
0.347 0.008 35.31
0.344 0.004 35.35
0.345 0.007 35.38
0.345 0.003 35.41
0.347 0.005 35.45
0.349 0.002 35.48
0.349 0.0 35.52
0.349 0.0 35.55
0.349 0.001 35.58
0.347 0.002 35.61
0.347 0.001 35.65
0.346 0.002 35.68
0.346 0.001 35.71
0.346 0.001 35.74
0.347 0.002 35.78
0.348 0.004 35.81
0.347 0.011 35.85
0.35 0.019 35.88
0.357 0.029 35.91
0 0 35.94
0 0 35.98
0 0 36.01
0 0 36.04
0.477 0.172 36.08
0.51 0.036 36.11
0 0 36.14
0.576 0.069 36.18
0 0 36.21
0 0 36.24
0 0 36.28
0 0 36.31
0 0 36.34
0 0 36.38
0 0 36.41
0 0 36.44
0 0 36.48
0 0 36.51
0 0 36.54
0 0 36.58
0 0 36.61
0 0 36.64
0 0 36.68
0 0 36.71
0 0 36.74
0 0 36.78
0 0 36.81
0 0 36.84
0 0 36.88
0 0 36.91
0 0 36.94
0 0 36.97
0 0 37.01
0 0 37.04
0 0 37.08
0 0 37.11
0 0 37.14
0.668 0.126 37.18
0 0 37.21
0 0 37.24
0.668 0.015 37.28
0 0 37.31
0 0 37.34
0.662 0.013 37.38
0.66 0.004 37.41
0 0 37.44
0 0 37.47
0 0 37.51
0 0 37.54
0 0 37.58
0 0 37.61
0 0 37.64
0 0 37.68
0 0 37.71
0.651 0.013 37.74
0 0 37.77
0 0 37.81
0 0 37.84
0 0 37.88
0 0 37.91
0 0 37.94
0 0 37.97
0 0 38.01
0 0 38.04
0 0 38.07
0 0 38.11
0 0 38.14
0 0 38.18
0 0 38.21
0 0 38.24
0 0 38.27
0 0 38.31
0 0 38.34
0 0 38.37
0 0 38.41
0 0 38.44
0 0 38.47
0 0 38.51
0 0 38.54
0 0 38.58
0 0 38.61
0 0 38.64
0 0 38.68
0 0 38.71
0 0 38.74
0 0 38.78
0 0 38.81
0 0 38.84
0 0 38.88
0.647 0.008 38.91
0 0 38.94
0 0 38.98
0 0 39.01
0.648 0.004 39.04
0.647 0.001 39.08
0 0 39.11
0 0 39.14
0 0 39.18
0 0 39.21
0.631 0.015 39.24
0.63 0.005 39.28
0 0 39.31
0.622 0.013 39.35
0 0 39.38
0 0 39.41
0.622 0.013 39.44
0 0 39.48
0 0 39.51
0.627 0.013 39.54
0 0 39.58
0.627 0.01 39.61
0 0 39.64
0 0 39.68
0 0 39.71
0 0 39.74
0 0 39.77
0 0 39.81
0 0 39.84
0 0 39.87
0 0 39.91
0 0 39.94
0 0 39.98
0 0 40.01
0 0 40.04
0 0 40.08
0 0 40.11
0 0 40.14
0 0 40.18
0 0 40.21
0 0 40.24
0 0 40.28
0 0 40.31
0 0 40.34
0 0 40.38
0 0 40.41
0 0 40.44
0 0 40.47
0 0 40.51
0 0 40.54
0 0 40.58
0 0 40.61
0 0 40.64
0 0 40.68
0 0 40.71
0 0 40.74
0 0 40.77
0 0 40.81
0 0 40.84
0 0 40.87
0 0 40.91
0 0 40.94
0 0 40.97
0 0 41.01
0 0 41.04
0 0 41.07
0 0 41.11
0 0 41.14
0 0 41.18
0 0 41.21
0 0 41.24
0 0 41.27
0 0 41.31
0 0 41.34
0 0 41.37
0 0 41.41
0 0 41.44
0 0 41.47
0 0 41.51
0 0 41.54
0 0 41.57
0 0 41.61
0 0 41.64
0 0 41.68
0 0 41.71
0 0 41.74
0 0 41.77
0 0 41.81
0 0 41.84
0 0 41.87
0 0 41.91
0 0 41.94
0 0 41.97
0 0 42.01
0 0 42.04
0 0 42.07
0 0 42.11
0 0 42.14
0 0 42.18
0 0 42.21
0 0 42.24
0 0 42.27
0 0 42.31
0 0 42.34
0 0 42.37
0 0 42.41
0 0 42.44
0 0 42.47
0 0 42.51
0 0 42.54
0 0 42.57
0 0 42.61
0 0 42.64
0 0 42.68
0 0 42.71
0 0 42.74
0 0 42.77
0 0 42.81
0 0 42.84
0 0 42.87
0 0 42.91
0 0 42.94
0 0 42.97
0 0 43.01
0 0 43.04
0 0 43.07
0 0 43.11
0 0 43.14
0 0 43.18
0 0 43.21
0 0 43.24
0 0 43.27
0 0 43.31
0 0 43.34
0 0 43.37
0 0 43.41
0 0 43.44
0 0 43.47
0 0 43.51
0 0 43.54
0 0 43.58
0 0 43.61
0 0 43.64
0 0 43.68
0 0 43.71
0 0 43.74
0 0 43.77
0 0 43.81
0 0 43.84
0 0 43.87
0 0 43.91
0 0 43.94
0 0 43.97
0 0 44.01
0 0 44.04
0 0 44.07
0 0 44.11
0 0 44.14
0 0 44.18
0 0 44.21
0 0 44.24
0 0 44.27
0 0 44.31
0 0 44.34
0 0 44.37
0 0 44.41
0 0 44.44
0 0 44.47
0 0 44.51
0 0 44.54
0 0 44.57
0 0 44.61
0 0 44.64
0 0 44.68
0 0 44.71
0 0 44.74
0 0 44.77
0 0 44.81
0 0 44.84
0 0 44.87
0 0 44.91
0 0 44.94
0 0 44.97
0 0 45.01
0 0 45.04
0 0 45.08
0 0 45.11
0 0 45.14
0 0 45.18
0 0 45.21
0 0 45.24
0 0 45.27
0 0 45.31
0 0 45.34
0 0 45.37
0 0 45.41
0 0 45.44
0 0 45.47
0 0 45.51
0 0 45.54
0 0 45.58
0 0 45.61
0 0 45.64
0 0 45.67
0 0 45.71
0 0 45.74
0 0 45.77
0 0 45.81
0 0 45.84
0 0 45.87
0 0 45.91
0 0 45.94
0 0 45.97
0 0 46.01
0 0 46.04
0 0 46.07
0 0 46.11
0 0 46.14
0 0 46.18
0 0 46.21
0 0 46.24
0 0 46.28
0 0 46.31
0 0 46.34
0 0 46.37
0 0 46.41
0 0 46.44
0 0 46.47
0 0 46.51
0 0 46.54
0 0 46.58
0 0 46.61
0 0 46.64
0 0 46.68
0 0 46.71
0 0 46.74
0 0 46.77
0 0 46.81
0 0 46.84
0 0 46.87
0 0 46.91
0 0 46.94
0 0 46.97
0 0 47.01
0 0 47.04
0 0 47.07
0 0 47.11
0 0 47.14
0 0 47.17
0 0 47.21
0 0 47.24
0 0 47.27
0 0 47.31
0 0 47.34
0 0 47.37
0 0 47.41
0 0 47.44
0 0 47.47
0 0 47.51
0 0 47.54
0 0 47.57
0 0 47.61
0 0 47.64
0 0 47.67
0 0 47.71
0 0 47.74
0 0 47.77
0 0 47.81
0 0 47.84
0 0 47.87
0 0 47.91
0 0 47.94
0 0 47.97
0 0 48.01
0 0 48.04
0 0 48.07
0 0 48.11
0 0 48.14
0 0 48.17
0 0 48.21
0 0 48.24
0 0 48.27
0 0 48.31
0 0 48.34
0 0 48.37
0 0 48.41
0 0 48.44
0 0 48.47
0 0 48.51
0 0 48.54
0 0 48.57
0 0 48.61
0 0 48.64
0 0 48.67
0 0 48.71
0 0 48.74
0 0 48.77
0 0 48.81
0 0 48.84
0 0 48.87
0 0 48.91
0 0 48.94
0 0 48.97
0 0 49.01
0 0 49.04
0 0 49.07
0 0 49.11
0 0 49.14
0 0 49.17
0 0 49.2
0 0 49.24
0 0 49.27
0 0 49.31
0 0 49.34
0 0 49.37
0 0 49.41
0 0 49.44
0 0 49.47
0 0 49.51
0 0 49.54
0 0 49.57
0 0 49.61
0 0 49.64
0 0 49.67
0 0 49.71
0 0 49.74
0 0 49.77
0 0 49.81
0 0 49.84
0 0 49.87
0 0 49.91
0 0 49.94
0 0 49.97
0 0 50.01
0 0 50.04
0 0 50.07
0 0 50.11
0 0 50.14
0 0 50.17
0 0 50.21
0 0 50.24
0 0 50.27
0 0 50.31
0 0 50.34
0 0 50.37
0 0 50.41
0 0 50.44
0 0 50.47
0 0 50.51
0 0 50.54
0 0 50.57
0 0 50.61
0 0 50.64
0 0 50.67
0 0 50.71
0 0 50.74
0 0 50.77
0 0 50.81
0 0 50.84
0 0 50.87
0 0 50.91
0 0 50.94
0 0 50.97
0 0 51.01
0 0 51.04
0 0 51.07
0 0 51.11
0 0 51.14
0 0 51.17
0 0 51.21
0 0 51.24
0 0 51.27
0 0 51.31
0 0 51.34
0 0 51.37
0 0 51.4
0 0 51.44
0 0 51.47
0 0 51.51
0 0 51.54
0 0 51.57
0 0 51.61
0 0 51.64
0 0 51.67
0 0 51.7
0.449 0.091 51.74
0.43 0.022 51.77
0.417 0.015 51.81
0.407 0.014 51.84
0.395 0.012 51.87
0.385 0.011 51.91
0.381 0.008 51.94
0.372 0.01 51.97
0.365 0.007 52.01
0.363 0.005 52.04
0.358 0.005 52.07
0.356 0.003 52.11
0.355 0.002 52.14
0.357 0.003 52.18
0.356 0.003 52.21
0.354 0.003 52.24
0.355 0.003 52.28
0.353 0.003 52.31
0.351 0.003 52.34
0.353 0.002 52.37
0.352 0.003 52.41
0.353 0.002 52.44
0.356 0.002 52.47
0.359 0.005 52.51
0.36 0.002 52.54
0.361 0.002 52.58
0.366 0.003 52.61
0.367 0.003 52.64
0.37 0.003 52.67
0.375 0.003 52.71
0.378 0.003 52.74
0.381 0.003 52.78
0.387 0.002 52.81
0.389 0.002 52.84
0.389 0.002 52.88
0 0 52.91
0.397 0.005 52.94
0.398 0.002 52.98
0.399 0.002 53.01
0.404 0.001 53.04
0.404 0.001 53.07
0.403 0.001 53.11
0.406 0.003 53.14
0.404 0.004 53.18
0.401 0.004 53.21
0.402 0.005 53.24
0.396 0.007 53.27
0.392 0.005 53.31
0.392 0.006 53.34
0.388 0.004 53.37
0.385 0.003 53.41
0.383 0.003 53.44
0.392 0.002 53.47
0.392 0.002 53.51
0.394 0.003 53.54
0.402 0.003 53.57
0.405 0.003 53.61
0.408 0.006 53.64
0.418 0.015 53.67
0.427 0.024 53.71
0 0 53.74
0.473 0.061 53.77
0 0 53.81
0.537 0.068 53.84
0 0 53.87
0 0 53.91
0 0 53.94
0 0 53.97
0 0 54.01
0 0 54.04
0 0 54.07
0 0 54.11
0 0 54.14
0 0 54.17
0 0 54.2
0 0 54.24
0 0 54.27
0 0 54.31
0 0 54.34
0.473 0.141 54.37
0 0 54.4
0.449 0.032 54.44
0.44 0.013 54.47
0.438 0.01 54.51
0.443 0.008 54.54
0.443 0.005 54.58
0.441 0.004 54.61
0.442 0.002 54.64
0.443 0.002 54.68
0.44 0.004 54.71
0.436 0.005 54.74
0 0 54.77
0.435 0.009 54.81
0.434 0.004 54.84
0.435 0.002 54.87
0.436 0.002 54.91
0.436 0.001 54.94
0.439 0.001 54.97
0.44 0.002 55.01
0.443 0.004 55.04
0 0 55.07
0.45 0.013 55.11
0.449 0.008 55.14
0.445 0.008 55.18
0.44 0.01 55.21
0.429 0.012 55.24
0.418 0.011 55.27
0.408 0.012 55.31
0.399 0.01 55.34
0.391 0.009 55.37
0.385 0.01 55.41
0.377 0.01 55.44
0.371 0.009 55.47
0.366 0.007 55.51
0.363 0.005 55.54
0.362 0.001 55.57
0.366 0.004 55.61
0.374 0.008 55.64
0.38 0.01 55.68
0.383 0.005 55.71
0.382 0.006 55.74
0.38 0.005 55.77
0.382 0.002 55.81
0.382 0.003 55.84
0.38 0.007 55.88
0.38 0.012 55.91
0.379 0.01 55.94
0.379 0.01 55.97
0.38 0.008 56.01
0.382 0.008 56.04
0.38 0.004 56.07
0.377 0.005 56.11
0.373 0.004 56.14
0.373 0.003 56.18
0.372 0.002 56.21
0 0 56.24
0.368 0.004 56.27
0.367 0.001 56.31
0.368 0.002 56.34
0 0 56.37
0.373 0.005 56.41
0.376 0.005 56.45
0.376 0.002 56.48
0.374 0.002 56.51
0.372 0.002 56.54
0 0 56.57
0 0 56.61
0 0 56.64
0 0 56.67
0 0 56.71
0 0 56.74
0 0 56.77
0 0 56.81
0 0 56.84
0 0 56.87
0.368 0.006 56.91
0 0 56.94
0.369 0.006 56.97
0 0 57.01
0.373 0.004 57.04
0 0 57.07
0.371 0.002 57.11
0.369 0.002 57.14
0 0 57.17
0 0 57.21
0 0 57.24
0 0 57.27
0 0 57.31
0 0 57.34
0 0 57.37
0 0 57.41
0 0 57.44
0 0 57.47
0 0 57.51
0 0 57.54
0 0 57.57
0.37 0.016 57.61
0 0 57.65
0 0 57.68
0 0 57.71
0.408 0.095 57.75
0.431 0.034 57.78
0 0 57.8
0 0 57.84
0.536 0.116 57.87
0.577 0.042 57.91
0 0 57.94
0 0 57.97
0 0 58.01
0 0 58.04
0 0 58.07
0 0 58.11
0 0 58.14
0 0 58.17
0 0 58.21
0 0 58.24
0 0 58.27
0 0 58.3
0.665 0.095 58.34
0 0 58.37
0.663 0.014 58.41
0 0 58.44
0 0 58.47
0 0 58.51
0 0 58.54
0 0 58.57
0 0 58.61
0 0 58.64
0 0 58.67
0 0 58.7
0 0 58.74
0 0 58.77
0 0 58.8
0 0 58.84
0 0 58.87
0 0 58.91
0 0 58.94
0 0 58.97
0 0 59.01
0 0 59.04
0 0 59.07
0 0 59.1
0 0 59.14
0 0 59.17
0 0 59.2
0 0 59.24
0 0 59.28
0 0 59.31
0 0 59.34
0 0 59.37
0 0 59.4
0 0 59.44
0 0 59.47
0.65 0.02 59.51
0 0 59.54
0 0 59.57
0 0 59.6
0 0 59.64
0 0 59.67
0 0 59.7
0 0 59.74
0.535 0.116 59.77
0.51 0.025 59.81
0.491 0.021 59.84
0.47 0.021 59.87
0.451 0.021 59.91
0.433 0.02 59.94
0.418 0.018 59.97
0.405 0.017 60.01
0.394 0.016 60.04
0.388 0.013 60.07
0.381 0.012 60.11
0.377 0.01 60.14
0 0 60.17
0.371 0.016 60.21
0.372 0.007 60.24
0 0 60.27
0 0 60.31
0 0 60.34
0.36 0.02 60.37
0.357 0.004 60.41
0.358 0.006 60.44
0.359 0.003 60.47
0.36 0.002 60.51
0.363 0.002 60.54
0.365 0.003 60.57
0.367 0.002 60.61
0.368 0.002 60.64
0.368 0.001 60.68
0.366 0.004 60.71
0.365 0.001 60.74
0.364 0.001 60.77
0.363 0.001 60.81
0.364 0.001 60.84
0.364 0.001 60.87
0.365 0.003 60.91
0.366 0.003 60.94
0.364 0.002 60.97
0.364 0.003 61.01
0.363 0.002 61.04
0.362 0.001 61.08
0.362 0.0 61.11
0.363 0.001 61.14
0.364 0.001 61.17
0.363 0.001 61.21
0.363 0.001 61.24
0 0 61.27
0.361 0.002 61.31
0.36 0.001 61.34
0.361 0.001 61.37
0.36 0.003 61.41
0.364 0.005 61.44
0.362 0.008 61.47
0.364 0.008 61.51
0.367 0.011 61.54
0.371 0.014 61.58
0.375 0.018 61.61
0 0 61.64
0 0 61.67
0 0 61.71
0.42 0.097 61.74
0 0 61.77
0.465 0.053 61.81
0 0 61.84
0.518 0.056 61.87
0.545 0.028 61.91
0 0 61.94
0 0 61.97
0 0 62.01
0 0 62.04
0 0 62.07
0 0 62.1
0 0 62.14
0 0 62.17
0 0 62.21
0 0 62.24
0 0 62.27
0.679 0.147 62.31
0 0 62.34
0 0 62.37
0 0 62.4
0.682 0.018 62.44
0 0 62.47
0 0 62.51
0.679 0.008 62.54
0 0 62.57
0 0 62.6
0 0 62.64
0 0 62.67
0 0 62.7
0 0 62.74
0 0 62.77
0 0 62.8
0 0 62.84
0 0 62.87
0 0 62.91
0 0 62.94
0 0 62.97
0 0 63.01
0 0 63.04
0 0 63.07
0 0 63.1
0 0 63.14
0 0 63.17
0.609 0.06 63.21
0.589 0.015 63.24
0.576 0.013 63.27
0.564 0.012 63.31
0.553 0.01 63.34
0.548 0.008 63.37
0.546 0.008 63.4
0.544 0.009 63.44
0.551 0.012 63.47
0.562 0.015 63.51
0.574 0.019 63.54
0 0 63.57
0 0 63.6
0 0 63.64
0 0 63.67
0 0 63.7
0 0 63.74
0 0 63.77
0 0 63.8
0 0 63.84
0 0 63.87
0 0 63.9
0 0 63.94
0 0 63.97
0 0 64.01
0 0 64.04
0 0 64.07
0 0 64.1
0 0 64.14
0 0 64.17
0 0 64.2
0 0 64.24
0 0 64.27
0 0 64.3
0 0 64.34
0 0 64.37
0 0 64.4
0 0 64.44
0 0 64.47
0 0 64.51
0 0 64.54
0 0 64.57
0 0 64.6
0 0 64.64
0 0 64.67
0 0 64.7
0 0 64.74
0 0 64.77
0 0 64.8
0 0 64.84
0 0 64.87
0 0 64.9
0 0 64.94
0 0 64.97
0 0 65.01
0 0 65.04
0 0 65.07
0 0 65.11
0 0 65.14
0 0 65.17
0 0 65.2
0 0 65.24
0 0 65.27
0 0 65.3
0 0 65.34
0 0 65.37
0 0 65.4
0 0 65.44
0 0 65.47
0 0 65.5
0 0 65.54
0 0 65.57
0 0 65.6
0 0 65.64
0 0 65.67
0 0 65.7
0 0 65.74
0 0 65.77
0 0 65.81
0 0 65.84
0 0 65.87
0 0 65.91
0 0 65.94
0 0 65.97
0 0 66.01
0 0 66.04
0 0 66.07
0 0 66.1
0 0 66.14
0 0 66.17
0 0 66.2
0 0 66.24
0 0 66.27
0 0 66.3
0 0 66.34
0 0 66.37
0 0 66.4
0 0 66.44
0 0 66.47
0 0 66.5
0 0 66.54
0 0 66.57
0 0 66.6
0 0 66.64
0 0 66.67
0 0 66.7
0 0 66.74
0 0 66.77
0 0 66.8
0 0 66.84
0 0 66.87
0 0 66.9
0 0 66.94
0 0 66.97
0 0 67.01
0 0 67.04
0 0 67.07
0 0 67.1
0 0 67.14
0 0 67.17
0 0 67.2
0 0 67.24
0 0 67.27
0 0 67.3
0 0 67.34
0 0 67.37
0 0 67.4
0 0 67.44
0 0 67.47
0 0 67.5
0 0 67.54
0 0 67.57
0 0 67.61
0 0 67.64
0 0 67.67
0 0 67.71
0 0 67.74
0 0 67.77
0 0 67.81
0 0 67.84
0 0 67.87
0 0 67.9
0 0 67.94
0 0 67.97
0 0 68.01
0 0 68.04
0 0 68.07
0 0 68.1
0 0 68.14
0 0 68.17
0 0 68.2
0 0 68.24
0 0 68.27
0 0 68.3
0 0 68.34
0 0 68.37
0 0 68.4
0 0 68.44
0 0 68.47
0 0 68.51
0 0 68.54
0 0 68.57
0 0 68.6
0 0 68.64
0 0 68.67
0 0 68.7
0 0 68.74
0 0 68.77
0 0 68.8
0 0 68.84
0 0 68.87
0 0 68.9
0 0 68.94
0 0 68.97
0 0 69.0
0 0 69.04
0 0 69.07
0 0 69.1
0 0 69.14
0 0 69.17
0 0 69.2
0 0 69.24
0 0 69.27
0 0 69.3
0 0 69.34
0 0 69.37
0 0 69.4
0 0 69.44
0 0 69.47
0 0 69.5
0 0 69.54
0 0 69.57
0 0 69.6
0 0 69.64
0 0 69.67
0 0 69.7
0 0 69.74
0.363 0.108 69.77
0.341 0.026 69.81
0.32 0.024 69.84
0.304 0.023 69.87
0.288 0.019 69.9
0.272 0.018 69.94
0.264 0.016 69.97
0.257 0.015 70.01
0.25 0.012 70.04
0.248 0.012 70.07
0 0 70.1
0.245 0.017 70.14
0 0 70.17
0.245 0.015 70.21
0.243 0.007 70.24
0.24 0.005 70.27
0.238 0.004 70.31
0.245 0.006 70.34
0.249 0.01 70.37
0.248 0.002 70.41
0.257 0.011 70.44
0.266 0.018 70.47
0 0 70.51
0 0 70.54
0 0 70.57
0 0 70.6
0 0 70.64
0 0 70.67
0 0 70.7
0 0 70.74
0 0 70.77
0 0 70.8
0 0 70.84
0 0 70.87
0 0 70.9
0 0 70.94
0 0 70.97
0 0 71.0
0 0 71.04
0 0 71.07
0 0 71.1
0 0 71.14
0 0 71.17
0 0 71.2
0 0 71.24
0 0 71.27
0 0 71.3
0 0 71.34
0 0 71.37
0 0 71.4
0 0 71.44
0 0 71.47
0 0 71.5
0 0 71.54
0 0 71.57
0 0 71.6
0 0 71.64
0 0 71.67
0 0 71.7
0 0 71.74
0 0 71.77
0 0 71.8
0 0 71.84
0 0 71.87
0.488 0.227 71.9
0.456 0.035 71.94
0.43 0.035 71.97
0.407 0.029 72.01
0.393 0.026 72.04
0.386 0.022 72.07
0.377 0.019 72.11
0 0 72.14
0 0 72.17
0.362 0.039 72.2
0.354 0.011 72.24
0.35 0.009 72.27
0.344 0.008 72.31
0.34 0.008 72.34
0.339 0.006 72.37
0.338 0.005 72.41
0.338 0.005 72.44
0.337 0.003 72.47
0.339 0.003 72.51
0.337 0.003 72.54
0.337 0.002 72.57
0 0 72.6
0 0 72.64
0 0 72.67
0.352 0.066 72.7
0 0 72.74
0.377 0.062 72.77
0 0 72.8
0 0 72.84
0.4 0.027 72.87
0.396 0.008 72.91
0 0 72.94
0.381 0.024 72.97
0.368 0.015 73.01
0.357 0.016 73.04
0.345 0.016 73.07
0.336 0.014 73.11
0 0 73.14
0.329 0.024 73.17
0.329 0.01 73.2
0.331 0.008 73.24
0.336 0.007 73.27
0 0 73.3
0.346 0.012 73.34
0.352 0.005 73.37
0 0 73.4
0 0 73.44
0 0 73.47
0.356 0.003 73.51
0.355 0.003 73.54
0 0 73.57
0.358 0.003 73.6
0.359 0.002 73.64
0.359 0.004 73.67
0 0 73.7
0 0 73.74
0 0 73.77
0 0 73.8
0 0 73.84
0 0 73.87
0 0 73.9
0 0 73.94
0 0 73.97
0 0 74.01
0 0 74.04
0 0 74.07
0 0 74.1
0 0 74.14
0 0 74.17
0 0 74.2
0 0 74.24
0 0 74.27
0 0 74.3
0 0 74.34
0 0 74.37
0 0 74.4
0 0 74.44
0 0 74.47
0 0 74.51
0 0 74.53
0 0 74.57
0 0 74.6
0 0 74.64
0 0 74.67
0 0 74.7
0 0 74.74
0 0 74.77
0 0 74.8
0 0 74.84
0 0 74.87
0 0 74.9
0 0 74.94
0 0 74.97
0 0 75.0
0 0 75.04
0 0 75.07
0 0 75.1
0 0 75.14
0 0 75.17
0 0 75.2
0 0 75.24
0 0 75.27
0 0 75.3
0 0 75.34
0 0 75.37
0 0 75.4
0 0 75.44
0 0 75.47
0 0 75.5
0 0 75.54
0 0 75.57
0 0 75.6
0 0 75.63
0 0 75.67
0 0 75.7
0 0 75.74
0 0 75.77
0 0 75.8
0 0 75.84
0 0 75.87
0 0 75.9
0 0 75.94
0 0 75.97
0 0 76.0
0 0 76.04
0 0 76.07
0 0 76.1
0 0 76.14
0 0 76.17
0 0 76.2
0 0 76.24
0 0 76.27
0 0 76.3
0 0 76.34
0 0 76.37
0 0 76.4
0 0 76.44
0 0 76.47
0 0 76.5
0 0 76.53
0 0 76.57
0 0 76.6
0 0 76.64
0.553 0.268 76.67
0.529 0.028 76.7
0.503 0.029 76.74
0.484 0.023 76.77
0.467 0.021 76.81
0.452 0.018 76.84
0.44 0.016 76.87
0.429 0.014 76.9
0.42 0.013 76.94
0.409 0.013 76.97
0.402 0.011 77.01
0.394 0.011 77.04
0.386 0.01 77.07
0.379 0.01 77.1
0.373 0.01 77.14
0.366 0.009 77.17
0.361 0.008 77.2
0.356 0.007 77.24
0.352 0.006 77.27
0.351 0.004 77.3
0.352 0.006 77.34
0.353 0.002 77.37
0.355 0.004 77.4
0.358 0.003 77.44
0.358 0.001 77.47
0.358 0.002 77.51
0.356 0.002 77.54
0.354 0.003 77.57
0.352 0.002 77.6
0 0 77.64
0.351 0.003 77.67
0.352 0.003 77.7
0 0 77.74
0.356 0.005 77.77
0.356 0.001 77.81
0.356 0.001 77.84
0.357 0.0 77.87
0.357 0.0 77.91
0.357 0.0 77.94
0.357 0.001 77.97
0.357 0.002 78.01
0.356 0.002 78.04
0.354 0.003 78.07
0.355 0.001 78.1
0.354 0.004 78.14
0.355 0.002 78.17
0 0 78.2
0.357 0.006 78.24
0.358 0.006 78.27
0.359 0.01 78.3
0.363 0.013 78.34
0 0 78.37
0.378 0.041 78.4
0 0 78.44
0 0 78.47
0.428 0.078 78.51
0.45 0.026 78.54
0 0 78.57
0 0 78.6
0.529 0.084 78.64
0 0 78.67
0 0 78.7
0 0 78.74
0 0 78.77
0 0 78.8
0 0 78.84
0 0 78.87
0 0 78.9
0 0 78.93
0 0 78.97
0 0 79.0
0 0 79.03
0 0 79.07
0 0 79.1
0 0 79.14
0 0 79.17
0 0 79.2
0 0 79.23
0.668 0.148 79.27
0 0 79.3
0.664 0.005 79.34
0.665 0.001 79.37
0 0 79.4
0.669 0.006 79.44
0 0 79.47
0 0 79.5
0 0 79.53
0 0 79.57
0 0 79.6
0 0 79.63
0 0 79.67
0 0 79.7
0 0 79.73
0 0 79.77
0 0 79.8
0 0 79.84
0 0 79.87
0 0 79.9
0 0 79.93
0 0 79.97
0.665 0.01 80.0
0 0 80.03
0.661 0.008 80.07
0.658 0.005 80.1
0.655 0.005 80.14
0.648 0.008 80.17
0 0 80.2
0 0 80.23
0.609 0.04 80.27
0.589 0.022 80.31
0 0 80.34
0.554 0.038 80.37
0.536 0.02 80.41
0 0 80.43
0.492 0.047 80.47
0.472 0.022 80.51
0.454 0.022 80.54
0.432 0.024 80.57
0.415 0.021 80.6
0.4 0.019 80.64
0.389 0.017 80.67
0.379 0.015 80.7
0.374 0.013 80.74
0.37 0.011 80.77
0.368 0.008 80.8
0.366 0.007 80.84
0.366 0.007 80.87
0 0 80.9
0 0 80.94
0 0 80.97
0 0 81.0
0 0 81.03
0 0 81.07
0 0 81.1
0 0 81.13
0 0 81.17
0 0 81.2
0 0 81.24
0 0 81.27
0 0 81.3
0 0 81.34
0 0 81.37
0.373 0.022 81.4
0 0 81.43
0 0 81.47
0 0 81.5
0 0 81.53
0.371 0.004 81.57
0.37 0.001 81.6
0.369 0.001 81.64
0.367 0.002 81.67
0.366 0.002 81.7
0.365 0.001 81.74
0 0 81.77
0 0 81.8
0.364 0.003 81.84
0 0 81.87
0 0 81.9
0 0 81.93
0 0 81.97
0 0 82.0
0 0 82.04
0.357 0.006 82.07
0.359 0.004 82.1
0 0 82.13
0 0 82.17
0.362 0.011 82.2
0.363 0.009 82.24
0.366 0.012 82.27
0.37 0.017 82.3
0 0 82.34
0.387 0.047 82.37
0 0 82.4
0.417 0.061 82.44
0 0 82.47
0.468 0.063 82.5
0 0 82.53
0 0 82.57
0 0 82.6
0 0 82.63
0 0 82.67
0 0 82.7
0 0 82.74
0 0 82.77
0 0 82.8
0 0 82.83
0 0 82.87
0 0 82.9
0 0 82.93
0 0 82.97
0 0 83.0
0 0 83.03
0 0 83.07
0 0 83.1
0 0 83.13
0 0 83.17
0 0 83.2
0 0 83.23
0 0 83.27
0 0 83.3
0 0 83.33
0 0 83.37
0 0 83.4
0 0 83.43
0.662 0.23 83.47
0 0 83.5
0 0 83.53
0 0 83.57
0 0 83.6
0 0 83.63
0 0 83.67
0 0 83.7
0 0 83.73
0 0 83.77
0 0 83.8
0 0 83.84
0 0 83.87
0 0 83.9
0 0 83.93
0 0 83.97
0 0 84.0
0 0 84.03
0 0 84.07
0 0 84.1
0 0 84.13
0 0 84.17
0 0 84.2
0 0 84.23
0 0 84.27
0 0 84.3
0 0 84.33
0 0 84.37
0 0 84.4
0 0 84.43
0 0 84.47
0 0 84.5
0 0 84.53
0 0 84.57
0 0 84.6
0 0 84.63
0 0 84.67
0 0 84.7
0 0 84.73
0 0 84.77
0 0 84.8
0 0 84.84
0 0 84.87
0 0 84.9
0 0 84.93
0 0 84.97
0 0 85.0
0 0 85.03
0 0 85.07
0 0 85.1
0 0 85.13
0 0 85.17
0 0 85.2
0 0 85.23
0 0 85.27
0 0 85.3
0 0 85.34
0 0 85.37
0 0 85.4
0 0 85.43
0 0 85.47
0 0 85.5
0 0 85.53
0 0 85.57
0 0 85.6
0 0 85.63
0 0 85.67
0 0 85.7
0 0 85.73
0 0 85.77
0 0 85.8
0 0 85.83
0 0 85.87
0 0 85.9
0 0 85.93
0 0 85.97
0 0 86.0
0 0 86.03
0 0 86.07
0 0 86.1
0 0 86.13
0 0 86.17
0 0 86.2
0 0 86.23
0 0 86.27
0 0 86.3
0 0 86.33
0 0 86.37
0 0 86.4
0 0 86.43
0 0 86.47
0 0 86.5
0 0 86.53
0 0 86.57
0 0 86.6
0 0 86.63
0 0 86.67
0 0 86.7
0 0 86.73
0 0 86.77
0 0 86.8
0 0 86.83
0 0 86.87
0 0 86.9
0 0 86.93
0 0 86.97
0 0 87.0
0 0 87.03
0 0 87.07
0 0 87.1
0 0 87.13
0 0 87.17
0 0 87.2
0 0 87.23
0 0 87.27
0 0 87.3
0 0 87.34
0 0 87.37
0 0 87.4
0 0 87.43
0 0 87.47
0 0 87.5
0 0 87.53
0 0 87.57
0 0 87.6
0 0 87.63
0 0 87.67
0 0 87.7
0 0 87.73
0 0 87.77
0 0 87.8
0 0 87.83
0 0 87.87
0 0 87.9
0 0 87.93
0 0 87.97
0 0 88.0
0 0 88.03
0 0 88.07
0 0 88.1
0 0 88.13
0 0 88.17
0 0 88.2
0 0 88.23
0 0 88.27
0 0 88.3
0 0 88.33
0 0 88.37
0 0 88.4
0 0 88.44
0 0 88.47
0 0 88.5
0 0 88.54
0 0 88.57
0 0 88.6
0 0 88.63
0 0 88.67
0 0 88.7
0 0 88.74
0 0 88.77
0 0 88.8
0 0 88.84
0 0 88.87
0 0 88.9
0 0 88.93
0 0 88.97
0 0 89.0
0 0 89.03
0 0 89.07
0 0 89.1
0 0 89.13
0 0 89.17
0 0 89.2
0 0 89.23
0 0 89.26
0 0 89.3
0 0 89.33
0 0 89.37
0 0 89.4
0 0 89.43
0 0 89.46
0 0 89.5
0 0 89.53
0 0 89.57
0 0 89.6
0 0 89.63
0 0 89.67
0 0 89.7
0 0 89.73
0 0 89.77
0 0 89.8
0 0 89.83
0 0 89.87
0 0 89.9
0 0 89.93
0 0 89.97
0 0 90.0
0 0 90.03
0 0 90.07
0 0 90.1
0 0 90.13
0 0 90.17
0 0 90.2
0 0 90.23
0 0 90.27
0 0 90.3
0 0 90.33
0 0 90.36
0 0 90.4
0 0 90.43
0 0 90.47
0 0 90.5
0 0 90.53
0 0 90.57
0 0 90.6
0 0 90.63
0 0 90.67
0 0 90.7
0 0 90.73
0 0 90.77
0 0 90.8
0 0 90.84
0 0 90.87
0 0 90.9
0 0 90.93
0 0 90.97
0 0 91.0
0 0 91.03
0 0 91.07
0 0 91.1
0 0 91.13
0 0 91.17
0 0 91.2
0 0 91.23
0 0 91.27
0 0 91.3
0 0 91.33
0 0 91.36
0 0 91.4
0 0 91.43
0 0 91.47
0 0 91.5
0 0 91.53
0 0 91.57
0 0 91.6
0 0 91.63
0 0 91.67
0 0 91.7
0 0 91.73
0 0 91.77
0 0 91.8
0 0 91.83
0 0 91.87
0 0 91.9
0 0 91.93
0 0 91.96
0 0 92.0
0 0 92.03
0 0 92.06
0 0 92.1
0 0 92.13
0 0 92.17
0 0 92.2
0 0 92.23
0 0 92.27
0 0 92.3
0 0 92.33
0 0 92.37
0 0 92.4
0 0 92.43
0 0 92.46
0 0 92.5
0 0 92.53
0 0 92.57
0 0 92.6
0 0 92.63
0 0 92.67
0 0 92.7
0 0 92.73
0 0 92.76
0 0 92.8
0 0 92.83
0 0 92.86
0 0 92.9
0 0 92.93
0 0 92.96
0 0 93.0
0 0 93.03
0 0 93.06
0 0 93.1
0 0 93.13
0 0 93.17
0 0 93.2
0 0 93.23
0 0 93.26
0 0 93.3
0 0 93.33
0 0 93.36
0 0 93.4
0 0 93.43
0 0 93.46
0 0 93.5
0 0 93.53
0 0 93.57
0 0 93.6
0 0 93.63
0 0 93.67
0 0 93.7
0 0 93.73
0 0 93.77
0 0 93.8
0 0 93.83
0 0 93.86
0 0 93.9
0 0 93.93
0 0 93.96
0 0 94.0
0 0 94.03
0 0 94.06
0 0 94.1
0 0 94.13
0 0 94.17
0 0 94.2
0 0 94.23
0 0 94.26
0 0 94.3
0 0 94.33
0 0 94.37
0 0 94.4
0 0 94.43
0 0 94.46
0 0 94.5
0 0 94.53
0 0 94.57
0 0 94.6
0 0 94.63
0 0 94.67
0 0 94.7
0 0 94.73
0 0 94.76
0 0 94.8
0 0 94.83
0 0 94.86
0 0 94.9
0 0 94.93
0 0 94.96
0 0 95.0
0 0 95.03
0 0 95.06
0 0 95.1
0 0 95.13
0 0 95.17
0 0 95.2
0 0 95.23
0 0 95.26
0 0 95.3
0 0 95.33
0 0 95.36
0 0 95.4
0 0 95.43
0 0 95.46
0 0 95.5
0 0 95.53
0 0 95.57
0 0 95.6
0 0 95.63
0 0 95.67
0 0 95.7
0 0 95.73
0.409 0.177 95.77
0.408 0.003 95.8
0 0 95.83
0.408 0.003 95.87
0 0 95.9
0.417 0.008 95.93
0 0 95.96
0 0 96.0
0 0 96.03
0.432 0.014 96.07
0 0 96.1
0 0 96.13
0 0 96.17
0 0 96.2
0 0 96.23
0 0 96.26
0 0 96.3
0 0 96.33
0 0 96.37
0 0 96.4
0 0 96.43
0.42 0.025 96.47
0.404 0.018 96.5
0.382 0.023 96.53
0.369 0.02 96.57
0.352 0.02 96.6
0.339 0.017 96.63
0.328 0.014 96.67
0.326 0.011 96.7
0.321 0.009 96.73
0.318 0.008 96.77
0.32 0.008 96.8
0.317 0.008 96.83
0.312 0.009 96.87
0.312 0.008 96.9
0.31 0.007 96.94
0.306 0.007 96.97
0.306 0.007 97.01
0 0 97.03
0 0 97.07
0 0 97.1
0 0 97.13
0 0 97.17
0 0 97.2
0 0 97.23
0.327 0.061 97.27
0.347 0.033 97.3
0.379 0.035 97.33
0.411 0.037 97.37
0.451 0.043 97.4
0 0 97.43
0 0 97.47
0 0 97.5
0 0 97.53
0 0 97.57
0 0 97.6
0 0 97.63
0 0 97.67
0 0 97.7
0 0 97.73
0 0 97.76
0 0 97.8
0 0 97.83
0 0 97.87
0 0 97.9
0 0 97.93
0 0 97.97
0 0 98.0
0 0 98.03
0 0 98.06
0 0 98.1
0 0 98.13
0 0 98.17
0 0 98.2
0 0 98.23
0 0 98.26
0 0 98.3
0 0 98.33
0 0 98.37
0 0 98.4
0 0 98.43
0 0 98.46
0 0 98.5
0 0 98.53
0 0 98.57
0 0 98.6
0 0 98.63
0 0 98.67
0 0 98.7
0 0 98.73
0 0 98.76
0 0 98.8
0 0 98.83
0 0 98.86
0 0 98.9
0 0 98.93
0 0 98.97
0 0 99.0
0 0 99.03
0 0 99.07
0 0 99.1
0 0 99.13
0 0 99.17
0 0 99.2
0 0 99.23
0 0 99.26
0 0 99.3
0 0 99.33
0 0 99.36
0 0 99.4
0 0 99.43
0 0 99.46
0 0 99.5
0.539 0.061 99.53
0.511 0.03 99.57
0.487 0.029 99.6
0.463 0.029 99.63
0.44 0.028 99.67
0.421 0.024 99.7
0.408 0.022 99.73
0 0 99.77
0 0 99.8
0 0 99.83
0.373 0.06 99.87
0.37 0.009 99.9
0.367 0.008 99.94
0.367 0.007 99.97
0.368 0.005 100.0
0.37 0.008 100.03
0.368 0.003 100.07
0.367 0.005 100.1
0.365 0.003 100.14
0.366 0.001 100.17
0.367 0.002 100.2
0.369 0.002 100.23
0.37 0.002 100.27
0.369 0.002 100.3
0 0 100.33
0.368 0.002 100.37
0.367 0.001 100.4
0.366 0.001 100.43
0.365 0.001 100.47
0 0 100.5
0.365 0.002 100.53
0.364 0.001 100.57
0.363 0.003 100.6
0.361 0.004 100.63
0.36 0.003 100.67
0.359 0.002 100.7
0.357 0.004 100.74
0.357 0.004 100.77
0.359 0.003 100.8
0 0 100.83
0.361 0.003 100.87
0.36 0.001 100.9
0.36 0.003 100.94
0.359 0.003 100.97
0 0 101.0
0 0 101.03
0 0 101.06
0 0 101.1
0 0 101.13
0 0 101.17
0 0 101.2
0 0 101.23
0 0 101.26
0 0 101.3
0 0 101.33
0 0 101.36
0 0 101.4
0.35 0.014 101.43
0.352 0.01 101.47
0 0 101.5
0 0 101.53
0 0 101.56
0 0 101.6
0 0 101.63
0 0 101.67
0.437 0.168 101.7
0.463 0.03 101.73
0.494 0.033 101.77
0 0 101.8
0 0 101.83
0 0 101.86
0 0 101.9
0 0 101.93
0 0 101.96
0 0 102.0
0 0 102.03
0 0 102.06
0 0 102.1
0 0 102.13
0 0 102.16
0.669 0.184 102.2
0 0 102.23
0.664 0.013 102.26
0 0 102.3
0 0 102.33
0 0 102.36
0.65 0.018 102.4
0.647 0.003 102.43
0 0 102.46
0 0 102.5
0 0 102.53
0 0 102.57
0 0 102.6
0 0 102.63
0 0 102.66
0 0 102.7
0 0 102.73
0 0 102.76
0 0 102.8
0 0 102.83
0 0 102.86
0 0 102.9
0 0 102.93
0 0 102.96
0 0 103.0
0 0 103.03
0 0 103.06
0 0 103.1
0 0 103.13
0 0 103.17
0 0 103.2
0 0 103.23
0 0 103.26
0 0 103.3
0 0 103.33
0 0 103.36
0 0 103.4
0 0 103.43
0 0 103.46
0 0 103.5
0 0 103.53
0 0 103.56
0 0 103.6
0 0 103.63
0 0 103.66
0 0 103.7
0 0 103.73
0 0 103.76
0 0 103.8
0 0 103.83
0 0 103.86
0 0 103.9
0 0 103.93
0 0 103.96
0 0 104.0
0 0 104.03
0 0 104.06
0 0 104.1
0 0 104.13
0 0 104.16
0 0 104.2
0 0 104.23
0 0 104.26
0 0 104.3
0 0 104.33
0 0 104.36
0 0 104.4
0 0 104.43
0 0 104.46
0 0 104.5
0 0 104.53
0 0 104.56
0 0 104.6
0 0 104.63
0 0 104.66
0 0 104.7
0 0 104.73
0 0 104.76
0 0 104.8
0 0 104.83
0 0 104.86
0 0 104.9
0 0 104.93
0 0 104.96
0 0 105.0
0.501 0.155 105.03
0.475 0.032 105.07
0.458 0.032 105.1
0.427 0.032 105.13
0 0 105.16
0 0 105.2
0 0 105.23
0.358 0.08 105.27
0.352 0.012 105.3
0.345 0.01 105.33
0.34 0.007 105.37
0.337 0.006 105.4
0.338 0.006 105.43
0.336 0.004 105.47
0.338 0.005 105.5
0 0 105.53
0.34 0.007 105.57
0.343 0.005 105.6
0.345 0.004 105.63
0 0 105.67
0 0 105.7
0 0 105.73
0 0 105.76
0 0 105.8
0 0 105.83
0.352 0.009 105.87
0.35 0.003 105.9
0.35 0.003 105.93
0.351 0.002 105.97
0.35 0.001 106.0
0 0 106.03
0 0 106.06
0 0 106.1
0 0 106.13
0 0 106.17
0 0 106.2
0 0 106.23
0 0 106.26
0 0 106.3
0 0 106.33
0 0 106.36
0.363 0.06 106.4
0 0 106.43
0 0 106.46
0 0 106.5
0 0 106.53
0 0 106.57
0 0 106.6
0 0 106.63
0 0 106.66
0 0 106.7
0 0 106.73
0 0 106.76
0 0 106.8
0 0 106.83
0 0 106.86
0 0 106.9
0 0 106.93
0 0 106.96
0 0 107.0
0 0 107.03
0 0 107.06
0 0 107.1
0 0 107.13
0 0 107.16
0 0 107.2
0 0 107.23
0.642 0.335 107.26
0 0 107.3
0 0 107.33
0 0 107.36
0 0 107.4
0 0 107.43
0.651 0.029 107.47
0 0 107.5
0 0 107.53
0 0 107.56
0 0 107.6
0 0 107.63
0 0 107.66
0 0 107.7
0 0 107.73
0 0 107.76
0 0 107.8
0 0 107.83
0 0 107.86
0 0 107.9
0 0 107.93
0 0 107.96
0 0 108.0
0 0 108.03
0 0 108.06
0 0 108.1
0 0 108.13
0 0 108.17
0 0 108.2
0 0 108.23
0 0 108.26
0 0 108.3
0 0 108.33
0 0 108.36
0 0 108.4
0 0 108.43
0 0 108.46
0 0 108.5
0 0 108.53
0 0 108.56
0 0 108.6
0 0 108.63
0 0 108.66
0 0 108.7
0 0 108.73
0 0 108.76
0 0 108.8
0 0 108.83
0 0 108.86
0 0 108.9
0 0 108.93
0 0 108.96
0 0 109.0
0 0 109.03
0 0 109.06
0 0 109.09
0 0 109.13
0 0 109.16
0 0 109.2
0 0 109.23
0 0 109.26
0 0 109.3
0 0 109.33
0 0 109.36
0 0 109.39
0 0 109.43
0 0 109.46
0 0 109.5
0 0 109.53
0 0 109.56
0 0 109.6
0 0 109.63
0 0 109.66
0 0 109.7
0 0 109.73
0 0 109.76
0 0 109.8
0 0 109.83
0 0 109.86
0 0 109.9
0 0 109.93
0 0 109.96
0 0 110.0
0 0 110.03
0 0 110.07
0 0 110.1
0 0 110.13
0 0 110.16
0 0 110.2
0 0 110.23
0 0 110.26
0 0 110.3
0 0 110.33
0 0 110.37
0 0 110.4
0 0 110.43
0 0 110.46
0 0 110.5
0 0 110.53
0 0 110.56
0 0 110.6
0 0 110.63
0 0 110.66
0 0 110.7
0 0 110.73
0 0 110.76
0 0 110.8
0 0 110.83
0 0 110.86
0 0 110.9
0 0 110.93
0 0 110.96
0 0 111.0
0 0 111.03
0 0 111.06
0 0 111.1
0 0 111.13
0 0 111.16
0 0 111.21
0 0 111.23
0 0 111.26
0 0 111.3
0 0 111.33
0 0 111.36
0 0 111.4
0 0 111.43
0 0 111.46
0 0 111.5
0 0 111.53
0 0 111.56
0 0 111.6
0 0 111.63
0 0 111.66
0 0 111.7
0 0 111.73
0 0 111.76
0 0 111.8
0 0 111.83
0 0 111.86
0 0 111.9
0 0 111.93
0 0 111.96
0 0 112.0
0 0 112.03
0 0 112.06
0 0 112.1
0 0 112.13
0 0 112.16
0 0 112.19
0 0 112.23
0 0 112.26
0 0 112.3
0 0 112.33
0 0 112.36
0 0 112.4
0 0 112.43
0 0 112.46
0 0 112.5
0 0 112.53
0 0 112.56
0 0 112.6
0 0 112.63
0 0 112.66
0 0 112.7
0 0 112.73
0 0 112.76
0 0 112.8
0 0 112.83
0 0 112.86
0 0 112.9
0 0 112.93
0 0 112.96
0 0 113.0
0 0 113.03
0 0 113.06
0 0 113.09
0 0 113.13
0 0 113.16
0 0 113.19
0 0 113.23
0 0 113.26
0 0 113.3
0 0 113.33
0 0 113.36
0 0 113.4
0 0 113.43
0 0 113.46
0 0 113.5
0 0 113.53
0 0 113.56
0 0 113.6
0 0 113.63
0 0 113.66
0 0 113.69
0.355 0.199 113.73
0.34 0.021 113.76
0.329 0.017 113.8
0.321 0.013 113.83
0.324 0.01 113.86
0.322 0.007 113.9
0.321 0.005 113.93
0.321 0.004 113.96
0.327 0.002 114.0
0.33 0.004 114.03
0.331 0.001 114.06
0.335 0.002 114.1
0.336 0.002 114.13
0.337 0.004 114.16
0.338 0.005 114.2
0.333 0.006 114.23
0.325 0.009 114.26
0.322 0.011 114.3
0.318 0.011 114.33
0.309 0.013 114.36
0.301 0.012 114.4
0.304 0.01 114.43
0.302 0.007 114.46
0.299 0.004 114.5
0.305 0.013 114.53
0.31 0.021 114.57
0.319 0.028 114.6
0.34 0.034 114.63
0 0 114.66
0 0 114.69
0.424 0.115 114.73
0.463 0.038 114.76
0.508 0.045 114.8
0 0 114.83
0 0 114.86
0 0 114.9
0 0 114.93
0 0 114.96
0 0 115.0
0 0 115.03
0 0 115.06
0 0 115.1
0 0 115.13
0 0 115.16
0 0 115.19
0 0 115.23
0 0 115.26
0 0 115.3
0 0 115.33
0 0 115.36
0 0 115.39
0 0 115.43
0 0 115.46
0 0 115.5
0 0 115.53
0 0 115.56
0 0 115.59
0 0 115.63
0 0 115.66
0 0 115.69
0 0 115.73
0 0 115.76
0 0 115.8
0 0 115.83
0 0 115.86
0 0 115.89
0 0 115.93
0 0 115.96
0 0 116.0
0 0 116.03
0 0 116.06
0 0 116.09
0 0 116.13
0 0 116.16
0 0 116.19
0 0 116.23
0.505 0.108 116.26
0.491 0.028 116.3
0 0 116.33
0.45 0.053 116.36
0.442 0.022 116.4
0.432 0.019 116.43
0.425 0.015 116.46
0.421 0.013 116.5
0.413 0.012 116.53
0.406 0.01 116.57
0.4 0.009 116.6
0.394 0.006 116.63
0 0 116.66
0.387 0.008 116.7
0.386 0.004 116.73
0.382 0.005 116.76
0.378 0.004 116.8
0.38 0.001 116.83
0 0 116.86
0 0 116.9
0.392 0.015 116.93
0.393 0.007 116.96
0 0 117.0
0.401 0.018 117.03
0 0 117.06
0 0 117.1
0 0 117.13
0.434 0.074 117.16
0 0 117.19
0.445 0.016 117.23
0.445 0.004 117.26
0.437 0.01 117.3
0.427 0.014 117.33
0.415 0.018 117.36
0.401 0.02 117.4
0.39 0.02 117.43
0.382 0.017 117.46
0.377 0.014 117.5
0.374 0.011 117.53
0.375 0.011 117.56
0.377 0.007 117.6
0.38 0.006 117.63
0.384 0.006 117.67
0.387 0.005 117.7
0.39 0.004 117.73
0.391 0.003 117.76
0.394 0.003 117.8
0.393 0.004 117.83
0.396 0.003 117.86
0.393 0.007 117.9
0.392 0.002 117.93
0.391 0.005 117.96
0.39 0.003 118.0
0.391 0.002 118.03
0.392 0.001 118.07
0.394 0.005 118.1
0.394 0.002 118.13
0.395 0.003 118.16
0.394 0.001 118.2
0.396 0.004 118.23
0.396 0.002 118.26
0.394 0.002 118.3
0.393 0.002 118.33
0.392 0.001 118.36
0.391 0.001 118.4
0.39 0.001 118.43
0.391 0.001 118.46
0.391 0.002 118.5
0.392 0.002 118.53
0.393 0.001 118.56
0.394 0.002 118.6
0 0 118.63
0.394 0.003 118.66
0.392 0.002 118.7
0.391 0.002 118.73
0.39 0.001 118.76
0.391 0.002 118.8
0.391 0.003 118.83
0.392 0.003 118.86
0.393 0.001 118.9
0.392 0.001 118.93
0.389 0.002 118.96
0.388 0.001 119.0
0.389 0.001 119.03
0.39 0.003 119.06
0.391 0.002 119.1
0.391 0.001 119.13
0.392 0.003 119.17
0.39 0.003 119.2
0.391 0.002 119.23
0.389 0.002 119.26
0.388 0.002 119.3
0.388 0.003 119.33
0.389 0.001 119.36
0.386 0.005 119.4
0 0 119.43
0.383 0.004 119.46
0.38 0.002 119.5
0 0 119.53
0.373 0.008 119.56
0.369 0.004 119.6
0 0 119.63
0 0 119.66
0 0 119.7
0 0 119.73
0 0 119.76
0.362 0.006 119.8
0 0 119.83
0 0 119.86
0 0 119.9
0 0 119.93
0 0 119.96
0 0 120.0
0.355 0.021 120.03
0.353 0.009 120.06
0.354 0.012 120.1
0.358 0.015 120.13
0 0 120.16
0.373 0.042 120.2
0.387 0.026 120.23
0 0 120.26
0.427 0.057 120.3
0 0 120.33
0.48 0.061 120.36
0 0 120.39
0.545 0.066 120.43
0 0 120.46
0.599 0.054 120.5
0 0 120.53
0 0 120.56
0 0 120.59
0 0 120.63
0 0 120.66
0 0 120.69
0 0 120.73
0 0 120.76
0 0 120.79
0 0 120.83
0 0 120.86
0 0 120.89
0.679 0.106 120.93
0 0 120.96
0 0 120.99
0 0 121.03
0 0 121.06
0 0 121.09
0 0 121.13
0 0 121.16
0 0 121.19
0 0 121.23
0 0 121.26
0 0 121.29
0 0 121.33
0 0 121.36
0 0 121.39
0 0 121.43
0 0 121.46
0 0 121.49
0 0 121.53
0 0 121.56
0 0 121.59
0 0 121.63
0 0 121.66
0 0 121.69
0 0 121.73
0 0 121.76
0 0 121.79
0 0 121.83
0 0 121.86
0 0 121.89
0 0 121.93
0 0 121.96
0 0 121.99
0 0 122.03
0 0 122.06
0 0 122.09
0 0 122.13
0 0 122.16
0 0 122.19
0 0 122.23
0 0 122.26
0 0 122.29
0 0 122.33
0 0 122.36
0 0 122.39
0 0 122.43
0 0 122.46
0 0 122.5
0 0 122.53
0 0 122.56
0 0 122.59
0 0 122.63
0 0 122.66
0 0 122.69
0 0 122.73
0 0 122.76
0 0 122.79
0 0 122.83
0 0 122.86
0 0 122.89
0 0 122.93
0 0 122.96
0 0 123.0
0 0 123.03
0 0 123.06
0 0 123.09
0 0 123.13
0 0 123.16
0 0 123.19
0 0 123.23
0 0 123.26
0 0 123.29
0 0 123.33
0 0 123.36
0 0 123.39
0 0 123.43
0 0 123.46
0 0 123.49
0 0 123.53
0 0 123.56
0 0 123.59
0 0 123.63
0.548 0.147 123.66
0.52 0.03 123.69
0.489 0.033 123.73
0.458 0.032 123.76
0.432 0.028 123.8
0.413 0.022 123.83
0.4 0.018 123.86
0 0 123.89
0 0 123.93
0.38 0.034 123.96
0 0 124.0
0 0 124.03
0 0 124.06
0 0 124.1
0 0 124.13
0 0 124.16
0 0 124.19
0 0 124.23
0.371 0.026 124.26
0 0 124.3
0 0 124.33
0 0 124.36
0.372 0.005 124.4
0 0 124.43
0.369 0.009 124.46
0.368 0.005 124.5
0.366 0.005 124.53
0.364 0.005 124.56
0.362 0.005 124.6
0 0 124.63
0.363 0.007 124.66
0.366 0.004 124.7
0.367 0.001 124.73
0.366 0.001 124.76
0.366 0.001 124.8
0.365 0.001 124.83
0.365 0.002 124.86
0.365 0.0 124.9
0.365 0.001 124.93
0 0 124.96
0.371 0.007 125.0
0 0 125.03
0.377 0.007 125.06
0.379 0.002 125.1
0.378 0.002 125.13
0 0 125.16
0.374 0.005 125.19
0.373 0.002 125.23
0.372 0.002 125.26
0.373 0.002 125.3
0 0 125.33
0.374 0.006 125.36
0.375 0.001 125.4
0.374 0.001 125.43
0.374 0.001 125.46
0.372 0.002 125.5
0 0 125.53
0.369 0.004 125.56
0.366 0.005 125.59
0 0 125.63
0 0 125.66
0 0 125.69
0 0 125.73
0 0 125.76
0 0 125.79
0 0 125.83
0 0 125.86
0 0 125.89
0 0 125.93
0 0 125.96
0.355 0.01 126.0
0.356 0.002 126.03
0.355 0.004 126.06
0.356 0.002 126.1
0 0 126.13
0.352 0.002 126.16
0.35 0.003 126.2
0.347 0.003 126.23
0.344 0.002 126.26
0 0 126.29
0 0 126.33
0 0 126.36
0 0 126.39
0.344 0.006 126.43
0 0 126.46
0 0 126.49
0.351 0.01 126.53
0.353 0.002 126.56
0 0 126.59
0 0 126.63
0.354 0.006 126.66
0 0 126.69
0 0 126.73
0 0 126.76
0 0 126.79
0 0 126.83
0 0 126.86
0 0 126.89
0 0 126.93
0 0 126.96
0 0 126.99
0 0 127.03
0 0 127.06
0 0 127.09
0 0 127.13
0 0 127.16
0 0 127.19
0 0 127.23
0 0 127.26
0 0 127.29
0 0 127.33
0 0 127.36
0 0 127.39
0 0 127.43
0 0 127.46
0 0 127.49
0 0 127.53
0 0 127.56
0 0 127.59
0 0 127.63
0 0 127.66
0 0 127.69
0 0 127.73
0 0 127.76
0 0 127.79
0 0 127.83
0 0 127.86
0 0 127.89
0 0 127.93
0 0 127.96
0 0 127.99
0 0 128.03
0 0 128.06
0 0 128.09
0 0 128.13
0 0 128.16
0 0 128.19
0 0 128.23
0 0 128.26
0 0 128.29
0 0 128.33
0 0 128.36
0 0 128.39
0 0 128.43
0 0 128.46
0 0 128.49
0 0 128.53
0 0 128.56
0 0 128.59
0 0 128.62
0 0 128.66
0 0 128.69
0 0 128.73
0 0 128.76
0 0 128.79
0 0 128.83
0 0 128.86
0 0 128.89
0 0 128.93
0 0 128.96
0 0 128.99
0 0 129.02
0 0 129.06
0 0 129.09
0 0 129.13
0 0 129.16
0 0 129.19
0 0 129.23
0 0 129.26
0 0 129.29
0 0 129.33
0 0 129.36
0 0 129.39
0 0 129.43
0 0 129.46
0 0 129.49
0 0 129.53
0 0 129.56
0 0 129.59
0 0 129.63
0 0 129.66
0 0 129.69
0 0 129.73
0 0 129.76
0 0 129.79
0 0 129.83
0 0 129.86
0 0 129.89
0 0 129.92
0 0 129.96
0 0 129.99
0 0 130.03
0 0 130.06
0 0 130.09
0 0 130.12
0 0 130.16
0 0 130.19
0 0 130.23
0 0 130.26
0 0 130.29
0 0 130.33
0 0 130.36
0 0 130.39
0 0 130.42
0 0 130.46
0 0 130.49
0 0 130.53
0 0 130.56
0 0 130.59
0.319 0.255 130.63
0 0 130.66
0.285 0.057 130.69
0.263 0.022 130.73
0.252 0.015 130.76
0.243 0.011 130.79
0.237 0.009 130.83
0.229 0.006 130.86
0.224 0.007 130.89
0.219 0.007 130.93
0.216 0.001 130.96
0.214 0.003 131.0
0.214 0.002 131.03
0.209 0.002 131.06
0.211 0.003 131.09
0.212 0.001 131.13
0.208 0.002 131.16
0.209 0.002 131.19
0.207 0.003 131.23
0.207 0.001 131.26
0.208 0.003 131.29
0.206 0.003 131.33
0.208 0.002 131.36
0.209 0.004 131.39
0.211 0.003 131.43
0.215 0.004 131.46
0.218 0.006 131.5
0.222 0.008 131.53
0.229 0.01 131.56
0.236 0.011 131.59
0.244 0.011 131.63
0.249 0.012 131.66
0.261 0.016 131.69
0.267 0.013 131.73
0.277 0.016 131.76
0.291 0.019 131.79
0.309 0.024 131.83
0.339 0.034 131.86
0 0 131.89
0 0 131.93
0 0 131.96
0 0 131.99
0 0 132.03
0 0 132.06
0 0 132.09
0 0 132.13
0 0 132.16
0 0 132.19
0 0 132.23
0 0 132.26
0 0 132.29
0 0 132.33
0 0 132.36
0 0 132.39
0 0 132.43
0 0 132.46
0.243 0.311 132.5
0 0 132.53
0 0 132.56
0.229 0.027 132.59
0.228 0.005 132.63
0.228 0.002 132.66
0.229 0.004 132.69
0.232 0.003 132.73
0.235 0.004 132.76
0.238 0.005 132.79
0.244 0.007 132.83
0 0 132.86
0 0 132.89
0 0 132.93
0 0 132.96
0 0 133.0
0 0 133.03
0 0 133.06
0 0 133.09
0 0 133.13
0 0 133.16
0 0 133.19
0 0 133.23
0 0 133.26
0 0 133.29
