0 0 9.11
0 0 9.15
0 0 9.18
0 0 9.21
0 0 9.25
0 0 9.28
0 0 9.31
0 0 9.35
0 0 9.38
0 0 9.41
0 0 9.45
0 0 9.48
0 0 9.51
0 0 9.55
0 0 9.58
0 0 9.61
0 0 9.65
0 0 9.68
0 0 9.71
0 0 9.74
0 0 9.78
0 0 9.81
0 0 9.85
0 0 9.88
0 0 9.91
0 0 9.95
0 0 9.98
0 0 10.01
0 0 10.05
0 0 10.08
0 0 10.11
0 0 10.15
0 0 10.18
0 0 10.21
0 0 10.25
0 0 10.28
0 0 10.31
0 0 10.35
0 0 10.38
0 0 10.41
0 0 10.45
0 0 10.48
0 0 10.51
0 0 10.55
0 0 10.58
0 0 10.61
0 0 10.65
0 0 10.68
0 0 10.71
0 0 10.75
0 0 10.78
0 0 10.81
0 0 10.85
0 0 10.88
0 0 10.91
0 0 10.94
0 0 10.98
0 0 11.01
0 0 11.05
0 0 11.08
0 0 11.11
0 0 11.14
0 0 11.18
0 0 11.21
0 0 11.25
0 0 11.28
0 0 11.31
0 0 11.35
0 0 11.38
0 0 11.41
0 0 11.44
0 0 11.48
0 0 11.51
0 0 11.55
0 0 11.58
0 0 11.61
0 0 11.65
0 0 11.68
0 0 11.71
0 0 11.75
0 0 11.78
0 0 11.81
0 0 11.85
0 0 11.88
0 0 11.91
0 0 11.95
0 0 11.98
0 0 12.01
0 0 12.05
0 0 12.08
0 0 12.11
0 0 12.14
0 0 12.18
0 0 12.21
0 0 12.25
0 0 12.28
0 0 12.31
0 0 12.35
0 0 12.38
0 0 12.41
0 0 12.45
0 0 12.48
0 0 12.51
0 0 12.54
0 0 12.58
0 0 12.61
0 0 12.65
0 0 12.68
0 0 12.71
0 0 12.74
0 0 12.78
0 0 12.81
0 0 12.85
0 0 12.88
0 0 12.91
0 0 12.94
0 0 12.98
0 0 13.01
0 0 13.05
0 0 13.08
0 0 13.11
0 0 13.14
0 0 13.18
0 0 13.21
0 0 13.25
0 0 13.28
0 0 13.31
0 0 13.35
0 0 13.38
0 0 13.41
0 0 13.45
0 0 13.48
0 0 13.51
0 0 13.54
0 0 13.58
0 0 13.61
0 0 13.64
0 0 13.68
0 0 13.71
0 0 13.74
0 0 13.78
0 0 13.81
0 0 13.85
0 0 13.88
0 0 13.91
0 0 13.95
0 0 13.98
0 0 14.05
0 0 14.08
0 0 14.1
0 0 14.11
0 0 14.15
0 0 14.18
0 0 14.21
0 0 14.25
0 0 14.28
0 0 14.31
0 0 14.35
0 0 14.38
0 0 14.41
0 0 14.45
0 0 14.48
0 0 14.51
0 0 14.55
0 0 14.58
0 0 14.61
0 0 14.65
0 0 14.68
0 0 14.72
0 0 14.75
0 0 14.78
0 0 14.81
0 0 14.85
0 0 14.88
0 0 14.91
0 0 14.94
0 0 14.98
0 0 15.01
0 0 15.04
0 0 15.08
0 0 15.12
0 0 15.15
0 0 15.18
0 0 15.21
0 0 15.25
0 0 15.28
0 0 15.31
0 0 15.35
0 0 15.38
0 0 15.41
0 0 15.44
0 0 15.48
0 0 15.51
0 0 15.55
0 0 15.58
0 0 15.61
0 0 15.65
0 0 15.68
0 0 15.71
0 0 15.74
0 0 15.78
0 0 15.81
0 0 15.85
0 0 15.88
0.518 0.473 15.91
0.505 0.018 15.95
0.492 0.017 15.98
0.48 0.016 16.02
0.472 0.013 16.05
0.463 0.013 16.08
0.455 0.011 16.11
0.448 0.011 16.15
0.439 0.011 16.18
0.432 0.01 16.21
0.423 0.01 16.25
0.415 0.01 16.28
0.407 0.009 16.31
0.402 0.007 16.35
0.398 0.005 16.38
0.396 0.003 16.41
0.393 0.003 16.45
0.39 0.003 16.48
0.389 0.003 16.52
0.387 0.004 16.55
0.383 0.005 16.58
0.381 0.007 16.61
0.378 0.008 16.65
0.376 0.008 16.68
0.374 0.01 16.71
0.37 0.007 16.75
0.368 0.009 16.78
0.366 0.006 16.81
0.365 0.004 16.85
0.365 0.004 16.88
0.363 0.003 16.91
0.362 0.002 16.95
0.362 0.002 16.98
0.359 0.003 17.01
0.356 0.004 17.05
0 0 17.08
0 0 17.11
0 0 17.15
0 0 17.18
0 0 17.21
0 0 17.25
0 0 17.28
0 0 17.31
0 0 17.35
0 0 17.38
0 0 17.41
0.347 0.007 17.45
0.348 0.004 17.48
0.35 0.003 17.52
0.35 0.003 17.55
0.352 0.005 17.58
0.356 0.005 17.61
0.36 0.004 17.65
0.363 0.004 17.68
0.364 0.002 17.71
0.363 0.001 17.75
0.361 0.002 17.78
0.358 0.003 17.81
0.356 0.002 17.85
0.354 0.002 17.88
0.351 0.002 17.91
0.35 0.002 17.95
0.347 0.004 17.98
0.344 0.002 18.02
0.342 0.003 18.05
0.34 0.002 18.08
0.336 0.003 18.11
0.332 0.004 18.15
0.331 0.003 18.18
0.329 0.004 18.22
0.326 0.004 18.25
0.324 0.004 18.28
0.322 0.007 18.32
0.325 0.011 18.35
0.334 0.015 18.38
0 0 18.41
0 0 18.45
0 0 18.48
0 0 18.51
0 0 18.54
0 0 18.58
0 0 18.61
0 0 18.64
0 0 18.68
0 0 18.71
0 0 18.75
0 0 18.78
0 0 18.81
0 0 18.85
0 0 18.88
0 0 18.91
0 0 18.94
0 0 18.98
0 0 19.01
0 0 19.04
0 0 19.08
0 0 19.11
0 0 19.14
0 0 19.18
0 0 19.21
0 0 19.24
0 0 19.28
0 0 19.31
0 0 19.35
0 0 19.38
0 0 19.41
0 0 19.44
0 0 19.48
0 0 19.51
0 0 19.54
0 0 19.58
0 0 19.61
0 0 19.64
0 0 19.68
0 0 19.71
0 0 19.74
0 0 19.78
0 0 19.81
0 0 19.84
0 0 19.88
0 0 19.91
0 0 19.94
0 0 19.98
0 0 20.01
0 0 20.04
0 0 20.08
0 0 20.11
0 0 20.15
0 0 20.18
0 0 20.21
0 0 20.25
0 0 20.28
0 0 20.31
0 0 20.35
0 0 20.38
0 0 20.41
0 0 20.44
0 0 20.48
0 0 20.51
0 0 20.54
0 0 20.58
0 0 20.61
0 0 20.64
0 0 20.68
0 0 20.71
0 0 20.74
0 0 20.78
0 0 20.81
0 0 20.84
0 0 20.88
0 0 20.91
0 0 20.94
0 0 20.98
0 0 21.01
0 0 21.05
0 0 21.08
0 0 21.11
0 0 21.14
0 0 21.18
0 0 21.21
0 0 21.24
0 0 21.28
0 0 21.31
0 0 21.35
0 0 21.38
0 0 21.41
0 0 21.44
0 0 21.48
0 0 21.51
0 0 21.54
0 0 21.58
0 0 21.61
0 0 21.64
0 0 21.68
0 0 21.71
0 0 21.74
0 0 21.78
0 0 21.81
0 0 21.85
0 0 21.88
0 0 21.91
0 0 21.94
0 0 21.98
0 0 22.01
0 0 22.04
0 0 22.08
0 0 22.11
0 0 22.14
0 0 22.18
0 0 22.21
0 0 22.24
0 0 22.28
0 0 22.31
0 0 22.35
0 0 22.38
0 0 22.41
0 0 22.44
0 0 22.48
0 0 22.51
0 0 22.54
0 0 22.58
0 0 22.61
0 0 22.64
0 0 22.68
0 0 22.71
0 0 22.74
0 0 22.78
0 0 22.81
0 0 22.84
0 0 22.88
0 0 22.91
0 0 22.94
0 0 22.98
0 0 23.01
0 0 23.04
0 0 23.08
0 0 23.11
0 0 23.14
0 0 23.18
0 0 23.21
0 0 23.24
0 0 23.28
0 0 23.31
0 0 23.34
0 0 23.38
0 0 23.41
0 0 23.44
0 0 23.48
0 0 23.51
0 0 23.54
0 0 23.58
0 0 23.61
0 0 23.64
0 0 23.68
0 0 23.71
0 0 23.74
0 0 23.78
0 0 23.81
0 0 23.85
0 0 23.88
0 0 23.91
0 0 23.94
0 0 23.98
0 0 24.01
0 0 24.04
0 0 24.08
0 0 24.11
0 0 24.14
0 0 24.18
0 0 24.21
0 0 24.24
0 0 24.28
0 0 24.31
0 0 24.34
0 0 24.38
0 0 24.41
0 0 24.44
0 0 24.48
0 0 24.51
0 0 24.54
0 0 24.58
0 0 24.61
0 0 24.64
0 0 24.68
0 0 24.71
0 0 24.74
0 0 24.78
0 0 24.81
0 0 24.84
0 0 24.88
0 0 24.91
0 0 24.94
0 0 24.98
0 0 25.01
0 0 25.04
0 0 25.08
0 0 25.11
0.39 0.266 25.15
0.362 0.03 25.18
0 0 25.21
0.319 0.049 25.25
0.297 0.022 25.28
0.286 0.015 25.31
0.274 0.014 25.35
0.267 0.01 25.38
0.261 0.009 25.41
0.256 0.007 25.45
0.251 0.005 25.48
0.25 0.004 25.52
0.25 0.003 25.55
0.248 0.002 25.58
0.249 0.002 25.61
0.249 0.003 25.65
0.251 0.002 25.68
0.251 0.002 25.71
0.252 0.002 25.75
0.252 0.003 25.78
0.253 0.004 25.81
0.256 0.006 25.85
0.261 0.009 25.88
0.267 0.013 25.91
0.276 0.016 25.95
0.292 0.025 25.98
0.304 0.028 26.01
0 0 26.04
0 0 26.08
0 0 26.11
0 0 26.14
0 0 26.18
0 0 26.21
0 0 26.24
0 0 26.28
0 0 26.31
0 0 26.34
0 0 26.38
0 0 26.41
0 0 26.44
0 0 26.48
0 0 26.51
0 0 26.55
0 0 26.58
0 0 26.61
0 0 26.65
0 0 26.68
0 0 26.71
0 0 26.74
0 0 26.78
0 0 26.81
0 0 26.85
0 0 26.88
0 0 26.91
0 0 26.94
0 0 26.98
0 0 27.01
0 0 27.04
0 0 27.08
0 0 27.11
0 0 27.14
0 0 27.18
0 0 27.21
0 0 27.24
0 0 27.28
0 0 27.31
0 0 27.34
0 0 27.38
0 0 27.41
0 0 27.44
0 0 27.48
0 0 27.51
0 0 27.54
0 0 27.58
0 0 27.61
0 0 27.64
0 0 27.68
0 0 27.71
0 0 27.74
0 0 27.78
0 0 27.81
0 0 27.84
0 0 27.88
0 0 27.91
0 0 27.94
0 0 27.98
0 0 28.01
0 0 28.04
0 0 28.08
0 0 28.11
0 0 28.14
0 0 28.18
0 0 28.21
0 0 28.24
0 0 28.27
0 0 28.31
0 0 28.34
0 0 28.38
0 0 28.41
0 0 28.44
0 0 28.48
0 0 28.51
0 0 28.54
0 0 28.58
0 0 28.61
0 0 28.64
0 0 28.68
0 0 28.71
0 0 28.74
0 0 28.78
0 0 28.81
0 0 28.84
0 0 28.88
0 0 28.91
0 0 28.94
0 0 28.98
0 0 29.01
0 0 29.04
0 0 29.08
0 0 29.11
0 0 29.14
0 0 29.18
0 0 29.21
0 0 29.24
0 0 29.28
0 0 29.31
0 0 29.34
0 0 29.38
0 0 29.41
0 0 29.44
0 0 29.48
0 0 29.51
0 0 29.54
0 0 29.58
0 0 29.61
0 0 29.64
0 0 29.68
0 0 29.71
0 0 29.74
0 0 29.77
0 0 29.81
0 0 29.84
0 0 29.88
0 0 29.91
0 0 29.94
0 0 29.98
0 0 30.01
0 0 30.04
0 0 30.08
0 0 30.11
0 0 30.14
0 0 30.18
0 0 30.21
0 0 30.24
0 0 30.28
0 0 30.31
0 0 30.34
0 0 30.38
0 0 30.41
0 0 30.44
0 0 30.48
0 0 30.51
0 0 30.54
0 0 30.58
0 0 30.61
0 0 30.64
0 0 30.68
0 0 30.71
0 0 30.74
0 0 30.78
0 0 30.81
0 0 30.84
0 0 30.88
0 0 30.91
0 0 30.94
0 0 30.97
0 0 31.01
0 0 31.04
0 0 31.07
0 0 31.11
0 0 31.14
0 0 31.18
0 0 31.21
0 0 31.24
0 0 31.27
0 0 31.31
0 0 31.34
0 0 31.37
0 0 31.41
0 0 31.44
0 0 31.47
0 0 31.51
0 0 31.54
0 0 31.57
0 0 31.61
0 0 31.64
0 0 31.68
0 0 31.71
0 0 31.74
0 0 31.77
0 0 31.81
0 0 31.84
0 0 31.87
0 0 31.91
0 0 31.94
0 0 31.97
0 0 32.01
0 0 32.04
0 0 32.07
0 0 32.11
0 0 32.14
0 0 32.18
0 0 32.21
0 0 32.24
0 0 32.27
0 0 32.31
0 0 32.34
0 0 32.37
0 0 32.41
0 0 32.44
0 0 32.48
0 0 32.51
0 0 32.54
0 0 32.58
0 0 32.61
0 0 32.64
0 0 32.68
0 0 32.71
0 0 32.74
0 0 32.78
0 0 32.81
0 0 32.84
0 0 32.87
0 0 32.91
0 0 32.94
0 0 32.97
0 0 33.01
0 0 33.04
0 0 33.07
0 0 33.11
0 0 33.14
0 0 33.18
0 0 33.21
0 0 33.24
0 0 33.27
0 0 33.31
0 0 33.34
0 0 33.37
0 0 33.41
0 0 33.44
0 0 33.47
0 0 33.51
0 0 33.54
0 0 33.58
0 0 33.61
0 0 33.64
0 0 33.68
0 0 33.71
0 0 33.74
0 0 33.78
0 0 33.81
0 0 33.84
0 0 33.87
0 0 33.91
0 0 33.94
0 0 33.97
0 0 34.01
0 0 34.04
0 0 34.07
0 0 34.11
0 0 34.14
0 0 34.18
0 0 34.21
0 0 34.24
0 0 34.27
0 0 34.31
0 0 34.34
0 0 34.38
0 0 34.41
0 0 34.44
0 0 34.47
0 0 34.51
0 0 34.54
0 0 34.57
0 0 34.61
0 0 34.64
0 0 34.67
0 0 34.71
0 0 34.74
0 0 34.77
0 0 34.81
0 0 34.84
0 0 34.87
0 0 34.91
0 0 34.94
0 0 34.97
0 0 35.01
0 0 35.04
0 0 35.08
0.545 0.071 35.11
0 0 35.14
0.496 0.058 35.18
0.472 0.028 35.21
0.454 0.024 35.24
0.435 0.022 35.28
0.421 0.019 35.31
0.411 0.016 35.35
0.406 0.015 35.38
0.403 0.012 35.41
0.403 0.01 35.44
0.403 0.009 35.48
0.403 0.007 35.51
0.4 0.005 35.54
0.399 0.004 35.58
0.398 0.004 35.61
0.399 0.005 35.64
0.399 0.002 35.68
0.399 0.003 35.71
0.397 0.003 35.74
0.397 0.002 35.78
0.397 0.002 35.81
0.394 0.003 35.84
0.393 0.001 35.88
0.392 0.002 35.91
0.392 0.002 35.94
0.393 0.002 35.98
0.393 0.001 36.01
0.395 0.002 36.04
0.396 0.002 36.08
0.395 0.004 36.11
0.394 0.003 36.14
0.394 0.002 36.18
0.393 0.002 36.21
0.392 0.002 36.25
0.391 0.001 36.28
0.39 0.002 36.31
0.389 0.002 36.35
0.388 0.001 36.38
0.389 0.001 36.41
0.39 0.001 36.44
0.389 0.001 36.48
0.39 0.002 36.51
0.391 0.002 36.54
0.392 0.003 36.58
0.394 0.003 36.61
0.395 0.001 36.64
0.396 0.002 36.68
0.397 0.001 36.71
0.397 0.001 36.75
0.397 0.001 36.78
0.4 0.006 36.81
0.4 0.004 36.85
0.401 0.001 36.88
0.403 0.004 36.91
0.406 0.008 36.94
0.405 0.005 36.98
0.406 0.003 37.01
0.406 0.001 37.04
0.407 0.001 37.08
0.408 0.001 37.11
0.408 0.001 37.14
0.408 0.002 37.18
0.406 0.004 37.21
0.406 0.001 37.24
0.406 0.005 37.28
0.406 0.003 37.31
0.408 0.003 37.34
0.409 0.003 37.38
0.41 0.001 37.41
0.41 0.001 37.44
0.41 0.001 37.48
0.41 0.002 37.51
0.41 0.004 37.54
0.41 0.005 37.58
0.411 0.007 37.61
0.417 0.013 37.64
0 0 37.68
0.438 0.039 37.71
0.454 0.025 37.74
0.476 0.029 37.78
0.502 0.033 37.81
0 0 37.84
0 0 37.88
0 0 37.91
0 0 37.94
0 0 37.97
0 0 38.01
0 0 38.04
0 0 38.07
0 0 38.11
0 0 38.14
0 0 38.18
0 0 38.21
0 0 38.24
0 0 38.27
0 0 38.31
0 0 38.34
0 0 38.37
0 0 38.41
0 0 38.44
0 0 38.47
0 0 38.51
0 0 38.54
0 0 38.57
0 0 38.61
0 0 38.64
0 0 38.68
0 0 38.71
0 0 38.74
0 0 38.77
0.671 0.172 38.81
0 0 38.84
0 0 38.87
0 0 38.91
0 0 38.94
0 0 38.97
0 0 39.01
0 0 39.04
0 0 39.07
0 0 39.11
0 0 39.14
0 0 39.18
0 0 39.21
0 0 39.24
0 0 39.27
0 0 39.31
0 0 39.34
0 0 39.37
0 0 39.41
0 0 39.44
0 0 39.47
0 0 39.51
0 0 39.54
0 0 39.57
0 0 39.61
0 0 39.64
0 0 39.68
0 0 39.71
0 0 39.74
0 0 39.77
0.665 0.022 39.81
0 0 39.84
0 0 39.87
0 0 39.91
0 0 39.94
0 0 39.97
0.652 0.017 40.01
0 0 40.04
0.622 0.03 40.07
0.6 0.023 40.11
0.576 0.026 40.14
0.551 0.026 40.18
0.525 0.027 40.21
0.5 0.027 40.24
0.478 0.024 40.28
0 0 40.31
0.442 0.04 40.35
0 0 40.37
0 0 40.41
0.405 0.047 40.44
0.398 0.012 40.48
0.393 0.01 40.51
0.389 0.009 40.54
0.389 0.01 40.58
0.389 0.008 40.61
0.388 0.006 40.64
0.387 0.005 40.68
0.387 0.005 40.71
0.388 0.005 40.74
0.391 0.006 40.78
0.391 0.007 40.81
0.393 0.005 40.84
0.394 0.004 40.88
0.391 0.004 40.91
0.39 0.004 40.94
0.387 0.004 40.98
0.387 0.004 41.01
0.386 0.004 41.04
0.385 0.004 41.08
0.383 0.003 41.11
0.385 0.004 41.14
0.386 0.002 41.18
0.385 0.003 41.21
0.387 0.003 41.24
0.391 0.004 41.28
0.392 0.001 41.31
0.389 0.002 41.34
0.387 0.003 41.38
0.386 0.001 41.41
0.384 0.005 41.44
0.379 0.005 41.48
0.377 0.004 41.51
0.373 0.002 41.54
0.371 0.003 41.58
0.368 0.003 41.61
0.366 0.002 41.64
0.362 0.002 41.68
0.36 0.002 41.71
0.358 0.002 41.74
0.352 0.002 41.78
0.349 0.003 41.81
0.347 0.003 41.84
0.339 0.005 41.88
0.338 0.003 41.91
0.336 0.002 41.94
0.331 0.002 41.98
0.33 0.002 42.01
0.328 0.002 42.04
0.328 0.002 42.08
0.324 0.002 42.11
0.324 0.001 42.14
0.325 0.002 42.18
0.322 0.001 42.21
0.322 0.002 42.24
0.323 0.002 42.28
0.32 0.002 42.31
0.32 0.009 42.34
0.323 0.019 42.38
0.33 0.031 42.41
0 0 42.44
0 0 42.47
0 0 42.51
0 0 42.54
0 0 42.57
0 0 42.61
0 0 42.64
0 0 42.67
0 0 42.71
0 0 42.74
0 0 42.77
0 0 42.81
0 0 42.84
0 0 42.87
0 0 42.91
0 0 42.94
0 0 42.97
0 0 43.01
0 0 43.04
0 0 43.07
0 0 43.11
0 0 43.14
0 0 43.17
0 0 43.21
0 0 43.24
0 0 43.27
0 0 43.31
0 0 43.34
0 0 43.37
0 0 43.41
0 0 43.44
0 0 43.47
0 0 43.51
0 0 43.54
0 0 43.57
0 0 43.61
0 0 43.64
0 0 43.67
0 0 43.71
0 0 43.74
0 0 43.77
0 0 43.81
0 0 43.84
0 0 43.87
0 0 43.91
0 0 43.94
0 0 43.97
0 0 44.01
0 0 44.04
0 0 44.07
0 0 44.11
0 0 44.14
0 0 44.17
0 0 44.21
0 0 44.24
0 0 44.27
0 0 44.31
0 0 44.34
0 0 44.37
0 0 44.41
0 0 44.44
0 0 44.47
0 0 44.51
0 0 44.54
0 0 44.57
0 0 44.61
0 0 44.64
0 0 44.67
0 0 44.71
0 0 44.74
0 0 44.77
0 0 44.81
0 0 44.84
0 0 44.87
0 0 44.91
0 0 44.94
0 0 44.97
0 0 45.01
0 0 45.04
0 0 45.07
0 0 45.11
0 0 45.14
0 0 45.17
0 0 45.21
0 0 45.24
0 0 45.27
0 0 45.31
0 0 45.34
0 0 45.37
0 0 45.41
0 0 45.44
0 0 45.47
0 0 45.51
0 0 45.54
0 0 45.57
0 0 45.61
0 0 45.64
0 0 45.67
0 0 45.71
0 0 45.74
0 0 45.77
0 0 45.81
0 0 45.84
0 0 45.87
0 0 45.91
0 0 45.94
0 0 45.97
0 0 46.01
0 0 46.04
0 0 46.07
0 0 46.11
0 0 46.14
0 0 46.17
0 0 46.21
0 0 46.24
0 0 46.27
0 0 46.31
0 0 46.34
0 0 46.37
0 0 46.41
0 0 46.44
0 0 46.47
0 0 46.51
0 0 46.54
0 0 46.57
0 0 46.61
0 0 46.64
0 0 46.67
0 0 46.71
0 0 46.74
0 0 46.77
0 0 46.81
0 0 46.84
0 0 46.87
0 0 46.91
0 0 46.94
0 0 46.97
0 0 47.01
0 0 47.04
0 0 47.07
0 0 47.11
0 0 47.14
0 0 47.17
0 0 47.21
0 0 47.24
0 0 47.27
0 0 47.31
0 0 47.34
0 0 47.37
0 0 47.41
0 0 47.44
0 0 47.47
0 0 47.51
0 0 47.54
0 0 47.57
0 0 47.61
0 0 47.64
0 0 47.67
0 0 47.71
0 0 47.74
0 0 47.77
0 0 47.81
0 0 47.84
0 0 47.87
0 0 47.91
0 0 47.94
0 0 47.97
0 0 48.01
0 0 48.04
0 0 48.07
0 0 48.11
0 0 48.14
0 0 48.17
0 0 48.21
0 0 48.24
0 0 48.27
0 0 48.31
0 0 48.34
0 0 48.37
0 0 48.41
0 0 48.44
0 0 48.47
0 0 48.51
0 0 48.54
0 0 48.57
0 0 48.61
0 0 48.64
0 0 48.67
0 0 48.71
0 0 48.74
0 0 48.77
0 0 48.81
0 0 48.84
0 0 48.87
0 0 48.91
0 0 48.94
0 0 48.97
0 0 49.01
0 0 49.04
0 0 49.07
0 0 49.1
0 0 49.14
0 0 49.17
0 0 49.21
0 0 49.24
0 0 49.27
0 0 49.31
0 0 49.34
0 0 49.37
0 0 49.41
0 0 49.44
0 0 49.47
0 0 49.51
0 0 49.54
0 0 49.57
0 0 49.61
0 0 49.64
0 0 49.67
0 0 49.71
0 0 49.74
0 0 49.77
0 0 49.81
0 0 49.84
0 0 49.87
0 0 49.91
0 0 49.94
0 0 49.97
0 0 50.01
0 0 50.04
0 0 50.07
0 0 50.11
0 0 50.14
0 0 50.17
0 0 50.21
0 0 50.24
0 0 50.27
0 0 50.3
0 0 50.34
0 0 50.37
0 0 50.41
0 0 50.44
0 0 50.47
0 0 50.51
0 0 50.54
0 0 50.57
0 0 50.61
0 0 50.64
0 0 50.67
0 0 50.7
0 0 50.74
0 0 50.77
0 0 50.81
0 0 50.84
0 0 50.87
0 0 50.91
0 0 50.94
0 0 50.97
0 0 51.01
0 0 51.04
0 0 51.07
0 0 51.1
0 0 51.14
0 0 51.17
0 0 51.2
0 0 51.24
0 0 51.27
0 0 51.3
0 0 51.34
0 0 51.37
0 0 51.4
0 0 51.44
0 0 51.47
0 0 51.51
0 0 51.54
0 0 51.57
0 0 51.6
0 0 51.64
0 0 51.67
0 0 51.7
0 0 51.74
0 0 51.77
0 0 51.8
0 0 51.84
0 0 51.87
0 0 51.91
0 0 51.94
0 0 51.97
0 0 52.01
0 0 52.04
0 0 52.07
0 0 52.1
0 0 52.14
0 0 52.17
0 0 52.21
0 0 52.24
0 0 52.27
0 0 52.3
0 0 52.34
0 0 52.37
0.446 0.279 52.41
0.412 0.037 52.44
0.392 0.024 52.47
0.374 0.024 52.51
0.358 0.022 52.54
0 0 52.57
0.33 0.042 52.61
0.322 0.018 52.64
0.313 0.017 52.68
0.312 0.016 52.71
0.307 0.015 52.74
0.306 0.014 52.77
0.303 0.014 52.81
0.303 0.012 52.84
0.301 0.011 52.88
0.3 0.011 52.91
0.296 0.011 52.94
0.294 0.008 52.97
0.294 0.007 53.01
0.296 0.005 53.04
0.293 0.003 53.08
0.291 0.008 53.11
0.294 0.009 53.14
0.296 0.011 53.18
0.305 0.014 53.21
0.308 0.015 53.24
0.317 0.023 53.27
0.322 0.029 53.31
0.333 0.035 53.34
0 0 53.37
0.373 0.077 53.41
0 0 53.44
0 0 53.47
0 0 53.51
0 0 53.54
0 0 53.57
0 0 53.6
0 0 53.64
0 0 53.67
0 0 53.7
0 0 53.74
0 0 53.77
0 0 53.8
0 0 53.84
0.437 0.076 53.87
0.414 0.027 53.91
0 0 53.94
0.375 0.046 53.97
0.362 0.017 54.01
0.354 0.012 54.04
0 0 54.07
0 0 54.1
0.347 0.018 54.14
0.348 0.003 54.18
0.349 0.003 54.21
0.351 0.003 54.24
0.355 0.004 54.27
0.357 0.003 54.31
0.357 0.005 54.34
0.36 0.003 54.37
0.36 0.004 54.41
0.361 0.004 54.44
0 0 54.47
0.367 0.008 54.51
0.367 0.004 54.54
0 0 54.57
0.382 0.029 54.61
0 0 54.64
0 0 54.67
0 0 54.7
0 0 54.74
0 0 54.77
0 0 54.8
0 0 54.84
0 0 54.87
0 0 54.9
0 0 54.94
0 0 54.97
0 0 55.01
0 0 55.04
0 0 55.07
0 0 55.1
0 0 55.14
0 0 55.17
0 0 55.2
0 0 55.24
0 0 55.27
0 0 55.3
0 0 55.34
0 0 55.37
0 0 55.4
0 0 55.44
0 0 55.47
0 0 55.51
0 0 55.54
0 0 55.57
0 0 55.6
0 0 55.64
0 0 55.67
0 0 55.71
0 0 55.74
0 0 55.77
0 0 55.8
0 0 55.84
0 0 55.87
0 0 55.9
0 0 55.94
0 0 55.97
0 0 56.01
0 0 56.04
0 0 56.07
0 0 56.11
0 0 56.14
0 0 56.17
0 0 56.21
0 0 56.24
0 0 56.27
0 0 56.3
0 0 56.34
0 0 56.37
0 0 56.4
0 0 56.44
0 0 56.47
0 0 56.51
0 0 56.54
0 0 56.57
0 0 56.6
0 0 56.64
0 0 56.67
0 0 56.7
0 0 56.74
0 0 56.77
0 0 56.8
0.506 0.067 56.84
0.48 0.032 56.87
0.46 0.03 56.91
0.436 0.03 56.94
0 0 56.97
0 0 57.01
0.397 0.07 57.04
0.388 0.018 57.07
0.385 0.017 57.11
0.379 0.015 57.14
0.375 0.014 57.18
0.374 0.013 57.21
0.368 0.012 57.24
0.367 0.01 57.27
0.367 0.009 57.31
0.37 0.009 57.34
0.368 0.007 57.37
0.368 0.004 57.41
0.371 0.006 57.44
0.374 0.005 57.47
0.378 0.005 57.51
0.381 0.005 57.54
0.385 0.006 57.57
0.387 0.003 57.61
0.393 0.007 57.64
0.39 0.011 57.68
0.392 0.002 57.71
0.391 0.003 57.74
0.394 0.001 57.77
0.393 0.002 57.81
0.394 0.001 57.84
0.394 0.004 57.87
0.395 0.001 57.91
0.393 0.004 57.94
0.393 0.001 57.97
0.394 0.002 58.01
0.392 0.002 58.04
0.393 0.001 58.07
0.394 0.003 58.11
0.395 0.007 58.14
0.391 0.007 58.18
0.393 0.003 58.21
0.393 0.001 58.24
0.393 0.001 58.27
0.395 0.002 58.31
0.395 0.001 58.34
0.396 0.002 58.37
0.397 0.001 58.41
0.398 0.001 58.44
0.399 0.001 58.47
0.401 0.002 58.51
0.401 0.003 58.54
0 0 58.57
0.402 0.002 58.61
0.404 0.003 58.64
0.403 0.003 58.67
0.403 0.001 58.71
0.404 0.004 58.74
0.402 0.002 58.77
0.401 0.004 58.81
0.397 0.005 58.84
0.391 0.008 58.87
0.385 0.009 58.91
0.377 0.01 58.94
0.369 0.011 58.97
0.361 0.01 59.01
0.355 0.006 59.04
0.351 0.005 59.07
0.35 0.001 59.11
0.352 0.003 59.14
0.354 0.003 59.17
0.357 0.002 59.21
0.358 0.005 59.24
0.362 0.004 59.27
0.365 0.003 59.31
0.367 0.003 59.34
0.367 0.002 59.37
0.369 0.001 59.41
0.369 0.001 59.44
0.368 0.002 59.47
0.368 0.002 59.51
0.368 0.002 59.54
0.367 0.002 59.57
0.366 0.002 59.61
0.366 0.003 59.64
0.366 0.0 59.67
0.367 0.002 59.71
0.367 0.001 59.74
0.368 0.002 59.77
0.368 0.001 59.81
0.369 0.001 59.84
0.37 0.002 59.87
0.372 0.002 59.91
0 0 59.94
0.373 0.005 59.97
0.371 0.002 60.01
0.371 0.001 60.04
0.37 0.003 60.07
0.371 0.004 60.11
0.371 0.002 60.14
0.372 0.003 60.17
0 0 60.2
0.371 0.004 60.24
0 0 60.27
0.371 0.002 60.31
0 0 60.34
0.369 0.001 60.38
0.368 0.001 60.41
0.364 0.004 60.44
0 0 60.47
0.361 0.005 60.51
0.359 0.002 60.54
0.356 0.002 60.57
0.351 0.007 60.61
0.35 0.002 60.64
0.348 0.001 60.67
0.345 0.006 60.71
0.344 0.003 60.74
0.339 0.01 60.77
0.336 0.012 60.81
0.335 0.018 60.84
0.341 0.022 60.87
0.349 0.022 60.91
0.36 0.017 60.94
0.373 0.015 60.97
0.385 0.015 61.01
0.393 0.013 61.04
0.4 0.01 61.07
0.405 0.007 61.11
0.409 0.013 61.14
0.422 0.025 61.17
0.442 0.033 61.21
0 0 61.24
0 0 61.27
0.557 0.128 61.3
0 0 61.34
0 0 61.37
0 0 61.4
0 0 61.44
0 0 61.47
0 0 61.5
0 0 61.54
0 0 61.57
0 0 61.6
0 0 61.64
0 0 61.67
0 0 61.7
0 0 61.74
0 0 61.77
0 0 61.8
0 0 61.84
0 0 61.87
0 0 61.9
0 0 61.94
0 0 61.97
0 0 62.0
0 0 62.04
0 0 62.07
0.491 0.078 62.1
0.462 0.035 62.14
0.447 0.03 62.17
0 0 62.2
0.412 0.054 62.24
0.399 0.023 62.27
0.387 0.02 62.31
0.375 0.017 62.34
0.369 0.015 62.37
0.361 0.012 62.41
0.358 0.009 62.44
0.355 0.007 62.47
0.353 0.006 62.51
0.352 0.004 62.54
0.352 0.004 62.57
0.351 0.003 62.61
0.35 0.002 62.64
0.35 0.002 62.67
0.35 0.003 62.71
0.348 0.002 62.74
0.347 0.001 62.77
0.348 0.002 62.81
0.346 0.003 62.84
0.346 0.001 62.87
0.347 0.003 62.91
0.345 0.002 62.94
0.342 0.004 62.97
0.341 0.003 63.01
0.339 0.004 63.04
0.335 0.005 63.07
0.332 0.003 63.1
0.329 0.004 63.14
0.326 0.003 63.17
0.325 0.004 63.21
0.323 0.008 63.24
0.319 0.015 63.27
0.322 0.025 63.31
0 0 63.34
0 0 63.37
0 0 63.4
0 0 63.44
0 0 63.47
0 0 63.5
0 0 63.54
0 0 63.57
0 0 63.6
0 0 63.64
0 0 63.67
0 0 63.7
0 0 63.74
0 0 63.77
0 0 63.8
0 0 63.84
0 0 63.87
0 0 63.9
0 0 63.93
0 0 63.97
0 0 64.0
0 0 64.04
0 0 64.07
0 0 64.1
0 0 64.14
0 0 64.17
0 0 64.2
0 0 64.24
0 0 64.27
0 0 64.3
0 0 64.34
0 0 64.37
0 0 64.4
0 0 64.44
0 0 64.47
0 0 64.5
0 0 64.54
0 0 64.57
0 0 64.6
0 0 64.64
0 0 64.67
0 0 64.7
0 0 64.74
0 0 64.77
0 0 64.8
0 0 64.84
0 0 64.87
0 0 64.9
0 0 64.94
0 0 64.97
0 0 65.0
0 0 65.04
0 0 65.07
0 0 65.1
0 0 65.13
0 0 65.17
0 0 65.2
0 0 65.24
0 0 65.27
0 0 65.3
0 0 65.34
0 0 65.37
0 0 65.4
0 0 65.44
0 0 65.47
0 0 65.5
0 0 65.53
0 0 65.57
0 0 65.6
0 0 65.64
0 0 65.67
0 0 65.7
0 0 65.74
0 0 65.77
0 0 65.8
0 0 65.84
0 0 65.87
0 0 65.9
0 0 65.94
0 0 65.97
0 0 66.0
0 0 66.03
0 0 66.07
0 0 66.1
0 0 66.14
0 0 66.17
0 0 66.2
0 0 66.24
0 0 66.27
0 0 66.3
0 0 66.34
0 0 66.37
0 0 66.4
0 0 66.44
0 0 66.47
0 0 66.5
0 0 66.54
0 0 66.57
0 0 66.6
0 0 66.64
0 0 66.67
0 0 66.7
0 0 66.73
0 0 66.77
0 0 66.8
0 0 66.84
0 0 66.87
0 0 66.9
0 0 66.94
0 0 66.97
0 0 67.0
0 0 67.03
0 0 67.07
0 0 67.1
0 0 67.13
0 0 67.17
0 0 67.2
0 0 67.24
0 0 67.27
0 0 67.3
0 0 67.34
0 0 67.37
0 0 67.4
0 0 67.44
0 0 67.47
0 0 67.5
0 0 67.53
0 0 67.57
0 0 67.6
0 0 67.63
0 0 67.67
0 0 67.7
0 0 67.73
0 0 67.77
0 0 67.8
0 0 67.84
0 0 67.87
0 0 67.9
0 0 67.93
0 0 67.97
0 0 68.0
0 0 68.04
0 0 68.07
0 0 68.1
0 0 68.14
0 0 68.17
0 0 68.2
0 0 68.24
0 0 68.27
0 0 68.3
0 0 68.34
0 0 68.37
0 0 68.4
0 0 68.43
0 0 68.47
0 0 68.5
0 0 68.54
0 0 68.57
0 0 68.6
0 0 68.64
0 0 68.67
0 0 68.7
0 0 68.74
0 0 68.77
0 0 68.8
0 0 68.84
0 0 68.87
0 0 68.9
0 0 68.94
0 0 68.97
0 0 69.01
0 0 69.04
0 0 69.07
0 0 69.1
0 0 69.14
0 0 69.17
0 0 69.2
0 0 69.24
0 0 69.27
0 0 69.3
0 0 69.34
0 0 69.37
0 0 69.4
0 0 69.44
0 0 69.47
0 0 69.5
0 0 69.53
0 0 69.57
0 0 69.6
0 0 69.64
0 0 69.67
0 0 69.7
0 0 69.74
0 0 69.77
0 0 69.8
0 0 69.84
0 0 69.87
0 0 69.9
0 0 69.94
0 0 69.97
0 0 70.0
0 0 70.04
0 0 70.07
0 0 70.1
0 0 70.14
0 0 70.17
0 0 70.2
0 0 70.24
0 0 70.27
0 0 70.3
0 0 70.34
0 0 70.37
0 0 70.4
0 0 70.43
0 0 70.47
0 0 70.5
0 0 70.54
0 0 70.57
0 0 70.6
0 0 70.64
0 0 70.67
0 0 70.7
0 0 70.74
0 0 70.77
0 0 70.8
0 0 70.84
0 0 70.87
0 0 70.9
0 0 70.94
0 0 70.97
0 0 71.0
0 0 71.04
0 0 71.07
0 0 71.1
0 0 71.13
0 0 71.17
0 0 71.2
0 0 71.24
0 0 71.27
0 0 71.3
0 0 71.34
0 0 71.37
0 0 71.4
0 0 71.44
0 0 71.47
0 0 71.5
0 0 71.54
0 0 71.57
0 0 71.6
0 0 71.63
0 0 71.67
0 0 71.7
0 0 71.74
0 0 71.77
0 0 71.8
0 0 71.84
0 0 71.87
0 0 71.9
0 0 71.93
0 0 71.97
0 0 72.0
0 0 72.03
0 0 72.07
0 0 72.1
0 0 72.13
0 0 72.17
0 0 72.2
0 0 72.24
0 0 72.27
0 0 72.3
0 0 72.34
0 0 72.37
0 0 72.4
0 0 72.43
0 0 72.47
0 0 72.5
0 0 72.53
0 0 72.57
0 0 72.6
0 0 72.63
0 0 72.67
0 0 72.7
0 0 72.73
0 0 72.77
0 0 72.8
0 0 72.84
0 0 72.87
0 0 72.9
0 0 72.93
0 0 72.97
0 0 73.0
0 0 73.03
0 0 73.07
0 0 73.1
0 0 73.13
0 0 73.17
0 0 73.2
0 0 73.23
0 0 73.27
0.47 0.277 73.3
0.457 0.016 73.34
0.443 0.016 73.37
0.433 0.017 73.4
0.423 0.014 73.44
0.412 0.013 73.47
0.403 0.011 73.5
0.402 0.009 73.53
0.396 0.009 73.57
0.39 0.008 73.6
0.388 0.009 73.64
0.381 0.009 73.67
0.373 0.011 73.7
0.37 0.011 73.74
0.36 0.012 73.77
0.351 0.012 73.8
0.351 0.011 73.84
0.343 0.01 73.87
0.337 0.009 73.91
0.338 0.008 73.94
0.333 0.007 73.97
0.33 0.006 74.01
0.327 0.005 74.04
0.328 0.005 74.07
0.326 0.004 74.1
0.321 0.006 74.14
0.324 0.003 74.17
0.324 0.002 74.2
0.324 0.003 74.24
0.329 0.003 74.27
0.329 0.003 74.3
0.329 0.002 74.34
0.339 0.001 74.37
0.341 0.003 74.4
0.343 0.002 74.44
0.345 0.004 74.47
0.355 0.013 74.5
0.367 0.026 74.54
0 0 74.57
0 0 74.6
0 0 74.63
0 0 74.67
0 0 74.7
0 0 74.73
0 0 74.77
0 0 74.8
0 0 74.84
0 0 74.87
0 0 74.9
0 0 74.93
0 0 74.97
0 0 75.0
0 0 75.03
0 0 75.07
0 0 75.1
0 0 75.13
0 0 75.17
0 0 75.2
0 0 75.23
0 0 75.27
0 0 75.3
0 0 75.34
0 0 75.37
0 0 75.4
0 0 75.43
0 0 75.47
0 0 75.5
0 0 75.53
0 0 75.57
0 0 75.6
0 0 75.63
0 0 75.67
0 0 75.7
0 0 75.73
0 0 75.77
0 0 75.8
0 0 75.84
0 0 75.87
0 0 75.9
0 0 75.93
0 0 75.97
0 0 76.0
0 0 76.03
0 0 76.07
0 0 76.1
0 0 76.13
0 0 76.17
0 0 76.2
0 0 76.24
0 0 76.27
0 0 76.3
0.579 0.236 76.34
0.563 0.019 76.37
0 0 76.4
0.521 0.047 76.44
0.504 0.022 76.47
0.488 0.021 76.5
0.474 0.02 76.54
0.461 0.019 76.57
0.45 0.018 76.6
0.439 0.016 76.64
0.43 0.014 76.67
0.421 0.013 76.7
0.415 0.011 76.74
0.407 0.011 76.77
0.401 0.008 76.8
0.395 0.008 76.84
0.391 0.007 76.87
0.388 0.006 76.9
0.386 0.004 76.94
0.383 0.005 76.97
0.383 0.004 77.0
0.38 0.004 77.04
0.379 0.003 77.07
0.376 0.003 77.1
0.376 0.004 77.14
0.375 0.002 77.17
0.376 0.004 77.2
0.376 0.002 77.24
0.378 0.002 77.27
0.378 0.0 77.3
0.378 0.002 77.34
0.379 0.002 77.37
0.379 0.001 77.4
0.379 0.002 77.44
0.377 0.004 77.47
0.376 0.007 77.5
0.374 0.011 77.54
0.376 0.017 77.57
0.383 0.025 77.6
0.396 0.031 77.63
0 0 77.67
0 0 77.7
0.48 0.107 77.74
0 0 77.77
0 0 77.8
0 0 77.84
0 0 77.87
0 0 77.9
0 0 77.93
0 0 77.97
0 0 78.0
0 0 78.03
0 0 78.07
0 0 78.1
0 0 78.13
0 0 78.17
0 0 78.2
0 0 78.23
0 0 78.27
0 0 78.3
0 0 78.33
0 0 78.37
0 0 78.4
0 0 78.43
0 0 78.47
0 0 78.5
0 0 78.53
0 0 78.57
0 0 78.6
0 0 78.63
0 0 78.67
0 0 78.7
0 0 78.73
0 0 78.77
0 0 78.8
0.653 0.187 78.84
0 0 78.87
0 0 78.9
0 0 78.93
0 0 78.97
0 0 79.0
0 0 79.03
0 0 79.07
0.623 0.03 79.1
0.612 0.015 79.13
0.599 0.017 79.17
0.573 0.028 79.2
0.546 0.028 79.24
0.519 0.028 79.27
0.489 0.03 79.3
0 0 79.34
0 0 79.37
0.409 0.084 79.4
0.389 0.025 79.44
0.372 0.021 79.47
0.36 0.017 79.5
0.352 0.014 79.54
0.346 0.011 79.57
0.342 0.009 79.6
0.34 0.008 79.64
0.339 0.007 79.67
0.338 0.006 79.7
0.338 0.005 79.74
0.336 0.004 79.77
0.333 0.004 79.8
0.331 0.003 79.84
0.33 0.003 79.87
0.329 0.002 79.9
0.328 0.003 79.94
0.327 0.002 79.97
0.327 0.002 80.0
0.327 0.001 80.04
0.327 0.001 80.07
0.327 0.001 80.1
0.328 0.001 80.14
0.328 0.001 80.17
0.329 0.001 80.2
0.329 0.002 80.24
0.33 0.002 80.27
0.331 0.002 80.3
0.331 0.002 80.34
0.333 0.002 80.37
0.335 0.002 80.4
0.335 0.006 80.44
0.333 0.014 80.47
0.336 0.025 80.5
0 0 80.53
0 0 80.57
0 0 80.6
0 0 80.63
0 0 80.67
0 0 80.7
0 0 80.73
0 0 80.77
0 0 80.8
0 0 80.83
0 0 80.87
0 0 80.9
0 0 80.93
0 0 80.97
0 0 81.0
0 0 81.03
0 0 81.07
0 0 81.1
0 0 81.13
0 0 81.17
0 0 81.2
0 0 81.23
0 0 81.27
0 0 81.3
0 0 81.33
0 0 81.37
0 0 81.4
0 0 81.43
0 0 81.47
0 0 81.5
0 0 81.53
0 0 81.57
0 0 81.6
0 0 81.63
0 0 81.67
0 0 81.7
0 0 81.73
0 0 81.77
0 0 81.8
0 0 81.83
0 0 81.87
0 0 81.9
0 0 81.93
0 0 81.97
0 0 82.0
0 0 82.03
0 0 82.07
0 0 82.1
0 0 82.13
0 0 82.17
0 0 82.2
0 0 82.23
0 0 82.27
0 0 82.3
0 0 82.33
0 0 82.37
0 0 82.4
0 0 82.43
0 0 82.47
0 0 82.5
0 0 82.53
0 0 82.57
0 0 82.6
0 0 82.63
0 0 82.67
0 0 82.7
0 0 82.73
0 0 82.77
0 0 82.8
0 0 82.83
0 0 82.87
0 0 82.9
0 0 82.93
0 0 82.97
0 0 83.0
0 0 83.03
0 0 83.07
0 0 83.1
0 0 83.13
0 0 83.17
0 0 83.2
0 0 83.23
0 0 83.27
0 0 83.3
0 0 83.33
0 0 83.37
0 0 83.4
0 0 83.43
0 0 83.47
0 0 83.5
0 0 83.53
0 0 83.57
0 0 83.6
0 0 83.63
0 0 83.67
0 0 83.7
0 0 83.73
0 0 83.77
0 0 83.8
0 0 83.83
0 0 83.87
0 0 83.9
0 0 83.93
0.62 0.306 83.97
0.592 0.028 84.0
0.567 0.025 84.03
0.547 0.022 84.07
0.518 0.032 84.1
0.499 0.023 84.14
0.481 0.022 84.17
0.462 0.023 84.2
0.448 0.02 84.23
0.432 0.02 84.27
0 0 84.3
0.411 0.036 84.34
0.405 0.015 84.37
0.399 0.014 84.4
0.396 0.012 84.44
0.391 0.011 84.47
0.388 0.01 84.5
0.384 0.009 84.53
0.383 0.007 84.57
0.383 0.008 84.6
0.382 0.007 84.64
0.383 0.007 84.67
0.382 0.007 84.7
0.381 0.004 84.74
0.378 0.003 84.77
0.375 0.003 84.8
0.373 0.003 84.84
0.369 0.002 84.87
0.368 0.002 84.9
0.365 0.002 84.93
0.363 0.003 84.97
0.359 0.003 85.0
0.357 0.002 85.03
0.356 0.002 85.07
0.354 0.002 85.1
0.357 0.004 85.13
0.361 0.009 85.17
0.366 0.007 85.2
0.369 0.003 85.24
0.371 0.003 85.27
0.37 0.003 85.3
0.369 0.001 85.34
0.37 0.001 85.37
0.364 0.003 85.4
0.362 0.002 85.43
0.362 0.001 85.47
0.362 0.002 85.5
0.362 0.004 85.54
0.363 0.004 85.57
0.366 0.004 85.6
0.364 0.002 85.63
0.363 0.002 85.67
0.363 0.002 85.7
0.359 0.005 85.73
0.357 0.006 85.77
0.353 0.007 85.8
0.35 0.01 85.83
0.341 0.012 85.87
0.336 0.012 85.9
0.334 0.009 85.93
0.326 0.006 85.97
0.324 0.003 86.0
0.321 0.006 86.03
0.316 0.003 86.07
0.313 0.003 86.1
0.311 0.003 86.13
0.306 0.002 86.17
0.306 0.002 86.2
0.306 0.001 86.24
0.307 0.002 86.27
0.304 0.003 86.3
0.307 0.011 86.34
0.311 0.018 86.37
0.321 0.031 86.4
0 0 86.43
0 0 86.47
0 0 86.5
0 0 86.53
0 0 86.57
0 0 86.6
0 0 86.63
0 0 86.67
0 0 86.7
0 0 86.73
0 0 86.76
0 0 86.8
0 0 86.83
0 0 86.86
0 0 86.9
0 0 86.93
0 0 86.96
0 0 87.0
0 0 87.03
0 0 87.06
0 0 87.1
0 0 87.13
0 0 87.17
0 0 87.2
0 0 87.23
0 0 87.26
0 0 87.3
0 0 87.33
0 0 87.36
0 0 87.4
0 0 87.43
0 0 87.47
0 0 87.5
0 0 87.53
0 0 87.56
0 0 87.6
0 0 87.63
0 0 87.67
0 0 87.7
0 0 87.73
0 0 87.76
0 0 87.8
0 0 87.83
0 0 87.87
0 0 87.9
0 0 87.93
0 0 87.97
0 0 88.0
0 0 88.03
0 0 88.06
0 0 88.1
0 0 88.13
0 0 88.17
0 0 88.2
0 0 88.23
0 0 88.26
0 0 88.3
0 0 88.33
0 0 88.36
0 0 88.4
0 0 88.43
0 0 88.47
0 0 88.5
0 0 88.53
0 0 88.57
0 0 88.6
0 0 88.63
0 0 88.67
0 0 88.7
0 0 88.73
0 0 88.77
0 0 88.8
0 0 88.83
0 0 88.87
0 0 88.9
0 0 88.93
0 0 88.97
0 0 89.0
0 0 89.03
0 0 89.07
0 0 89.1
0 0 89.13
0 0 89.17
0 0 89.2
0 0 89.23
0 0 89.27
0 0 89.3
0 0 89.34
0 0 89.37
0 0 89.4
0 0 89.43
0 0 89.47
0 0 89.5
0 0 89.53
0 0 89.57
0 0 89.6
0 0 89.64
0 0 89.67
0 0 89.7
0 0 89.74
0 0 89.77
0 0 89.8
0 0 89.84
0 0 89.87
0 0 89.9
0 0 89.93
0 0 89.97
0 0 90.0
0 0 90.03
0 0 90.07
0 0 90.1
0 0 90.13
0 0 90.17
0 0 90.2
0 0 90.23
0 0 90.27
0 0 90.3
0 0 90.33
0 0 90.37
0 0 90.4
0 0 90.43
0 0 90.47
0 0 90.5
0 0 90.53
0 0 90.57
0 0 90.6
0 0 90.63
0 0 90.67
0 0 90.7
0 0 90.73
0 0 90.77
0 0 90.8
0 0 90.83
0 0 90.86
0 0 90.9
0 0 90.93
0 0 90.96
0 0 91.0
0 0 91.03
0 0 91.07
0 0 91.1
0 0 91.13
0 0 91.17
0 0 91.2
0 0 91.23
0 0 91.26
0 0 91.3
0 0 91.33
0 0 91.36
0 0 91.4
0 0 91.43
0 0 91.46
0 0 91.5
0 0 91.53
0 0 91.56
0 0 91.6
0 0 91.63
0 0 91.67
0 0 91.7
0 0 91.73
0 0 91.76
0 0 91.8
0 0 91.83
0 0 91.87
0 0 91.9
0 0 91.93
0 0 91.97
0 0 92.0
0 0 92.03
0 0 92.07
0 0 92.1
0 0 92.13
0 0 92.17
0 0 92.2
0 0 92.23
0 0 92.26
0 0 92.3
0 0 92.33
0 0 92.36
0 0 92.4
0 0 92.43
0 0 92.46
0 0 92.5
0 0 92.53
0 0 92.57
0 0 92.6
0 0 92.63
0 0 92.67
0 0 92.7
0 0 92.73
0 0 92.76
0 0 92.8
0 0 92.83
0 0 92.86
0 0 92.9
0 0 92.93
0 0 92.97
0 0 93.0
0 0 93.03
0 0 93.06
0 0 93.1
0 0 93.13
0 0 93.17
0 0 93.2
0 0 93.23
0 0 93.26
0 0 93.3
0 0 93.33
0 0 93.36
0 0 93.4
0 0 93.43
0 0 93.46
0 0 93.5
0 0 93.53
0 0 93.56
0 0 93.6
0 0 93.63
0 0 93.67
0 0 93.7
0 0 93.73
0 0 93.76
0 0 93.8
0 0 93.83
0 0 93.86
0 0 93.9
0 0 93.93
0 0 93.96
0 0 94.0
0 0 94.03
0 0 94.06
0 0 94.1
0 0 94.13
0 0 94.17
0 0 94.2
0 0 94.23
0 0 94.26
0 0 94.3
0 0 94.33
0 0 94.36
0 0 94.4
0 0 94.43
0 0 94.46
0 0 94.5
0 0 94.53
0 0 94.56
0 0 94.6
0 0 94.63
0 0 94.66
0 0 94.7
0 0 94.73
0 0 94.76
0 0 94.8
0 0 94.83
0 0 94.86
0 0 94.9
0 0 94.93
0 0 94.96
0 0 95.0
0 0 95.03
0 0 95.06
0 0 95.1
0 0 95.13
0 0 95.16
0 0 95.2
0 0 95.23
0 0 95.26
0 0 95.3
0 0 95.33
0 0 95.36
0 0 95.4
0 0 95.43
0 0 95.46
0 0 95.5
0 0 95.53
0 0 95.56
0 0 95.6
0 0 95.63
0 0 95.66
0 0 95.7
0 0 95.73
0 0 95.76
0 0 95.8
0 0 95.83
0 0 95.86
0 0 95.9
0 0 95.93
0 0 95.96
0 0 96.0
0 0 96.03
0 0 96.06
0 0 96.1
0 0 96.13
0 0 96.17
0 0 96.2
0 0 96.23
0 0 96.26
0 0 96.3
0 0 96.33
0 0 96.36
0 0 96.4
0 0 96.43
0 0 96.46
0 0 96.5
0 0 96.53
0 0 96.56
0 0 96.6
0 0 96.63
0 0 96.67
0 0 96.7
0 0 96.73
0 0 96.76
0 0 96.8
0 0 96.83
0 0 96.86
0 0 96.9
0 0 96.93
0 0 96.96
0 0 97.0
0 0 97.03
0 0 97.06
0 0 97.1
0 0 97.13
0 0 97.16
0 0 97.2
0 0 97.23
0 0 97.26
0 0 97.3
0 0 97.33
0 0 97.36
0 0 97.4
0 0 97.43
0 0 97.47
0 0 97.5
0 0 97.53
0 0 97.57
0 0 97.61
0 0 97.63
0 0 97.67
0 0 97.7
0 0 97.73
0 0 97.76
0 0 97.8
0 0 97.83
0 0 97.87
0 0 97.9
0 0 97.93
0 0 97.96
0 0 98.0
0 0 98.03
0 0 98.06
0 0 98.1
0 0 98.13
0 0 98.17
0 0 98.2
0 0 98.23
0 0 98.27
0 0 98.3
0 0 98.33
0 0 98.36
0 0 98.4
0 0 98.43
0 0 98.46
0 0 98.5
0 0 98.53
0 0 98.56
0 0 98.6
0 0 98.63
0 0 98.66
0 0 98.7
0 0 98.73
0 0 98.76
0 0 98.8
0 0 98.84
0 0 98.87
0 0 98.9
0 0 98.93
0 0 98.96
0 0 99.0
0 0 99.03
0 0 99.06
0 0 99.1
0 0 99.13
0 0 99.16
0 0 99.2
0 0 99.23
0 0 99.26
0 0 99.3
0 0 99.33
0 0 99.36
0 0 99.4
0 0 99.43
0 0 99.46
0 0 99.5
0 0 99.53
0 0 99.56
0 0 99.6
0 0 99.63
0 0 99.67
0 0 99.7
0 0 99.73
0 0 99.76
0 0 99.8
0.504 0.224 99.84
0.486 0.026 99.87
0.465 0.022 99.9
0.447 0.02 99.93
0.427 0.022 99.96
0.413 0.02 100.0
0.399 0.017 100.03
0.384 0.017 100.07
0.375 0.015 100.1
0.365 0.013 100.13
0.356 0.011 100.17
0.355 0.009 100.2
0.351 0.008 100.23
0.347 0.007 100.27
0.349 0.006 100.3
0.348 0.006 100.33
0.347 0.005 100.36
0.347 0.004 100.4
0.351 0.004 100.43
0.35 0.003 100.47
0.35 0.003 100.5
0.356 0.004 100.54
0.357 0.003 100.57
0.359 0.002 100.61
0.363 0.002 100.63
0.364 0.002 100.67
0.366 0.002 100.7
0.369 0.001 100.73
0.37 0.001 100.77
0.372 0.002 100.8
0.373 0.002 100.83
0.377 0.002 100.87
0.376 0.003 100.9
0.376 0.004 100.93
0.38 0.004 100.97
0.383 0.003 101.0
0.384 0.003 101.03
0.389 0.001 101.07
0.388 0.002 101.1
0.386 0.002 101.13
0.387 0.002 101.17
0.385 0.002 101.2
0.384 0.001 101.23
0.382 0.002 101.27
0.384 0.001 101.3
0.384 0.002 101.33
0.384 0.001 101.37
0.386 0.001 101.4
0.387 0.001 101.43
0.388 0.002 101.47
0.391 0.001 101.5
0.392 0.002 101.53
0.394 0.002 101.56
0.396 0.001 101.6
0.396 0.001 101.63
0.396 0.001 101.67
0.397 0.002 101.7
0.4 0.002 101.73
0.401 0.003 101.77
0.403 0.003 101.8
0.405 0.001 101.83
0.407 0.003 101.87
0.41 0.003 101.9
0.413 0.002 101.93
0.414 0.002 101.97
0.415 0.001 102.0
0.418 0.002 102.03
0.42 0.002 102.07
0.423 0.003 102.1
0.426 0.003 102.13
0.429 0.003 102.17
0.431 0.002 102.2
0.432 0.001 102.24
0.433 0.001 102.27
0.434 0.002 102.3
0.435 0.001 102.34
0.435 0.001 102.37
0.435 0.001 102.4
0.435 0.001 102.43
0.435 0.001 102.47
0.436 0.001 102.5
0.436 0.0 102.54
0.435 0.002 102.58
0.435 0.0 102.6
0.435 0.001 102.64
0.434 0.002 102.67
0.433 0.001 102.7
0.433 0.001 102.73
0.433 0.002 102.77
0.432 0.002 102.8
0.432 0.001 102.83
0.43 0.003 102.87
0.429 0.001 102.9
0.428 0.002 102.93
0.428 0.001 102.97
0.427 0.001 103.0
0.426 0.001 103.03
0.424 0.003 103.07
0.422 0.001 103.1
0.42 0.003 103.13
0.417 0.002 103.17
0.415 0.003 103.2
0.413 0.002 103.23
0.412 0.002 103.26
0.411 0.001 103.3
0.41 0.003 103.36
0.41 0.001 103.38
0.41 0.001 103.41
0.41 0.001 103.43
0.41 0.002 103.47
0.412 0.002 103.5
0.413 0.002 103.53
0.416 0.003 103.57
0.42 0.003 103.6
0.422 0.003 103.63
0.425 0.004 103.67
0.427 0.002 103.7
0.427 0.001 103.73
0.428 0.003 103.77
0.428 0.001 103.8
0.428 0.0 103.83
0.429 0.003 103.87
0 0 103.9
0 0 103.93
0.434 0.01 103.97
0.434 0.007 104.0
0 0 104.03
0 0 104.06
0 0 104.1
0 0 104.13
0 0 104.17
0 0 104.2
0 0 104.23
0 0 104.26
0 0 104.3
0 0 104.33
0 0 104.37
0 0 104.4
0 0 104.43
0 0 104.47
0 0 104.5
0 0 104.53
0 0 104.56
0 0 104.6
0 0 104.63
0 0 104.66
0 0 104.7
0 0 104.73
0 0 104.76
0 0 104.79
0 0 104.83
0 0 104.86
0 0 104.9
0 0 104.93
0 0 104.96
0 0 105.0
0 0 105.03
0 0 105.06
0 0 105.1
0 0 105.13
0 0 105.16
0 0 105.2
0 0 105.23
0 0 105.26
0 0 105.29
0 0 105.33
0 0 105.36
0 0 105.4
0 0 105.43
0 0 105.46
0 0 105.5
0 0 105.53
0 0 105.56
0 0 105.6
0 0 105.63
0 0 105.66
0 0 105.69
0 0 105.73
0 0 105.76
0 0 105.79
0 0 105.83
0 0 105.86
0 0 105.9
0 0 105.93
0 0 105.96
0 0 106.0
0 0 106.03
0 0 106.06
0 0 106.1
0 0 106.13
0 0 106.16
0 0 106.19
0 0 106.23
0 0 106.26
0 0 106.3
0.678 0.286 106.33
0 0 106.36
0 0 106.4
0.668 0.021 106.43
0 0 106.46
0.651 0.022 106.5
0.635 0.017 106.53
0.62 0.015 106.56
0 0 106.6
0 0 106.63
0.557 0.064 106.67
0.535 0.023 106.7
0.514 0.021 106.73
0.492 0.023 106.76
0.474 0.02 106.8
0.458 0.018 106.83
0.443 0.017 106.86
0.43 0.015 106.9
0.419 0.014 106.93
0.41 0.012 106.96
0.404 0.01 107.0
0.399 0.009 107.03
0.396 0.007 107.06
0.392 0.006 107.1
0.389 0.005 107.13
0.386 0.004 107.17
0.384 0.003 107.2
0.385 0.003 107.23
0.386 0.003 107.26
0.388 0.004 107.3
0.391 0.004 107.33
0.392 0.003 107.37
0.394 0.002 107.4
0.394 0.001 107.43
0.392 0.001 107.46
0.39 0.002 107.5
0.39 0.001 107.53
0.39 0.001 107.57
0.39 0.001 107.6
0.39 0.001 107.63
0.391 0.001 107.66
0.39 0.002 107.7
0.389 0.001 107.73
0.389 0.001 107.76
0.387 0.001 107.8
0.388 0.003 107.83
0.386 0.003 107.86
0.387 0.001 107.9
0.388 0.001 107.93
0.388 0.0 107.96
0.388 0.001 108.0
0.389 0.001 108.03
0.389 0.001 108.07
0.391 0.003 108.1
0.394 0.002 108.13
0.395 0.002 108.17
0.398 0.002 108.2
0.398 0.003 108.23
0.402 0.005 108.26
0.405 0.004 108.3
0.408 0.003 108.33
0.41 0.003 108.36
0.415 0.005 108.4
0.415 0.002 108.43
0.418 0.004 108.46
0.418 0.001 108.5
0.418 0.001 108.53
0.418 0.001 108.56
0.419 0.001 108.6
0.417 0.002 108.63
0.416 0.003 108.67
0.416 0.001 108.7
0.415 0.001 108.73
0.417 0.002 108.76
0.418 0.002 108.8
0.418 0.002 108.83
0.42 0.003 108.86
0.422 0.003 108.9
0.423 0.002 108.93
0.425 0.006 108.96
0.423 0.003 109.0
0.423 0.002 109.03
0.421 0.002 109.06
0.421 0.002 109.1
0.42 0.001 109.13
0.418 0.002 109.17
0.419 0.003 109.2
0.416 0.004 109.23
0.416 0.004 109.26
0.415 0.001 109.3
0.414 0.001 109.33
0.412 0.002 109.36
0.408 0.002 109.4
0.407 0.002 109.43
0.404 0.003 109.46
0.4 0.002 109.5
0.398 0.003 109.53
0.397 0.004 109.56
0.39 0.008 109.6
0.39 0.013 109.63
0.396 0.018 109.66
0.402 0.023 109.7
0.414 0.025 109.73
0.438 0.029 109.76
0.464 0.029 109.8
0 0 109.83
0 0 109.86
0 0 109.89
0 0 109.93
0 0 109.96
0 0 110.0
0 0 110.03
0 0 110.06
0 0 110.09
0 0 110.13
0 0 110.16
0 0 110.19
0 0 110.23
0 0 110.26
0 0 110.29
0 0 110.33
0 0 110.36
0 0 110.39
0 0 110.43
0 0 110.46
0 0 110.5
0 0 110.53
0 0 110.56
0 0 110.59
0 0 110.63
0 0 110.66
0 0 110.69
0 0 110.73
0 0 110.76
0 0 110.79
0 0 110.83
0 0 110.86
0 0 110.89
0 0 110.93
0 0 110.96
0 0 111.0
0 0 111.03
0 0 111.06
0 0 111.09
0 0 111.13
0 0 111.16
0 0 111.19
0 0 111.23
0 0 111.26
0 0 111.29
0 0 111.33
0 0 111.36
0 0 111.39
0 0 111.43
0 0 111.46
0 0 111.5
0 0 111.53
0 0 111.56
0 0 111.59
0 0 111.63
0 0 111.66
0 0 111.69
0 0 111.73
0 0 111.76
0 0 111.79
0 0 111.83
0 0 111.86
0 0 111.9
0 0 111.93
0 0 111.96
0 0 112.0
0 0 112.03
0 0 112.06
0 0 112.09
0 0 112.13
0 0 112.16
0 0 112.2
0 0 112.23
0 0 112.26
0 0 112.3
0 0 112.33
0 0 112.36
0 0 112.39
0 0 112.43
0 0 112.46
0 0 112.5
0 0 112.53
0 0 112.56
0 0 112.6
0 0 112.63
0 0 112.66
0 0 112.7
0 0 112.73
0 0 112.76
0 0 112.79
0 0 112.83
0 0 112.86
0 0 112.9
0 0 112.93
0 0 112.96
0 0 113.0
0 0 113.03
0 0 113.07
0 0 113.1
0 0 113.13
0 0 113.17
0 0 113.2
0 0 113.23
0 0 113.26
0 0 113.29
0 0 113.33
0 0 113.36
0 0 113.39
0 0 113.43
0 0 113.46
0 0 113.5
0 0 113.53
0 0 113.56
0 0 113.59
0 0 113.63
0 0 113.67
0 0 113.69
0 0 113.73
0 0 113.76
0 0 113.79
0 0 113.83
0 0 113.87
0 0 113.9
0 0 113.93
0 0 113.96
0 0 114.0
0 0 114.03
0 0 114.06
0 0 114.1
0 0 114.13
0 0 114.17
0 0 114.19
0 0 114.23
0 0 114.26
0 0 114.3
0 0 114.33
0 0 114.36
0 0 114.4
0 0 114.43
0 0 114.46
0 0 114.5
0 0 114.54
0 0 114.59
0 0 114.63
0 0 114.67
0 0 114.69
0 0 114.71
0 0 114.73
0 0 114.76
0 0 114.8
0 0 114.83
0 0 114.86
0 0 114.9
0 0 114.93
0 0 114.96
0 0 115.0
0 0 115.03
0 0 115.06
0 0 115.1
0 0 115.13
0 0 115.16
0 0 115.19
0 0 115.23
0 0 115.26
0 0 115.29
0 0 115.33
0 0 115.36
0 0 115.4
0 0 115.43
0 0 115.46
0 0 115.5
0 0 115.53
0 0 115.56
0 0 115.59
0 0 115.63
0 0 115.66
0 0 115.69
0 0 115.73
0 0 115.76
0 0 115.79
0 0 115.83
0 0 115.86
0 0 115.89
0 0 115.93
0 0 115.96
0 0 116.0
0 0 116.03
0 0 116.06
0 0 116.09
0 0 116.13
0 0 116.16
0 0 116.19
0 0 116.23
0 0 116.26
0 0 116.29
0 0 116.33
0 0 116.36
0 0 116.39
0 0 116.43
0 0 116.46
0 0 116.49
0 0 116.53
0 0 116.56
0 0 116.59
0 0 116.63
0 0 116.66
0 0 116.69
0 0 116.73
0 0 116.76
0 0 116.79
0 0 116.83
0 0 116.86
0 0 116.89
0 0 116.93
0 0 116.96
0 0 116.99
0 0 117.03
0 0 117.06
0 0 117.09
0 0 117.13
0 0 117.16
0 0 117.19
0 0 117.23
0 0 117.26
0 0 117.29
0 0 117.33
0 0 117.36
0 0 117.39
0 0 117.43
0 0 117.46
0 0 117.49
0 0 117.53
0 0 117.56
0 0 117.59
0 0 117.63
0 0 117.66
0 0 117.69
0 0 117.73
0 0 117.76
0 0 117.79
0 0 117.83
0 0 117.86
0 0 117.89
0 0 117.93
0 0 117.96
0 0 118.0
0 0 118.03
0 0 118.06
0.471 0.063 118.1
0 0 118.13
0.431 0.05 118.16
0.413 0.021 118.19
0.399 0.018 118.23
0.395 0.015 118.26
0.387 0.014 118.3
0.382 0.012 118.33
0.383 0.01 118.36
0.379 0.009 118.4
0.379 0.008 118.43
0.382 0.006 118.46
0.38 0.005 118.5
0.377 0.004 118.53
0.375 0.004 118.56
0.379 0.003 118.6
0.38 0.002 118.63
0.381 0.002 118.66
0.387 0.002 118.7
0.388 0.003 118.73
0.39 0.003 118.76
0.394 0.001 118.8
0.394 0.0 118.83
0.394 0.001 118.86
0.394 0.001 118.9
0.397 0.0 118.93
0.397 0.001 118.96
0.396 0.003 119.0
0.4 0.002 119.03
0.4 0.001 119.06
0.4 0.002 119.1
0.404 0.001 119.13
0.405 0.001 119.16
0.405 0.001 119.2
0.409 0.001 119.23
0.411 0.002 119.26
0.413 0.002 119.29
0.414 0.002 119.33
0.421 0.002 119.36
0.422 0.001 119.4
0.42 0.003 119.43
0.422 0.001 119.46
0.421 0.002 119.5
0.419 0.004 119.53
0.42 0.001 119.56
0.421 0.001 119.6
0.421 0.003 119.63
0.422 0.003 119.66
0.423 0.001 119.7
0.424 0.001 119.73
0.425 0.002 119.76
0.425 0.004 119.8
0.425 0.002 119.83
0.423 0.002 119.86
0.424 0.001 119.9
0.424 0.001 119.93
0.423 0.001 119.96
0.424 0.001 120.0
0.423 0.001 120.03
0.422 0.002 120.06
0.422 0.003 120.1
0.419 0.004 120.13
0.417 0.008 120.16
0.414 0.003 120.19
0.411 0.004 120.23
0.409 0.003 120.26
0.408 0.002 120.3
0.409 0.001 120.33
0.408 0.003 120.36
0.406 0.004 120.39
0.406 0.004 120.43
0.406 0.002 120.46
0.407 0.002 120.5
0.409 0.002 120.53
0.409 0.001 120.56
0.409 0.004 120.6
0.411 0.004 120.63
0.414 0.004 120.66
0.417 0.004 120.69
0 0 120.73
0.419 0.004 120.76
0.419 0.001 120.79
0.42 0.003 120.83
0.422 0.002 120.86
0.423 0.002 120.9
0.423 0.001 120.93
0.423 0.001 120.96
0.423 0.001 121.0
0.424 0.002 121.03
0.426 0.002 121.06
0.427 0.002 121.1
0.428 0.002 121.13
0.43 0.002 121.16
0.431 0.002 121.19
0.432 0.001 121.23
0.432 0.0 121.26
0.432 0.0 121.29
0.431 0.002 121.33
0.43 0.001 121.36
0.429 0.001 121.39
0.43 0.002 121.43
0.429 0.002 121.46
0.429 0.0 121.5
0.429 0.001 121.53
0.43 0.001 121.56
0.429 0.001 121.59
0.429 0.001 121.63
0.429 0.001 121.66
0.429 0.002 121.69
0.43 0.002 121.73
0.428 0.002 121.76
0.425 0.004 121.8
0.423 0.005 121.83
0.42 0.006 121.86
0.419 0.009 121.9
0.42 0.011 121.93
0.421 0.013 121.96
0.424 0.014 122.0
0 0 122.03
0.439 0.026 122.06
0 0 122.09
0 0 122.13
0 0 122.16
0 0 122.19
0 0 122.23
0 0 122.26
0 0 122.29
0 0 122.33
0 0 122.36
0 0 122.39
0 0 122.42
0 0 122.46
0 0 122.5
0 0 122.53
0 0 122.56
0 0 122.59
0 0 122.62
0 0 122.66
0 0 122.69
0 0 122.72
0 0 122.76
0 0 122.79
0 0 122.83
0 0 122.86
0 0 122.89
0 0 122.93
0 0 122.96
0 0 122.99
0 0 123.03
0 0 123.06
0 0 123.09
0 0 123.13
0 0 123.16
0 0 123.19
0 0 123.23
0 0 123.26
0 0 123.29
0 0 123.33
0 0 123.36
0 0 123.39
0 0 123.42
0 0 123.46
0 0 123.49
0 0 123.52
0 0 123.56
0 0 123.59
0 0 123.63
0 0 123.66
0 0 123.69
0 0 123.73
0 0 123.76
0 0 123.79
0 0 123.83
0 0 123.86
0 0 123.89
0 0 123.92
0 0 123.96
0 0 123.99
0 0 124.02
0 0 124.06
0 0 124.09
0.625 0.218 124.13
0.604 0.023 124.16
0 0 124.19
0.549 0.059 124.23
0.52 0.031 124.26
0 0 124.29
0.469 0.056 124.33
0 0 124.36
0.433 0.042 124.39
0.421 0.018 124.43
0.414 0.014 124.46
0.408 0.012 124.5
0.406 0.01 124.53
0.405 0.008 124.56
0.405 0.007 124.59
0.405 0.004 124.63
0.405 0.004 124.66
0.404 0.004 124.69
0.404 0.004 124.73
0.405 0.003 124.76
0.404 0.004 124.79
0.405 0.001 124.83
0.406 0.002 124.86
0.406 0.001 124.9
0.405 0.002 124.93
0.404 0.003 124.96
0.402 0.002 125.0
0.401 0.001 125.03
0.4 0.002 125.06
0.4 0.004 125.1
0.401 0.004 125.13
0.404 0.004 125.16
0.404 0.005 125.2
0.401 0.005 125.23
0.397 0.006 125.26
0.394 0.008 125.3
0.389 0.008 125.33
0.385 0.009 125.36
0.381 0.007 125.4
0.378 0.006 125.43
0.378 0.006 125.46
0.376 0.006 125.5
0.372 0.004 125.53
0.371 0.002 125.56
0.371 0.002 125.59
0.371 0.001 125.63
0.372 0.001 125.66
0.374 0.001 125.69
0.375 0.002 125.73
0.375 0.003 125.76
0.374 0.003 125.79
0.373 0.002 125.83
0.375 0.001 125.86
0.377 0.002 125.9
0.379 0.003 125.93
0.379 0.004 125.96
0.381 0.001 126.0
0.38 0.002 126.03
0.38 0.001 126.06
0.38 0.001 126.09
0.379 0.002 126.13
0.378 0.002 126.16
0.375 0.003 126.2
0.374 0.003 126.23
0.373 0.004 126.26
0.371 0.005 126.3
0.371 0.006 126.33
0.372 0.007 126.36
0.373 0.009 126.39
0 0 126.43
0.385 0.029 126.46
0.397 0.023 126.49
0.411 0.028 126.53
0 0 126.56
0.455 0.064 126.59
0.493 0.041 126.63
0 0 126.66
0 0 126.69
0 0 126.73
0 0 126.76
0 0 126.79
0 0 126.83
0 0 126.86
0 0 126.89
0 0 126.92
0 0 126.96
0 0 126.99
0 0 127.03
0 0 127.06
0 0 127.09
0 0 127.13
0 0 127.16
0 0 127.19
0 0 127.23
0 0 127.26
0 0 127.29
0 0 127.33
0 0 127.36
0 0 127.39
0 0 127.42
0 0 127.46
0 0 127.49
0 0 127.52
0 0 127.56
0 0 127.59
0 0 127.62
0 0 127.66
0 0 127.69
0 0 127.72
0 0 127.76
0 0 127.79
0 0 127.83
0 0 127.86
0 0 127.89
0 0 127.92
0 0 127.96
0 0 127.99
0 0 128.02
0 0 128.06
0 0 128.09
0 0 128.12
0 0 128.16
0 0 128.19
0 0 128.23
0 0 128.26
0 0 128.29
0 0 128.33
0 0 128.36
0 0 128.39
0.654 0.172 128.43
0.638 0.017 128.46
0.619 0.02 128.5
0.592 0.026 128.53
0.561 0.032 128.56
0 0 128.59
0.505 0.058 128.63
0 0 128.66
0.45 0.06 128.69
0.43 0.024 128.73
0 0 128.76
0.395 0.042 128.79
0 0 128.83
0.372 0.029 128.86
0.366 0.01 128.9
0.363 0.008 128.93
0.36 0.008 128.96
0.36 0.007 129.0
0.362 0.005 129.03
0.366 0.006 129.06
0.366 0.006 129.09
0.371 0.006 129.13
0.375 0.005 129.16
0.375 0.006 129.19
0.378 0.003 129.23
0.38 0.003 129.26
0.379 0.002 129.29
0.38 0.003 129.33
0.381 0.002 129.36
0.38 0.003 129.39
0.382 0.002 129.43
0.384 0.002 129.46
0.384 0.003 129.49
0.382 0.002 129.53
0.382 0.001 129.56
0.383 0.001 129.6
0.38 0.001 129.63
0.38 0.001 129.66
0.381 0.001 129.69
0.376 0.003 129.73
0.378 0.002 129.76
0.378 0.002 129.79
0.375 0.001 129.83
0.375 0.001 129.86
0.375 0.001 129.89
0.375 0.002 129.93
0.37 0.003 129.96
0.37 0.006 130.0
0.372 0.01 130.03
0.369 0.012 130.06
0.373 0.015 130.09
0.379 0.018 130.13
0 0 130.16
0.394 0.033 130.2
0 0 130.23
0 0 130.26
0 0 130.29
0 0 130.33
0 0 130.36
0 0 130.39
0 0 130.42
0 0 130.46
0 0 130.49
0 0 130.52
0 0 130.56
0 0 130.59
0 0 130.62
0 0 130.66
0 0 130.69
0 0 130.72
0 0 130.76
0 0 130.79
0 0 130.83
0 0 130.86
0 0 130.89
0 0 130.92
0 0 130.96
0 0 130.99
0 0 131.02
0 0 131.06
0 0 131.09
0 0 131.12
0 0 131.16
0 0 131.19
0 0 131.22
0 0 131.26
0 0 131.29
0 0 131.32
0 0 131.36
0 0 131.39
0 0 131.42
0 0 131.46
0 0 131.49
0 0 131.52
0 0 131.56
0 0 131.59
0 0 131.62
0 0 131.66
0 0 131.69
0 0 131.72
0 0 131.76
0 0 131.79
0 0 131.83
0 0 131.86
0 0 131.89
0 0 131.92
0 0 131.96
0 0 131.99
0 0 132.03
0 0 132.06
0 0 132.09
0 0 132.12
0 0 132.16
0 0 132.19
0 0 132.22
0 0 132.26
0 0 132.29
0 0 132.33
0 0 132.36
0 0 132.39
0 0 132.42
0 0 132.46
0 0 132.49
0 0 132.52
0 0 132.56
0 0 132.59
0 0 132.62
0 0 132.66
0 0 132.69
0 0 132.73
0 0 132.76
0 0 132.79
0 0 132.82
0 0 132.86
0 0 132.89
0 0 132.93
0 0 132.96
0 0 132.99
0 0 133.02
0 0 133.06
0 0 133.09
0 0 133.12
0 0 133.16
0 0 133.19
0 0 133.22
0 0 133.26
0 0 133.29
0 0 133.32
0 0 133.36
0 0 133.39
0 0 133.42
0 0 133.46
0 0 133.49
0 0 133.52
0 0 133.56
0 0 133.59
0 0 133.63
0 0 133.66
0 0 133.69
0 0 133.73
0 0 133.76
0 0 133.79
0 0 133.83
0 0 133.86
0 0 133.89
0 0 133.92
0 0 133.96
0 0 133.99
0 0 134.02
0 0 134.06
0 0 134.09
0 0 134.12
0 0 134.16
0 0 134.19
0 0 134.22
0 0 134.26
0 0 134.29
0 0 134.33
0 0 134.36
0 0 134.39
0 0 134.43
0 0 134.46
0 0 134.49
0 0 134.52
0 0 134.56
0 0 134.59
0 0 134.62
0 0 134.66
0 0 134.69
0 0 134.72
0 0 134.76
0 0 134.79
0 0 134.83
0 0 134.86
0 0 134.89
0 0 134.92
0 0 134.96
0 0 134.99
0 0 135.02
0 0 135.06
0 0 135.09
0 0 135.12
0 0 135.16
0 0 135.19
0 0 135.22
0 0 135.26
0 0 135.29
0 0 135.32
0 0 135.36
0 0 135.39
0 0 135.42
0 0 135.46
0 0 135.49
0 0 135.52
0 0 135.56
0 0 135.59
0 0 135.62
0 0 135.66
0 0 135.69
0 0 135.73
0 0 135.76
0 0 135.79
0 0 135.83
0 0 135.86
0 0 135.89
0 0 135.92
0 0 135.96
0 0 135.99
0 0 136.02
0 0 136.06
0 0 136.09
0 0 136.12
0 0 136.16
0 0 136.19
0 0 136.22
0 0 136.26
0 0 136.29
0 0 136.33
0 0 136.36
0 0 136.39
0 0 136.42
0 0 136.46
0 0 136.49
0 0 136.52
0 0 136.56
0 0 136.59
0 0 136.62
0 0 136.66
0 0 136.69
0 0 136.72
0 0 136.76
0 0 136.79
0 0 136.82
0 0 136.86
0 0 136.89
0 0 136.92
0 0 136.96
0 0 136.99
0 0 137.02
0 0 137.06
0 0 137.09
0 0 137.12
0 0 137.16
0 0 137.19
0 0 137.22
0 0 137.26
0 0 137.29
0 0 137.32
0 0 137.36
0 0 137.39
0 0 137.42
0 0 137.46
0 0 137.49
0 0 137.52
0 0 137.56
0 0 137.59
0 0 137.62
0 0 137.66
0 0 137.69
0 0 137.72
0 0 137.76
0 0 137.79
0 0 137.82
0 0 137.86
0 0 137.89
0 0 137.92
0 0 137.96
0 0 137.99
0 0 138.02
0 0 138.06
0 0 138.09
0 0 138.12
0 0 138.16
0 0 138.19
0 0 138.22
0 0 138.26
0 0 138.29
0 0 138.32
0 0 138.36
0 0 138.39
0 0 138.42
0 0 138.46
0 0 138.49
0 0 138.52
0 0 138.56
0 0 138.59
0 0 138.62
0 0 138.66
0 0 138.69
0 0 138.72
0 0 138.76
0 0 138.79
0 0 138.82
0 0 138.86
0 0 138.89
0 0 138.92
0 0 138.96
0 0 138.99
0 0 139.02
0 0 139.06
0 0 139.09
0 0 139.12
0 0 139.16
0 0 139.19
0 0 139.22
0 0 139.26
0 0 139.29
0 0 139.32
0 0 139.36
0 0 139.39
0 0 139.42
0 0 139.46
0 0 139.49
0 0 139.52
0 0 139.56
0 0 139.59
0 0 139.62
0 0 139.66
0 0 139.69
0 0 139.72
0 0 139.75
0 0 139.79
0 0 139.82
0 0 139.86
0 0 139.89
0 0 139.92
0 0 139.96
0 0 139.99
0 0 140.02
0 0 140.06
0 0 140.09
0 0 140.12
0 0 140.16
0 0 140.19
0 0 140.22
0 0 140.26
0 0 140.29
0 0 140.32
0 0 140.36
0 0 140.39
0 0 140.42
0 0 140.46
0 0 140.49
0 0 140.52
0 0 140.56
0 0 140.59
0 0 140.62
0 0 140.66
0 0 140.69
0 0 140.72
0 0 140.76
0 0 140.79
0 0 140.82
0 0 140.86
0 0 140.89
0 0 140.92
0 0 140.96
0 0 140.99
0 0 141.02
0 0 141.05
0.442 0.179 141.09
0.436 0.006 141.12
0 0 141.16
0.446 0.012 141.19
0 0 141.22
0 0 141.26
0 0 141.29
0 0 141.32
0 0 141.36
0 0 141.39
0 0 141.42
0 0 141.46
0 0 141.49
0 0 141.52
0 0 141.56
0 0 141.59
0 0 141.62
0 0 141.66
0 0 141.69
0 0 141.72
0 0 141.76
0.407 0.055 141.79
0 0 141.82
0.359 0.057 141.86
0.346 0.022 141.89
0.332 0.02 141.92
0.322 0.018 141.96
0.313 0.017 141.99
0.309 0.015 142.02
0.307 0.013 142.06
0.306 0.011 142.09
0.31 0.01 142.12
0.311 0.008 142.16
0.312 0.007 142.19
0.314 0.006 142.22
0.314 0.005 142.26
0.313 0.004 142.29
0.316 0.003 142.33
0.316 0.003 142.36
0.317 0.002 142.39
0.317 0.002 142.43
0.321 0.006 142.46
0.324 0.013 142.49
0.329 0.022 142.52
0.336 0.031 142.56
0 0 142.59
0 0 142.62
0 0 142.66
0 0 142.69
0 0 142.72
0 0 142.76
0 0 142.79
0 0 142.82
0 0 142.85
0 0 142.89
0 0 142.92
0 0 142.96
0 0 142.99
0 0 143.02
0 0 143.05
0 0 143.09
0 0 143.12
0 0 143.16
0 0 143.19
0 0 143.22
0 0 143.25
0 0 143.29
0 0 143.32
0 0 143.35
0 0 143.39
0 0 143.42
0 0 143.46
0 0 143.49
0 0 143.52
0 0 143.56
0 0 143.59
0 0 143.62
0 0 143.66
0 0 143.69
0 0 143.72
0 0 143.75
0 0 143.79
0 0 143.82
0 0 143.85
0 0 143.89
0 0 143.92
0 0 143.95
0 0 143.99
0 0 144.02
0 0 144.05
0 0 144.09
0 0 144.12
0 0 144.16
0 0 144.19
0 0 144.22
0 0 144.26
0 0 144.29
0 0 144.32
0 0 144.35
0 0 144.39
0 0 144.42
0 0 144.45
0 0 144.49
0 0 144.52
0 0 144.56
0 0 144.59
0 0 144.62
0 0 144.66
0 0 144.69
0 0 144.72
0 0 144.75
0 0 144.79
0 0 144.82
0 0 144.85
0 0 144.89
0 0 144.92
0 0 144.95
0 0 144.99
0 0 145.02
0 0 145.05
0 0 145.09
0 0 145.12
0 0 145.16
0 0 145.19
0 0 145.22
0 0 145.25
0 0 145.29
0 0 145.32
0 0 145.35
0 0 145.39
0 0 145.42
0 0 145.45
0 0 145.49
0 0 145.52
0 0 145.55
0 0 145.59
0 0 145.62
0.568 0.168 145.66
0 0 145.69
0.519 0.056 145.72
0.495 0.028 145.76
0.476 0.025 145.79
0.462 0.023 145.82
0.449 0.021 145.86
0.441 0.017 145.89
0.437 0.014 145.92
0.432 0.011 145.96
0.428 0.009 145.99
0.425 0.007 146.03
0.42 0.007 146.06
0.416 0.007 146.09
0.412 0.007 146.12
0.407 0.008 146.16
0.403 0.008 146.19
0.402 0.007 146.23
0.4 0.005 146.26
0.397 0.004 146.29
0.395 0.003 146.33
0.393 0.002 146.36
0.392 0.002 146.39
0.392 0.001 146.42
0.393 0.002 146.46
0.395 0.002 146.49
0.395 0.001 146.52
0.394 0.001 146.56
0.393 0.003 146.59
0.393 0.001 146.62
0.392 0.002 146.66
0.39 0.003 146.69
0.388 0.002 146.72
0.388 0.001 146.76
0.387 0.002 146.79
0.387 0.001 146.83
0.387 0.001 146.86
0.386 0.002 146.89
0.383 0.003 146.92
0.382 0.003 146.96
0.381 0.002 146.99
0.379 0.002 147.02
0.378 0.002 147.06
0.379 0.002 147.09
0.379 0.001 147.12
0.381 0.003 147.16
0.383 0.002 147.19
0.385 0.003 147.22
0.387 0.003 147.26
0.391 0.005 147.29
0.393 0.003 147.33
0.394 0.001 147.36
0.395 0.002 147.39
0.396 0.002 147.42
0.397 0.001 147.46
0.396 0.002 147.49
0.395 0.002 147.52
0.396 0.002 147.56
0.396 0.002 147.59
0.397 0.001 147.62
0.392 0.003 147.66
0.389 0.003 147.69
0.385 0.004 147.72
0.38 0.004 147.76
0.378 0.003 147.79
0.376 0.002 147.83
0.374 0.002 147.86
0.373 0.001 147.89
0.374 0.001 147.92
0.375 0.001 147.96
0.376 0.001 147.99
0.376 0.001 148.02
0.377 0.001 148.06
0.375 0.001 148.09
0.375 0.001 148.12
0.376 0.001 148.16
0.376 0.002 148.19
0.377 0.001 148.22
0.379 0.002 148.26
0.379 0.002 148.29
0.38 0.0 148.33
0.38 0.002 148.36
0.378 0.005 148.39
0.374 0.007 148.42
0.369 0.008 148.46
0.365 0.008 148.49
0.36 0.006 148.52
0.358 0.006 148.56
0.361 0.003 148.59
0.365 0.006 148.62
0.369 0.006 148.66
0.374 0.007 148.69
0.379 0.007 148.72
0.383 0.006 148.76
0.386 0.004 148.79
0.385 0.002 148.82
0.387 0.002 148.86
0.387 0.002 148.89
0.387 0.001 148.92
0.386 0.001 148.96
0.387 0.002 148.99
0.388 0.002 149.02
0.389 0.002 149.06
0.388 0.003 149.09
0.387 0.001 149.12
0.385 0.002 149.16
0.384 0.002 149.19
0.383 0.001 149.22
0.381 0.002 149.26
0.379 0.003 149.29
0.377 0.002 149.33
0.376 0.001 149.36
0.375 0.001 149.39
0.374 0.001 149.42
0.373 0.001 149.46
0.372 0.001 149.49
0.373 0.001 149.52
0.373 0.002 149.56
0.373 0.001 149.59
0.373 0.001 149.62
0.373 0.001 149.66
0.373 0.001 149.69
0.373 0.0 149.72
0.372 0.001 149.76
0.371 0.002 149.79
0.369 0.001 149.82
0.367 0.002 149.86
0.366 0.002 149.89
0.364 0.002 149.92
0.362 0.003 149.96
0.363 0.002 149.99
0.364 0.003 150.02
0.364 0.003 150.06
0.364 0.004 150.09
0.361 0.003 150.12
0.36 0.003 150.16
0.36 0.002 150.19
0.358 0.002 150.22
0.357 0.003 150.26
0.354 0.003 150.29
0.351 0.004 150.33
0.35 0.004 150.36
0.349 0.003 150.39
0.345 0.004 150.42
0.342 0.004 150.46
0.34 0.004 150.49
0.338 0.004 150.52
0.336 0.004 150.56
0.334 0.003 150.59
0.333 0.003 150.62
0.333 0.003 150.66
0.332 0.003 150.69
0.331 0.002 150.72
0.331 0.003 150.76
0.331 0.002 150.79
0.329 0.002 150.83
0.326 0.003 150.86
0.326 0.003 150.89
0.325 0.001 150.92
0.325 0.003 150.96
0.326 0.003 150.99
0.327 0.003 151.02
0.327 0.002 151.06
0.326 0.001 151.09
0.327 0.003 151.12
0.327 0.002 151.16
0.327 0.006 151.19
0.333 0.014 151.22
0.348 0.023 151.26
0 0 151.29
0.395 0.072 151.32
0 0 151.35
0 0 151.39
0 0 151.42
0 0 151.45
0 0 151.49
0 0 151.52
0 0 151.56
0 0 151.59
0 0 151.62
0 0 151.66
0 0 151.69
0 0 151.72
0 0 151.75
0 0 151.79
0 0 151.82
0 0 151.85
0 0 151.89
0 0 151.92
0 0 151.95
0 0 151.99
0 0 152.02
0 0 152.05
0 0 152.09
0 0 152.12
0 0 152.15
0 0 152.19
0 0 152.22
0 0 152.25
0 0 152.29
0 0 152.32
0 0 152.35
0 0 152.39
0 0 152.42
0 0 152.45
0 0 152.49
0 0 152.52
0 0 152.55
0 0 152.59
0 0 152.62
0 0 152.66
0 0 152.69
0 0 152.72
0 0 152.75
0 0 152.79
0 0 152.82
0 0 152.85
0 0 152.89
0 0 152.92
0 0 152.95
0 0 152.99
0 0 153.02
0 0 153.05
0 0 153.09
0 0 153.12
0 0 153.15
0 0 153.19
0 0 153.22
0 0 153.25
0 0 153.29
0 0 153.32
0 0 153.35
0 0 153.39
0 0 153.42
0 0 153.45
0 0 153.49
0 0 153.52
0 0 153.55
0 0 153.59
0 0 153.62
0 0 153.65
0 0 153.69
0 0 153.72
0 0 153.75
0 0 153.79
0 0 153.82
0 0 153.85
0 0 153.89
0 0 153.92
0 0 153.95
0 0 153.99
0 0 154.02
0 0 154.05
0 0 154.09
0 0 154.12
0 0 154.15
0 0 154.19
0 0 154.22
0 0 154.25
0 0 154.29
0 0 154.32
0 0 154.35
0 0 154.39
0 0 154.42
0 0 154.45
0 0 154.49
0 0 154.52
0 0 154.55
0 0 154.59
0 0 154.62
0 0 154.66
0 0 154.69
0 0 154.72
0 0 154.75
0 0 154.79
0 0 154.82
0 0 154.85
0 0 154.89
0 0 154.92
0 0 154.95
0 0 154.99
0 0 155.02
0 0 155.05
0 0 155.09
0 0 155.12
0 0 155.15
0 0 155.19
0 0 155.22
0 0 155.25
0 0 155.29
0 0 155.32
0 0 155.35
0 0 155.39
0 0 155.42
0 0 155.45
0 0 155.49
0 0 155.52
0 0 155.55
0 0 155.59
0 0 155.62
0 0 155.65
0 0 155.69
0 0 155.72
0 0 155.75
0 0 155.79
0 0 155.82
0 0 155.85
0 0 155.89
0 0 155.92
0 0 155.95
0 0 155.99
0 0 156.02
0 0 156.05
0 0 156.09
0 0 156.12
0 0 156.16
0 0 156.19
0 0 156.22
0 0 156.25
0 0 156.29
0 0 156.32
0 0 156.35
0 0 156.39
0 0 156.42
0 0 156.45
0 0 156.49
0 0 156.52
0 0 156.55
0 0 156.59
0 0 156.62
0 0 156.66
0 0 156.69
0 0 156.72
0 0 156.75
0 0 156.79
0 0 156.82
0 0 156.85
0 0 156.89
0 0 156.92
0 0 156.95
0 0 156.99
0 0 157.02
0 0 157.05
0 0 157.09
0 0 157.12
0 0 157.15
0 0 157.19
0 0 157.22
0 0 157.25
0 0 157.29
0 0 157.32
0 0 157.35
0 0 157.39
0 0 157.42
0 0 157.45
0 0 157.49
0 0 157.52
0 0 157.55
0 0 157.59
0 0 157.62
0 0 157.66
0 0 157.69
0 0 157.72
0 0 157.75
0 0 157.79
0 0 157.82
0 0 157.85
0 0 157.89
0 0 157.92
0 0 157.95
0 0 157.99
0 0 158.02
0 0 158.05
0 0 158.09
0 0 158.12
0 0 158.15
0 0 158.19
0 0 158.22
0 0 158.25
0 0 158.29
0 0 158.32
0 0 158.35
0 0 158.39
0 0 158.42
0 0 158.45
0 0 158.49
0 0 158.52
0 0 158.55
0 0 158.59
0 0 158.62
0 0 158.65
0 0 158.69
0 0 158.72
0 0 158.75
0 0 158.79
0 0 158.82
0 0 158.85
0 0 158.89
0 0 158.92
0 0 158.95
0 0 158.99
0 0 159.02
0 0 159.05
0 0 159.09
0 0 159.12
0 0 159.15
0 0 159.19
0 0 159.22
0 0 159.25
0 0 159.29
0 0 159.32
0 0 159.35
0 0 159.38
0 0 159.42
0 0 159.45
0 0 159.49
0 0 159.52
0 0 159.55
0 0 159.59
0 0 159.62
0 0 159.65
0 0 159.69
0 0 159.72
0 0 159.75
0 0 159.78
0 0 159.82
0 0 159.85
0 0 159.89
0 0 159.92
0 0 159.95
0 0 159.99
0 0 160.02
0 0 160.05
0 0 160.09
0 0 160.12
0 0 160.15
0 0 160.19
0 0 160.22
0 0 160.25
0 0 160.28
0 0 160.32
0 0 160.35
0 0 160.38
0 0 160.42
0 0 160.45
0 0 160.49
0 0 160.52
0 0 160.55
0 0 160.59
0 0 160.62
0 0 160.65
0 0 160.68
0 0 160.72
0 0 160.75
0 0 160.79
0 0 160.82
0 0 160.85
0 0 160.89
0 0 160.92
0 0 160.95
0 0 160.99
0 0 161.02
0 0 161.05
0 0 161.08
0 0 161.12
0 0 161.15
0 0 161.18
0 0 161.22
0 0 161.25
0 0 161.29
0 0 161.32
0 0 161.35
0.433 0.172 161.39
0 0 161.42
0.382 0.059 161.45
0 0 161.49
0.356 0.04 161.52
0 0 161.55
0 0 161.59
0.336 0.043 161.62
0.331 0.012 161.66
0.335 0.011 161.69
0 0 161.72
0 0 161.75
0.334 0.029 161.79
0.335 0.008 161.82
0 0 161.85
0.336 0.012 161.89
0.341 0.005 161.92
0.344 0.005 161.95
0.347 0.004 161.99
0.356 0.005 162.02
0.359 0.005 162.05
0.361 0.003 162.09
0.365 0.002 162.12
0.364 0.001 162.16
0.361 0.003 162.19
0.361 0.006 162.22
0.359 0.006 162.25
0.357 0.006 162.29
0.355 0.007 162.32
0.356 0.008 162.35
0.354 0.013 162.39
0.353 0.02 162.42
0.365 0.029 162.45
0.382 0.037 162.49
0.407 0.041 162.52
0 0 162.55
0 0 162.59
0 0 162.62
0.547 0.164 162.65
0 0 162.69
0 0 162.72
0 0 162.75
0 0 162.79
0 0 162.82
0 0 162.85
0 0 162.89
0 0 162.92
0 0 162.95
0 0 162.99
0 0 163.02
0 0 163.05
0 0 163.08
0 0 163.12
0 0 163.15
0 0 163.19
0 0 163.22
0 0 163.25
0 0 163.28
0 0 163.32
0 0 163.35
0 0 163.39
0 0 163.42
0 0 163.45
0 0 163.49
0 0 163.52
0 0 163.55
0 0 163.58
0 0 163.62
0 0 163.65
0 0 163.68
0 0 163.72
0.497 0.111 163.75
0.476 0.028 163.79
0.456 0.027 163.82
0 0 163.85
0.425 0.047 163.89
0.414 0.02 163.92
0.408 0.018 163.95
0.401 0.015 163.99
0.397 0.013 164.02
0.393 0.009 164.06
0.392 0.008 164.09
0.393 0.008 164.12
0.393 0.006 164.16
0.393 0.003 164.19
0.392 0.003 164.22
0.392 0.002 164.25
0.39 0.003 164.29
0.388 0.003 164.32
0.387 0.003 164.36
0.386 0.003 164.39
0.384 0.003 164.42
0.383 0.002 164.45
0.383 0.002 164.49
0.384 0.002 164.52
0.387 0.004 164.56
0.386 0.002 164.59
0.387 0.001 164.62
0.389 0.003 164.66
0.389 0.001 164.69
0.39 0.002 164.72
0.391 0.001 164.75
0.39 0.001 164.79
0.392 0.003 164.82
0.391 0.0 164.85
0.39 0.001 164.89
0.39 0.001 164.92
0.389 0.001 164.96
0.39 0.002 164.99
0.391 0.001 165.02
0.391 0.001 165.05
0.391 0.002 165.09
0.391 0.001 165.12
0.393 0.002 165.16
0.391 0.004 165.19
0.392 0.001 165.22
0.393 0.001 165.25
0.393 0.001 165.29
0.392 0.002 165.32
0.391 0.004 165.35
0.389 0.001 165.39
0.387 0.003 165.42
0.384 0.003 165.45
0.381 0.003 165.49
0.38 0.003 165.52
0.381 0.003 165.55
0.381 0.003 165.59
0.38 0.003 165.62
0.382 0.002 165.66
0.382 0.001 165.69
0.383 0.002 165.72
0.387 0.004 165.75
0.388 0.002 165.79
0.39 0.003 165.82
0.393 0.003 165.85
0.396 0.003 165.89
0.398 0.003 165.92
0.401 0.003 165.95
0.403 0.004 165.99
0.404 0.002 166.02
0.404 0.002 166.05
0.404 0.001 166.09
0.404 0.001 166.12
0.404 0.001 166.16
0.404 0.001 166.19
0.403 0.002 166.22
0.401 0.002 166.25
0.398 0.003 166.29
0.397 0.002 166.32
0.395 0.004 166.35
0.393 0.002 166.39
0.392 0.001 166.42
0.391 0.002 166.45
0.39 0.002 166.49
0.39 0.002 166.52
0.39 0.001 166.55
0.389 0.001 166.59
0.39 0.001 166.62
0.39 0.001 166.66
0.39 0.001 166.69
0.391 0.002 166.72
0.393 0.005 166.75
0.396 0.003 166.79
0.395 0.003 166.82
0.393 0.005 166.86
0.393 0.001 166.89
0.392 0.003 166.92
0.392 0.002 166.96
0.392 0.001 166.99
0.391 0.001 167.02
0.39 0.001 167.05
0.388 0.002 167.09
0.387 0.002 167.12
0.383 0.004 167.16
0.378 0.006 167.19
0.372 0.007 167.22
0.365 0.008 167.25
0.357 0.008 167.29
0.352 0.007 167.32
0.348 0.005 167.35
0.344 0.005 167.39
0.342 0.003 167.42
0.342 0.005 167.45
0.344 0.004 167.49
0.347 0.006 167.52
0.351 0.005 167.55
0.356 0.006 167.59
0.361 0.005 167.62
0.361 0.001 167.66
0.36 0.002 167.69
0.359 0.003 167.72
0.359 0.0 167.75
0.359 0.002 167.79
0.358 0.003 167.82
0.358 0.003 167.85
0.36 0.006 167.89
0.365 0.01 167.92
0.373 0.011 167.95
0.382 0.01 167.99
0.391 0.01 168.02
0.398 0.008 168.05
0.401 0.004 168.09
0.403 0.004 168.12
0.406 0.004 168.16
0.409 0.005 168.19
0.414 0.007 168.22
0.421 0.01 168.25
0.43 0.014 168.29
0 0 168.32
0 0 168.35
0 0 168.38
0 0 168.42
0 0 168.45
0 0 168.49
0 0 168.52
0 0 168.55
0 0 168.58
0 0 168.62
0 0 168.65
0 0 168.68
0 0 168.72
0 0 168.75
0 0 168.78
0.566 0.171 168.82
0.543 0.027 168.85
0 0 168.89
0 0 168.92
0 0 168.95
0.424 0.129 168.99
0 0 169.02
0.392 0.041 169.05
0.384 0.014 169.09
0.38 0.01 169.12
0.378 0.006 169.16
0.379 0.005 169.19
0.381 0.004 169.22
0.383 0.004 169.25
0.386 0.004 169.29
0.39 0.004 169.32
0.394 0.004 169.35
0.397 0.005 169.39
0.399 0.003 169.42
0.4 0.002 169.45
0.401 0.001 169.49
0.401 0.001 169.52
0.401 0.001 169.55
0.4 0.001 169.59
0.397 0.004 169.62
0.394 0.004 169.65
0.391 0.007 169.69
0.387 0.007 169.72
0.384 0.006 169.75
0.382 0.006 169.79
0.383 0.006 169.82
0.385 0.006 169.85
0.387 0.004 169.89
0.389 0.004 169.92
0.391 0.002 169.95
0.391 0.0 169.99
0.391 0.001 170.02
0.389 0.003 170.05
0.387 0.002 170.09
0.385 0.002 170.12
0.384 0.001 170.15
0.385 0.0 170.19
0.385 0.001 170.22
0.387 0.002 170.25
0.389 0.003 170.29
0.391 0.002 170.32
0.39 0.002 170.35
0.391 0.001 170.39
0.389 0.003 170.42
0.389 0.002 170.45
0.388 0.002 170.49
0.386 0.004 170.52
0.384 0.004 170.55
0.381 0.006 170.59
0.381 0.005 170.62
0.382 0.003 170.65
0.382 0.004 170.69
0.381 0.006 170.72
0.382 0.004 170.75
0.382 0.002 170.79
0.382 0.003 170.82
0.382 0.002 170.85
0.382 0.001 170.89
0.381 0.006 170.92
0.382 0.001 170.95
0.382 0.001 170.99
0.382 0.002 171.02
0.382 0.001 171.05
0.381 0.001 171.09
0 0 171.12
0.379 0.004 171.15
0.379 0.001 171.19
0.378 0.001 171.22
0.378 0.001 171.25
0.377 0.001 171.29
0.376 0.001 171.32
0.375 0.001 171.35
0.376 0.004 171.39
0.378 0.003 171.42
0.381 0.004 171.45
0.385 0.004 171.49
0.389 0.005 171.52
0.392 0.004 171.55
0.395 0.004 171.59
0.398 0.004 171.62
0.401 0.004 171.66
0.403 0.002 171.69
0.404 0.002 171.72
0.405 0.002 171.75
0.406 0.002 171.79
0.408 0.003 171.82
0.41 0.003 171.85
0.411 0.003 171.89
0.413 0.003 171.92
0.414 0.002 171.95
0.415 0.002 171.99
0.416 0.002 172.02
0.416 0.001 172.05
0.416 0.002 172.09
0.417 0.001 172.12
0.415 0.001 172.15
0.414 0.002 172.19
0.414 0.005 172.22
0.412 0.005 172.26
0.412 0.002 172.29
0.411 0.001 172.32
0.41 0.001 172.35
0.407 0.002 172.39
0.405 0.003 172.42
0.403 0.004 172.45
0.398 0.005 172.49
0.393 0.008 172.52
0.385 0.01 172.55
0.377 0.009 172.59
0.372 0.007 172.62
0.368 0.004 172.65
0.365 0.004 172.69
0.36 0.003 172.72
0.359 0.003 172.75
0.359 0.001 172.79
0.356 0.001 172.82
0.356 0.002 172.85
0.356 0.001 172.89
0.35 0.002 172.92
0.35 0.001 172.95
0.351 0.001 172.99
0.348 0.002 173.02
0.349 0.002 173.05
0.35 0.001 173.09
0.351 0.001 173.12
0.348 0.001 173.15
0.349 0.001 173.19
0.349 0.001 173.22
0.346 0.001 173.25
0.346 0.004 173.28
0.347 0.002 173.32
0.343 0.004 173.35
0.345 0.002 173.39
0.346 0.004 173.42
0.342 0.005 173.45
0.345 0.003 173.49
0.348 0.005 173.52
0.352 0.004 173.55
0.351 0.005 173.59
0.356 0.005 173.62
0.361 0.006 173.65
0.36 0.005 173.69
0.361 0.018 173.72
0 0 173.75
0 0 173.78
0 0 173.82
0 0 173.85
0 0 173.88
0 0 173.92
0 0 173.95
0 0 173.98
0 0 174.02
0 0 174.05
0 0 174.08
0 0 174.12
0 0 174.15
0 0 174.18
0 0 174.22
0 0 174.25
0 0 174.28
0 0 174.32
0 0 174.35
0 0 174.38
0 0 174.42
0 0 174.45
0 0 174.48
0 0 174.52
0 0 174.55
0 0 174.58
0 0 174.62
0 0 174.65
0 0 174.68
0 0 174.72
0 0 174.75
0 0 174.78
0 0 174.82
0 0 174.85
0 0 174.88
0 0 174.92
0 0 174.95
0 0 174.98
0 0 175.02
0 0 175.05
0 0 175.08
0 0 175.12
0 0 175.15
0 0 175.18
0 0 175.22
0 0 175.25
0 0 175.28
0 0 175.32
0 0 175.35
0 0 175.38
0 0 175.42
0 0 175.45
0 0 175.49
0 0 175.52
0 0 175.55
0 0 175.58
0 0 175.62
0 0 175.65
0 0 175.68
0 0 175.72
0 0 175.75
0 0 175.78
0 0 175.82
0 0 175.85
0 0 175.88
0 0 175.92
0 0 175.95
0 0 175.98
0 0 176.02
0 0 176.05
0 0 176.08
0 0 176.12
0 0 176.15
0 0 176.18
0 0 176.22
0 0 176.25
0 0 176.28
0 0 176.32
0 0 176.35
0 0 176.38
0 0 176.42
0 0 176.45
0 0 176.48
0 0 176.52
0 0 176.55
0 0 176.58
0 0 176.62
0 0 176.65
0 0 176.68
0 0 176.72
0 0 176.75
0 0 176.78
0 0 176.82
0 0 176.85
0 0 176.88
0 0 176.92
0 0 176.95
0 0 176.98
0 0 177.02
0 0 177.05
0 0 177.08
0 0 177.12
0 0 177.15
0 0 177.18
0 0 177.22
0 0 177.25
0 0 177.28
0 0 177.32
0 0 177.35
0 0 177.38
0 0 177.42
0 0 177.45
0 0 177.48
0 0 177.52
0 0 177.55
0 0 177.58
0 0 177.62
0 0 177.65
0 0 177.68
0 0 177.72
0 0 177.75
0 0 177.78
0 0 177.82
0 0 177.85
0 0 177.88
0 0 177.92
0 0 177.95
0 0 177.98
0 0 178.02
0 0 178.05
0 0 178.08
0 0 178.12
0 0 178.15
0 0 178.18
0 0 178.22
0 0 178.25
0 0 178.28
0 0 178.32
0 0 178.35
0 0 178.38
0 0 178.42
0 0 178.45
0 0 178.48
0 0 178.52
0 0 178.55
0 0 178.58
0 0 178.62
0 0 178.65
0 0 178.68
0 0 178.72
0 0 178.75
0 0 178.78
0 0 178.82
0 0 178.85
0 0 178.88
0 0 178.92
0 0 178.95
0 0 178.98
0 0 179.02
0 0 179.05
0 0 179.08
0 0 179.12
0 0 179.15
0 0 179.18
0 0 179.22
0 0 179.25
0 0 179.28
0 0 179.32
0 0 179.35
0 0 179.38
0 0 179.42
0 0 179.45
0 0 179.48
0 0 179.52
0 0 179.55
0 0 179.58
0 0 179.62
0 0 179.65
