0 0 13.7
0 0 13.74
0 0 13.77
0 0 13.8
0 0 13.84
0 0 13.87
0 0 13.91
0 0 13.94
0 0 13.97
0 0 14.01
0 0 14.04
0 0 14.07
0 0 14.1
0 0 14.14
0 0 14.17
0 0 14.2
0 0 14.24
0 0 14.27
0 0 14.3
0 0 14.34
0 0 14.37
0 0 14.4
0 0 14.44
0 0 14.47
0 0 14.51
0 0 14.54
0 0 14.57
0 0 14.6
0 0 14.64
0 0 14.67
0 0 14.7
0 0 14.74
0 0 14.77
0 0 14.8
0 0 14.84
0 0 14.87
0 0 14.91
0 0 14.94
0 0 14.97
0 0 15.01
0 0 15.04
0 0 15.07
0 0 15.11
0 0 15.14
0 0 15.17
0 0 15.21
0 0 15.24
0 0 15.27
0 0 15.31
0 0 15.34
0 0 15.37
0 0 15.41
0 0 15.44
0 0 15.47
0 0 15.51
0 0 15.54
0 0 15.57
0 0 15.6
0 0 15.64
0 0 15.67
0 0 15.7
0 0 15.74
0 0 15.77
0 0 15.8
0 0 15.84
0 0 15.87
0 0 15.9
0 0 15.94
0 0 15.97
0 0 16.0
0 0 16.04
0 0 16.07
0 0 16.1
0 0 16.14
0 0 16.17
0 0 16.2
0 0 16.24
0 0 16.27
0 0 16.3
0 0 16.34
0 0 16.37
0 0 16.4
0 0 16.44
0 0 16.47
0 0 16.51
0 0 16.54
0 0 16.57
0 0 16.6
0 0 16.64
0 0 16.67
0 0 16.7
0 0 16.74
0 0 16.77
0 0 16.8
0 0 16.84
0 0 16.87
0 0 16.91
0 0 16.94
0 0 16.97
0 0 17.0
0 0 17.04
0 0 17.07
0 0 17.11
0 0 17.14
0 0 17.17
0 0 17.2
0 0 17.24
0 0 17.27
0 0 17.3
0 0 17.34
0 0 17.37
0 0 17.4
0 0 17.44
0 0 17.47
0 0 17.5
0 0 17.54
0 0 17.57
0 0 17.6
0 0 17.64
0 0 17.67
0 0 17.7
0 0 17.74
0 0 17.77
0 0 17.8
0 0 17.84
0 0 17.87
0 0 17.9
0 0 17.94
0 0 17.97
0.509 0.439 18.01
0 0 18.04
0.457 0.057 18.07
0.435 0.025 18.11
0.417 0.023 18.14
0.404 0.019 18.17
0.392 0.017 18.21
0.381 0.016 18.24
0.373 0.013 18.27
0 0 18.31
0 0 18.34
0 0 18.37
0 0 18.4
0.351 0.051 18.44
0.349 0.009 18.47
0.346 0.008 18.51
0.342 0.007 18.54
0.34 0.006 18.58
0.336 0.006 18.61
0.335 0.005 18.64
0.333 0.004 18.67
0.332 0.003 18.71
0.331 0.001 18.74
0.331 0.001 18.77
0.331 0.001 18.81
0.329 0.002 18.84
0.328 0.001 18.87
0.326 0.002 18.91
0.325 0.002 18.94
0.322 0.003 18.97
0.319 0.003 19.01
0.315 0.004 19.04
0.314 0.002 19.08
0.313 0.002 19.11
0.312 0.001 19.14
0.311 0.001 19.18
0.311 0.001 19.21
0.311 0.0 19.24
0.311 0.001 19.27
0.31 0.0 19.31
0.311 0.001 19.34
0.312 0.002 19.38
0.313 0.003 19.41
0.314 0.002 19.44
0.316 0.002 19.48
0.319 0.002 19.51
0.322 0.004 19.54
0.322 0.003 19.57
0.323 0.002 19.61
0.325 0.002 19.64
0.325 0.002 19.68
0.324 0.002 19.71
0.326 0.003 19.74
0.326 0.001 19.77
0.325 0.003 19.81
0.327 0.002 19.84
0.328 0.001 19.87
0.33 0.002 19.91
0.332 0.002 19.94
0.333 0.002 19.97
0.335 0.002 20.01
0.336 0.003 20.04
0.338 0.002 20.07
0.339 0.002 20.11
0.339 0.002 20.14
0.341 0.002 20.17
0.341 0.001 20.21
0.341 0.003 20.24
0.344 0.005 20.27
0.346 0.01 20.31
0 0 20.34
0.376 0.048 20.37
0.395 0.032 20.4
0.424 0.037 20.44
0.461 0.041 20.47
0 0 20.5
0 0 20.54
0 0 20.57
0 0 20.6
0 0 20.64
0 0 20.67
0 0 20.7
0 0 20.74
0 0 20.77
0 0 20.8
0 0 20.84
0 0 20.87
0 0 20.9
0 0 20.94
0 0 20.97
0 0 21.0
0 0 21.04
0 0 21.07
0 0 21.1
0 0 21.14
0 0 21.17
0 0 21.2
0 0 21.24
0 0 21.27
0 0 21.3
0 0 21.34
0 0 21.37
0 0 21.4
0 0 21.44
0 0 21.47
0 0 21.51
0 0 21.54
0 0 21.57
0 0 21.6
0 0 21.64
0 0 21.67
0 0 21.7
0 0 21.74
0 0 21.77
0 0 21.8
0 0 21.84
0 0 21.87
0 0 21.9
0 0 21.93
0 0 21.97
0 0 22.0
0 0 22.04
0 0 22.07
0 0 22.1
0 0 22.14
0 0 22.17
0 0 22.2
0 0 22.24
0 0 22.27
0 0 22.3
0 0 22.34
0 0 22.37
0 0 22.4
0 0 22.44
0 0 22.47
0 0 22.5
0 0 22.54
0 0 22.57
0 0 22.6
0 0 22.64
0 0 22.67
0 0 22.7
0 0 22.74
0 0 22.77
0 0 22.8
0 0 22.84
0 0 22.87
0 0 22.9
0 0 22.94
0 0 22.97
0 0 23.0
0 0 23.04
0 0 23.07
0 0 23.1
0 0 23.14
0 0 23.17
0 0 23.2
0 0 23.24
0 0 23.27
0 0 23.3
0 0 23.34
0 0 23.37
0 0 23.4
0 0 23.44
0 0 23.47
0 0 23.5
0 0 23.54
0 0 23.57
0 0 23.6
0 0 23.64
0 0 23.67
0 0 23.7
0 0 23.74
0 0 23.77
0 0 23.8
0 0 23.84
0 0 23.87
0 0 23.9
0 0 23.94
0 0 23.97
0 0 24.0
0 0 24.04
0 0 24.07
0 0 24.1
0 0 24.14
0 0 24.17
0 0 24.2
0 0 24.24
0 0 24.27
0 0 24.3
0 0 24.34
0 0 24.37
0 0 24.4
0 0 24.44
0 0 24.47
0 0 24.5
0 0 24.54
0 0 24.57
0 0 24.6
0 0 24.64
0 0 24.67
0 0 24.7
0 0 24.74
0 0 24.77
0 0 24.8
0 0 24.84
0 0 24.87
0 0 24.9
0 0 24.94
0 0 24.97
0 0 25.0
0 0 25.04
0 0 25.07
0 0 25.1
0 0 25.14
0 0 25.17
0 0 25.2
0 0 25.24
0 0 25.27
0 0 25.3
0 0 25.34
0 0 25.37
0 0 25.4
0 0 25.44
0 0 25.47
0 0 25.5
0 0 25.53
0 0 25.57
0 0 25.6
0 0 25.64
0 0 25.67
0 0 25.7
0 0 25.74
0 0 25.77
0 0 25.8
0 0 25.84
0 0 25.87
0 0 25.9
0 0 25.94
0 0 25.97
0 0 26.0
0 0 26.04
0 0 26.07
0 0 26.1
0 0 26.14
0 0 26.17
0 0 26.2
0 0 26.24
0 0 26.27
0 0 26.3
0 0 26.34
0 0 26.37
0 0 26.4
0 0 26.44
0 0 26.47
0 0 26.5
0 0 26.53
0 0 26.57
0 0 26.6
0 0 26.64
0 0 26.67
0 0 26.7
0 0 26.74
0 0 26.77
0 0 26.8
0 0 26.84
0 0 26.87
0 0 26.9
0 0 26.94
0 0 26.97
0 0 27.0
0 0 27.04
0 0 27.07
0 0 27.1
0 0 27.13
0 0 27.17
0 0 27.2
0 0 27.24
0 0 27.27
0 0 27.3
0 0 27.34
0 0 27.37
0 0 27.4
0 0 27.43
0 0 27.47
0 0 27.5
0 0 27.54
0 0 27.57
0 0 27.6
0 0 27.63
0 0 27.67
0 0 27.7
0 0 27.74
0 0 27.77
0 0 27.8
0 0 27.84
0 0 27.87
0 0 27.9
0 0 27.94
0 0 27.97
0 0 28.0
0 0 28.03
0 0 28.07
0 0 28.1
0 0 28.13
0 0 28.17
0 0 28.2
0 0 28.24
0 0 28.27
0 0 28.3
0 0 28.34
0 0 28.37
0 0 28.4
0 0 28.43
0 0 28.47
0 0 28.5
0 0 28.53
0 0 28.57
0 0 28.6
0 0 28.63
0 0 28.67
0 0 28.7
0 0 28.73
0 0 28.77
0 0 28.8
0 0 28.84
0 0 28.87
0 0 28.9
0 0 28.93
0 0 28.97
0 0 29.0
0 0 29.03
0 0 29.07
0 0 29.1
0 0 29.13
0 0 29.17
0 0 29.2
0 0 29.23
0 0 29.27
0 0 29.3
0 0 29.34
0 0 29.37
0 0 29.4
0 0 29.43
0 0 29.47
0 0 29.5
0 0 29.53
0 0 29.57
0 0 29.6
0 0 29.63
0 0 29.67
0 0 29.7
0 0 29.73
0 0 29.77
0 0 29.8
0 0 29.84
0 0 29.87
0 0 29.9
0 0 29.94
0 0 29.97
0 0 30.0
0 0 30.04
0 0 30.07
0 0 30.1
0 0 30.14
0 0 30.17
0 0 30.2
0 0 30.24
0 0 30.27
0 0 30.3
0.515 0.08 30.34
0 0 30.37
0.465 0.058 30.4
0.441 0.027 30.44
0.423 0.027 30.47
0 0 30.51
0.388 0.049 30.54
0.375 0.021 30.57
0.368 0.019 30.6
0.359 0.017 30.64
0.354 0.014 30.67
0.353 0.012 30.7
0.35 0.01 30.74
0.346 0.008 30.77
0.347 0.008 30.8
0.345 0.006 30.84
0.342 0.006 30.87
0.342 0.004 30.91
0.34 0.004 30.94
0.34 0.004 30.97
0 0 31.0
0 0 31.04
0 0 31.07
0 0 31.1
0 0 31.14
0 0 31.17
0 0 31.2
0 0 31.24
0 0 31.27
0 0 31.3
0.333 0.022 31.34
0 0 31.37
0.33 0.02 31.4
0.336 0.026 31.44
0 0 31.47
0 0 31.5
0 0 31.54
0 0 31.57
0 0 31.6
0 0 31.64
0 0 31.67
0 0 31.7
0 0 31.73
0 0 31.77
0 0 31.8
0 0 31.84
0 0 31.87
0 0 31.9
0 0 31.93
0 0 31.97
0 0 32.0
0 0 32.03
0 0 32.07
0 0 32.1
0 0 32.13
0 0 32.17
0 0 32.2
0 0 32.24
0 0 32.27
0 0 32.3
0 0 32.34
0 0 32.37
0 0 32.4
0 0 32.43
0 0 32.47
0 0 32.5
0 0 32.53
0 0 32.57
0 0 32.6
0 0 32.63
0 0 32.67
0 0 32.7
0 0 32.73
0 0 32.77
0 0 32.8
0 0 32.84
0 0 32.87
0 0 32.9
0 0 32.93
0 0 32.97
0 0 33.0
0 0 33.03
0 0 33.07
0 0 33.1
0 0 33.13
0.633 0.353 33.17
0 0 33.2
0 0 33.23
0.562 0.073 33.27
0.526 0.039 33.3
0.488 0.04 33.34
0.452 0.039 33.37
0 0 33.4
0.399 0.071 33.44
0.377 0.029 33.47
0.361 0.025 33.5
0.351 0.021 33.54
0.347 0.018 33.57
0.344 0.014 33.61
0.344 0.014 33.64
0.346 0.011 33.67
0.347 0.008 33.7
0.346 0.004 33.74
0.345 0.004 33.77
0.348 0.003 33.8
0.35 0.004 33.84
0.352 0.002 33.87
0.353 0.001 33.91
0.354 0.002 33.94
0.357 0.003 33.97
0.361 0.004 34.01
0.364 0.004 34.04
0.366 0.005 34.07
0.366 0.002 34.1
0.364 0.003 34.14
0.366 0.006 34.17
0.364 0.008 34.2
0.364 0.001 34.24
0.365 0.002 34.27
0.366 0.002 34.3
0.368 0.002 34.34
0.366 0.001 34.37
0.366 0.003 34.4
0.363 0.004 34.44
0.36 0.002 34.47
0.358 0.003 34.51
0.356 0.002 34.54
0.354 0.002 34.57
0.353 0.003 34.6
0.353 0.002 34.64
0.354 0.003 34.67
0.356 0.002 34.7
0.357 0.001 34.74
0.356 0.003 34.77
0.355 0.002 34.8
0.354 0.002 34.84
0.353 0.001 34.87
0.352 0.002 34.9
0.353 0.001 34.94
0.353 0.001 34.97
0.353 0.001 35.0
0.352 0.003 35.04
0.352 0.001 35.07
0.35 0.003 35.1
0.348 0.003 35.14
0.346 0.003 35.17
0.346 0.003 35.2
0.348 0.002 35.24
0.35 0.004 35.27
0.35 0.004 35.3
0.35 0.007 35.34
0.35 0.011 35.37
0.352 0.016 35.4
0.357 0.022 35.44
0 0 35.47
0 0 35.5
0.41 0.092 35.54
0.442 0.038 35.57
0.478 0.038 35.6
0 0 35.63
0 0 35.67
0 0 35.7
0 0 35.73
0 0 35.77
0 0 35.8
0 0 35.83
0 0 35.87
0 0 35.9
0 0 35.93
0 0 35.97
0 0 36.0
0 0 36.03
0 0 36.07
0 0 36.1
0 0 36.13
0 0 36.17
0 0 36.2
0 0 36.23
0.653 0.192 36.27
0.654 0.005 36.3
0 0 36.34
0 0 36.37
0.652 0.008 36.4
0 0 36.43
0.656 0.005 36.47
0 0 36.5
0 0 36.54
0 0 36.57
0 0 36.6
0.656 0.003 36.64
0 0 36.67
0 0 36.7
0.643 0.014 36.74
0.645 0.008 36.77
0 0 36.8
0.64 0.005 36.84
0 0 36.87
0 0 36.9
0 0 36.93
0 0 36.97
0 0 37.0
0 0 37.03
0 0 37.07
0.607 0.044 37.1
0.586 0.023 37.13
0.559 0.029 37.17
0.528 0.033 37.2
0 0 37.23
0.47 0.063 37.27
0.443 0.03 37.3
0.419 0.028 37.34
0.399 0.027 37.37
0.381 0.026 37.4
0.37 0.021 37.44
0.359 0.018 37.47
0.353 0.015 37.5
0.349 0.011 37.54
0.345 0.009 37.57
0.343 0.007 37.6
0.342 0.006 37.64
0.342 0.005 37.67
0.343 0.004 37.7
0.345 0.004 37.74
0.348 0.003 37.77
0.35 0.004 37.8
0.352 0.003 37.84
0.353 0.002 37.87
0.354 0.003 37.9
0.354 0.002 37.94
0.354 0.002 37.97
0.355 0.002 38.0
0.356 0.002 38.04
0.357 0.002 38.07
0.358 0.002 38.1
0.358 0.001 38.14
0.358 0.001 38.17
0.357 0.001 38.2
0.355 0.002 38.24
0.354 0.003 38.27
0.352 0.002 38.3
0.349 0.003 38.34
0.347 0.006 38.37
0.344 0.004 38.4
0 0 38.43
0.34 0.009 38.47
0.338 0.003 38.5
0 0 38.53
0.338 0.002 38.57
0.34 0.006 38.6
0.341 0.003 38.64
0 0 38.67
0 0 38.7
0.343 0.004 38.74
0 0 38.77
0.341 0.002 38.8
0 0 38.84
0 0 38.87
0 0 38.9
0 0 38.93
0 0 38.97
0.337 0.007 39.0
0.336 0.012 39.04
0.335 0.015 39.07
0 0 39.1
0 0 39.13
0 0 39.17
0 0 39.2
0 0 39.23
0 0 39.27
0 0 39.3
0.515 0.254 39.34
0 0 39.37
0 0 39.4
0 0 39.43
0 0 39.47
0 0 39.5
0 0 39.53
0 0 39.57
0 0 39.6
0 0 39.63
0 0 39.67
0 0 39.7
0 0 39.73
0 0 39.77
0 0 39.8
0 0 39.83
0 0 39.87
0 0 39.9
0 0 39.93
0 0 39.97
0 0 40.0
0 0 40.03
0 0 40.06
0 0 40.1
0 0 40.13
0 0 40.17
0 0 40.2
0 0 40.23
0 0 40.27
0 0 40.3
0 0 40.33
0 0 40.37
0 0 40.4
0 0 40.43
0 0 40.47
0 0 40.5
0.621 0.154 40.53
0.621 0.002 40.57
0 0 40.6
0 0 40.63
0 0 40.67
0.623 0.009 40.7
0 0 40.73
0.63 0.007 40.77
0 0 40.8
0 0 40.83
0 0 40.87
0 0 40.9
0 0 40.93
0 0 40.97
0 0 41.0
0 0 41.03
0 0 41.07
0 0 41.1
0 0 41.13
0 0 41.17
0 0 41.2
0 0 41.23
0 0 41.27
0 0 41.3
0 0 41.33
0 0 41.37
0 0 41.4
0 0 41.43
0 0 41.47
0 0 41.5
0 0 41.53
0 0 41.57
0 0 41.6
0 0 41.63
0 0 41.67
0 0 41.7
0 0 41.73
0 0 41.77
0 0 41.8
0 0 41.83
0 0 41.87
0 0 41.9
0 0 41.93
0 0 41.97
0 0 42.0
0 0 42.03
0 0 42.06
0 0 42.1
0 0 42.13
0 0 42.17
0 0 42.2
0 0 42.23
0 0 42.26
0 0 42.3
0 0 42.33
0 0 42.36
0 0 42.4
0 0 42.43
0 0 42.46
0 0 42.5
0 0 42.53
0 0 42.57
0 0 42.6
0 0 42.63
0 0 42.67
0 0 42.7
0 0 42.73
0 0 42.76
0 0 42.8
0 0 42.84
0 0 42.87
0 0 42.9
0 0 42.93
0 0 42.96
0 0 43.0
0 0 43.03
0 0 43.07
0 0 43.1
0 0 43.13
0 0 43.17
0 0 43.2
0 0 43.23
0 0 43.27
0 0 43.3
0 0 43.33
0 0 43.36
0 0 43.4
0 0 43.43
0 0 43.46
0 0 43.5
0 0 43.53
0 0 43.57
0 0 43.6
0 0 43.63
0 0 43.67
0 0 43.7
0 0 43.73
0 0 43.76
0 0 43.8
0 0 43.83
0 0 43.87
0 0 43.9
0 0 43.93
0 0 43.97
0 0 44.0
0 0 44.03
0 0 44.07
0 0 44.1
0 0 44.13
0 0 44.17
0 0 44.2
0 0 44.23
0 0 44.27
0 0 44.3
0 0 44.33
0 0 44.37
0 0 44.4
0 0 44.43
0 0 44.47
0 0 44.5
0 0 44.53
0 0 44.57
0 0 44.6
0 0 44.63
0 0 44.67
0 0 44.7
0 0 44.73
0 0 44.77
0 0 44.8
0 0 44.83
0 0 44.87
0 0 44.9
0 0 44.93
0 0 44.97
0 0 45.0
0 0 45.03
0 0 45.07
0 0 45.1
0 0 45.13
0 0 45.17
0 0 45.2
0 0 45.23
0 0 45.27
0 0 45.3
0 0 45.33
0 0 45.37
0 0 45.4
0 0 45.43
0 0 45.47
0 0 45.5
0 0 45.53
0 0 45.57
0 0 45.6
0 0 45.63
0 0 45.67
0 0 45.7
0 0 45.73
0 0 45.77
0 0 45.8
0 0 45.83
0 0 45.87
0 0 45.9
0 0 45.93
0 0 45.96
0 0 46.0
0 0 46.03
0 0 46.06
0 0 46.1
0 0 46.13
0 0 46.17
0 0 46.2
0 0 46.23
0 0 46.27
0 0 46.3
0 0 46.33
0 0 46.37
0 0 46.4
0 0 46.43
0 0 46.47
0 0 46.5
0 0 46.53
0 0 46.57
0 0 46.6
0 0 46.63
0 0 46.67
0 0 46.7
0 0 46.73
0 0 46.77
0 0 46.8
0 0 46.83
0 0 46.87
0 0 46.9
0 0 46.93
0 0 46.97
0 0 47.0
0 0 47.03
0 0 47.06
0 0 47.1
0 0 47.13
0 0 47.17
0 0 47.2
0 0 47.23
0 0 47.26
0 0 47.3
0 0 47.33
0 0 47.37
0 0 47.4
0 0 47.43
0 0 47.46
0 0 47.5
0 0 47.53
0 0 47.57
0 0 47.6
0 0 47.63
0 0 47.67
0 0 47.7
0 0 47.73
0 0 47.77
0 0 47.8
0 0 47.83
0 0 47.87
0 0 47.9
0 0 47.93
0 0 47.97
0 0 48.0
0 0 48.03
0 0 48.06
0 0 48.1
0 0 48.13
0 0 48.17
0 0 48.2
0 0 48.23
0 0 48.27
0 0 48.3
0 0 48.33
0 0 48.37
0 0 48.4
0 0 48.43
0 0 48.46
0 0 48.5
0 0 48.53
0 0 48.57
0 0 48.6
0 0 48.63
0 0 48.67
0 0 48.7
0 0 48.73
0 0 48.76
0 0 48.8
0 0 48.83
0 0 48.87
0 0 48.9
0 0 48.93
0 0 48.96
0 0 49.0
0 0 49.03
0 0 49.06
0 0 49.1
0 0 49.13
0 0 49.17
0 0 49.2
0 0 49.23
0 0 49.26
0 0 49.3
0 0 49.33
0 0 49.36
0 0 49.4
0 0 49.43
0 0 49.46
0 0 49.5
0 0 49.53
0 0 49.57
0 0 49.6
0 0 49.63
0 0 49.67
0 0 49.7
0 0 49.73
0 0 49.76
0 0 49.8
0 0 49.83
0 0 49.86
0 0 49.9
0 0 49.93
0 0 49.96
0 0 50.0
0 0 50.03
0 0 50.06
0 0 50.1
0 0 50.13
0 0 50.16
0 0 50.2
0 0 50.23
0 0 50.26
0 0 50.3
0 0 50.33
0 0 50.36
0 0 50.4
0 0 50.43
0 0 50.46
0 0 50.5
0 0 50.53
0 0 50.57
0 0 50.6
0 0 50.63
0 0 50.67
0 0 50.7
0 0 50.73
0 0 50.76
0 0 50.8
0 0 50.83
0 0 50.86
0 0 50.9
0 0 50.93
0 0 50.96
0 0 51.0
0 0 51.03
0 0 51.06
0 0 51.1
0 0 51.13
0 0 51.17
0 0 51.2
0 0 51.23
0 0 51.27
0 0 51.3
0 0 51.33
0 0 51.37
0 0 51.4
0 0 51.43
0 0 51.47
0 0 51.5
0 0 51.53
0 0 51.56
0 0 51.6
0 0 51.63
0 0 51.66
0 0 51.7
0 0 51.73
0 0 51.76
0 0 51.8
0 0 51.83
0 0 51.86
0 0 51.9
0 0 51.93
0 0 51.96
0 0 52.0
0 0 52.03
0 0 52.06
0 0 52.1
0 0 52.13
0 0 52.16
0 0 52.2
0 0 52.23
0 0 52.26
0 0 52.3
0 0 52.33
0 0 52.36
0 0 52.4
0 0 52.43
0 0 52.46
0 0 52.5
0 0 52.53
0 0 52.56
0 0 52.6
0 0 52.63
0 0 52.66
0 0 52.7
0 0 52.73
0 0 52.76
0 0 52.8
0 0 52.83
0 0 52.86
0 0 52.9
0 0 52.93
0 0 52.96
0 0 53.0
0 0 53.03
0 0 53.06
0 0 53.1
0 0 53.13
0 0 53.16
0 0 53.2
0 0 53.23
0 0 53.26
0 0 53.3
0 0 53.33
0 0 53.36
0 0 53.4
0 0 53.43
0 0 53.46
0 0 53.5
0 0 53.53
0 0 53.56
0 0 53.6
0 0 53.63
0 0 53.67
0 0 53.7
0 0 53.73
0 0 53.76
0 0 53.8
0 0 53.83
0 0 53.86
0 0 53.9
0 0 53.93
0 0 53.96
0 0 54.0
0 0 54.03
0 0 54.06
0 0 54.1
0 0 54.13
0 0 54.16
0 0 54.2
0 0 54.23
0 0 54.26
0 0 54.3
0 0 54.33
0 0 54.36
0 0 54.4
0 0 54.43
0 0 54.46
0 0 54.5
0 0 54.53
0 0 54.56
0 0 54.6
0 0 54.63
0 0 54.66
0 0 54.7
0 0 54.73
0 0 54.76
0 0 54.8
0 0 54.83
0 0 54.86
0 0 54.9
0 0 54.93
0 0 54.96
0 0 55.0
0 0 55.03
0 0 55.06
0 0 55.1
0.463 0.149 55.13
0.459 0.019 55.17
0.439 0.023 55.2
0.417 0.027 55.23
0.398 0.024 55.26
0.385 0.025 55.3
0.37 0.022 55.33
0.358 0.02 55.37
0.351 0.019 55.4
0.342 0.018 55.43
0.334 0.017 55.47
0.334 0.015 55.5
0.332 0.014 55.53
0.33 0.012 55.57
0.334 0.01 55.6
0.333 0.009 55.64
0.331 0.007 55.67
0.329 0.006 55.7
0.331 0.006 55.73
0.33 0.005 55.77
0.332 0.004 55.8
0.334 0.002 55.84
0.334 0.002 55.87
0.334 0.002 55.9
0.337 0.002 55.93
0.336 0.001 55.97
0.335 0.002 56.0
0.336 0.001 56.03
0.335 0.002 56.07
0.333 0.001 56.1
0.332 0.001 56.13
0.334 0.002 56.17
0.332 0.002 56.2
0.33 0.003 56.23
0.33 0.005 56.27
0.328 0.004 56.3
0.326 0.003 56.33
0.33 0.001 56.37
0.33 0.004 56.4
0.331 0.003 56.43
0.336 0.003 56.47
0.336 0.002 56.5
0.336 0.002 56.53
0.336 0.002 56.57
0.335 0.003 56.6
0.334 0.002 56.63
0.333 0.001 56.67
0.333 0.004 56.7
0.329 0.009 56.73
0.327 0.014 56.77
0.329 0.02 56.8
0 0 56.83
0 0 56.86
0 0 56.9
0.412 0.126 56.93
0.451 0.043 56.97
0.497 0.049 57.0
0 0 57.03
0 0 57.06
0 0 57.1
0 0 57.13
0 0 57.16
0 0 57.2
0 0 57.23
0 0 57.26
0 0 57.3
0 0 57.33
0 0 57.36
0 0 57.4
0 0 57.43
0.644 0.156 57.46
0 0 57.5
0 0 57.53
0 0 57.56
0 0 57.6
0 0 57.63
0 0 57.67
0 0 57.7
0.628 0.034 57.73
0 0 57.76
0.629 0.004 57.8
0 0 57.83
0 0 57.86
0 0 57.9
0.626 0.005 57.93
0.627 0.002 57.96
0.626 0.002 58.0
0.622 0.006 58.03
0.619 0.003 58.06
0.62 0.004 58.1
0.619 0.003 58.13
0.618 0.002 58.16
0.617 0.003 58.2
0 0 58.23
0.617 0.005 58.26
0.62 0.002 58.3
0.62 0.004 58.33
0.623 0.003 58.36
0 0 58.4
0.626 0.006 58.43
0.628 0.003 58.46
0.631 0.003 58.5
0.63 0.003 58.53
0.633 0.004 58.56
0.63 0.005 58.6
0 0 58.63
0 0 58.66
0 0 58.7
0.63 0.004 58.73
0 0 58.76
0 0 58.8
0.629 0.004 58.83
0 0 58.86
0 0 58.9
0 0 58.93
0 0 58.96
0.619 0.012 59.0
0.618 0.005 59.03
0.617 0.005 59.06
0.615 0.003 59.1
0.613 0.002 59.13
0 0 59.16
0 0 59.2
0 0 59.23
0.611 0.007 59.26
0 0 59.3
0.598 0.019 59.33
0.586 0.015 59.36
0.571 0.017 59.4
0.555 0.017 59.43
0.536 0.021 59.47
0.515 0.022 59.5
0 0 59.53
0 0 59.56
0.456 0.068 59.6
0.437 0.021 59.63
0.421 0.021 59.67
0.404 0.022 59.7
0.388 0.019 59.73
0.375 0.018 59.77
0.362 0.017 59.8
0.35 0.016 59.83
0.343 0.013 59.86
0.338 0.011 59.9
0.333 0.009 59.93
0.33 0.008 59.97
0.33 0.007 60.0
0.328 0.007 60.03
0.329 0.006 60.07
0.33 0.005 60.1
0.332 0.004 60.13
0.331 0.003 60.17
0.332 0.001 60.2
0.331 0.002 60.23
0.328 0.001 60.26
0.326 0.001 60.3
0.325 0.002 60.33
0.321 0.003 60.37
0.321 0.001 60.4
0.323 0.002 60.43
0.326 0.005 60.46
0.325 0.003 60.5
0.325 0.001 60.53
0.324 0.001 60.57
0.319 0.002 60.6
0.319 0.003 60.63
0.32 0.002 60.67
0.319 0.002 60.7
0.32 0.002 60.73
0.322 0.002 60.77
0.322 0.005 60.8
0.321 0.005 60.84
0.321 0.009 60.87
0.324 0.014 60.9
0.328 0.02 60.93
0.337 0.026 60.96
0.354 0.029 61.0
0 0 61.03
0.395 0.063 61.06
0.422 0.032 61.1
0.449 0.03 61.13
0.48 0.033 61.16
0.513 0.034 61.2
0.546 0.034 61.23
0 0 61.26
0 0 61.3
0 0 61.33
0 0 61.36
0 0 61.39
0 0 61.43
0 0 61.46
0 0 61.5
0 0 61.53
0 0 61.56
0 0 61.59
0 0 61.63
0 0 61.66
0 0 61.69
0 0 61.73
0 0 61.76
0 0 61.8
0 0 61.83
0 0 61.86
0 0 61.9
0 0 61.93
0 0 61.96
0 0 62.0
0 0 62.03
0 0 62.06
0 0 62.09
0 0 62.13
0 0 62.17
0 0 62.2
0 0 62.23
0 0 62.26
0 0 62.29
0 0 62.33
0 0 62.36
0 0 62.4
0 0 62.43
0 0 62.46
0 0 62.5
0 0 62.53
0 0 62.56
0 0 62.6
0 0 62.63
0 0 62.66
0.616 0.089 62.7
0 0 62.73
0 0 62.76
0.624 0.01 62.8
0 0 62.83
0 0 62.86
0.628 0.005 62.9
0 0 62.93
0 0 62.96
0 0 63.0
0 0 63.03
0 0 63.06
0 0 63.1
0 0 63.13
0 0 63.16
0 0 63.2
0 0 63.23
0 0 63.26
0 0 63.29
0 0 63.33
0 0 63.36
0 0 63.39
0.641 0.017 63.43
0.64 0.002 63.46
0 0 63.5
0 0 63.53
0 0 63.56
0.633 0.01 63.6
0.638 0.008 63.63
0 0 63.66
0.636 0.003 63.7
0.634 0.002 63.73
0 0 63.76
0 0 63.79
0.627 0.007 63.83
0 0 63.86
0.632 0.005 63.9
0 0 63.93
0 0 63.96
0 0 64.0
0 0 64.03
0 0 64.06
0 0 64.09
0.648 0.026 64.13
0 0 64.17
0 0 64.2
0 0 64.23
0 0 64.26
0 0 64.3
0 0 64.33
0 0 64.36
0 0 64.39
0 0 64.43
0 0 64.46
0 0 64.5
0 0 64.53
0 0 64.56
0 0 64.59
0 0 64.63
0 0 64.66
0 0 64.69
0 0 64.73
0 0 64.76
0 0 64.79
0 0 64.83
0 0 64.86
0 0 64.9
0 0 64.93
0 0 64.96
0 0 65.0
0 0 65.03
0 0 65.06
0 0 65.1
0 0 65.13
0 0 65.16
0 0 65.19
0 0 65.23
0 0 65.26
0 0 65.29
0 0 65.33
0 0 65.36
0 0 65.39
0 0 65.43
0 0 65.46
0 0 65.5
0 0 65.53
0 0 65.56
0 0 65.6
0 0 65.63
0 0 65.66
0 0 65.69
0 0 65.73
0 0 65.76
0 0 65.79
0 0 65.83
0 0 65.86
0 0 65.9
0 0 65.93
0 0 65.96
0 0 66.0
0 0 66.03
0 0 66.06
0 0 66.1
0 0 66.13
0 0 66.16
0 0 66.2
0 0 66.23
0 0 66.26
0 0 66.3
0 0 66.33
0 0 66.36
0 0 66.39
0 0 66.43
0 0 66.46
0 0 66.5
0 0 66.53
0 0 66.56
0 0 66.59
0 0 66.63
0 0 66.66
0 0 66.69
0 0 66.73
0 0 66.76
0 0 66.8
0 0 66.83
0 0 66.86
0 0 66.89
0 0 66.93
0 0 66.96
0 0 67.0
0 0 67.03
0 0 67.06
0 0 67.09
0 0 67.13
0 0 67.16
0 0 67.19
0 0 67.23
0 0 67.26
0 0 67.29
0 0 67.33
0 0 67.36
0 0 67.39
0 0 67.43
0 0 67.46
0 0 67.5
0 0 67.53
0 0 67.56
0 0 67.59
0 0 67.63
0 0 67.66
0 0 67.69
0 0 67.73
0 0 67.76
0 0 67.79
0 0 67.83
0 0 67.86
0 0 67.9
0 0 67.93
0 0 67.96
0 0 68.0
0 0 68.03
0 0 68.06
0 0 68.09
0 0 68.13
0 0 68.16
0 0 68.19
0 0 68.23
0 0 68.26
0 0 68.29
0 0 68.33
0 0 68.36
0 0 68.39
0 0 68.43
0 0 68.46
0 0 68.5
0 0 68.53
0 0 68.56
0 0 68.59
0 0 68.63
0 0 68.66
0 0 68.7
0 0 68.73
0 0 68.76
0 0 68.79
0 0 68.83
0 0 68.86
0 0 68.9
0 0 68.93
0 0 68.96
0 0 68.99
0 0 69.03
0 0 69.06
0 0 69.09
0 0 69.13
0 0 69.16
0 0 69.19
0 0 69.23
0 0 69.26
0 0 69.3
0 0 69.33
0 0 69.36
0 0 69.39
0 0 69.43
0 0 69.46
0 0 69.5
0 0 69.53
0 0 69.56
0 0 69.59
0 0 69.63
0 0 69.66
0 0 69.69
0 0 69.73
0 0 69.76
0 0 69.79
0 0 69.83
0 0 69.86
0 0 69.9
0 0 69.93
0 0 69.96
0 0 70.0
0 0 70.03
0 0 70.06
0 0 70.09
0 0 70.13
0 0 70.16
0 0 70.2
0 0 70.23
0 0 70.26
0 0 70.29
0 0 70.33
0 0 70.36
0 0 70.39
0 0 70.43
0 0 70.46
0 0 70.5
0 0 70.53
0 0 70.56
0 0 70.59
0 0 70.63
0 0 70.66
0 0 70.69
0 0 70.73
0 0 70.76
0 0 70.79
0 0 70.83
0 0 70.86
0 0 70.9
0 0 70.93
0 0 70.96
0 0 71.0
0 0 71.03
0 0 71.06
0 0 71.09
0 0 71.13
0 0 71.16
0 0 71.19
0 0 71.23
0 0 71.26
0 0 71.29
0 0 71.33
0 0 71.36
0 0 71.39
0 0 71.43
0 0 71.46
0 0 71.5
0 0 71.53
0 0 71.56
0 0 71.59
0 0 71.63
0 0 71.66
0 0 71.69
0 0 71.73
0 0 71.76
0 0 71.79
0 0 71.83
0 0 71.86
0 0 71.89
0 0 71.93
0 0 71.96
0 0 72.0
0 0 72.03
0 0 72.06
0 0 72.09
0 0 72.13
0 0 72.16
0 0 72.19
0 0 72.23
0 0 72.26
0 0 72.29
0 0 72.33
0 0 72.36
0 0 72.39
0 0 72.43
0 0 72.46
0 0 72.5
0 0 72.52
0 0 72.56
0 0 72.59
0 0 72.63
0 0 72.66
0 0 72.69
0 0 72.73
0 0 72.76
0 0 72.79
0 0 72.83
0 0 72.86
0 0 72.89
0 0 72.93
0 0 72.96
0 0 72.99
0 0 73.03
0 0 73.06
0 0 73.09
0 0 73.13
0 0 73.16
0 0 73.19
0 0 73.23
0 0 73.26
0 0 73.29
0 0 73.33
0 0 73.36
0 0 73.39
0 0 73.43
0 0 73.46
0 0 73.49
0 0 73.53
0 0 73.56
0 0 73.59
0 0 73.63
0 0 73.66
0 0 73.69
0 0 73.72
0 0 73.76
0 0 73.79
0 0 73.83
0 0 73.86
0 0 73.89
0 0 73.93
0 0 73.96
0 0 73.99
0 0 74.03
0 0 74.06
0 0 74.09
0 0 74.13
0 0 74.16
0 0 74.19
0 0 74.23
0 0 74.26
0 0 74.29
0 0 74.33
0.541 0.121 74.36
0 0 74.39
0.496 0.054 74.43
0.472 0.027 74.46
0.45 0.026 74.5
0.437 0.025 74.53
0.418 0.026 74.56
0.402 0.024 74.6
0.386 0.024 74.63
0.379 0.019 74.66
0.371 0.018 74.69
0.366 0.016 74.73
0.364 0.014 74.76
0.361 0.012 74.8
0.359 0.011 74.83
0.359 0.009 74.86
0.359 0.008 74.9
0.359 0.007 74.93
0.362 0.006 74.96
0.363 0.005 75.0
0.365 0.005 75.03
0.368 0.005 75.06
0.373 0.006 75.09
0.373 0.004 75.13
0.374 0.003 75.16
0.376 0.004 75.2
0.375 0.004 75.23
0.376 0.002 75.26
0.377 0.002 75.3
0.378 0.002 75.33
0.379 0.002 75.36
0.38 0.002 75.4
0.379 0.003 75.43
0.382 0.005 75.46
0.38 0.003 75.5
0.379 0.003 75.53
0.378 0.001 75.56
0.376 0.003 75.6
0.373 0.003 75.63
0.37 0.005 75.66
0.366 0.009 75.69
0.362 0.014 75.73
0.361 0.019 75.76
0.366 0.023 75.8
0 0 75.83
0 0 75.86
0.417 0.092 75.9
0.451 0.041 75.93
0 0 75.96
0 0 76.0
0 0 76.03
0 0 76.06
0 0 76.09
0 0 76.13
0 0 76.16
0 0 76.19
0 0 76.23
0 0 76.26
0 0 76.29
0 0 76.33
0 0 76.36
0 0 76.39
0 0 76.43
0 0 76.46
0 0 76.49
0 0 76.53
0 0 76.56
0 0 76.59
0 0 76.63
0 0 76.66
0 0 76.69
0 0 76.72
0 0 76.76
0 0 76.79
0 0 76.83
0 0 76.86
0 0 76.89
0 0 76.93
0 0 76.96
0 0 76.99
0 0 77.03
0 0 77.06
0 0 77.09
0 0 77.13
0 0 77.16
0 0 77.19
0 0 77.23
0 0 77.26
0 0 77.29
0 0 77.33
0 0 77.36
0 0 77.39
0 0 77.43
0 0 77.46
0 0 77.49
0 0 77.53
0 0 77.56
0 0 77.59
0 0 77.63
0.583 0.15 77.66
0.558 0.027 77.69
0.532 0.027 77.73
0.504 0.031 77.76
0.477 0.03 77.79
0.452 0.029 77.83
0.43 0.026 77.86
0.41 0.024 77.89
0.393 0.021 77.93
0.381 0.019 77.96
0.373 0.017 78.0
0.367 0.015 78.03
0.366 0.012 78.06
0.366 0.01 78.1
0.367 0.008 78.13
0.37 0.007 78.16
0.373 0.006 78.2
0.377 0.005 78.23
0.38 0.004 78.26
0.384 0.005 78.3
0.386 0.004 78.33
0.388 0.003 78.36
0.388 0.002 78.39
0.387 0.002 78.43
0.387 0.002 78.46
0.387 0.001 78.5
0.385 0.003 78.53
0.384 0.002 78.56
0.383 0.003 78.6
0.382 0.002 78.63
0.381 0.003 78.66
0.381 0.002 78.7
0.38 0.002 78.73
0.38 0.002 78.76
0.378 0.002 78.8
0.377 0.002 78.83
0.375 0.001 78.86
0.375 0.001 78.9
0.375 0.001 78.93
0.375 0.001 78.96
0.375 0.001 79.0
0.376 0.003 79.03
0.377 0.001 79.06
0.377 0.002 79.09
0.378 0.002 79.13
0.377 0.002 79.16
0.374 0.005 79.2
0.369 0.006 79.23
0.365 0.006 79.26
0.359 0.006 79.3
0.355 0.005 79.33
0.351 0.004 79.36
0.349 0.003 79.4
0.347 0.002 79.43
0.345 0.002 79.46
0.345 0.003 79.5
0.345 0.001 79.53
0.345 0.001 79.56
0.345 0.002 79.6
0.344 0.002 79.63
0.343 0.003 79.66
0.341 0.003 79.7
0.34 0.001 79.73
0.338 0.002 79.76
0.337 0.002 79.79
0.336 0.002 79.83
0.335 0.001 79.86
0.335 0.002 79.9
0.334 0.001 79.93
0.334 0.002 79.96
0.333 0.002 80.0
0.332 0.003 80.03
0.331 0.001 80.06
0.33 0.004 80.1
0.328 0.003 80.13
0.326 0.003 80.16
0.325 0.001 80.19
0.325 0.0 80.23
0.325 0.001 80.26
0.326 0.001 80.29
0.327 0.001 80.33
0.329 0.002 80.36
0.332 0.004 80.39
0.335 0.007 80.43
0.338 0.005 80.46
0.343 0.006 80.5
0.349 0.008 80.53
0.355 0.009 80.56
0.363 0.01 80.6
0.372 0.01 80.63
0.382 0.01 80.66
0.392 0.01 80.7
0.402 0.011 80.73
0 0 80.76
0.42 0.02 80.79
0 0 80.83
0 0 80.86
0 0 80.9
0 0 80.93
0 0 80.96
0 0 80.99
0 0 81.03
0 0 81.06
0 0 81.09
0 0 81.13
0.424 0.026 81.16
0.415 0.011 81.19
0.406 0.015 81.23
0.393 0.013 81.26
0.381 0.014 81.29
0.371 0.011 81.33
0.365 0.009 81.36
0.36 0.009 81.39
0.355 0.007 81.43
0.351 0.008 81.46
0.348 0.004 81.5
0.347 0.004 81.53
0.348 0.003 81.56
0.351 0.006 81.59
0.353 0.002 81.63
0.356 0.003 81.66
0.363 0.007 81.7
0.369 0.006 81.73
0.375 0.005 81.76
0.38 0.005 81.79
0.383 0.003 81.83
0.385 0.002 81.86
0.386 0.001 81.89
0.387 0.0 81.93
0.386 0.001 81.96
0.386 0.001 82.0
0.385 0.001 82.03
0.385 0.001 82.06
0.384 0.001 82.09
0.383 0.002 82.13
0.382 0.002 82.16
0.381 0.001 82.19
0.381 0.002 82.23
0.383 0.004 82.26
0.384 0.002 82.3
0.386 0.002 82.33
0.388 0.003 82.36
0.389 0.002 82.39
0.391 0.002 82.43
0.392 0.002 82.46
0.392 0.003 82.5
0.393 0.001 82.53
0.394 0.002 82.56
0.395 0.001 82.59
0.395 0.002 82.63
0.394 0.003 82.66
0.394 0.001 82.69
0.393 0.001 82.73
0.392 0.002 82.76
0.391 0.001 82.79
0.391 0.0 82.83
0.39 0.001 82.86
0.39 0.002 82.89
0.391 0.002 82.93
0.391 0.001 82.96
0.391 0.001 83.0
0.392 0.001 83.03
0.392 0.001 83.06
0.392 0.001 83.09
0.393 0.001 83.13
0.393 0.001 83.16
0.394 0.001 83.19
0.395 0.002 83.23
0.394 0.003 83.26
0.394 0.0 83.29
0.394 0.002 83.33
0.394 0.001 83.36
0.394 0.001 83.4
0.391 0.005 83.43
0.389 0.003 83.46
0.385 0.005 83.5
0.381 0.006 83.53
0.376 0.006 83.56
0.369 0.011 83.59
0.362 0.01 83.63
0.357 0.012 83.66
0.354 0.014 83.69
0.355 0.016 83.73
0.359 0.019 83.76
0.369 0.024 83.79
0.383 0.025 83.83
0.403 0.027 83.86
0.426 0.027 83.89
0.45 0.029 83.93
0.481 0.033 83.96
0.514 0.036 84.0
0 0 84.02
0 0 84.06
0 0 84.09
0 0 84.12
0 0 84.16
0 0 84.19
0 0 84.22
0 0 84.26
0 0 84.29
0 0 84.33
0 0 84.36
0 0 84.39
0 0 84.42
0 0 84.46
0 0 84.49
0 0 84.52
0 0 84.56
0 0 84.59
0 0 84.62
0 0 84.66
0 0 84.69
0 0 84.72
0 0 84.76
0 0 84.79
0 0 84.83
0 0 84.86
0 0 84.89
0 0 84.92
0 0 84.96
0 0 84.99
0 0 85.02
0 0 85.06
0 0 85.09
0 0 85.12
0 0 85.16
0 0 85.19
0 0 85.22
0 0 85.26
0 0 85.29
0 0 85.33
0 0 85.36
0 0 85.39
0 0 85.42
0 0 85.46
0 0 85.49
0 0 85.52
0 0 85.56
0 0 85.59
0 0 85.62
0 0 85.66
0 0 85.69
0 0 85.72
0 0 85.76
0 0 85.79
0 0 85.83
0 0 85.86
0 0 85.89
0 0 85.92
0 0 85.96
0 0 85.99
0 0 86.02
0 0 86.06
0 0 86.09
0 0 86.12
0 0 86.16
0 0 86.19
0 0 86.22
0 0 86.26
0 0 86.29
0 0 86.33
0 0 86.36
0 0 86.39
0 0 86.42
0 0 86.46
0 0 86.49
0.533 0.166 86.52
0 0 86.56
0 0 86.59
0 0 86.62
0 0 86.66
0 0 86.69
0 0 86.72
0 0 86.76
0 0 86.79
0 0 86.83
0 0 86.86
0 0 86.89
0 0 86.92
0 0 86.96
0 0 86.99
0 0 87.03
0 0 87.06
0 0 87.09
0 0 87.13
0 0 87.16
0 0 87.19
0 0 87.23
0 0 87.26
0 0 87.29
0 0 87.33
0 0 87.36
0 0 87.39
0 0 87.42
0 0 87.46
0 0 87.49
0 0 87.52
0 0 87.56
0 0 87.59
0 0 87.62
0 0 87.66
0 0 87.69
0 0 87.72
0 0 87.76
0 0 87.79
0 0 87.83
0 0 87.86
0 0 87.89
0 0 87.92
0 0 87.96
0 0 87.99
0 0 88.02
0 0 88.06
0 0 88.09
0 0 88.12
0 0 88.16
0 0 88.19
0 0 88.23
0 0 88.26
0 0 88.29
0 0 88.33
0 0 88.36
0 0 88.39
0 0 88.43
0 0 88.46
0 0 88.49
0 0 88.52
0 0 88.56
0 0 88.59
0 0 88.62
0 0 88.66
0 0 88.69
0 0 88.72
0 0 88.76
0 0 88.79
0 0 88.83
0 0 88.86
0 0 88.89
0 0 88.93
0 0 88.96
0 0 88.99
0 0 89.02
0 0 89.06
0 0 89.09
0 0 89.12
0 0 89.16
0 0 89.19
0 0 89.22
0 0 89.26
0 0 89.29
0 0 89.33
0 0 89.36
0 0 89.39
0 0 89.42
0 0 89.46
0 0 89.49
0 0 89.52
0 0 89.56
0 0 89.59
0 0 89.62
0 0 89.66
0 0 89.69
0 0 89.72
0 0 89.76
0 0 89.79
0 0 89.83
0 0 89.86
0 0 89.89
0 0 89.92
0 0 89.96
0 0 89.99
0 0 90.02
0 0 90.06
0 0 90.09
0 0 90.12
0 0 90.16
0 0 90.19
0 0 90.22
0 0 90.26
0 0 90.29
0 0 90.32
0 0 90.36
0 0 90.39
0 0 90.42
0 0 90.46
0 0 90.49
0 0 90.52
0 0 90.56
0 0 90.59
0 0 90.63
0 0 90.66
0 0 90.69
0 0 90.72
0 0 90.76
0 0 90.79
0 0 90.83
0 0 90.86
0 0 90.89
0 0 90.92
0 0 90.96
0 0 90.99
0 0 91.02
0 0 91.06
0 0 91.09
0 0 91.12
0 0 91.16
0 0 91.19
0 0 91.22
0 0 91.26
0 0 91.29
0 0 91.33
0 0 91.36
0 0 91.39
0 0 91.42
0 0 91.46
0 0 91.49
0 0 91.52
0 0 91.56
0 0 91.59
0 0 91.62
0 0 91.66
0 0 91.69
0 0 91.72
0 0 91.76
0 0 91.79
0 0 91.82
0 0 91.86
0 0 91.89
0 0 91.92
0 0 91.96
0 0 91.99
0 0 92.02
0 0 92.06
0 0 92.09
0 0 92.12
0 0 92.16
0 0 92.19
0 0 92.22
0 0 92.26
0 0 92.29
0 0 92.32
0 0 92.36
0 0 92.39
0 0 92.42
0 0 92.46
0 0 92.49
0 0 92.52
0 0 92.56
0 0 92.59
0 0 92.62
0 0 92.66
0 0 92.69
0 0 92.72
0 0 92.76
0 0 92.79
0 0 92.83
0 0 92.86
0 0 92.89
0 0 92.92
0 0 92.96
0 0 92.99
0 0 93.02
0 0 93.06
0 0 93.09
0 0 93.12
0 0 93.16
0 0 93.19
0 0 93.22
0 0 93.26
0 0 93.29
0 0 93.33
0 0 93.36
0 0 93.39
0 0 93.42
0 0 93.46
0 0 93.49
0 0 93.52
0 0 93.56
0 0 93.59
0 0 93.62
0 0 93.66
0 0 93.69
0 0 93.72
0 0 93.76
0 0 93.79
0 0 93.82
0 0 93.86
0 0 93.89
0 0 93.92
0 0 93.96
0 0 93.99
0 0 94.02
0 0 94.06
0 0 94.09
0 0 94.12
0 0 94.16
0 0 94.19
0 0 94.22
0 0 94.26
0 0 94.29
0 0 94.32
0 0 94.36
0 0 94.39
0 0 94.42
0 0 94.46
0 0 94.49
0 0 94.52
0 0 94.56
0 0 94.59
0 0 94.62
0 0 94.66
0 0 94.69
0 0 94.72
0 0 94.76
0 0 94.79
0 0 94.82
0 0 94.86
0 0 94.89
0 0 94.92
0 0 94.96
0 0 94.99
0 0 95.02
0 0 95.06
0 0 95.09
0 0 95.12
0 0 95.16
0 0 95.19
0 0 95.22
0 0 95.26
0 0 95.29
0 0 95.32
0 0 95.36
0 0 95.39
0 0 95.42
0 0 95.46
0 0 95.49
0 0 95.52
0 0 95.56
0 0 95.59
0 0 95.62
0 0 95.66
0 0 95.69
0 0 95.72
0 0 95.76
0 0 95.79
0 0 95.82
0 0 95.86
0 0 95.89
0 0 95.92
0 0 95.96
0 0 95.99
0 0 96.02
0 0 96.06
0 0 96.09
0 0 96.12
0 0 96.16
0 0 96.19
0 0 96.22
0 0 96.26
0 0 96.29
0 0 96.32
0 0 96.36
0 0 96.39
0 0 96.42
0 0 96.46
0 0 96.49
0 0 96.52
0 0 96.56
0 0 96.59
0 0 96.62
0 0 96.66
0 0 96.69
0 0 96.72
0 0 96.75
0 0 96.79
0 0 96.82
0 0 96.86
0 0 96.89
0 0 96.92
0 0 96.96
0 0 96.99
0 0 97.02
0 0 97.06
0 0 97.09
0 0 97.12
0 0 97.16
0 0 97.19
0 0 97.22
0 0 97.26
0 0 97.29
0 0 97.32
0 0 97.36
0 0 97.39
0 0 97.42
0 0 97.46
0 0 97.49
0 0 97.52
0 0 97.56
0 0 97.59
0 0 97.62
0 0 97.66
0 0 97.69
0 0 97.72
0 0 97.76
0 0 97.79
0 0 97.82
0 0 97.86
0 0 97.89
0 0 97.92
0 0 97.96
0 0 97.99
0 0 98.02
0 0 98.06
0 0 98.09
0 0 98.12
0 0 98.16
0 0 98.19
0 0 98.22
0 0 98.26
0 0 98.29
0 0 98.32
0 0 98.36
0 0 98.39
0 0 98.42
0 0 98.46
0 0 98.49
0 0 98.52
0 0 98.56
0 0 98.59
0 0 98.62
0 0 98.66
0 0 98.69
0 0 98.72
0 0 98.75
0 0 98.79
0 0 98.82
0 0 98.86
0 0 98.89
0 0 98.92
0 0 98.96
0 0 98.99
0 0 99.02
0.459 0.169 99.06
0.441 0.022 99.09
0.425 0.019 99.12
0.416 0.017 99.16
0.404 0.017 99.19
0.394 0.015 99.22
0.39 0.014 99.26
0.384 0.013 99.29
0.38 0.011 99.33
0.382 0.01 99.36
0.38 0.009 99.39
0.38 0.008 99.43
0.384 0.007 99.46
0.385 0.006 99.49
0.385 0.004 99.53
0.386 0.003 99.56
0.389 0.003 99.59
0.388 0.002 99.63
0.386 0.002 99.66
0.387 0.003 99.69
0.384 0.003 99.72
0.382 0.004 99.76
0.383 0.003 99.79
0.382 0.002 99.83
0.382 0.002 99.86
0.385 0.001 99.89
0.384 0.001 99.92
0.384 0.001 99.96
0.384 0.0 99.99
0.387 0.0 100.02
0.386 0.002 100.06
0.385 0.001 100.09
0.388 0.001 100.12
0.388 0.001 100.16
0.387 0.001 100.19
0.388 0.001 100.23
0.389 0.001 100.26
0.389 0.001 100.29
0.392 0.001 100.33
0.393 0.001 100.36
0.394 0.001 100.39
0.395 0.002 100.42
0.399 0.002 100.46
0.4 0.002 100.49
0.401 0.001 100.53
0.404 0.002 100.56
0.407 0.003 100.59
0.408 0.002 100.62
0.412 0.002 100.66
0.412 0.002 100.69
0.414 0.002 100.72
0.415 0.003 100.76
0.417 0.002 100.79
0.417 0.004 100.83
0.417 0.003 100.86
0.419 0.003 100.89
0.42 0.003 100.92
0.42 0.001 100.96
0.422 0.001 100.99
0.422 0.002 101.02
0.422 0.001 101.06
0.422 0.001 101.09
0.423 0.004 101.12
0.424 0.009 101.16
0.428 0.014 101.19
0 0 101.22
0.448 0.043 101.26
0.471 0.033 101.29
0.496 0.032 101.33
0.528 0.036 101.36
0 0 101.39
0 0 101.42
0 0 101.46
0 0 101.49
0 0 101.52
0 0 101.56
0 0 101.59
0 0 101.62
0 0 101.66
0 0 101.69
0 0 101.72
0 0 101.76
0 0 101.79
0 0 101.82
0 0 101.85
0 0 101.89
0 0 101.92
0 0 101.96
0 0 101.99
0 0 102.02
0 0 102.05
0 0 102.09
0 0 102.12
0 0 102.16
0 0 102.19
0 0 102.22
0 0 102.26
0 0 102.29
0 0 102.32
0 0 102.35
0 0 102.39
0 0 102.42
0 0 102.45
0 0 102.49
0 0 102.52
0 0 102.56
0 0 102.59
0 0 102.62
0 0 102.66
0 0 102.69
0 0 102.72
0 0 102.75
0 0 102.79
0 0 102.82
0 0 102.85
0 0 102.89
0 0 102.92
0 0 102.95
0 0 102.99
0 0 103.02
0 0 103.06
0 0 103.09
0 0 103.12
0 0 103.15
0 0 103.19
0 0 103.22
0 0 103.25
0 0 103.29
0 0 103.32
0 0 103.35
0 0 103.39
0 0 103.42
0 0 103.45
0 0 103.49
0 0 103.52
0 0 103.56
0 0 103.59
0 0 103.62
0 0 103.66
0 0 103.69
0 0 103.72
0 0 103.75
0 0 103.79
0 0 103.82
0 0 103.86
0 0 103.89
0 0 103.92
0 0 103.95
0 0 103.99
0 0 104.02
0 0 104.05
0 0 104.09
0 0 104.12
0 0 104.16
0 0 104.19
0 0 104.22
0 0 104.25
0 0 104.29
0 0 104.32
0 0 104.35
0 0 104.39
0 0 104.42
0 0 104.45
0 0 104.49
0 0 104.52
0 0 104.56
0 0 104.59
0 0 104.62
0 0 104.66
0 0 104.69
0 0 104.72
0 0 104.75
0 0 104.79
0 0 104.82
0 0 104.85
0 0 104.89
0 0 104.92
0 0 104.95
0 0 104.99
0 0 105.02
0 0 105.05
0 0 105.09
0 0 105.12
0 0 105.16
0 0 105.19
0 0 105.22
0 0 105.25
0 0 105.29
0 0 105.32
0 0 105.35
0 0 105.39
0 0 105.42
0 0 105.45
0 0 105.49
0 0 105.52
0 0 105.55
0 0 105.59
0 0 105.62
0 0 105.66
0 0 105.69
0 0 105.72
0 0 105.75
0.558 0.062 105.79
0.527 0.031 105.83
0 0 105.85
0.475 0.053 105.89
0 0 105.92
0 0 105.96
0.427 0.054 105.99
0 0 106.02
0.408 0.027 106.06
0.402 0.011 106.09
0.395 0.011 106.12
0.389 0.009 106.16
0.383 0.008 106.19
0.378 0.008 106.22
0.373 0.007 106.26
0.368 0.007 106.29
0.365 0.006 106.33
0.36 0.006 106.36
0.358 0.005 106.39
0.356 0.004 106.42
0.354 0.004 106.46
0.353 0.003 106.49
0.353 0.003 106.52
0.354 0.003 106.56
0.355 0.002 106.59
0.356 0.002 106.62
0.358 0.003 106.66
0.36 0.002 106.69
0.36 0.001 106.72
0.361 0.003 106.76
0.361 0.001 106.79
0.363 0.002 106.82
0.365 0.003 106.85
0.367 0.002 106.89
0.369 0.003 106.92
0.371 0.001 106.96
0.372 0.001 106.99
0.372 0.001 107.02
0.373 0.001 107.06
0.372 0.001 107.09
0.372 0.001 107.12
0.37 0.001 107.16
0.369 0.001 107.19
0.369 0.001 107.22
0.369 0.001 107.26
0.368 0.0 107.29
0.368 0.0 107.32
0.367 0.002 107.36
0.368 0.001 107.39
0.366 0.003 107.42
0.363 0.005 107.46
0.36 0.006 107.49
0.358 0.006 107.52
0.355 0.005 107.56
0.351 0.004 107.59
0.351 0.005 107.62
0.349 0.002 107.66
0.343 0.008 107.69
0.344 0.006 107.72
0.342 0.003 107.76
0.342 0.002 107.79
0 0 107.82
0.341 0.006 107.86
0.34 0.002 107.89
0.342 0.002 107.92
0.342 0.004 107.96
0.342 0.003 107.99
0.339 0.002 108.02
0.34 0.001 108.06
0.341 0.001 108.09
0.339 0.001 108.12
0.341 0.002 108.16
0.345 0.007 108.19
0 0 108.22
0.355 0.024 108.26
0 0 108.29
0.388 0.046 108.32
0.411 0.03 108.36
0 0 108.39
0 0 108.42
0.5 0.099 108.46
0 0 108.49
0 0 108.52
0 0 108.55
0 0 108.59
0 0 108.62
0 0 108.65
0 0 108.69
0 0 108.72
0 0 108.75
0 0 108.79
0 0 108.82
0 0 108.85
0 0 108.89
0 0 108.92
0 0 108.95
0 0 108.99
0 0 109.02
0 0 109.05
0 0 109.09
0 0 109.12
0 0 109.15
0 0 109.19
0 0 109.22
0 0 109.25
0 0 109.29
0 0 109.32
0 0 109.35
0 0 109.39
0 0 109.42
0 0 109.45
0 0 109.49
0 0 109.52
0 0 109.55
0 0 109.59
0 0 109.62
0 0 109.65
0 0 109.69
0 0 109.72
0 0 109.75
0 0 109.79
0 0 109.82
0 0 109.85
0 0 109.89
0 0 109.92
0 0 109.95
0 0 109.99
0 0 110.02
0 0 110.05
0 0 110.09
0 0 110.12
0 0 110.15
0 0 110.19
0 0 110.22
0 0 110.25
0 0 110.29
0 0 110.32
0 0 110.35
0 0 110.39
0 0 110.42
0 0 110.45
0 0 110.49
0 0 110.52
0 0 110.55
0 0 110.59
0 0 110.62
0 0 110.66
0 0 110.69
0 0 110.72
0 0 110.75
0 0 110.79
0 0 110.82
0 0 110.85
0 0 110.89
0 0 110.92
0 0 110.95
0 0 110.99
0 0 111.02
0 0 111.05
0 0 111.09
0 0 111.12
0 0 111.15
0 0 111.19
0 0 111.22
0 0 111.25
0 0 111.29
0 0 111.32
0 0 111.35
0 0 111.39
0 0 111.42
0 0 111.45
0 0 111.49
0 0 111.52
0 0 111.55
0 0 111.59
0 0 111.62
0 0 111.65
0 0 111.69
0 0 111.72
0 0 111.75
0 0 111.79
0 0 111.82
0 0 111.85
0 0 111.89
0 0 111.92
0 0 111.95
0 0 111.99
0 0 112.02
0 0 112.06
0 0 112.09
0 0 112.12
0 0 112.15
0 0 112.19
0 0 112.22
0 0 112.25
0 0 112.29
0 0 112.32
0 0 112.35
0 0 112.39
0 0 112.42
0 0 112.45
0 0 112.49
0 0 112.52
0 0 112.55
0 0 112.59
0 0 112.62
0 0 112.66
0 0 112.69
0 0 112.72
0 0 112.75
0 0 112.79
0 0 112.82
0 0 112.85
0 0 112.89
0 0 112.92
0 0 112.95
0 0 112.99
0 0 113.02
0 0 113.05
0 0 113.09
0 0 113.12
0 0 113.15
0 0 113.19
0 0 113.22
0 0 113.25
0 0 113.29
0 0 113.32
0 0 113.35
0 0 113.39
0 0 113.42
0 0 113.45
0 0 113.49
0 0 113.52
0 0 113.56
0 0 113.59
0 0 113.62
0 0 113.66
0 0 113.69
0 0 113.72
0 0 113.75
0 0 113.79
0 0 113.82
0 0 113.85
0 0 113.89
0 0 113.92
0 0 113.95
0 0 113.99
0 0 114.02
0 0 114.05
0 0 114.09
0 0 114.12
0 0 114.15
0 0 114.19
0 0 114.22
0 0 114.25
0 0 114.29
0 0 114.32
0 0 114.35
0 0 114.39
0 0 114.42
0 0 114.45
0 0 114.49
0 0 114.52
0 0 114.55
0 0 114.59
0 0 114.62
0 0 114.66
0 0 114.68
0 0 114.72
0 0 114.75
0 0 114.79
0 0 114.82
0 0 114.85
0 0 114.89
0 0 114.92
0 0 114.95
0 0 114.99
0 0 115.02
0 0 115.05
0 0 115.09
0 0 115.12
0 0 115.15
0 0 115.19
0 0 115.22
0 0 115.25
0 0 115.28
0 0 115.32
0 0 115.35
0 0 115.39
0 0 115.42
0 0 115.45
0 0 115.49
0 0 115.52
0 0 115.55
0 0 115.59
0 0 115.62
0 0 115.65
0 0 115.68
0 0 115.72
0 0 115.75
0 0 115.79
0 0 115.82
0 0 115.85
0 0 115.89
0 0 115.92
0 0 115.95
0 0 115.99
0 0 116.02
0 0 116.05
0 0 116.08
0 0 116.12
0 0 116.15
0 0 116.19
0 0 116.22
0 0 116.25
0 0 116.29
0 0 116.32
0 0 116.35
0 0 116.39
0 0 116.42
0 0 116.45
0 0 116.49
0 0 116.52
0 0 116.55
0 0 116.59
0 0 116.62
0 0 116.65
0 0 116.69
0 0 116.72
0 0 116.75
0 0 116.78
0 0 116.82
0 0 116.85
0 0 116.89
0 0 116.92
0 0 116.95
0 0 116.99
0 0 117.02
0 0 117.05
0 0 117.09
0 0 117.12
0 0 117.15
0 0 117.18
0 0 117.22
0 0 117.25
0 0 117.28
0 0 117.32
0 0 117.35
0 0 117.38
0 0 117.42
0 0 117.45
0 0 117.49
0 0 117.52
0 0 117.55
0 0 117.58
0 0 117.62
0 0 117.65
0 0 117.68
0 0 117.72
0 0 117.75
0 0 117.79
0 0 117.82
0 0 117.85
0 0 117.89
0.515 0.036 117.92
0.499 0.021 117.95
0.481 0.021 117.99
0.464 0.02 118.02
0 0 118.05
0 0 118.08
0.422 0.059 118.12
0.41 0.018 118.16
0.401 0.017 118.19
0.392 0.016 118.22
0.384 0.015 118.26
0.382 0.013 118.29
0.379 0.011 118.32
0.377 0.009 118.35
0.375 0.008 118.39
0.377 0.007 118.42
0.377 0.005 118.45
0.376 0.004 118.49
0.378 0.003 118.52
0.379 0.003 118.56
0.379 0.002 118.59
0.38 0.002 118.62
0.379 0.002 118.66
0.378 0.002 118.69
0.377 0.002 118.72
0.375 0.002 118.75
0.374 0.002 118.79
0.373 0.002 118.82
0.374 0.001 118.86
0.374 0.001 118.89
0.375 0.001 118.92
0.378 0.003 118.95
0.382 0.005 118.99
0.384 0.003 119.02
0.385 0.002 119.05
0.385 0.001 119.09
0.384 0.001 119.12
0.382 0.002 119.16
0.38 0.002 119.19
0.38 0.001 119.22
0.38 0.001 119.25
0.381 0.001 119.29
0.382 0.001 119.32
0.382 0.0 119.36
0.382 0.001 119.39
0.381 0.001 119.42
0.379 0.002 119.45
0.377 0.002 119.49
0.375 0.003 119.52
0.372 0.003 119.56
0.369 0.003 119.59
0.367 0.002 119.62
0.366 0.002 119.65
0.367 0.003 119.69
0.367 0.002 119.72
0.369 0.002 119.76
0.371 0.003 119.79
0.373 0.003 119.82
0.374 0.002 119.85
0.375 0.002 119.89
0.376 0.002 119.92
0.377 0.002 119.96
0.377 0.002 119.99
0.377 0.002 120.02
0.378 0.0 120.06
0.377 0.003 120.09
0.379 0.002 120.12
0.381 0.004 120.16
0.383 0.003 120.19
0.385 0.003 120.22
0.387 0.002 120.25
0.389 0.003 120.29
0.392 0.003 120.32
0.394 0.003 120.35
0.396 0.002 120.39
0.397 0.004 120.42
0.395 0.007 120.45
0.396 0.013 120.49
0.402 0.02 120.52
0.416 0.033 120.56
0.429 0.028 120.59
0 0 120.62
0.478 0.066 120.66
0 0 120.68
0 0 120.72
0 0 120.75
0 0 120.79
0 0 120.82
0 0 120.85
0 0 120.88
0 0 120.92
0 0 120.95
0 0 120.99
0 0 121.02
0 0 121.05
0 0 121.09
0 0 121.12
0 0 121.15
0 0 121.18
0 0 121.22
0 0 121.25
0 0 121.28
0 0 121.32
0 0 121.35
0 0 121.39
0 0 121.42
0 0 121.45
0 0 121.49
0 0 121.52
0 0 121.55
0 0 121.58
0 0 121.62
0 0 121.65
0 0 121.68
0 0 121.72
0 0 121.75
0 0 121.78
0 0 121.82
0 0 121.85
0.639 0.174 121.89
0 0 121.92
0 0 121.95
0 0 121.99
0.637 0.007 122.02
0 0 122.05
0 0 122.08
0 0 122.12
0 0 122.15
0 0 122.18
0 0 122.22
0 0 122.25
0 0 122.28
0.591 0.065 122.32
0.564 0.03 122.35
0.542 0.023 122.39
0.512 0.034 122.42
0 0 122.45
0.463 0.053 122.49
0 0 122.52
0.426 0.047 122.55
0.412 0.02 122.59
0 0 122.62
0.392 0.032 122.65
0.386 0.013 122.69
0.383 0.01 122.72
0.382 0.01 122.75
0.382 0.007 122.79
0.382 0.006 122.82
0.383 0.004 122.85
0.383 0.004 122.89
0.383 0.004 122.92
0.384 0.003 122.96
0.385 0.003 122.99
0.387 0.003 123.02
0.389 0.003 123.05
0.39 0.002 123.09
0.391 0.002 123.12
0.392 0.001 123.16
0.392 0.0 123.19
0.393 0.001 123.22
0.393 0.004 123.25
0.392 0.001 123.29
0.391 0.002 123.32
0 0 123.35
0.391 0.005 123.39
0.39 0.001 123.42
0.39 0.002 123.45
0.389 0.001 123.49
0.387 0.004 123.52
0.384 0.004 123.55
0.381 0.005 123.59
0.377 0.005 123.62
0.371 0.007 123.66
0.364 0.008 123.69
0.359 0.007 123.72
0.354 0.007 123.75
0.348 0.007 123.79
0.343 0.006 123.82
0.339 0.006 123.86
0.338 0.005 123.89
0.338 0.005 123.92
0.338 0.004 123.95
0.339 0.003 123.99
0.34 0.003 124.02
0.341 0.002 124.05
0.343 0.002 124.09
0.344 0.001 124.12
0.345 0.002 124.16
0.346 0.001 124.19
0.346 0.001 124.22
0.345 0.001 124.25
0 0 124.29
0.343 0.003 124.32
0.342 0.001 124.35
0.343 0.001 124.39
0.344 0.002 124.42
0.345 0.002 124.45
0.345 0.001 124.49
0.344 0.001 124.52
0.343 0.002 124.55
0.342 0.002 124.59
0.34 0.002 124.62
0.338 0.002 124.66
0.337 0.002 124.69
0.336 0.001 124.72
0.337 0.004 124.75
0.338 0.003 124.79
0.34 0.002 124.82
0.342 0.004 124.85
0.343 0.002 124.89
0.344 0.002 124.92
0.345 0.002 124.96
0.346 0.002 124.99
0.347 0.003 125.02
0.347 0.004 125.05
0.348 0.004 125.09
0.348 0.004 125.12
0.348 0.005 125.16
0.351 0.006 125.19
0.356 0.008 125.22
0.364 0.012 125.25
0.375 0.016 125.29
0 0 125.32
0.402 0.043 125.35
0.423 0.031 125.39
0.447 0.03 125.42
0 0 125.45
0 0 125.49
0 0 125.52
0 0 125.55
0 0 125.58
0 0 125.62
0 0 125.65
0 0 125.68
0 0 125.72
0 0 125.75
0 0 125.78
0 0 125.82
0 0 125.85
0 0 125.88
0 0 125.92
0 0 125.95
0 0 125.98
0 0 126.02
0 0 126.05
0 0 126.08
0 0 126.12
0 0 126.15
0 0 126.18
0 0 126.22
0 0 126.25
0 0 126.28
0 0 126.32
0 0 126.35
0 0 126.38
0 0 126.42
0 0 126.45
0 0 126.48
0 0 126.52
0 0 126.55
0 0 126.58
0 0 126.62
0 0 126.65
0 0 126.68
0 0 126.72
0 0 126.75
0 0 126.78
0 0 126.82
0 0 126.85
0 0 126.88
0 0 126.92
0 0 126.95
0 0 126.99
0.632 0.218 127.02
0 0 127.05
0.633 0.006 127.08
0.633 0.001 127.12
0.632 0.003 127.15
0 0 127.18
0 0 127.22
0 0 127.25
0 0 127.28
0 0 127.32
0 0 127.35
0 0 127.38
0 0 127.42
0 0 127.45
0 0 127.48
0 0 127.52
0 0 127.55
0 0 127.58
0 0 127.62
0 0 127.65
0 0 127.68
0 0 127.72
0 0 127.75
0 0 127.78
0 0 127.82
0 0 127.85
0 0 127.88
0 0 127.92
0 0 127.95
0 0 127.98
0 0 128.02
0 0 128.05
0 0 128.08
0 0 128.12
0 0 128.15
0 0 128.18
0 0 128.22
0 0 128.25
0 0 128.28
0 0 128.32
0 0 128.35
0 0 128.38
0 0 128.42
0 0 128.45
0 0 128.48
0 0 128.52
0 0 128.55
0 0 128.58
0 0 128.62
0 0 128.65
0 0 128.68
0 0 128.72
0 0 128.75
0 0 128.78
0 0 128.82
0 0 128.85
0 0 128.89
0 0 128.92
0 0 128.95
0 0 128.99
0 0 129.02
0 0 129.05
0 0 129.08
0 0 129.12
0 0 129.15
0 0 129.18
0 0 129.22
0 0 129.25
0 0 129.28
0 0 129.32
0 0 129.35
0 0 129.38
0 0 129.42
0 0 129.45
0 0 129.48
0 0 129.52
0 0 129.55
0 0 129.58
0 0 129.62
0 0 129.65
0 0 129.68
0 0 129.72
0 0 129.75
0 0 129.78
0 0 129.82
0 0 129.85
0 0 129.88
0 0 129.92
0 0 129.95
0 0 129.98
0 0 130.02
0 0 130.05
0 0 130.08
0 0 130.12
0 0 130.15
0 0 130.18
0 0 130.22
0 0 130.25
0 0 130.28
