0 0 5.31
0 0 5.34
0 0 5.38
0 0 5.41
0 0 5.44
0 0 5.48
0 0 5.51
0 0 5.54
0 0 5.61
0 0 5.63
0 0 5.64
0 0 5.68
0 0 5.71
0 0 5.74
0 0 5.77
0 0 5.81
0 0 5.84
0 0 5.87
0 0 5.91
0 0 5.94
0 0 5.97
0 0 6.01
0 0 6.04
0 0 6.07
0 0 6.11
0 0 6.14
0 0 6.17
0 0 6.21
0 0 6.24
0 0 6.27
0 0 6.31
0 0 6.34
0 0 6.37
0 0 6.41
0 0 6.44
0 0 6.47
0 0 6.51
0 0 6.54
0 0 6.57
0 0 6.61
0 0 6.64
0 0 6.67
0 0 6.71
0 0 6.74
0 0 6.77
0 0 6.81
0 0 6.84
0 0 6.87
0 0 6.91
0 0 6.94
0 0 6.97
0 0 7.01
0 0 7.04
0 0 7.07
0 0 7.11
0 0 7.14
0 0 7.18
0 0 7.21
0 0 7.24
0 0 7.27
0 0 7.31
0 0 7.34
0 0 7.37
0 0 7.41
0 0 7.44
0 0 7.47
0 0 7.51
0 0 7.54
0 0 7.57
0 0 7.61
0 0 7.64
0 0 7.67
0 0 7.71
0 0 7.74
0 0 7.77
0 0 7.81
0 0 7.84
0 0 7.87
0 0 7.91
0 0 7.94
0 0 7.97
0 0 8.01
0 0 8.04
0 0 8.07
0 0 8.11
0 0 8.14
0 0 8.17
0 0 8.21
0 0 8.24
0 0 8.27
0 0 8.31
0 0 8.34
0 0 8.37
0 0 8.41
0 0 8.44
0 0 8.47
0 0 8.51
0 0 8.54
0 0 8.57
0 0 8.61
0 0 8.64
0 0 8.67
0 0 8.71
0 0 8.74
0 0 8.77
0 0 8.81
0 0 8.84
0 0 8.87
0 0 8.91
0 0 8.94
0 0 8.97
0 0 9.01
0 0 9.04
0 0 9.07
0 0 9.11
0 0 9.14
0 0 9.17
0 0 9.21
0 0 9.24
0 0 9.27
0 0 9.31
0 0 9.34
0 0 9.37
0 0 9.41
0 0 9.44
0 0 9.47
0 0 9.51
0 0 9.54
0 0 9.57
0 0 9.61
0 0 9.64
0 0 9.68
0 0 9.7
0 0 9.74
0 0 9.77
0 0 9.81
0 0 9.84
0 0 9.87
0 0 9.91
0 0 9.94
0 0 9.97
0 0 10.01
0 0 10.04
0 0 10.07
0 0 10.1
0 0 10.14
0 0 10.17
0 0 10.2
0 0 10.24
0 0 10.27
0 0 10.3
0 0 10.34
0 0 10.37
0 0 10.41
0 0 10.44
0 0 10.47
0 0 10.51
0 0 10.54
0 0 10.57
0 0 10.61
0 0 10.64
0 0 10.67
0 0 10.71
0 0 10.74
0 0 10.77
0 0 10.8
0 0 10.84
0 0 10.87
0 0 10.91
0 0 10.94
0 0 10.97
0 0 11.01
0 0 11.04
0 0 11.07
0 0 11.1
0 0 11.14
0 0 11.17
0 0 11.21
0 0 11.24
0 0 11.27
0 0 11.3
0 0 11.34
0 0 11.37
0 0 11.4
0 0 11.44
0 0 11.47
0 0 11.51
0 0 11.54
0 0 11.57
0 0 11.61
0 0 11.64
0 0 11.67
0 0 11.71
0 0 11.74
0 0 11.77
0 0 11.8
0 0 11.84
0 0 11.87
0 0 11.91
0 0 11.94
0 0 11.97
0 0 12.01
0 0 12.04
0 0 12.07
0 0 12.1
0 0 12.14
0 0 12.17
0 0 12.21
0 0 12.24
0 0 12.27
0 0 12.3
0 0 12.34
0 0 12.37
0 0 12.41
0 0 12.44
0 0 12.47
0 0 12.51
0 0 12.54
0 0 12.57
0 0 12.61
0 0 12.64
0 0 12.67
0 0 12.71
0 0 12.74
0 0 12.77
0 0 12.8
0 0 12.84
0 0 12.87
0 0 12.91
0 0 12.94
0 0 12.97
0 0 13.01
0 0 13.04
0 0 13.07
0 0 13.11
0 0 13.14
0 0 13.18
0 0 13.2
0 0 13.24
0 0 13.27
0 0 13.3
0 0 13.34
0 0 13.37
0 0 13.41
0 0 13.44
0 0 13.47
0 0 13.51
0 0 13.54
0 0 13.57
0 0 13.61
0 0 13.64
0 0 13.67
0 0 13.71
0 0 13.74
0 0 13.77
0 0 13.81
0 0 13.84
0 0 13.87
0 0 13.91
0 0 13.94
0 0 13.97
0 0 14.01
0 0 14.04
0 0 14.07
0 0 14.1
0 0 14.14
0 0 14.17
0 0 14.2
0 0 14.24
0 0 14.27
0 0 14.3
0 0 14.34
0 0 14.37
0 0 14.4
0 0 14.44
0 0 14.47
0 0 14.5
0 0 14.54
0 0 14.57
0 0 14.6
0 0 14.64
0 0 14.67
0 0 14.7
0 0 14.74
0 0 14.77
0 0 14.8
0 0 14.84
0 0 14.87
0 0 14.9
0 0 14.94
0 0 14.97
0 0 15.0
0 0 15.04
0 0 15.07
0 0 15.1
0 0 15.14
0 0 15.17
0 0 15.2
0 0 15.24
0 0 15.27
0 0 15.3
0 0 15.34
0 0 15.37
0 0 15.4
0 0 15.44
0 0 15.47
0 0 15.5
0 0 15.54
0 0 15.57
0 0 15.6
0 0 15.64
0 0 15.67
0 0 15.7
0 0 15.74
0 0 15.77
0 0 15.8
0 0 15.84
0 0 15.87
0 0 15.9
0 0 15.94
0 0 15.97
0 0 16.0
0 0 16.04
0 0 16.07
0 0 16.11
0 0 16.14
0 0 16.17
0 0 16.2
0 0 16.24
0 0 16.27
0 0 16.3
0 0 16.34
0 0 16.37
0 0 16.4
0 0 16.44
0 0 16.47
0 0 16.51
0 0 16.54
0 0 16.57
0 0 16.6
0 0 16.64
0 0 16.67
0 0 16.7
0 0 16.74
0 0 16.77
0 0 16.8
0 0 16.84
0 0 16.87
0.439 0.443 16.91
0.429 0.014 16.94
0 0 16.97
0.417 0.017 17.01
0.415 0.005 17.04
0.413 0.005 17.07
0.409 0.007 17.11
0.407 0.007 17.14
0.405 0.01 17.17
0.397 0.011 17.21
0.389 0.01 17.24
0.378 0.012 17.27
0.369 0.011 17.31
0.36 0.011 17.34
0.353 0.009 17.37
0 0 17.41
0 0 17.44
0 0 17.47
0 0 17.51
0.332 0.026 17.54
0.33 0.003 17.58
0 0 17.61
0.329 0.006 17.64
0.328 0.002 17.68
0.326 0.0 17.71
0.327 0.002 17.74
0.327 0.001 17.77
0.326 0.004 17.81
0.324 0.001 17.84
0.324 0.001 17.87
0.322 0.003 17.91
0.316 0.003 17.94
0.312 0.004 17.98
0 0 18.01
0 0 18.04
0 0 18.07
0 0 18.11
0 0 18.14
0 0 18.17
0 0 18.2
0 0 18.24
0 0 18.27
0 0 18.31
0.316 0.05 18.34
0 0 18.37
0.352 0.055 18.41
0.382 0.035 18.44
0 0 18.47
0 0 18.51
0 0 18.54
0 0 18.57
0 0 18.6
0 0 18.64
0 0 18.67
0 0 18.7
0 0 18.74
0 0 18.77
0 0 18.8
0 0 18.84
0 0 18.87
0 0 18.91
0 0 18.94
0 0 18.97
0 0 19.01
0 0 19.04
0 0 19.07
0 0 19.1
0 0 19.14
0 0 19.17
0 0 19.2
0 0 19.24
0 0 19.27
0 0 19.3
0 0 19.34
0 0 19.37
0 0 19.4
0 0 19.44
0 0 19.47
0 0 19.5
0 0 19.54
0 0 19.57
0 0 19.6
0 0 19.64
0 0 19.67
0 0 19.7
0 0 19.74
0 0 19.77
0 0 19.8
0 0 19.84
0 0 19.87
0 0 19.9
0 0 19.94
0 0 19.97
0 0 20.0
0 0 20.04
0 0 20.07
0 0 20.1
0 0 20.14
0 0 20.17
0 0 20.2
0 0 20.24
0 0 20.27
0 0 20.3
0 0 20.34
0 0 20.37
0 0 20.4
0 0 20.44
0 0 20.47
0 0 20.5
0 0 20.54
0 0 20.57
0 0 20.6
0 0 20.64
0 0 20.67
0 0 20.7
0 0 20.74
0 0 20.77
0 0 20.8
0 0 20.84
0 0 20.87
0 0 20.91
0 0 20.94
0 0 20.97
0 0 21.01
0 0 21.04
0 0 21.07
0 0 21.1
0 0 21.14
0 0 21.17
0 0 21.2
0 0 21.24
0 0 21.27
0 0 21.3
0 0 21.34
0 0 21.37
0 0 21.4
0 0 21.44
0 0 21.47
0 0 21.5
0 0 21.54
0 0 21.57
0 0 21.6
0 0 21.64
0 0 21.67
0 0 21.71
0 0 21.74
0 0 21.77
0 0 21.8
0 0 21.84
0 0 21.87
0 0 21.9
0 0 21.94
0 0 21.97
0 0 22.01
0 0 22.04
0 0 22.07
0 0 22.11
0 0 22.14
0 0 22.17
0 0 22.2
0 0 22.24
0 0 22.27
0 0 22.3
0 0 22.34
0 0 22.37
0 0 22.4
0 0 22.44
0 0 22.47
0 0 22.51
0 0 22.54
0 0 22.57
0 0 22.61
0 0 22.64
0 0 22.67
0 0 22.7
0 0 22.74
0 0 22.77
0 0 22.8
0 0 22.84
0 0 22.87
0 0 22.9
0 0 22.94
0 0 22.97
0 0 23.0
0 0 23.04
0 0 23.07
0 0 23.1
0 0 23.14
0 0 23.17
0 0 23.2
0 0 23.24
0 0 23.27
0 0 23.3
0 0 23.34
0 0 23.37
0 0 23.4
0 0 23.44
0 0 23.47
0 0 23.5
0 0 23.54
0 0 23.57
0 0 23.6
0 0 23.64
0 0 23.67
0 0 23.7
0 0 23.74
0 0 23.77
0 0 23.8
0 0 23.84
0 0 23.87
0 0 23.9
0 0 23.94
0 0 23.97
0 0 24.0
0 0 24.04
0 0 24.07
0 0 24.1
0 0 24.14
0 0 24.17
0 0 24.2
0 0 24.24
0 0 24.27
0 0 24.3
0 0 24.34
0 0 24.37
0 0 24.4
0 0 24.44
0 0 24.47
0 0 24.5
0 0 24.54
0 0 24.57
0 0 24.6
0 0 24.64
0 0 24.67
0 0 24.7
0 0 24.74
0 0 24.77
0 0 24.8
0 0 24.84
0 0 24.87
0 0 24.9
0 0 24.94
0 0 24.97
0 0 25.01
0 0 25.04
0 0 25.07
0 0 25.1
0 0 25.14
0 0 25.17
0 0 25.2
0 0 25.24
0 0 25.27
0 0 25.3
0 0 25.34
0 0 25.37
0 0 25.4
0 0 25.44
0 0 25.47
0 0 25.5
0 0 25.54
0 0 25.57
0 0 25.6
0 0 25.64
0 0 25.67
0 0 25.7
0 0 25.74
0 0 25.77
0 0 25.8
0 0 25.84
0 0 25.87
0 0 25.9
0 0 25.94
0 0 25.97
0 0 26.0
0.455 0.13 26.04
0.446 0.011 26.07
0 0 26.1
0 0 26.14
0 0 26.17
0 0 26.2
0 0 26.24
0.442 0.021 26.27
0.445 0.005 26.3
0.447 0.002 26.34
0.452 0.001 26.37
0 0 26.4
0.442 0.01 26.44
0.434 0.009 26.47
0.423 0.018 26.51
0.412 0.012 26.54
0.399 0.015 26.57
0.393 0.015 26.6
0.386 0.012 26.64
0.379 0.011 26.67
0.38 0.012 26.7
0.375 0.01 26.74
0.366 0.014 26.77
0.366 0.01 26.8
0.36 0.01 26.84
0.358 0.009 26.87
0.354 0.01 26.9
0.355 0.007 26.94
0.353 0.007 26.97
0.35 0.007 27.01
0.352 0.006 27.04
0.35 0.006 27.07
0.348 0.005 27.1
0.35 0.004 27.14
0.349 0.004 27.17
0.347 0.003 27.2
0.35 0.003 27.24
0.35 0.002 27.27
0.348 0.002 27.3
0.347 0.003 27.34
0 0 27.37
0 0 27.4
0.343 0.009 27.44
0.345 0.005 27.47
0 0 27.5
0 0 27.54
0 0 27.57
0.336 0.013 27.6
0 0 27.64
0 0 27.67
0.335 0.009 27.7
0 0 27.73
0.338 0.016 27.77
0.347 0.014 27.8
0.354 0.017 27.84
0.366 0.02 27.87
0.384 0.025 27.9
0.406 0.031 27.94
0 0 27.97
0.466 0.073 28.0
0 0 28.04
0 0 28.07
0 0 28.1
0 0 28.13
0 0 28.17
0 0 28.2
0 0 28.24
0 0 28.27
0 0 28.3
0 0 28.34
0 0 28.37
0 0 28.4
0 0 28.43
0 0 28.47
0 0 28.5
0 0 28.54
0 0 28.57
0 0 28.6
0 0 28.64
0 0 28.67
0 0 28.7
0 0 28.74
0 0 28.77
0 0 28.8
0 0 28.84
0 0 28.87
0 0 28.9
0 0 28.93
0 0 28.97
0 0 29.0
0 0 29.04
0 0 29.07
0 0 29.1
0 0 29.13
0 0 29.17
0 0 29.2
0 0 29.23
0 0 29.27
0 0 29.3
0 0 29.34
0 0 29.37
0 0 29.4
0 0 29.43
0 0 29.47
0 0 29.5
0 0 29.53
0 0 29.57
0 0 29.6
0 0 29.63
0 0 29.67
0 0 29.7
0 0 29.73
0 0 29.77
0 0 29.8
0 0 29.84
0 0 29.87
0 0 29.9
0 0 29.93
0 0 29.97
0 0 30.0
0 0 30.03
0 0 30.07
0 0 30.1
0 0 30.13
0 0 30.17
0 0 30.2
0 0 30.24
0 0 30.27
0 0 30.3
0 0 30.34
0 0 30.37
0 0 30.4
0 0 30.43
0 0 30.47
0 0 30.5
0 0 30.53
0 0 30.57
0 0 30.6
0 0 30.63
0 0 30.67
0 0 30.7
0 0 30.73
0 0 30.77
0 0 30.8
0 0 30.84
0 0 30.87
0 0 30.9
0 0 30.93
0 0 30.97
0 0 31.0
0 0 31.03
0 0 31.07
0 0 31.1
0 0 31.13
0 0 31.17
0 0 31.2
0 0 31.24
0 0 31.27
0 0 31.3
0 0 31.34
0 0 31.37
0 0 31.4
0 0 31.43
0 0 31.47
0 0 31.5
0.561 0.097 31.54
0.545 0.018 31.57
0.529 0.016 31.6
0.513 0.018 31.64
0.496 0.019 31.67
0.48 0.017 31.7
0.463 0.02 31.74
0.447 0.019 31.77
0.43 0.019 31.8
0.414 0.02 31.84
0.4 0.018 31.87
0.387 0.016 31.9
0.376 0.013 31.94
0.369 0.01 31.97
0.362 0.008 32.01
0.359 0.006 32.04
0.357 0.005 32.07
0.355 0.004 32.1
0.354 0.003 32.14
0.353 0.002 32.17
0 0 32.2
0.354 0.004 32.24
0.353 0.001 32.27
0.353 0.002 32.3
0.352 0.002 32.34
0.35 0.002 32.37
0.347 0.004 32.4
0.343 0.004 32.44
0.34 0.005 32.47
0.337 0.005 32.5
0.334 0.004 32.54
0 0 32.57
0.327 0.007 32.6
0 0 32.64
0 0 32.67
0.326 0.002 32.7
0.328 0.003 32.74
0.33 0.006 32.77
0.334 0.008 32.8
0.34 0.012 32.84
0.347 0.014 32.87
0.359 0.017 32.9
0.374 0.019 32.94
0.392 0.023 32.97
0.41 0.022 33.01
0.432 0.025 33.04
0.456 0.025 33.07
0 0 33.1
0.504 0.052 33.14
0 0 33.17
0 0 33.2
0 0 33.24
0 0 33.27
0 0 33.3
0 0 33.34
0 0 33.37
0 0 33.4
0 0 33.43
0 0 33.47
0 0 33.5
0 0 33.53
0 0 33.57
0 0 33.6
0 0 33.63
0 0 33.67
0 0 33.7
0 0 33.73
0 0 33.77
0 0 33.8
0 0 33.84
0 0 33.87
0 0 33.9
0 0 33.93
0 0 33.97
0 0 34.0
0 0 34.03
0 0 34.07
0 0 34.1
0 0 34.13
0 0 34.17
0 0 34.2
0 0 34.23
0 0 34.27
0 0 34.3
0 0 34.34
0 0 34.37
0 0 34.4
0 0 34.43
0 0 34.47
0 0 34.5
0 0 34.53
0 0 34.57
0 0 34.6
0 0 34.63
0 0 34.67
0 0 34.7
0 0 34.73
0 0 34.77
0 0 34.8
0 0 34.83
0 0 34.87
0 0 34.9
0 0 34.93
0 0 34.97
0 0 35.0
0 0 35.03
0 0 35.07
0 0 35.1
0 0 35.13
0 0 35.17
0 0 35.2
0 0 35.23
0 0 35.27
0 0 35.3
0 0 35.34
0 0 35.37
0 0 35.4
0 0 35.43
0 0 35.47
0 0 35.5
0 0 35.53
0 0 35.57
0 0 35.6
0 0 35.63
0 0 35.67
0 0 35.7
0 0 35.74
0 0 35.77
0 0 35.8
0 0 35.84
0 0 35.87
0 0 35.9
0 0 35.93
0 0 35.97
0 0 36.0
0 0 36.03
0 0 36.07
0 0 36.1
0 0 36.13
0.577 0.093 36.17
0 0 36.2
0.548 0.033 36.24
0.533 0.018 36.27
0.517 0.019 36.3
0.502 0.018 36.34
0 0 36.37
0.473 0.036 36.4
0.458 0.02 36.44
0.45 0.018 36.47
0.436 0.022 36.51
0.43 0.013 36.54
0.424 0.011 36.57
0.418 0.009 36.6
0.415 0.008 36.64
0.411 0.008 36.67
0.407 0.007 36.7
0.403 0.006 36.74
0.399 0.006 36.77
0.397 0.004 36.8
0.394 0.003 36.84
0.391 0.002 36.87
0.39 0.002 36.91
0.388 0.002 36.94
0.385 0.003 36.97
0.384 0.002 37.0
0.383 0.002 37.04
0.38 0.002 37.07
0.377 0.003 37.1
0.376 0.004 37.14
0.373 0.004 37.17
0.371 0.002 37.2
0.369 0.002 37.23
0.368 0.002 37.27
0.363 0.005 37.3
0.362 0.002 37.34
0.361 0.006 37.37
0 0 37.4
0.36 0.005 37.43
0.361 0.002 37.47
0.361 0.003 37.5
0.363 0.002 37.54
0.364 0.002 37.57
0.362 0.002 37.6
0.362 0.003 37.63
0.362 0.002 37.67
0.36 0.003 37.7
0.356 0.003 37.73
0.353 0.003 37.77
0.351 0.003 37.8
0.342 0.003 37.84
0 0 37.87
0.34 0.006 37.9
0.336 0.002 37.94
0.337 0.002 37.97
0.336 0.001 38.01
0.33 0.002 38.04
0.327 0.003 38.07
0.325 0.004 38.1
0 0 38.13
0.316 0.008 38.17
0.315 0.003 38.2
0.315 0.001 38.24
0.312 0.003 38.27
0.313 0.009 38.3
0.315 0.016 38.34
0.314 0.022 38.37
0 0 38.4
0 0 38.43
0 0 38.47
0 0 38.5
0 0 38.54
0.385 0.103 38.57
0.4 0.021 38.6
0 0 38.63
0.44 0.041 38.67
0.461 0.027 38.7
0 0 38.73
0 0 38.77
0 0 38.8
0 0 38.83
0 0 38.87
0 0 38.9
0 0 38.93
0 0 38.97
0 0 39.0
0 0 39.04
0 0 39.07
0 0 39.1
0 0 39.13
0 0 39.17
0 0 39.2
0 0 39.23
0 0 39.27
0 0 39.3
0 0 39.33
0 0 39.37
0 0 39.4
0 0 39.43
0 0 39.47
0 0 39.5
0 0 39.53
0 0 39.57
0 0 39.6
0 0 39.63
0 0 39.67
0 0 39.7
0 0 39.73
0 0 39.77
0 0 39.8
0 0 39.84
0 0 39.87
0 0 39.9
0 0 39.93
0 0 39.97
0 0 40.0
0 0 40.03
0 0 40.07
0 0 40.1
0 0 40.13
0 0 40.17
0 0 40.2
0 0 40.23
0 0 40.27
0 0 40.3
0 0 40.33
0 0 40.37
0 0 40.4
0 0 40.43
0 0 40.47
0 0 40.5
0 0 40.53
0 0 40.57
0 0 40.6
0 0 40.63
0 0 40.67
0 0 40.7
0 0 40.73
0 0 40.77
0 0 40.8
0 0 40.83
0 0 40.87
0 0 40.9
0 0 40.93
0 0 40.97
0 0 41.0
0 0 41.03
0 0 41.07
0 0 41.1
0 0 41.13
0 0 41.17
0 0 41.2
0 0 41.23
0 0 41.27
0 0 41.3
0 0 41.33
0 0 41.37
0 0 41.4
0 0 41.43
0 0 41.47
0 0 41.5
0 0 41.53
0 0 41.57
0 0 41.6
0 0 41.63
0 0 41.67
0 0 41.7
0 0 41.73
0 0 41.77
0 0 41.8
0 0 41.83
0 0 41.87
0 0 41.9
0 0 41.93
0 0 41.97
0 0 42.0
0 0 42.03
0 0 42.07
0 0 42.1
0 0 42.13
0 0 42.17
0 0 42.2
0 0 42.23
0 0 42.27
0 0 42.3
0 0 42.33
0 0 42.37
0 0 42.4
0 0 42.43
0 0 42.47
0 0 42.5
0 0 42.53
0 0 42.57
0 0 42.6
0 0 42.63
0 0 42.67
0 0 42.7
0 0 42.73
0 0 42.77
0 0 42.8
0 0 42.84
0 0 42.87
0 0 42.9
0 0 42.93
0 0 42.97
0 0 43.0
0 0 43.03
0 0 43.07
0 0 43.1
0 0 43.13
0 0 43.17
0 0 43.2
0 0 43.23
0 0 43.27
0 0 43.3
0 0 43.34
0 0 43.37
0 0 43.4
0 0 43.43
0 0 43.47
0 0 43.5
0 0 43.53
0 0 43.57
0 0 43.6
0 0 43.63
0 0 43.67
0 0 43.7
0 0 43.73
0 0 43.77
0 0 43.8
0 0 43.83
0 0 43.87
0 0 43.9
0 0 43.93
0 0 43.97
0 0 44.0
0 0 44.03
0 0 44.07
0 0 44.1
0 0 44.13
0 0 44.17
0 0 44.2
0 0 44.23
0 0 44.27
0 0 44.3
0 0 44.33
0 0 44.37
0 0 44.4
0 0 44.43
0 0 44.47
0 0 44.5
0 0 44.53
0 0 44.57
0 0 44.6
0 0 44.63
0 0 44.67
0 0 44.7
0 0 44.73
0 0 44.77
0 0 44.8
0 0 44.83
0 0 44.87
0 0 44.9
0 0 44.93
0 0 44.97
0 0 45.0
0 0 45.03
0 0 45.07
0 0 45.1
0 0 45.13
0 0 45.17
0 0 45.2
0 0 45.23
0 0 45.27
0 0 45.3
0 0 45.34
0 0 45.37
0 0 45.4
0 0 45.43
0 0 45.47
0 0 45.5
0 0 45.53
0 0 45.57
0 0 45.6
0 0 45.63
0 0 45.67
0 0 45.7
0 0 45.73
0 0 45.77
0 0 45.8
0 0 45.83
0 0 45.87
0 0 45.9
0 0 45.93
0 0 45.96
0 0 46.0
0 0 46.03
0 0 46.06
0 0 46.1
0 0 46.13
0 0 46.17
0 0 46.2
0 0 46.23
0 0 46.27
0 0 46.3
0 0 46.33
0 0 46.37
0 0 46.4
0 0 46.43
0 0 46.46
0 0 46.5
0 0 46.53
0 0 46.57
0 0 46.6
0 0 46.63
0 0 46.67
0 0 46.7
0 0 46.73
0 0 46.76
0 0 46.8
0 0 46.83
0 0 46.87
0 0 46.9
0 0 46.93
0 0 46.96
0 0 47.0
0 0 47.03
0 0 47.06
0 0 47.1
0 0 47.13
0 0 47.17
0 0 47.2
0 0 47.23
0 0 47.26
0 0 47.3
0 0 47.33
0 0 47.37
0 0 47.4
0 0 47.43
0 0 47.47
0 0 47.5
0 0 47.53
0 0 47.57
0 0 47.6
0 0 47.63
0 0 47.67
0 0 47.7
0 0 47.73
0 0 47.76
0 0 47.8
0 0 47.83
0 0 47.87
0 0 47.9
0 0 47.93
0 0 47.97
0 0 48.0
0 0 48.03
0 0 48.06
0 0 48.1
0 0 48.13
0 0 48.17
0 0 48.2
0 0 48.23
0 0 48.26
0 0 48.3
0 0 48.33
0 0 48.37
0 0 48.4
0 0 48.43
0 0 48.46
0 0 48.5
0 0 48.53
0 0 48.56
0 0 48.6
0 0 48.63
0 0 48.67
0 0 48.7
0 0 48.73
0 0 48.76
0 0 48.8
0 0 48.83
0 0 48.86
0 0 48.9
0 0 48.93
0 0 48.96
0 0 49.0
0 0 49.03
0 0 49.06
0 0 49.1
0 0 49.13
0 0 49.17
0 0 49.2
0 0 49.23
0 0 49.26
0 0 49.3
0 0 49.33
0 0 49.36
0 0 49.4
0 0 49.43
0 0 49.46
0 0 49.5
0 0 49.53
0 0 49.57
0 0 49.6
0 0 49.63
0 0 49.67
0 0 49.7
0 0 49.73
0 0 49.76
0 0 49.8
0 0 49.83
0 0 49.86
0 0 49.9
0 0 49.93
0 0 49.97
0 0 50.0
0 0 50.03
0 0 50.06
0 0 50.1
0 0 50.13
0 0 50.17
0 0 50.2
0 0 50.23
0 0 50.26
0 0 50.3
0 0 50.33
0 0 50.36
0 0 50.4
0 0 50.43
0 0 50.46
0 0 50.5
0 0 50.53
0 0 50.57
0 0 50.6
0 0 50.63
0 0 50.67
0 0 50.7
0 0 50.73
0 0 50.76
0 0 50.8
0 0 50.83
0 0 50.86
0 0 50.9
0 0 50.93
0 0 50.96
0 0 51.0
0 0 51.03
0 0 51.06
0 0 51.1
0 0 51.13
0 0 51.16
0.435 0.056 51.2
0 0 51.23
0 0 51.27
0.438 0.008 51.3
0 0 51.33
0 0 51.36
0.44 0.003 51.4
0.445 0.003 51.43
0.445 0.001 51.47
0.445 0.001 51.5
0.441 0.006 51.53
0.446 0.003 51.57
0 0 51.6
0.44 0.008 51.63
0.439 0.006 51.67
0.432 0.009 51.7
0.429 0.004 51.74
0 0 51.76
0.42 0.015 51.8
0.414 0.006 51.84
0.412 0.009 51.87
0.409 0.004 51.9
0.403 0.008 51.93
0.399 0.007 51.97
0.406 0.005 52.0
0.403 0.005 52.03
0.4 0.007 52.07
0.401 0.007 52.1
0.397 0.007 52.13
0.394 0.005 52.17
0.395 0.006 52.2
0.39 0.009 52.23
0.387 0.006 52.27
0.385 0.008 52.3
0.382 0.007 52.33
0.375 0.011 52.37
0.37 0.008 52.4
0.371 0.007 52.43
0.368 0.008 52.47
0.365 0.007 52.5
0 0 52.53
0 0 52.57
0 0 52.6
0 0 52.63
0 0 52.67
0.363 0.03 52.7
0.364 0.004 52.73
0.363 0.003 52.77
0.362 0.003 52.8
0.363 0.003 52.83
0.366 0.002 52.87
0.366 0.002 52.9
0.366 0.001 52.93
0.367 0.002 52.97
0.363 0.004 53.0
0.359 0.004 53.03
0.359 0.004 53.07
0.356 0.003 53.1
0.352 0.004 53.13
0.352 0.003 53.17
0.35 0.003 53.2
0.347 0.003 53.23
0.346 0.002 53.27
0.349 0.002 53.3
0 0 53.33
0 0 53.36
0.348 0.003 53.4
0.347 0.002 53.43
0.347 0.001 53.47
0.349 0.004 53.5
0.352 0.003 53.53
0.354 0.003 53.57
0.358 0.005 53.6
0.361 0.005 53.63
0.364 0.005 53.67
0.367 0.006 53.7
0.374 0.007 53.73
0.379 0.009 53.77
0.386 0.009 53.8
0.397 0.011 53.83
0.407 0.013 53.87
0.418 0.015 53.9
0.432 0.016 53.93
0.446 0.017 53.97
0.46 0.019 54.0
0.478 0.02 54.03
0.498 0.023 54.06
0.518 0.023 54.1
0.539 0.024 54.13
0 0 54.17
0 0 54.2
0 0 54.23
0 0 54.26
0 0 54.3
0 0 54.33
0 0 54.36
0 0 54.4
0 0 54.43
0 0 54.46
0 0 54.5
0 0 54.53
0 0 54.57
0 0 54.6
0 0 54.63
0 0 54.67
0 0 54.7
0 0 54.73
0 0 54.76
0 0 54.8
0 0 54.83
0 0 54.87
0 0 54.9
0 0 54.93
0 0 54.96
0 0 55.0
0 0 55.03
0 0 55.06
0 0 55.1
0 0 55.13
0 0 55.17
0 0 55.2
0 0 55.23
0 0 55.26
0 0 55.3
0 0 55.33
0 0 55.37
0 0 55.4
0 0 55.43
0 0 55.46
0 0 55.5
0 0 55.53
0 0 55.56
0 0 55.6
0 0 55.63
0 0 55.66
0 0 55.7
0 0 55.73
0 0 55.76
0 0 55.8
0 0 55.83
0 0 55.86
0 0 55.9
0 0 55.93
0 0 55.96
0 0 56.0
0 0 56.03
0 0 56.06
0 0 56.1
0 0 56.13
0 0 56.17
0 0 56.2
0 0 56.23
0 0 56.26
0 0 56.3
0 0 56.33
0 0 56.36
0 0 56.4
0 0 56.43
0 0 56.46
0 0 56.5
0 0 56.53
0 0 56.56
0 0 56.6
0 0 56.63
0 0 56.66
0 0 56.7
0 0 56.73
0 0 56.76
0 0 56.8
0 0 56.83
0 0 56.86
0 0 56.9
0 0 56.93
0 0 56.96
0 0 57.0
0 0 57.03
0 0 57.06
0 0 57.1
0 0 57.13
0 0 57.16
0 0 57.2
0 0 57.23
0 0 57.26
0 0 57.3
0 0 57.33
0 0 57.36
0 0 57.4
0 0 57.43
0 0 57.46
0 0 57.5
0 0 57.53
0 0 57.56
0 0 57.6
0 0 57.63
0 0 57.66
0 0 57.7
0.538 0.019 57.73
0.517 0.021 57.77
0.499 0.02 57.8
0.488 0.018 57.83
0.459 0.033 57.87
0.443 0.018 57.9
0.432 0.015 57.93
0.416 0.02 57.97
0.406 0.013 58.0
0.396 0.013 58.03
0.388 0.01 58.06
0.383 0.008 58.1
0.379 0.007 58.13
0.374 0.007 58.17
0.374 0.004 58.2
0.372 0.004 58.23
0.372 0.003 58.27
0.373 0.003 58.3
0.373 0.003 58.33
0.373 0.003 58.36
0.372 0.003 58.4
0.374 0.004 58.43
0.374 0.002 58.46
0.374 0.002 58.5
0.374 0.001 58.53
0.374 0.001 58.57
0.373 0.002 58.6
0.371 0.002 58.63
0.369 0.003 58.67
0.367 0.003 58.7
0.364 0.003 58.73
0.362 0.003 58.77
0.358 0.003 58.8
0.356 0.003 58.83
0.355 0.003 58.86
0.353 0.003 58.9
0.35 0.004 58.93
0.348 0.004 58.97
0.346 0.004 59.0
0 0 59.03
0.343 0.007 59.07
0 0 59.1
0.34 0.005 59.13
0.339 0.002 59.17
0.339 0.002 59.2
0.34 0.001 59.23
0.337 0.004 59.26
0.338 0.003 59.3
0.341 0.005 59.33
0.344 0.005 59.37
0.349 0.008 59.4
0.357 0.01 59.43
0.36 0.012 59.47
0.367 0.012 59.5
0.379 0.013 59.53
0.392 0.015 59.57
0.403 0.016 59.6
0.428 0.026 59.63
0.444 0.021 59.67
0 0 59.7
0.498 0.058 59.73
0 0 59.77
0.549 0.055 59.8
0 0 59.83
0 0 59.86
0 0 59.9
0 0 59.93
0 0 59.96
0 0 60.0
0 0 60.03
0 0 60.07
0 0 60.1
0 0 60.13
0 0 60.17
0 0 60.2
0 0 60.23
0 0 60.26
0 0 60.3
0 0 60.33
0 0 60.36
0 0 60.39
0 0 60.43
0 0 60.46
0 0 60.5
0 0 60.53
0 0 60.56
0 0 60.6
0 0 60.63
0 0 60.66
0 0 60.7
0 0 60.73
0 0 60.76
0 0 60.8
0 0 60.83
0 0 60.86
0 0 60.9
0 0 60.93
0 0 60.96
0 0 61.0
0 0 61.03
0 0 61.06
0 0 61.1
0 0 61.13
0 0 61.16
0 0 61.2
0 0 61.23
0 0 61.26
0 0 61.3
0 0 61.33
0 0 61.36
0 0 61.4
0 0 61.43
0 0 61.46
0 0 61.5
0 0 61.53
0 0 61.56
0 0 61.59
0 0 61.63
0 0 61.66
0 0 61.7
0 0 61.73
0 0 61.76
0 0 61.79
0 0 61.83
0 0 61.86
0 0 61.9
0 0 61.93
0 0 61.96
0 0 62.0
0 0 62.03
0 0 62.06
0 0 62.1
0 0 62.13
0 0 62.16
0 0 62.2
0 0 62.23
0 0 62.26
0 0 62.3
0 0 62.33
0 0 62.36
0 0 62.4
0 0 62.43
0 0 62.46
0 0 62.5
0 0 62.53
0 0 62.56
0 0 62.6
0 0 62.63
0 0 62.66
0 0 62.7
0 0 62.73
0 0 62.76
0 0 62.79
0 0 62.83
0 0 62.86
0 0 62.9
0 0 62.93
0 0 62.96
0 0 63.0
0 0 63.03
0 0 63.06
0 0 63.1
0 0 63.13
0 0 63.16
0 0 63.2
0 0 63.23
0 0 63.26
0 0 63.3
0 0 63.33
0 0 63.36
0 0 63.39
0 0 63.43
0 0 63.46
0 0 63.5
0 0 63.53
0 0 63.56
0 0 63.6
0 0 63.63
0 0 63.66
0 0 63.7
0 0 63.73
0 0 63.76
0 0 63.8
0 0 63.83
0 0 63.86
0 0 63.9
0 0 63.93
0 0 63.96
0 0 64.0
0 0 64.03
0 0 64.06
0 0 64.09
0 0 64.13
0 0 64.16
0 0 64.2
0 0 64.23
0 0 64.26
0 0 64.3
0 0 64.33
0 0 64.36
0 0 64.4
0 0 64.43
0 0 64.46
0 0 64.5
0 0 64.53
0 0 64.56
0 0 64.6
0 0 64.63
0 0 64.66
0 0 64.7
0 0 64.73
0 0 64.76
0 0 64.8
0 0 64.83
0 0 64.86
0 0 64.89
0 0 64.93
0 0 64.96
0 0 65.0
0 0 65.03
0 0 65.06
0 0 65.1
0 0 65.13
0 0 65.16
0 0 65.19
0 0 65.23
0 0 65.26
0 0 65.3
0 0 65.33
0 0 65.36
0 0 65.4
0 0 65.43
0 0 65.46
0 0 65.5
0 0 65.53
0 0 65.56
0 0 65.6
0 0 65.63
0 0 65.66
0 0 65.7
0 0 65.73
0 0 65.76
0 0 65.8
0 0 65.83
0 0 65.86
0 0 65.9
0 0 65.93
0 0 65.96
0 0 66.0
0 0 66.03
0 0 66.06
0 0 66.1
0 0 66.13
0 0 66.16
0 0 66.2
0 0 66.23
0 0 66.26
0 0 66.3
0 0 66.33
0 0 66.36
0 0 66.4
0 0 66.43
0 0 66.46
0 0 66.5
0 0 66.53
0 0 66.56
0 0 66.6
0 0 66.63
0 0 66.67
0 0 66.69
0 0 66.73
0 0 66.76
0 0 66.8
0 0 66.83
0 0 66.86
0 0 66.9
0 0 66.93
0 0 66.96
0 0 67.0
0 0 67.03
0 0 67.06
0 0 67.1
0 0 67.13
0 0 67.16
0 0 67.2
0 0 67.23
0 0 67.26
0 0 67.29
0 0 67.33
0 0 67.36
0 0 67.39
0 0 67.43
0 0 67.46
0 0 67.5
0 0 67.53
0 0 67.56
0 0 67.6
0 0 67.63
0 0 67.66
0 0 67.69
0 0 67.73
0 0 67.76
0 0 67.8
0 0 67.83
0 0 67.86
0 0 67.89
0 0 67.93
0 0 67.96
0 0 68.0
0 0 68.03
0 0 68.06
0 0 68.1
0 0 68.13
0 0 68.16
0 0 68.19
0 0 68.23
0 0 68.26
0 0 68.29
0 0 68.33
0 0 68.36
0 0 68.39
0 0 68.43
0 0 68.46
0 0 68.5
0 0 68.53
0 0 68.56
0 0 68.6
0 0 68.63
0 0 68.66
0 0 68.7
0 0 68.73
0 0 68.76
0 0 68.8
0 0 68.83
0 0 68.86
0 0 68.9
0 0 68.93
0 0 68.96
0 0 69.0
0 0 69.03
0 0 69.06
0 0 69.09
0 0 69.13
0 0 69.16
0 0 69.19
0 0 69.23
0 0 69.26
0.558 0.148 69.3
0 0 69.33
0 0 69.36
0 0 69.39
0.545 0.019 69.43
0.532 0.015 69.46
0.527 0.012 69.5
0.512 0.017 69.53
0 0 69.56
0.481 0.035 69.6
0.472 0.016 69.63
0.453 0.022 69.67
0.436 0.019 69.7
0.432 0.015 69.73
0.41 0.027 69.77
0.396 0.017 69.8
0.392 0.015 69.83
0.38 0.017 69.87
0.367 0.016 69.9
0.366 0.017 69.93
0.358 0.012 69.96
0.35 0.012 70.0
0.342 0.011 70.03
0.341 0.01 70.06
0.336 0.009 70.09
0.332 0.008 70.13
0.332 0.008 70.17
0.332 0.009 70.2
0.328 0.007 70.23
0.328 0.007 70.26
0.326 0.005 70.3
0.323 0.005 70.33
0.321 0.005 70.36
0.323 0.004 70.4
0.321 0.003 70.43
0.321 0.003 70.46
0.325 0.001 70.5
0.325 0.001 70.53
0.325 0.003 70.56
0.328 0.001 70.6
0.328 0.002 70.63
0.326 0.002 70.66
0.328 0.006 70.7
0.324 0.005 70.73
0 0 70.76
0 0 70.79
0 0 70.83
0 0 70.86
0 0 70.89
0 0 70.93
0 0 70.96
0 0 71.0
0 0 71.03
0 0 71.06
0 0 71.1
0 0 71.13
0 0 71.16
0 0 71.19
0 0 71.23
0 0 71.26
0 0 71.29
0.439 0.208 71.33
0.476 0.034 71.36
0.509 0.035 71.4
0.545 0.036 71.43
0 0 71.46
0.611 0.065 71.5
0 0 71.53
0 0 71.56
0 0 71.59
0 0 71.63
0 0 71.66
0 0 71.69
0 0 71.73
0 0 71.76
0 0 71.79
0 0 71.83
0 0 71.86
0 0 71.89
0 0 71.93
0 0 71.96
0 0 71.99
0 0 72.03
0 0 72.06
0 0 72.09
0 0 72.13
0 0 72.16
0 0 72.19
0 0 72.23
0 0 72.26
0 0 72.29
0 0 72.33
0 0 72.36
0 0 72.39
0 0 72.43
0 0 72.46
0 0 72.5
0 0 72.53
0 0 72.56
0 0 72.6
0 0 72.63
0 0 72.66
0 0 72.69
0 0 72.73
0 0 72.76
0 0 72.79
0 0 72.83
0 0 72.86
0 0 72.89
0 0 72.93
0 0 72.96
0 0 73.0
0 0 73.03
0 0 73.06
0 0 73.09
0 0 73.13
0 0 73.16
0 0 73.19
0 0 73.23
0 0 73.26
0 0 73.29
0 0 73.33
0 0 73.36
0 0 73.39
0 0 73.43
0 0 73.46
0 0 73.49
0 0 73.53
0 0 73.56
0 0 73.59
0 0 73.63
0 0 73.66
0 0 73.69
0 0 73.73
0 0 73.76
0 0 73.79
0 0 73.83
0 0 73.86
0 0 73.89
0 0 73.93
0 0 73.96
0 0 73.99
0 0 74.03
0 0 74.06
0 0 74.09
0 0 74.13
0 0 74.16
0 0 74.19
0 0 74.23
0 0 74.26
0 0 74.29
0 0 74.33
0 0 74.36
0 0 74.39
0 0 74.43
0 0 74.46
0 0 74.49
0 0 74.53
0 0 74.56
0 0 74.59
0 0 74.63
0 0 74.66
0 0 74.69
0 0 74.73
0 0 74.76
0.552 0.09 74.8
0.532 0.02 74.83
0.51 0.025 74.86
0.497 0.016 74.9
0.484 0.016 74.93
0.47 0.014 74.96
0.462 0.011 75.0
0.452 0.013 75.03
0.44 0.009 75.06
0.434 0.009 75.1
0.428 0.008 75.13
0.42 0.008 75.16
0.414 0.009 75.19
0.408 0.009 75.23
0.4 0.007 75.26
0.395 0.007 75.3
0.391 0.007 75.33
0.388 0.006 75.36
0.38 0.005 75.39
0.375 0.008 75.43
0.373 0.004 75.46
0.365 0.006 75.5
0.361 0.006 75.53
0.358 0.004 75.56
0.35 0.004 75.59
0.348 0.003 75.63
0.347 0.003 75.66
0.34 0.003 75.69
0.339 0.003 75.73
0.339 0.003 75.76
0.338 0.003 75.8
0.333 0.004 75.83
0.331 0.003 75.86
0.329 0.003 75.9
0.323 0.003 75.93
0.321 0.003 75.96
0.321 0.006 76.0
0.313 0.003 76.03
0.31 0.004 76.06
0.308 0.003 76.1
0.306 0.002 76.13
0.297 0.004 76.16
0.294 0.004 76.19
0.29 0.006 76.23
0.282 0.007 76.26
0.278 0.005 76.29
0.275 0.007 76.33
0.259 0.006 76.36
0.256 0.008 76.39
0.253 0.005 76.43
0.245 0.004 76.46
0.243 0.003 76.5
0.242 0.002 76.53
0.246 0.005 76.56
0.243 0.008 76.59
0.247 0.014 76.63
0.253 0.02 76.66
0.255 0.028 76.7
0.277 0.04 76.73
0 0 76.76
0 0 76.79
0.352 0.112 76.83
0 0 76.86
0.43 0.09 76.9
0 0 76.93
0 0 76.96
0 0 76.99
0 0 77.03
0 0 77.06
0 0 77.09
0 0 77.13
0 0 77.16
0 0 77.19
0 0 77.23
0 0 77.26
0 0 77.29
0 0 77.33
0 0 77.36
0 0 77.39
0 0 77.43
0 0 77.46
0 0 77.49
0 0 77.53
0 0 77.56
0 0 77.59
0 0 77.63
0 0 77.66
0 0 77.69
0 0 77.73
0 0 77.76
0 0 77.79
0 0 77.83
0 0 77.86
0 0 77.89
0 0 77.93
0 0 77.96
0 0 77.99
0 0 78.03
0 0 78.06
0 0 78.09
0 0 78.13
0 0 78.16
0 0 78.19
0 0 78.23
0 0 78.26
0 0 78.29
0 0 78.33
0 0 78.36
0 0 78.39
0 0 78.43
0 0 78.46
0 0 78.49
0 0 78.53
0 0 78.56
0 0 78.59
0 0 78.63
0 0 78.66
0 0 78.69
0 0 78.73
0 0 78.76
0 0 78.79
0 0 78.83
0 0 78.86
0 0 78.89
0 0 78.93
0 0 78.96
0 0 78.99
0 0 79.03
0 0 79.06
0 0 79.09
0 0 79.13
0 0 79.16
0 0 79.19
0 0 79.23
0 0 79.26
0 0 79.29
0 0 79.33
0 0 79.36
0 0 79.39
0 0 79.43
0 0 79.46
0 0 79.49
0 0 79.53
0 0 79.56
0 0 79.59
0 0 79.63
0 0 79.66
0 0 79.69
0 0 79.73
0 0 79.76
0 0 79.79
0 0 79.83
0 0 79.86
0 0 79.89
0 0 79.93
0 0 79.96
0 0 79.99
0 0 80.03
0 0 80.06
0 0 80.09
0 0 80.13
0 0 80.16
0 0 80.19
0 0 80.23
0 0 80.26
0 0 80.29
0 0 80.33
0 0 80.36
0 0 80.39
0 0 80.43
0 0 80.46
0 0 80.49
0 0 80.53
0 0 80.56
0 0 80.59
0 0 80.63
0 0 80.66
0 0 80.69
0 0 80.73
0 0 80.76
0 0 80.79
0 0 80.83
0 0 80.86
0 0 80.89
0 0 80.93
0 0 80.96
0 0 80.99
0 0 81.03
0 0 81.06
0 0 81.09
0 0 81.13
0 0 81.16
0 0 81.19
0 0 81.23
0 0 81.26
0 0 81.3
0 0 81.33
0 0 81.36
0 0 81.39
0 0 81.43
0 0 81.46
0 0 81.5
0 0 81.53
0 0 81.56
0 0 81.59
0 0 81.63
0 0 81.66
0 0 81.69
0 0 81.73
0 0 81.76
0 0 81.79
0 0 81.83
0 0 81.86
0 0 81.89
0 0 81.93
0 0 81.96
0 0 81.99
0 0 82.03
0 0 82.06
0 0 82.09
0 0 82.13
0 0 82.16
0 0 82.19
0 0 82.23
0 0 82.26
0 0 82.29
0 0 82.33
0 0 82.36
0 0 82.39
0 0 82.43
0 0 82.46
0 0 82.49
0 0 82.53
0 0 82.56
0 0 82.59
0 0 82.63
0 0 82.66
0 0 82.69
0 0 82.73
0 0 82.76
0 0 82.79
0 0 82.83
0 0 82.86
0 0 82.89
0 0 82.93
0 0 82.96
0 0 82.99
0 0 83.03
0 0 83.06
0 0 83.09
0 0 83.13
0 0 83.16
0 0 83.19
0 0 83.23
0 0 83.26
0 0 83.29
0 0 83.33
0 0 83.36
0 0 83.39
0 0 83.43
0 0 83.46
0 0 83.49
0 0 83.52
0 0 83.56
0 0 83.59
0 0 83.62
0 0 83.66
0 0 83.69
0 0 83.72
0 0 83.76
0 0 83.79
0 0 83.83
0 0 83.86
0 0 83.89
0 0 83.93
0 0 83.96
0 0 83.99
0 0 84.02
0 0 84.06
0 0 84.09
0 0 84.13
0 0 84.16
0 0 84.19
0 0 84.23
0 0 84.26
0 0 84.29
0 0 84.33
0 0 84.36
0 0 84.39
0 0 84.42
0 0 84.46
0 0 84.49
0 0 84.52
0 0 84.56
0 0 84.59
0 0 84.62
0 0 84.66
0 0 84.69
0 0 84.72
0 0 84.76
0 0 84.79
0 0 84.83
0 0 84.86
0 0 84.89
0 0 84.92
0 0 84.96
0 0 84.99
0 0 85.02
0 0 85.06
0 0 85.09
0 0 85.12
0 0 85.16
0 0 85.19
0 0 85.22
0 0 85.26
0 0 85.29
0 0 85.32
0 0 85.36
0 0 85.39
0 0 85.42
0 0 85.46
0 0 85.49
0 0 85.53
0 0 85.56
0 0 85.59
0 0 85.62
0 0 85.66
0 0 85.69
0 0 85.72
0 0 85.76
0 0 85.79
0 0 85.83
0 0 85.86
0 0 85.89
0 0 85.93
0 0 85.96
0 0 85.99
0 0 86.02
0 0 86.06
0 0 86.09
0 0 86.12
0 0 86.16
0 0 86.19
0 0 86.23
0 0 86.26
0 0 86.29
0 0 86.33
0 0 86.36
0 0 86.39
0 0 86.42
0 0 86.46
0 0 86.49
0 0 86.52
0 0 86.56
0 0 86.59
0 0 86.62
0 0 86.66
0 0 86.69
0 0 86.72
0 0 86.76
0 0 86.79
0 0 86.83
0 0 86.86
0 0 86.89
0 0 86.92
0 0 86.96
0 0 86.99
0 0 87.02
0 0 87.06
0 0 87.09
0 0 87.12
0 0 87.16
0 0 87.19
0 0 87.23
0 0 87.26
0 0 87.29
0 0 87.33
0 0 87.36
0 0 87.39
0 0 87.42
0 0 87.46
0 0 87.49
0 0 87.52
0 0 87.56
0 0 87.59
0 0 87.62
0 0 87.66
0 0 87.69
0 0 87.72
0 0 87.76
0 0 87.79
0 0 87.83
0 0 87.86
0 0 87.89
0 0 87.92
0 0 87.96
0 0 87.99
0 0 88.02
0 0 88.06
0 0 88.09
0 0 88.12
0 0 88.16
0 0 88.19
0 0 88.23
0 0 88.26
0 0 88.29
0 0 88.33
0 0 88.36
0 0 88.39
0 0 88.42
0 0 88.46
0 0 88.49
0 0 88.52
0 0 88.56
0 0 88.59
0 0 88.62
0 0 88.66
0 0 88.69
0 0 88.72
0 0 88.76
0 0 88.79
0 0 88.83
0 0 88.86
0 0 88.89
0 0 88.92
0 0 88.96
0.469 0.057 88.99
0 0 89.02
0.44 0.034 89.06
0.426 0.024 89.09
0.412 0.018 89.13
0.4 0.016 89.16
0.392 0.018 89.19
0.382 0.016 89.23
0.374 0.014 89.26
0.373 0.016 89.29
0.367 0.012 89.33
0.362 0.012 89.36
0.353 0.014 89.39
0.353 0.01 89.43
0.347 0.011 89.46
0.341 0.009 89.49
0.343 0.007 89.53
0.339 0.007 89.56
0.335 0.006 89.59
0.337 0.005 89.63
0.335 0.004 89.66
0.334 0.004 89.69
0.336 0.004 89.73
0.334 0.003 89.76
0.333 0.003 89.79
0.33 0.004 89.83
0.33 0.004 89.86
0.326 0.005 89.89
0 0 89.92
0 0 89.96
0 0 89.99
0 0 90.02
0 0 90.06
0 0 90.09
0 0 90.12
0 0 90.16
0 0 90.19
0 0 90.22
0 0 90.26
0 0 90.29
0 0 90.33
0 0 90.36
0.335 0.109 90.39
0 0 90.43
0 0 90.46
0 0 90.49
0.43 0.109 90.53
0 0 90.56
0.489 0.061 90.59
0 0 90.62
0 0 90.66
0.576 0.086 90.69
0 0 90.72
0 0 90.76
0 0 90.79
0 0 90.83
0 0 90.86
0 0 90.89
0 0 90.92
0 0 90.96
0 0 90.99
0 0 91.02
0 0 91.06
0 0 91.09
0 0 91.12
0 0 91.16
0 0 91.19
0 0 91.22
0 0 91.26
0 0 91.29
0 0 91.33
0 0 91.36
0 0 91.39
0 0 91.42
0 0 91.46
0 0 91.49
0 0 91.52
0 0 91.56
0 0 91.59
0 0 91.62
0 0 91.66
0 0 91.69
0 0 91.72
0 0 91.76
0 0 91.79
0 0 91.83
0 0 91.86
0 0 91.89
0 0 91.92
0 0 91.96
0 0 91.99
0 0 92.02
0 0 92.06
0 0 92.09
0 0 92.12
0 0 92.16
0 0 92.19
0 0 92.22
0 0 92.26
0 0 92.29
0 0 92.32
0 0 92.36
0 0 92.39
0 0 92.42
0 0 92.46
0 0 92.49
0 0 92.52
0 0 92.56
0 0 92.59
0 0 92.62
0 0 92.66
0 0 92.69
0 0 92.72
0 0 92.76
0 0 92.79
0 0 92.82
0 0 92.86
0 0 92.89
0 0 92.92
0 0 92.96
0 0 92.99
0 0 93.02
0 0 93.06
0 0 93.09
0 0 93.12
0 0 93.16
0 0 93.19
0 0 93.22
0 0 93.26
0 0 93.29
0 0 93.32
0 0 93.36
0 0 93.39
0 0 93.42
0 0 93.46
0 0 93.49
0 0 93.52
0 0 93.56
0 0 93.59
0 0 93.62
0 0 93.66
0 0 93.69
0 0 93.72
0 0 93.76
0 0 93.79
0.598 0.013 93.83
0.582 0.018 93.86
0.574 0.011 93.89
0 0 93.92
0.554 0.029 93.96
0 0 93.99
0.532 0.031 94.03
0.52 0.014 94.06
0.507 0.015 94.09
0.493 0.017 94.12
0.479 0.015 94.16
0.463 0.018 94.19
0.449 0.016 94.23
0.434 0.017 94.26
0.419 0.018 94.29
0.404 0.016 94.33
0.394 0.013 94.36
0.385 0.011 94.39
0.377 0.01 94.42
0.374 0.008 94.46
0.369 0.007 94.49
0.366 0.006 94.53
0.364 0.005 94.56
0.362 0.004 94.59
0.361 0.003 94.63
0.361 0.002 94.66
0.359 0.002 94.69
0 0 94.72
0.359 0.003 94.76
0.359 0.001 94.79
0 0 94.82
0.358 0.002 94.86
0.357 0.003 94.89
0.357 0.001 94.93
0 0 94.96
0.354 0.004 94.99
0.352 0.002 95.03
0.349 0.003 95.06
0.344 0.004 95.09
0 0 95.12
0.336 0.01 95.16
0 0 95.19
0 0 95.22
0 0 95.26
0 0 95.29
0 0 95.33
0 0 95.36
0 0 95.39
0 0 95.42
0 0 95.46
0.326 0.021 95.49
0.332 0.008 95.53
0.338 0.009 95.56
0.344 0.009 95.59
0.351 0.008 95.62
0.355 0.005 95.66
0.359 0.005 95.69
0.361 0.005 95.72
0.363 0.003 95.76
0.364 0.003 95.79
0.366 0.003 95.83
0.368 0.004 95.86
0.371 0.005 95.89
0.376 0.008 95.93
0.382 0.009 95.96
0.391 0.012 95.99
0.404 0.016 96.02
0.418 0.017 96.06
0.436 0.021 96.09
0.458 0.024 96.12
0.481 0.026 96.16
0.515 0.035 96.19
0.549 0.035 96.23
0 0 96.26
0 0 96.29
0 0 96.32
0 0 96.36
0 0 96.39
0 0 96.42
0 0 96.46
0 0 96.49
0 0 96.52
0 0 96.56
0 0 96.59
0 0 96.62
0 0 96.66
0 0 96.69
0 0 96.72
0 0 96.76
0 0 96.79
0 0 96.82
0 0 96.86
0 0 96.89
0 0 96.92
0 0 96.96
0 0 96.99
0 0 97.02
0 0 97.06
0 0 97.09
0 0 97.12
0 0 97.16
0 0 97.19
0 0 97.22
0 0 97.26
0 0 97.29
0 0 97.32
0 0 97.36
0 0 97.39
0 0 97.42
0 0 97.46
0 0 97.49
0 0 97.52
0 0 97.56
0 0 97.59
0 0 97.62
0 0 97.66
0 0 97.69
0 0 97.72
0 0 97.76
0 0 97.79
0 0 97.82
0 0 97.86
0 0 97.89
0 0 97.92
0 0 97.96
0 0 97.99
0 0 98.02
0 0 98.06
0 0 98.09
0 0 98.12
0 0 98.16
0 0 98.19
0 0 98.22
0 0 98.26
0 0 98.29
0 0 98.32
0 0 98.36
0 0 98.39
0 0 98.42
0 0 98.46
0 0 98.49
0 0 98.52
0 0 98.56
0 0 98.59
0 0 98.62
0 0 98.66
0 0 98.69
0 0 98.72
0 0 98.76
0 0 98.79
0 0 98.82
0 0 98.86
0 0 98.89
0 0 98.92
0 0 98.96
0 0 98.99
0 0 99.02
0 0 99.06
0 0 99.09
0 0 99.12
0 0 99.16
0 0 99.19
0 0 99.22
0 0 99.26
0 0 99.29
0 0 99.32
0 0 99.36
0 0 99.39
0 0 99.42
0 0 99.46
0 0 99.49
0 0 99.52
0 0 99.56
0 0 99.59
0 0 99.62
0 0 99.66
0 0 99.69
0 0 99.72
0 0 99.76
0 0 99.79
0 0 99.82
0 0 99.86
0 0 99.89
0 0 99.92
0 0 99.96
0 0 99.99
0 0 100.02
0 0 100.06
0 0 100.09
0 0 100.12
0 0 100.16
0 0 100.19
0 0 100.22
0 0 100.26
0 0 100.29
0 0 100.32
0 0 100.36
0 0 100.39
0 0 100.42
0 0 100.46
0 0 100.49
0 0 100.52
0 0 100.56
0 0 100.59
0 0 100.62
0 0 100.66
0 0 100.69
0 0 100.72
0 0 100.76
0 0 100.79
0 0 100.82
0 0 100.86
0 0 100.89
0 0 100.92
0 0 100.96
0 0 100.99
0 0 101.02
0 0 101.06
0 0 101.09
0 0 101.12
0 0 101.16
0 0 101.19
0 0 101.22
0 0 101.26
0 0 101.29
0 0 101.32
0 0 101.36
0 0 101.39
0 0 101.42
0 0 101.46
0 0 101.49
0 0 101.52
0 0 101.56
0 0 101.59
0 0 101.62
0 0 101.66
0 0 101.69
0 0 101.72
0.637 0.253 101.76
0 0 101.79
0 0 101.82
0 0 101.86
0 0 101.89
0 0 101.92
0 0 101.96
0 0 101.99
0 0 102.02
0 0 102.06
0 0 102.09
0 0 102.12
0 0 102.16
0 0 102.19
0 0 102.22
0 0 102.26
0 0 102.29
0 0 102.33
0 0 102.36
0 0 102.39
0 0 102.42
0 0 102.46
0 0 102.49
0.623 0.004 102.52
0 0 102.56
0 0 102.59
0 0 102.62
0 0 102.66
0 0 102.69
0 0 102.72
0 0 102.76
0 0 102.79
0 0 102.82
0.621 0.003 102.86
0 0 102.89
0 0 102.92
0 0 102.96
0 0 102.99
0 0 103.02
0 0 103.06
0.612 0.01 103.09
0 0 103.12
0 0 103.16
0 0 103.19
0 0 103.22
0 0 103.26
0 0 103.29
0 0 103.32
0 0 103.36
0 0 103.39
0 0 103.42
0 0 103.46
0 0 103.49
0 0 103.52
0 0 103.56
0 0 103.59
0 0 103.62
0 0 103.66
0 0 103.69
0 0 103.72
0 0 103.76
0 0 103.79
0 0 103.82
0 0 103.86
0 0 103.89
0 0 103.92
0 0 103.96
0 0 103.99
0 0 104.02
0 0 104.06
0 0 104.09
0 0 104.12
0 0 104.16
0 0 104.19
0 0 104.22
0 0 104.26
0 0 104.29
0 0 104.32
0 0 104.36
0 0 104.39
0 0 104.42
0 0 104.46
0 0 104.49
0 0 104.52
0 0 104.56
0 0 104.59
0 0 104.62
0 0 104.66
0 0 104.69
0 0 104.72
0 0 104.75
0 0 104.79
0 0 104.82
0 0 104.86
0 0 104.89
0 0 104.92
0 0 104.95
0 0 104.99
0 0 105.02
0 0 105.05
0 0 105.09
0 0 105.12
0 0 105.16
0 0 105.19
0 0 105.22
0 0 105.25
0 0 105.29
0 0 105.32
0 0 105.36
0 0 105.39
0 0 105.42
0 0 105.45
0 0 105.49
0 0 105.52
0 0 105.56
0 0 105.59
0 0 105.62
0 0 105.66
0 0 105.69
0 0 105.72
0 0 105.75
0 0 105.79
0 0 105.82
0 0 105.85
0 0 105.89
0 0 105.92
0 0 105.95
0 0 105.99
0 0 106.02
0 0 106.05
0 0 106.09
0 0 106.12
0 0 106.16
0 0 106.19
0 0 106.22
0 0 106.25
0 0 106.29
0 0 106.32
0 0 106.36
0 0 106.39
0 0 106.42
0 0 106.45
0 0 106.49
0 0 106.52
0 0 106.55
0 0 106.59
0 0 106.62
0 0 106.66
0 0 106.69
0 0 106.72
0 0 106.75
0 0 106.79
0 0 106.82
0 0 106.85
0 0 106.89
0 0 106.92
0 0 106.95
0 0 106.99
0 0 107.02
0 0 107.05
0 0 107.09
0 0 107.12
0 0 107.16
0 0 107.19
0 0 107.22
0 0 107.25
0 0 107.29
0.471 0.273 107.32
0.469 0.015 107.36
0.458 0.013 107.39
0.443 0.019 107.42
0.435 0.015 107.46
0.426 0.012 107.49
0.416 0.013 107.52
0.413 0.011 107.56
0.409 0.008 107.59
0.406 0.005 107.62
0.403 0.005 107.66
0.404 0.004 107.69
0.4 0.005 107.72
0.396 0.005 107.76
0.398 0.004 107.79
0.395 0.004 107.82
0.392 0.003 107.86
0.395 0.003 107.89
0.393 0.004 107.92
0.392 0.002 107.96
0.396 0.001 107.99
0.397 0.001 108.02
0.397 0.001 108.06
0.397 0.001 108.09
0.401 0.001 108.12
0.401 0.001 108.16
0.402 0.003 108.19
0.406 0.002 108.22
0.405 0.001 108.26
0.406 0.002 108.29
0.41 0.002 108.32
0.412 0.003 108.36
0.412 0.002 108.39
0.415 0.0 108.42
0.416 0.003 108.46
0.415 0.001 108.49
0.414 0.001 108.52
0.417 0.003 108.56
0.415 0.002 108.59
0.414 0.002 108.63
0.417 0.002 108.66
0.416 0.004 108.69
0.414 0.003 108.72
0.411 0.003 108.76
0.409 0.004 108.79
0.405 0.004 108.82
0.404 0.005 108.86
0.397 0.007 108.89
0.389 0.008 108.92
0.378 0.011 108.96
0.37 0.01 108.99
0.36 0.011 109.02
0.351 0.01 109.06
0.345 0.008 109.09
0.339 0.008 109.12
0.335 0.008 109.16
0.333 0.005 109.19
0.332 0.005 109.22
0 0 109.25
0 0 109.29
0.33 0.006 109.32
0.33 0.002 109.36
0.329 0.001 109.39
0.33 0.002 109.42
0.331 0.002 109.46
0.33 0.004 109.49
0 0 109.52
0.335 0.006 109.56
0.336 0.003 109.59
0.34 0.004 109.62
0.341 0.003 109.66
0 0 109.69
0 0 109.72
0.351 0.012 109.76
0.353 0.004 109.79
0 0 109.82
0.361 0.014 109.86
0.366 0.01 109.89
0.37 0.011 109.92
0.377 0.018 109.96
0 0 109.99
0.392 0.037 110.02
0 0 110.05
0 0 110.09
0 0 110.12
0 0 110.15
0 0 110.19
0 0 110.22
0 0 110.25
0 0 110.29
0 0 110.32
0 0 110.35
0 0 110.39
0 0 110.42
0 0 110.45
0 0 110.49
0 0 110.52
0 0 110.55
0 0 110.59
0 0 110.62
0 0 110.66
0 0 110.69
0 0 110.72
0 0 110.75
0 0 110.79
0 0 110.82
0 0 110.86
0 0 110.89
0 0 110.92
0 0 110.95
0 0 110.99
0 0 111.02
0 0 111.05
0 0 111.09
0 0 111.12
0 0 111.16
0 0 111.19
0 0 111.22
0 0 111.25
0 0 111.29
0 0 111.32
0 0 111.35
0 0 111.39
0 0 111.42
0 0 111.45
0 0 111.49
0 0 111.52
0 0 111.55
0 0 111.59
0 0 111.62
0 0 111.65
0 0 111.69
0 0 111.72
0 0 111.75
0 0 111.79
0 0 111.82
0 0 111.85
0 0 111.89
0 0 111.92
0.599 0.225 111.95
0 0 111.99
0 0 112.02
0 0 112.05
0.559 0.043 112.09
0 0 112.12
0.542 0.017 112.16
0.536 0.007 112.19
0 0 112.22
0.529 0.007 112.26
0.529 0.003 112.29
0 0 112.32
0 0 112.35
0 0 112.39
0.528 0.003 112.42
0.528 0.0 112.46
0.529 0.001 112.49
0 0 112.52
0.526 0.004 112.55
0.519 0.01 112.59
0.506 0.016 112.62
0.49 0.017 112.66
0 0 112.69
0 0 112.72
0.43 0.071 112.75
0.415 0.02 112.79
0.401 0.018 112.82
0.389 0.017 112.86
0.38 0.014 112.89
0.373 0.011 112.92
0.367 0.01 112.96
0.363 0.008 112.99
0.36 0.006 113.02
0.358 0.005 113.06
0.357 0.005 113.09
0.357 0.004 113.12
0.357 0.004 113.16
0.358 0.004 113.19
0.358 0.004 113.22
0.359 0.003 113.26
0.36 0.003 113.29
0.36 0.002 113.32
0.361 0.002 113.36
0.362 0.002 113.39
0.364 0.003 113.42
0.366 0.003 113.46
0.369 0.005 113.49
0.369 0.002 113.52
0.369 0.002 113.56
0.37 0.003 113.59
0.371 0.001 113.62
0.372 0.001 113.66
0.373 0.002 113.69
0.374 0.001 113.72
0.374 0.0 113.76
0.373 0.001 113.79
0.373 0.001 113.82
0.373 0.001 113.86
0.374 0.001 113.89
0.375 0.003 113.92
0.376 0.001 113.96
0.377 0.001 113.99
0.379 0.002 114.02
0.381 0.002 114.06
0.381 0.001 114.09
0.381 0.001 114.12
0.38 0.002 114.16
0.378 0.002 114.19
0.377 0.002 114.22
0.376 0.002 114.25
0.374 0.002 114.29
0.372 0.004 114.32
0.369 0.003 114.36
0.365 0.005 114.39
0.361 0.005 114.42
0.356 0.006 114.45
0.351 0.006 114.49
0.347 0.007 114.52
0.344 0.004 114.56
0 0 114.59
0.339 0.009 114.62
0.338 0.002 114.66
0.337 0.002 114.69
0.338 0.003 114.72
0.341 0.005 114.75
0.344 0.006 114.79
0.347 0.008 114.82
0.354 0.009 114.86
0.361 0.011 114.89
0.37 0.013 114.92
0.382 0.016 114.95
0.396 0.019 114.99
0.409 0.018 115.02
0.426 0.021 115.05
0.446 0.022 115.09
0.467 0.025 115.12
0.486 0.023 115.15
0.509 0.025 115.19
0 0 115.22
0 0 115.25
0 0 115.28
0 0 115.32
0 0 115.35
0 0 115.39
0 0 115.42
0 0 115.45
0 0 115.49
0 0 115.52
0 0 115.55
0 0 115.58
0 0 115.62
0 0 115.65
0 0 115.69
0 0 115.72
0 0 115.75
0 0 115.78
0 0 115.82
0 0 115.85
0 0 115.89
0 0 115.92
0 0 115.95
0 0 115.99
0 0 116.02
0 0 116.05
0 0 116.09
0 0 116.12
0 0 116.16
0 0 116.18
0 0 116.22
0 0 116.25
0 0 116.29
0 0 116.32
0 0 116.35
0 0 116.38
0 0 116.42
0 0 116.45
0 0 116.49
0 0 116.52
0 0 116.55
0 0 116.59
0 0 116.62
0 0 116.65
0 0 116.68
0 0 116.72
0 0 116.75
0 0 116.79
0 0 116.82
0 0 116.85
0 0 116.89
0 0 116.92
0 0 116.95
0 0 116.99
0 0 117.02
0 0 117.05
0 0 117.08
0 0 117.12
0 0 117.16
0 0 117.19
0 0 117.22
0 0 117.25
0 0 117.28
0 0 117.32
0 0 117.35
0 0 117.39
0 0 117.42
0 0 117.45
0 0 117.49
0 0 117.52
0 0 117.55
0 0 117.58
0 0 117.62
0 0 117.65
0 0 117.68
0 0 117.72
0 0 117.75
0 0 117.79
0 0 117.82
0 0 117.85
0 0 117.89
0 0 117.92
0 0 117.95
0 0 117.99
0 0 118.02
0 0 118.05
0 0 118.09
0 0 118.12
0 0 118.15
0 0 118.19
0 0 118.22
0 0 118.25
0 0 118.29
0 0 118.32
0 0 118.35
0 0 118.38
0 0 118.42
0 0 118.45
0 0 118.49
0 0 118.52
0 0 118.55
0 0 118.59
0 0 118.62
0 0 118.65
0 0 118.68
0 0 118.72
0 0 118.75
0 0 118.78
0 0 118.82
0 0 118.85
0 0 118.89
0 0 118.92
0 0 118.95
0 0 118.99
0 0 119.02
0 0 119.05
0 0 119.09
0 0 119.12
0 0 119.15
0 0 119.19
0 0 119.22
0 0 119.25
0 0 119.28
0 0 119.32
0 0 119.35
0 0 119.38
0 0 119.42
0 0 119.45
0 0 119.49
0 0 119.52
0 0 119.55
0 0 119.58
0 0 119.62
0 0 119.65
0 0 119.69
0 0 119.72
0 0 119.75
0 0 119.78
0 0 119.82
0 0 119.85
0 0 119.89
0 0 119.92
0 0 119.95
0 0 119.99
0 0 120.02
0 0 120.05
0 0 120.09
0 0 120.12
0 0 120.15
0 0 120.19
0 0 120.22
0 0 120.25
0 0 120.29
0 0 120.32
0 0 120.35
0 0 120.38
0 0 120.42
0 0 120.45
0 0 120.49
0 0 120.52
0 0 120.55
0 0 120.58
0 0 120.62
0 0 120.65
0 0 120.68
0 0 120.72
0 0 120.75
0 0 120.78
0 0 120.82
0 0 120.85
0 0 120.89
0 0 120.92
0 0 120.95
0 0 120.99
0 0 121.02
0 0 121.05
0 0 121.09
0 0 121.12
0 0 121.15
0 0 121.18
0 0 121.22
0 0 121.25
0 0 121.28
0 0 121.32
0 0 121.35
0 0 121.38
0 0 121.42
0 0 121.45
0 0 121.49
0 0 121.52
0 0 121.55
0 0 121.59
0 0 121.62
0 0 121.65
0 0 121.68
0 0 121.72
0 0 121.75
0 0 121.79
0 0 121.82
0 0 121.85
0 0 121.89
0 0 121.92
0 0 121.95
0 0 121.99
0 0 122.02
0 0 122.05
0 0 122.09
0 0 122.12
0 0 122.15
0 0 122.19
0 0 122.22
0 0 122.25
0 0 122.29
0 0 122.32
0 0 122.35
0 0 122.39
0 0 122.42
0 0 122.45
0 0 122.49
0 0 122.52
0 0 122.55
0 0 122.59
0 0 122.62
0 0 122.65
0 0 122.69
0 0 122.72
0 0 122.75
0 0 122.79
0 0 122.82
0 0 122.85
0 0 122.89
0 0 122.92
0 0 122.95
0 0 122.99
0 0 123.02
0 0 123.05
0 0 123.09
0 0 123.12
0 0 123.16
0 0 123.19
0 0 123.22
0 0 123.25
0 0 123.28
0 0 123.32
0 0 123.35
0 0 123.38
0 0 123.42
0 0 123.45
0 0 123.49
0 0 123.52
0 0 123.55
0 0 123.58
0 0 123.62
0 0 123.65
0 0 123.69
0 0 123.72
0 0 123.75
0 0 123.79
0 0 123.82
0 0 123.85
0 0 123.89
0 0 123.92
0 0 123.95
0 0 123.99
0 0 124.02
0 0 124.05
0 0 124.08
0 0 124.12
0 0 124.15
0 0 124.19
0 0 124.22
0 0 124.25
0 0 124.28
0 0 124.32
0 0 124.35
0 0 124.38
0 0 124.42
0 0 124.45
0 0 124.49
0 0 124.52
0 0 124.55
0 0 124.58
0 0 124.62
0 0 124.65
0 0 124.68
0 0 124.72
0 0 124.75
0 0 124.78
0 0 124.82
0 0 124.85
0 0 124.89
0 0 124.92
0 0 124.95
0 0 124.99
0 0 125.02
0 0 125.05
0 0 125.08
0 0 125.12
0 0 125.15
0 0 125.18
0 0 125.22
0 0 125.25
0 0 125.29
0 0 125.32
0 0 125.35
0 0 125.39
0 0 125.42
0 0 125.45
0 0 125.49
0 0 125.52
0 0 125.55
0 0 125.58
0 0 125.62
0 0 125.65
0 0 125.68
0 0 125.72
0 0 125.75
0 0 125.79
0 0 125.82
0 0 125.85
0 0 125.89
0 0 125.92
0 0 125.95
0 0 125.99
0 0 126.02
0 0 126.05
0 0 126.08
0 0 126.12
0 0 126.15
0 0 126.18
0 0 126.22
0 0 126.25
0 0 126.28
0 0 126.32
0 0 126.35
0 0 126.38
0 0 126.42
0 0 126.45
0 0 126.49
0 0 126.52
0 0 126.55
0 0 126.58
0 0 126.62
0 0 126.65
0 0 126.68
0 0 126.72
0 0 126.75
0 0 126.78
0 0 126.82
0 0 126.85
0 0 126.88
0 0 126.92
0 0 126.95
0 0 126.99
0 0 127.02
0 0 127.05
0 0 127.08
0 0 127.12
0 0 127.15
0 0 127.18
0 0 127.22
0 0 127.25
0 0 127.28
0 0 127.32
0 0 127.35
0 0 127.38
0 0 127.42
0 0 127.45
0 0 127.48
0 0 127.52
0 0 127.55
0 0 127.58
0 0 127.62
0 0 127.65
0 0 127.69
0 0 127.72
0 0 127.75
0 0 127.78
0 0 127.82
0 0 127.85
0 0 127.88
0 0 127.92
0 0 127.95
0 0 127.99
0 0 128.02
0 0 128.05
0 0 128.08
0 0 128.12
0 0 128.15
0 0 128.18
0 0 128.22
0 0 128.25
0 0 128.28
0 0 128.32
0 0 128.35
0 0 128.38
0 0 128.42
0 0 128.45
0 0 128.48
0 0 128.52
0 0 128.55
0 0 128.58
0 0 128.62
0 0 128.65
0.421 0.096 128.68
0 0 128.72
0 0 128.75
0 0 128.78
0 0 128.82
0 0 128.85
0 0 128.88
0 0 128.92
0 0 128.95
0 0 128.98
0 0 129.02
0 0 129.05
0 0 129.08
0 0 129.12
0 0 129.15
0 0 129.18
0 0 129.22
0 0 129.25
0 0 129.28
0 0 129.32
0 0 129.35
0 0 129.38
0 0 129.42
0 0 129.45
0.436 0.013 129.49
0 0 129.52
0.441 0.006 129.55
0 0 129.58
0.439 0.004 129.62
0 0 129.65
0 0 129.68
0 0 129.72
0 0 129.75
0 0 129.78
0 0 129.82
0 0 129.85
0 0 129.88
0 0 129.92
0 0 129.95
0 0 129.98
0 0 130.02
0 0 130.05
0.444 0.006 130.08
0.444 0.001 130.12
0 0 130.15
0 0 130.18
0 0 130.22
0 0 130.25
0 0 130.28
0 0 130.32
0 0 130.35
0 0 130.38
0 0 130.42
0 0 130.45
0 0 130.48
0 0 130.52
0 0 130.55
0 0 130.58
0 0 130.62
0 0 130.65
0 0 130.68
0 0 130.72
0 0 130.75
0 0 130.78
0.437 0.011 130.82
0.439 0.003 130.85
0 0 130.88
0 0 130.92
0 0 130.95
0.436 0.009 130.98
0.439 0.004 131.02
0 0 131.05
0 0 131.08
0.442 0.005 131.12
0 0 131.15
0 0 131.18
0.445 0.012 131.22
0.442 0.008 131.25
0 0 131.28
0 0 131.32
0.439 0.013 131.35
0 0 131.38
0 0 131.42
0.428 0.019 131.45
0 0 131.49
0 0 131.51
0.411 0.023 131.55
0.409 0.004 131.59
0.402 0.009 131.62
0.401 0.005 131.65
0.397 0.007 131.69
0 0 131.72
0.395 0.008 131.75
0.392 0.004 131.79
0.39 0.003 131.82
0.394 0.003 131.85
0.391 0.005 131.89
0.387 0.005 131.92
0.386 0.003 131.95
0.387 0.004 131.99
0.382 0.008 132.02
0.378 0.006 132.05
0.377 0.007 132.09
0.372 0.007 132.12
0.368 0.007 132.15
0.367 0.007 132.18
0.362 0.006 132.22
0.358 0.007 132.25
0.353 0.007 132.28
0.352 0.006 132.32
0.349 0.006 132.35
0.349 0.005 132.38
0.352 0.003 132.42
0.352 0.004 132.45
0.352 0.003 132.49
0.355 0.003 132.52
0.356 0.005 132.55
0.355 0.003 132.58
0.358 0.003 132.62
0.356 0.002 132.65
0.356 0.002 132.68
0.355 0.002 132.72
0.364 0.003 132.75
0.364 0.001 132.79
0.365 0.002 132.82
0.37 0.001 132.85
0.371 0.002 132.89
0.372 0.001 132.92
0.379 0.004 132.95
0.382 0.005 132.99
0.389 0.01 133.02
0.401 0.012 133.05
0.403 0.011 133.09
0.415 0.02 133.12
0.425 0.017 133.15
0.44 0.016 133.19
0.46 0.028 133.22
0.473 0.018 133.25
0.495 0.022 133.28
0.515 0.023 133.32
0.534 0.021 133.35
0 0 133.38
0 0 133.42
0 0 133.45
0 0 133.48
0 0 133.52
0 0 133.55
0 0 133.58
0 0 133.62
0 0 133.65
0 0 133.68
0 0 133.72
0 0 133.75
0 0 133.78
0 0 133.82
0 0 133.85
0 0 133.88
0 0 133.92
0 0 133.95
0 0 133.98
0 0 134.02
0 0 134.05
0 0 134.08
0 0 134.12
0 0 134.15
0 0 134.18
0 0 134.22
0 0 134.25
0 0 134.28
0 0 134.32
0 0 134.35
0 0 134.38
0 0 134.42
0 0 134.45
0 0 134.48
0 0 134.52
0 0 134.55
0 0 134.58
0 0 134.62
0 0 134.65
0 0 134.68
0 0 134.72
0 0 134.75
0 0 134.78
0 0 134.82
0 0 134.85
0 0 134.88
0 0 134.92
0 0 134.95
0 0 134.98
0.579 0.014 135.02
0 0 135.05
0 0 135.08
0.514 0.073 135.12
0.495 0.022 135.15
0.476 0.023 135.18
0.462 0.017 135.22
0 0 135.25
0.446 0.023 135.28
0.442 0.007 135.32
0.442 0.005 135.35
0.442 0.003 135.38
0.443 0.002 135.42
0.443 0.003 135.45
0.443 0.003 135.49
0.442 0.002 135.52
0.442 0.002 135.55
0.44 0.002 135.58
0.438 0.003 135.62
0.435 0.003 135.65
0.432 0.004 135.68
0.429 0.004 135.72
0.426 0.004 135.75
0.423 0.004 135.78
0.42 0.003 135.82
0.418 0.003 135.85
0.417 0.001 135.88
0.418 0.001 135.92
0.42 0.002 135.95
0.421 0.001 135.99
0.421 0.001 136.02
0.421 0.0 136.05
0.419 0.003 136.08
0.419 0.001 136.12
0.418 0.004 136.15
0.417 0.001 136.18
0.417 0.001 136.22
0.417 0.001 136.25
0.418 0.001 136.28
0.418 0.001 136.32
0.419 0.001 136.35
0.418 0.002 136.38
0.419 0.001 136.42
0.42 0.001 136.45
0.42 0.001 136.49
0.421 0.002 136.52
0.423 0.002 136.55
0 0 136.58
0.425 0.004 136.62
0.426 0.003 136.65
0.426 0.002 136.68
0.425 0.002 136.72
0 0 136.75
0.423 0.006 136.78
0.421 0.003 136.82
0.42 0.001 136.85
0.419 0.001 136.88
0.418 0.002 136.92
0.417 0.002 136.95
0.418 0.002 136.99
0.419 0.002 137.02
0.419 0.001 137.05
0.419 0.001 137.08
0.418 0.003 137.12
0.418 0.001 137.15
0.418 0.0 137.18
0.418 0.001 137.22
0 0 137.25
0.418 0.003 137.28
0.418 0.001 137.32
0.418 0.001 137.35
0.414 0.003 137.38
0.413 0.002 137.42
0 0 137.45
0 0 137.48
0.409 0.004 137.52
0.409 0.001 137.55
0 0 137.58
0 0 137.62
0.405 0.003 137.65
0.404 0.001 137.69
0 0 137.72
0 0 137.75
0 0 137.78
0.396 0.008 137.82
0.394 0.002 137.85
0.391 0.003 137.89
0 0 137.92
0 0 137.95
0 0 137.99
0 0 138.01
0 0 138.05
0 0 138.08
0 0 138.12
0 0 138.15
0 0 138.18
0 0 138.22
0 0 138.25
0 0 138.28
0 0 138.32
0 0 138.35
0 0 138.38
0 0 138.42
0 0 138.45
0 0 138.48
0 0 138.52
0 0 138.55
0 0 138.58
0 0 138.62
0 0 138.65
0 0 138.68
0 0 138.72
0 0 138.75
0 0 138.78
0 0 138.82
0 0 138.85
0 0 138.88
0 0 138.92
0 0 138.95
0 0 138.98
0 0 139.02
0 0 139.05
0.327 0.059 139.08
0.327 0.004 139.12
0.327 0.003 139.15
0 0 139.18
0.328 0.004 139.22
0.329 0.002 139.25
0 0 139.28
0.329 0.001 139.32
0.329 0.001 139.35
0.329 0.001 139.38
0 0 139.41
0 0 139.45
0.328 0.006 139.48
0.328 0.005 139.52
0.329 0.003 139.55
0.328 0.003 139.58
0.328 0.004 139.62
0.329 0.003 139.65
0 0 139.68
0 0 139.71
0.328 0.003 139.75
0.328 0.001 139.78
0.328 0.001 139.82
0.329 0.002 139.85
0.33 0.001 139.88
0.33 0.001 139.92
0.329 0.003 139.95
0.329 0.003 139.98
0.33 0.007 140.02
0.336 0.012 140.05
0.345 0.016 140.08
0.361 0.022 140.12
0.38 0.026 140.15
0.394 0.026 140.18
0.418 0.028 140.22
0 0 140.25
0.472 0.059 140.28
0.499 0.028 140.32
0 0 140.35
0 0 140.38
0.605 0.109 140.42
0 0 140.45
0 0 140.48
0.646 0.044 140.52
0 0 140.55
0 0 140.58
0 0 140.61
0 0 140.65
0 0 140.68
0 0 140.71
0 0 140.75
0 0 140.78
0 0 140.81
0 0 140.85
0 0 140.88
0 0 140.91
0 0 140.95
0 0 140.98
0 0 141.01
0 0 141.05
0 0 141.08
0 0 141.11
0 0 141.15
0 0 141.18
0 0 141.21
0 0 141.25
0 0 141.28
0 0 141.31
0 0 141.35
0 0 141.38
0 0 141.41
0 0 141.45
0 0 141.48
0 0 141.51
0 0 141.55
0 0 141.58
0 0 141.61
0 0 141.65
0 0 141.68
0 0 141.71
0 0 141.75
0 0 141.78
0 0 141.82
0 0 141.85
0 0 141.88
0 0 141.91
0 0 141.95
0 0 141.98
0 0 142.01
0 0 142.05
0 0 142.08
0 0 142.11
0 0 142.15
0 0 142.18
0 0 142.22
0 0 142.25
0 0 142.28
0 0 142.31
0 0 142.35
0 0 142.38
0 0 142.41
0 0 142.45
0 0 142.48
0 0 142.51
0 0 142.55
0 0 142.58
0 0 142.61
0 0 142.65
0 0 142.68
0 0 142.71
0 0 142.75
0 0 142.78
0 0 142.82
0 0 142.85
0 0 142.88
0 0 142.91
0 0 142.95
0 0 142.98
0.6 0.028 143.02
0.593 0.009 143.05
0 0 143.08
0 0 143.11
0.59 0.004 143.15
0.587 0.003 143.18
0 0 143.22
0 0 143.25
0 0 143.28
0 0 143.32
0 0 143.35
0 0 143.38
0 0 143.41
0 0 143.45
0 0 143.48
0 0 143.51
0 0 143.55
0 0 143.58
0 0 143.61
0 0 143.65
0 0 143.68
0 0 143.72
0 0 143.75
0 0 143.78
0 0 143.81
0 0 143.85
0 0 143.88
0 0 143.91
0 0 143.95
0 0 143.98
0 0 144.02
0 0 144.05
0 0 144.08
0 0 144.11
0 0 144.15
0 0 144.18
0 0 144.21
0 0 144.25
0 0 144.28
0 0 144.32
0 0 144.35
0 0 144.38
0 0 144.41
0 0 144.45
0 0 144.48
0 0 144.51
0 0 144.55
0 0 144.58
0 0 144.61
0 0 144.65
0 0 144.68
0 0 144.71
0 0 144.75
0 0 144.78
0 0 144.82
0 0 144.85
0 0 144.88
0 0 144.92
0 0 144.95
0 0 144.98
0 0 145.01
0 0 145.05
0 0 145.08
0 0 145.11
0 0 145.15
0 0 145.18
0 0 145.22
0 0 145.25
0 0 145.28
0 0 145.32
0 0 145.35
0 0 145.38
0 0 145.41
0 0 145.45
0 0 145.48
0 0 145.51
0 0 145.55
0 0 145.58
0 0 145.61
0 0 145.65
0 0 145.68
0 0 145.71
0 0 145.75
0 0 145.78
0 0 145.82
0 0 145.85
0 0 145.88
0 0 145.91
0 0 145.95
0 0 145.98
0 0 146.01
0 0 146.05
0 0 146.08
0 0 146.12
0 0 146.15
0 0 146.18
0 0 146.22
0 0 146.25
0 0 146.28
0 0 146.32
0 0 146.35
0 0 146.38
0 0 146.41
0 0 146.45
0 0 146.48
0 0 146.51
0 0 146.55
0 0 146.58
0 0 146.61
0 0 146.65
0 0 146.68
0 0 146.71
0 0 146.75
0 0 146.78
0 0 146.82
0 0 146.85
0 0 146.88
0 0 146.91
0 0 146.95
0 0 146.98
0 0 147.01
0 0 147.05
0 0 147.08
0 0 147.11
0 0 147.15
0 0 147.18
0 0 147.21
0 0 147.25
0 0 147.28
0 0 147.32
0 0 147.35
0 0 147.38
0 0 147.42
0 0 147.45
0 0 147.48
0 0 147.51
0 0 147.55
0 0 147.58
0 0 147.61
0 0 147.65
0 0 147.68
0 0 147.71
0 0 147.75
0 0 147.78
0 0 147.82
0 0 147.85
0 0 147.88
0 0 147.91
0 0 147.95
0 0 147.98
0 0 148.01
0 0 148.05
0 0 148.08
0 0 148.11
0 0 148.15
0 0 148.18
0 0 148.21
0 0 148.25
0 0 148.28
0 0 148.32
0 0 148.35
0 0 148.38
0 0 148.41
0 0 148.45
0 0 148.48
0 0 148.51
0 0 148.55
0 0 148.58
0 0 148.61
0 0 148.65
0 0 148.68
0 0 148.71
0 0 148.75
0 0 148.78
0 0 148.82
0 0 148.85
0 0 148.88
0 0 148.91
0 0 148.95
0 0 148.98
0 0 149.01
0 0 149.05
0 0 149.08
0 0 149.11
0 0 149.15
0 0 149.18
0 0 149.21
0 0 149.25
0 0 149.28
0 0 149.31
0 0 149.35
0 0 149.38
0 0 149.41
0 0 149.45
0 0 149.48
0 0 149.51
0 0 149.55
0 0 149.58
0 0 149.61
0 0 149.65
0 0 149.68
0 0 149.71
0 0 149.75
0 0 149.78
0 0 149.81
0 0 149.85
0 0 149.88
0 0 149.91
0 0 149.95
0 0 149.98
0 0 150.01
0 0 150.05
0 0 150.08
0 0 150.11
0 0 150.15
0 0 150.18
0 0 150.21
0 0 150.25
0.532 0.041 150.28
0 0 150.31
0 0 150.35
0.509 0.031 150.38
0.494 0.017 150.41
0.48 0.016 150.45
0.474 0.014 150.49
0.461 0.015 150.52
0.451 0.013 150.55
0.448 0.011 150.58
0.441 0.009 150.62
0.432 0.01 150.65
0.437 0.007 150.68
0 0 150.71
0.421 0.019 150.75
0.413 0.01 150.78
0.414 0.009 150.82
0.403 0.013 150.85
0.396 0.01 150.88
0.393 0.011 150.91
0.387 0.008 150.95
0.381 0.009 150.99
0.377 0.007 151.02
0.375 0.01 151.05
0.369 0.008 151.08
0.367 0.006 151.12
0.368 0.006 151.15
0.364 0.006 151.18
0.363 0.005 151.22
0.365 0.004 151.25
0.363 0.003 151.28
0.363 0.003 151.32
0.362 0.002 151.35
0.364 0.003 151.38
0.362 0.003 151.41
0.36 0.004 151.45
0.359 0.006 151.48
0.356 0.004 151.52
0.352 0.005 151.55
0.351 0.005 151.58
0.345 0.005 151.61
0.34 0.006 151.65
0.342 0.006 151.68
0 0 151.71
0.334 0.011 151.75
0.332 0.005 151.78
0 0 151.81
0 0 151.85
0 0 151.88
0 0 151.91
0 0 151.95
0.342 0.008 151.98
0.35 0.009 152.02
0.356 0.012 152.05
0.363 0.014 152.08
0.37 0.014 152.12
0.383 0.014 152.15
0.394 0.015 152.18
0.405 0.015 152.22
0 0 152.25
0.438 0.037 152.28
0.455 0.02 152.32
0.479 0.025 152.35
0.503 0.026 152.38
0 0 152.42
0 0 152.45
0 0 152.48
0 0 152.52
0 0 152.55
0 0 152.58
0 0 152.61
0 0 152.65
0 0 152.68
0 0 152.71
0 0 152.74
0 0 152.78
0 0 152.82
0 0 152.85
0 0 152.88
0 0 152.91
0 0 152.95
0 0 152.98
0 0 153.01
0 0 153.04
0 0 153.08
0 0 153.11
0 0 153.15
0 0 153.18
0 0 153.21
0 0 153.24
0 0 153.28
0 0 153.31
0 0 153.35
0 0 153.38
0 0 153.41
0 0 153.45
0 0 153.48
0 0 153.51
0 0 153.55
0 0 153.58
0 0 153.61
0 0 153.65
0 0 153.68
0 0 153.71
0 0 153.75
0 0 153.78
0 0 153.81
0 0 153.85
0 0 153.88
0 0 153.91
0 0 153.95
0 0 153.98
0 0 154.01
0 0 154.05
0 0 154.08
0 0 154.11
0 0 154.15
0 0 154.18
0 0 154.21
0 0 154.25
0 0 154.28
0 0 154.31
0 0 154.35
0 0 154.38
0 0 154.41
0 0 154.45
0 0 154.48
0 0 154.51
0 0 154.55
0 0 154.58
0 0 154.61
0 0 154.65
0 0 154.68
0 0 154.71
0 0 154.75
