0 0 74.53
0 0 74.56
0 0 74.6
0 0 74.63
0 0 74.66
0 0 74.7
0 0 74.73
0 0 74.76
0 0 74.8
0 0 74.83
0 0 74.86
0 0 74.9
0 0 74.93
0 0 74.96
0 0 75.0
0 0 75.03
0 0 75.06
0 0 75.1
0 0 75.13
0 0 75.17
0 0 75.2
0 0 75.23
0 0 75.26
0 0 75.29
0 0 75.33
0 0 75.36
0 0 75.4
0 0 75.43
0 0 75.46
0 0 75.5
0 0 75.53
0 0 75.56
0 0 75.6
0 0 75.63
0 0 75.66
0 0 75.7
0 0 75.73
0 0 75.76
0 0 75.8
0 0 75.83
0 0 75.86
0 0 75.9
0 0 75.93
0 0 75.96
0 0 76.0
0 0 76.03
0 0 76.06
0 0 76.1
0 0 76.13
0 0 76.17
0 0 76.19
0 0 76.23
0 0 76.26
0 0 76.3
0 0 76.33
0 0 76.36
0 0 76.4
0 0 76.43
0 0 76.46
0 0 76.5
0 0 76.53
0 0 76.56
0 0 76.6
0 0 76.63
0 0 76.66
0 0 76.7
0 0 76.73
0 0 76.76
0 0 76.8
0 0 76.83
0 0 76.86
0 0 76.9
0 0 76.93
0 0 76.96
0 0 77.0
0 0 77.03
0 0 77.06
0 0 77.1
0 0 77.13
0 0 77.16
0 0 77.19
0 0 77.23
0 0 77.26
0 0 77.3
0 0 77.33
0 0 77.36
0 0 77.39
0 0 77.43
0 0 77.46
0 0 77.5
0 0 77.53
0 0 77.56
0 0 77.6
0 0 77.63
0 0 77.66
0 0 77.69
0 0 77.73
0 0 77.76
0 0 77.8
0 0 77.83
0 0 77.86
0 0 77.9
0 0 77.93
0 0 77.96
0 0 78.0
0 0 78.03
0 0 78.07
0 0 78.1
0 0 78.13
0 0 78.16
0 0 78.2
0 0 78.23
0 0 78.26
0 0 78.3
0 0 78.33
0 0 78.36
0 0 78.4
0 0 78.43
0 0 78.46
0 0 78.5
0 0 78.53
0 0 78.56
0 0 78.6
0 0 78.63
0 0 78.67
0 0 78.7
0 0 78.73
0 0 78.76
0 0 78.79
0 0 78.83
0 0 78.86
0 0 78.9
0 0 78.93
0 0 78.96
0 0 79.0
0 0 79.03
0 0 79.06
0 0 79.09
0 0 79.13
0 0 79.16
0 0 79.2
0 0 79.23
0 0 79.26
0 0 79.3
0 0 79.33
0 0 79.36
0 0 79.4
0 0 79.43
0 0 79.46
0 0 79.5
0 0 79.53
0 0 79.56
0 0 79.6
0 0 79.63
0 0 79.67
0 0 79.7
0 0 79.73
0 0 79.76
0 0 79.8
0 0 79.83
0 0 79.86
0 0 79.9
0 0 79.93
0 0 79.96
0 0 80.0
0 0 80.03
0 0 80.06
0 0 80.1
0 0 80.13
0 0 80.16
0 0 80.2
0 0 80.23
0 0 80.26
0 0 80.3
0 0 80.33
0 0 80.36
0 0 80.4
0 0 80.43
0 0 80.46
0 0 80.5
0 0 80.53
0 0 80.56
0 0 80.6
0 0 80.63
0 0 80.66
0 0 80.7
0 0 80.73
0 0 80.76
0 0 80.8
0 0 80.83
0 0 80.86
0 0 80.9
0 0 80.93
0 0 80.96
0 0 81.0
0 0 81.03
0 0 81.06
0 0 81.09
0 0 81.13
0 0 81.16
0 0 81.2
0 0 81.23
0 0 81.26
0 0 81.3
0 0 81.33
0 0 81.36
0 0 81.4
0 0 81.43
0 0 81.46
0 0 81.5
0 0 81.53
0 0 81.56
0 0 81.6
0 0 81.63
0 0 81.66
0 0 81.7
0 0 81.73
0 0 81.76
0 0 81.8
0 0 81.83
0 0 81.86
0 0 81.9
0 0 81.93
0 0 81.96
0 0 82.0
0 0 82.03
0 0 82.06
0 0 82.1
0 0 82.13
0 0 82.16
0 0 82.2
0 0 82.23
0 0 82.26
0 0 82.3
0 0 82.33
0 0 82.36
0 0 82.4
0 0 82.43
0 0 82.46
0 0 82.5
0 0 82.53
0 0 82.56
0 0 82.6
0 0 82.63
0 0 82.66
0 0 82.7
0 0 82.73
0 0 82.76
0 0 82.8
0 0 82.83
0 0 82.86
0 0 82.9
0 0 82.93
0 0 82.96
0 0 83.0
0 0 83.03
0 0 83.06
0 0 83.1
0 0 83.13
0 0 83.16
0 0 83.2
0 0 83.23
0 0 83.26
0 0 83.29
0 0 83.33
0 0 83.36
0 0 83.39
0 0 83.43
0 0 83.46
0 0 83.5
0 0 83.53
0 0 83.56
0 0 83.59
0 0 83.63
0 0 83.66
0 0 83.7
0 0 83.73
0 0 83.76
0 0 83.8
0 0 83.83
0 0 83.86
0 0 83.9
0 0 83.93
0 0 83.96
0 0 84.0
0 0 84.03
0 0 84.06
0 0 84.1
0 0 84.13
0 0 84.16
0 0 84.2
0 0 84.23
0 0 84.26
0 0 84.3
0 0 84.33
0 0 84.36
0 0 84.39
0 0 84.43
0 0 84.46
0 0 84.5
0 0 84.53
0 0 84.56
0 0 84.6
0 0 84.63
0 0 84.66
0 0 84.69
0 0 84.73
0 0 84.76
0 0 84.8
0 0 84.83
0 0 84.86
0 0 84.89
0 0 84.93
0 0 84.96
0 0 84.99
0 0 85.03
0 0 85.06
0 0 85.09
0 0 85.13
0 0 85.16
0 0 85.19
0 0 85.23
0 0 85.26
0 0 85.29
0 0 85.33
0 0 85.36
0 0 85.39
0 0 85.43
0 0 85.46
0 0 85.5
0 0 85.53
0 0 85.56
0 0 85.59
0 0 85.63
0 0 85.66
0 0 85.69
0 0 85.73
0 0 85.76
0 0 85.79
0 0 85.83
0 0 85.86
0 0 85.89
0 0 85.93
0 0 85.96
0 0 86.0
0 0 86.03
0 0 86.06
0 0 86.09
0 0 86.13
0 0 86.16
0 0 86.19
0 0 86.23
0 0 86.26
0 0 86.29
0 0 86.33
0 0 86.36
0 0 86.39
0 0 86.43
0 0 86.46
0 0 86.49
0 0 86.53
0 0 86.56
0 0 86.59
0 0 86.63
0 0 86.66
0 0 86.7
0 0 86.73
0 0 86.76
0 0 86.79
0 0 86.83
0 0 86.86
0 0 86.89
0 0 86.93
0 0 86.96
0 0 87.0
0 0 87.03
0 0 87.06
0 0 87.09
0 0 87.13
0 0 87.16
0 0 87.2
0 0 87.23
0 0 87.26
0 0 87.3
0 0 87.33
0 0 87.36
0 0 87.4
0 0 87.43
0 0 87.46
0 0 87.5
0 0 87.53
0 0 87.56
0 0 87.59
0 0 87.63
0 0 87.66
0 0 87.69
0 0 87.73
0 0 87.76
0 0 87.79
0 0 87.83
0 0 87.86
0 0 87.89
0 0 87.93
0 0 87.96
0 0 88.0
0 0 88.03
0 0 88.06
0 0 88.09
0 0 88.13
0 0 88.16
0 0 88.19
0 0 88.23
0 0 88.26
0 0 88.29
0 0 88.33
0 0 88.36
0 0 88.39
0 0 88.43
0 0 88.46
0 0 88.5
0 0 88.53
0 0 88.56
0 0 88.59
0 0 88.63
0 0 88.66
0 0 88.69
0 0 88.73
0 0 88.76
0 0 88.79
0 0 88.83
0 0 88.86
0 0 88.89
0 0 88.93
0 0 88.96
0 0 89.0
0 0 89.03
0 0 89.06
0 0 89.09
0 0 89.13
0 0 89.16
0 0 89.19
0 0 89.23
0 0 89.26
0.469 0.106 89.29
0 0 89.33
0 0 89.36
0 0 89.39
0 0 89.43
0 0 89.46
0.444 0.041 89.5
0 0 89.53
0.431 0.024 89.56
0 0 89.59
0.419 0.019 89.63
0 0 89.66
0.411 0.02 89.69
0.412 0.008 89.73
0.414 0.007 89.76
0.41 0.008 89.8
0 0 89.83
0.408 0.018 89.86
0.401 0.009 89.9
0.395 0.008 89.93
0.388 0.011 89.96
0.388 0.008 90.0
0.379 0.012 90.03
0.374 0.008 90.06
0.374 0.007 90.1
0 0 90.13
0.367 0.015 90.16
0.369 0.005 90.19
0.367 0.005 90.23
0.365 0.005 90.26
0.368 0.004 90.29
0.366 0.004 90.33
0.365 0.004 90.36
0.364 0.004 90.4
0.367 0.003 90.43
0.365 0.002 90.46
0.365 0.003 90.5
0.366 0.002 90.53
0.365 0.003 90.56
0.363 0.003 90.59
0.366 0.002 90.63
0 0 90.66
0.363 0.004 90.7
0.366 0.002 90.73
0.365 0.001 90.76
0.364 0.001 90.79
0.364 0.001 90.83
0.366 0.001 90.86
0.365 0.001 90.9
0.364 0.001 90.93
0.367 0.001 90.96
0.366 0.001 91.0
0.367 0.001 91.03
0.369 0.001 91.06
0.369 0.001 91.1
0 0 91.13
0.373 0.002 91.16
0.374 0.001 91.19
0.373 0.001 91.23
0.373 0.001 91.26
0.375 0.001 91.29
0.375 0.002 91.33
0.376 0.001 91.36
0.379 0.002 91.39
0.38 0.001 91.43
0.38 0.001 91.46
0.382 0.001 91.5
0.381 0.002 91.53
0.38 0.002 91.56
0.38 0.002 91.59
0.378 0.002 91.63
0.377 0.002 91.66
0 0 91.69
0.377 0.003 91.73
0.377 0.001 91.76
0.378 0.001 91.79
0.379 0.001 91.83
0.377 0.002 91.86
0.376 0.002 91.9
0.375 0.002 91.93
0.374 0.002 91.96
0.373 0.004 92.0
0.374 0.001 92.03
0.375 0.001 92.06
0.375 0.001 92.09
0.376 0.002 92.13
0.378 0.002 92.16
0.378 0.0 92.2
0.378 0.0 92.23
0.378 0.001 92.26
0.378 0.001 92.3
0 0 92.33
0.375 0.003 92.36
0.372 0.003 92.4
0.369 0.004 92.43
0 0 92.46
0 0 92.49
0.354 0.021 92.53
0.351 0.006 92.56
0.35 0.006 92.6
0.348 0.002 92.63
0 0 92.66
0.346 0.007 92.7
0 0 92.73
0 0 92.76
0.353 0.008 92.8
0.355 0.004 92.83
0.357 0.004 92.86
0.359 0.005 92.9
0.362 0.007 92.93
0.365 0.007 92.96
0.369 0.007 93.0
0.372 0.007 93.03
0.379 0.009 93.06
0.383 0.006 93.1
0.389 0.008 93.13
0.394 0.007 93.16
0.4 0.008 93.2
0.406 0.009 93.23
0.415 0.012 93.26
0.425 0.013 93.29
0.437 0.016 93.33
0.452 0.018 93.36
0.469 0.02 93.4
0.486 0.02 93.43
0.507 0.023 93.46
0.521 0.018 93.5
0 0 93.53
0 0 93.56
0 0 93.59
0 0 93.63
0 0 93.66
0 0 93.69
0 0 93.73
0 0 93.76
0 0 93.79
0 0 93.83
0 0 93.86
0 0 93.89
0 0 93.93
0 0 93.96
0 0 93.99
0 0 94.03
0 0 94.06
0 0 94.09
0 0 94.13
0 0 94.16
0 0 94.19
0 0 94.23
0 0 94.26
0 0 94.29
0 0 94.33
0 0 94.36
0 0 94.39
0 0 94.43
0 0 94.46
0 0 94.49
0 0 94.53
0 0 94.56
0 0 94.59
0 0 94.63
0 0 94.66
0 0 94.69
0 0 94.73
0 0 94.76
0 0 94.79
0 0 94.83
0 0 94.86
0 0 94.89
0 0 94.93
0 0 94.96
0 0 94.99
0 0 95.03
0 0 95.06
0 0 95.09
0 0 95.13
0 0 95.16
0 0 95.19
0 0 95.23
0 0 95.26
0 0 95.29
0 0 95.33
0 0 95.36
0 0 95.39
0 0 95.43
0 0 95.46
0 0 95.5
0 0 95.53
0 0 95.56
0 0 95.59
0 0 95.63
0 0 95.66
0 0 95.69
0 0 95.73
0 0 95.76
0 0 95.79
0 0 95.83
0 0 95.86
0 0 95.89
0 0 95.93
0 0 95.96
0 0 95.99
0 0 96.03
0 0 96.06
0 0 96.09
0 0 96.13
0 0 96.16
0 0 96.19
0 0 96.23
0 0 96.26
0 0 96.29
0 0 96.33
0 0 96.36
0 0 96.39
0 0 96.43
0 0 96.46
0 0 96.49
0 0 96.52
0 0 96.56
0 0 96.59
0 0 96.63
0 0 96.66
0 0 96.69
0 0 96.73
0 0 96.76
0 0 96.79
0 0 96.83
0 0 96.86
0 0 96.89
0 0 96.93
0 0 96.96
0.483 0.038 97.0
0 0 97.03
0.459 0.029 97.06
0.447 0.014 97.09
0 0 97.13
0.427 0.027 97.16
0.421 0.012 97.19
0.415 0.01 97.23
0.41 0.009 97.26
0.408 0.008 97.29
0.407 0.007 97.33
0.405 0.005 97.36
0.407 0.008 97.39
0.403 0.008 97.43
0.402 0.004 97.46
0.399 0.004 97.5
0.398 0.004 97.53
0.396 0.003 97.56
0.391 0.006 97.59
0.389 0.003 97.63
0.386 0.005 97.66
0.383 0.004 97.7
0.381 0.003 97.73
0.381 0.003 97.76
0.38 0.002 97.79
0.377 0.003 97.83
0.377 0.001 97.86
0.375 0.002 97.9
0.376 0.002 97.93
0.375 0.002 97.96
0.375 0.004 98.0
0.371 0.004 98.03
0.369 0.002 98.06
0.368 0.002 98.09
0.366 0.002 98.13
0.364 0.003 98.16
0.363 0.003 98.19
0.361 0.004 98.23
0.359 0.004 98.26
0.357 0.005 98.29
0.354 0.003 98.33
0 0 98.36
0 0 98.39
0 0 98.43
0.352 0.004 98.46
0.352 0.001 98.49
0 0 98.53
0 0 98.56
0.354 0.003 98.59
0.355 0.002 98.63
0.358 0.003 98.66
0.36 0.003 98.69
0.362 0.002 98.73
0.362 0.002 98.76
0.364 0.002 98.79
0.365 0.003 98.83
0.367 0.003 98.86
0.37 0.003 98.89
0.37 0.003 98.93
0.37 0.002 98.96
0.373 0.002 99.0
0.373 0.003 99.03
0.372 0.004 99.06
0.374 0.004 99.09
0.376 0.005 99.13
0.378 0.005 99.16
0.379 0.005 99.19
0.382 0.005 99.23
0.384 0.005 99.26
0.385 0.005 99.29
0.389 0.006 99.33
0.391 0.007 99.36
0.393 0.007 99.39
0.398 0.008 99.43
0.405 0.01 99.46
0.405 0.011 99.49
0.414 0.012 99.53
0.426 0.014 99.56
0.434 0.014 99.59
0.448 0.018 99.63
0 0 99.66
0 0 99.69
0 0 99.73
0 0 99.76
0 0 99.79
0 0 99.83
0 0 99.86
0 0 99.89
0 0 99.93
0 0 99.96
0 0 99.99
0 0 100.02
0 0 100.06
0 0 100.09
0 0 100.13
0 0 100.16
0 0 100.19
0 0 100.23
0 0 100.26
0 0 100.29
0 0 100.33
0 0 100.36
0 0 100.39
0 0 100.42
0 0 100.46
0 0 100.49
0 0 100.53
0 0 100.56
0 0 100.59
0 0 100.63
0 0 100.66
0 0 100.69
0 0 100.73
0 0 100.76
0 0 100.79
0 0 100.83
0 0 100.86
0 0 100.89
0 0 100.93
0 0 100.96
0 0 100.99
0 0 101.03
0 0 101.06
0 0 101.09
0 0 101.12
0 0 101.16
0 0 101.19
0 0 101.22
0 0 101.26
0 0 101.29
0 0 101.33
0 0 101.36
0 0 101.39
0 0 101.42
0 0 101.46
0 0 101.49
0 0 101.52
0 0 101.56
0 0 101.59
0 0 101.62
0 0 101.66
0 0 101.69
0 0 101.73
0 0 101.76
0 0 101.79
0 0 101.83
0 0 101.86
0 0 101.89
0 0 101.93
0 0 101.96
0 0 101.99
0 0 102.03
0 0 102.06
0 0 102.09
0 0 102.12
0 0 102.16
0 0 102.19
0 0 102.23
0 0 102.26
0 0 102.29
0 0 102.33
0 0 102.36
0 0 102.39
0 0 102.43
0 0 102.46
0 0 102.49
0 0 102.53
0 0 102.56
0 0 102.59
0 0 102.62
0 0 102.66
0 0 102.69
0 0 102.73
0 0 102.76
0 0 102.79
0 0 102.83
0 0 102.86
0 0 102.89
0 0 102.93
0 0 102.96
0 0 102.99
0 0 103.03
0 0 103.06
0 0 103.09
0 0 103.12
0 0 103.16
0 0 103.19
0 0 103.23
0 0 103.26
0 0 103.29
0 0 103.33
0 0 103.36
0 0 103.39
0 0 103.42
0 0 103.46
0 0 103.49
0 0 103.53
0 0 103.56
0 0 103.59
0 0 103.63
0 0 103.66
0 0 103.69
0 0 103.73
0 0 103.76
0 0 103.79
0 0 103.83
0 0 103.86
0 0 103.89
0 0 103.93
0 0 103.96
0 0 103.99
0 0 104.02
0 0 104.06
0 0 104.09
0 0 104.12
0 0 104.16
0 0 104.19
0 0 104.23
0 0 104.26
0 0 104.29
0 0 104.33
0 0 104.36
0 0 104.39
0 0 104.42
0 0 104.46
0 0 104.49
0 0 104.53
0 0 104.56
0 0 104.59
0 0 104.62
0 0 104.66
0 0 104.69
0 0 104.73
0 0 104.76
0 0 104.79
0 0 104.83
0 0 104.86
0 0 104.89
0 0 104.92
0 0 104.96
0 0 104.99
0 0 105.02
0 0 105.06
0 0 105.09
0 0 105.13
0 0 105.16
0 0 105.19
0 0 105.22
0 0 105.26
0 0 105.29
0 0 105.33
0 0 105.36
0 0 105.39
0 0 105.42
0 0 105.46
0 0 105.49
0 0 105.52
0 0 105.56
0 0 105.59
0 0 105.62
0 0 105.66
0 0 105.69
0 0 105.72
0 0 105.76
0 0 105.79
0 0 105.83
0 0 105.86
0 0 105.89
0 0 105.92
0 0 105.96
0 0 105.99
0 0 106.02
0 0 106.06
0 0 106.09
0 0 106.12
0 0 106.16
0 0 106.19
0 0 106.22
0 0 106.26
0 0 106.29
0 0 106.33
0 0 106.36
0 0 106.39
0 0 106.42
0 0 106.46
0 0 106.49
0 0 106.52
0 0 106.56
0 0 106.59
0 0 106.62
0 0 106.66
0 0 106.69
0 0 106.72
0 0 106.76
0 0 106.79
0 0 106.83
0 0 106.86
0 0 106.89
0 0 106.92
0 0 106.96
0 0 106.99
0 0 107.02
0 0 107.06
0 0 107.09
0 0 107.12
0 0 107.16
0 0 107.19
0.447 0.081 107.23
0.44 0.008 107.26
0.438 0.01 107.29
0.435 0.004 107.33
0.429 0.007 107.36
0.428 0.01 107.39
0.421 0.009 107.43
0 0 107.46
0.413 0.013 107.49
0.412 0.009 107.52
0.408 0.006 107.56
0 0 107.59
0.405 0.013 107.63
0.401 0.007 107.66
0.397 0.005 107.69
0.399 0.005 107.73
0.394 0.007 107.76
0.391 0.005 107.79
0.392 0.005 107.83
0.39 0.004 107.86
0.389 0.004 107.89
0.387 0.005 107.93
0.395 0.005 107.96
0.395 0.006 107.99
0.393 0.005 108.03
0.394 0.009 108.06
0.393 0.005 108.09
0.39 0.005 108.13
0.395 0.005 108.16
0.393 0.005 108.19
0.392 0.006 108.23
0.395 0.005 108.26
0.394 0.006 108.29
0.394 0.006 108.33
0.396 0.006 108.36
0.394 0.006 108.39
0.392 0.006 108.42
0.39 0.006 108.46
0.392 0.006 108.49
0.388 0.006 108.53
0.386 0.006 108.56
0.388 0.005 108.59
0.386 0.004 108.62
0.385 0.004 108.66
0.387 0.003 108.69
0.386 0.003 108.73
0.386 0.003 108.76
0.385 0.003 108.79
0.388 0.003 108.83
0.387 0.002 108.86
0.387 0.003 108.89
0.389 0.002 108.93
0.386 0.003 108.96
0.384 0.003 108.99
0.386 0.002 109.03
0.385 0.003 109.06
0.383 0.002 109.09
0.385 0.002 109.12
0.384 0.002 109.16
0.383 0.001 109.19
0.39 0.002 109.23
0.391 0.003 109.26
0.393 0.003 109.29
0.393 0.001 109.33
0.395 0.003 109.36
0.392 0.003 109.39
0.39 0.003 109.43
0.39 0.003 109.46
0.388 0.002 109.49
0.386 0.002 109.53
0.385 0.003 109.56
0.382 0.004 109.59
0.379 0.003 109.63
0.377 0.003 109.66
0.376 0.002 109.69
0.375 0.001 109.73
0.375 0.001 109.76
0.376 0.003 109.79
0.376 0.002 109.83
0.377 0.001 109.86
0.378 0.001 109.89
0.378 0.002 109.93
0.378 0.002 109.96
0.379 0.001 109.99
0.378 0.001 110.02
0.378 0.001 110.06
0.38 0.002 110.09
0.38 0.001 110.13
0.379 0.003 110.16
0.378 0.001 110.19
0.378 0.002 110.23
0.379 0.002 110.26
0.38 0.002 110.29
0.38 0.003 110.33
0.38 0.004 110.36
0.38 0.003 110.39
0.38 0.004 110.43
0.38 0.003 110.46
0.38 0.003 110.49
0.38 0.003 110.52
0.378 0.004 110.56
0.376 0.004 110.59
0.374 0.003 110.62
0.372 0.003 110.66
0.371 0.002 110.69
0.371 0.001 110.73
0.369 0.003 110.76
0.37 0.002 110.79
0.371 0.002 110.83
0.372 0.003 110.86
0.373 0.005 110.89
0.376 0.004 110.92
0.378 0.006 110.96
0.381 0.008 110.99
0 0 111.02
0.393 0.019 111.06
0.399 0.012 111.09
0.411 0.016 111.12
0.423 0.017 111.16
0.435 0.017 111.19
0.45 0.019 111.23
0.466 0.02 111.26
0.484 0.021 111.29
0.502 0.02 111.33
0 0 111.36
0 0 111.39
0 0 111.42
0 0 111.46
0 0 111.49
0 0 111.52
0 0 111.56
0 0 111.59
0 0 111.62
0 0 111.66
0 0 111.69
0 0 111.72
0 0 111.76
0 0 111.79
0 0 111.82
0 0 111.86
0 0 111.89
0 0 111.92
0 0 111.96
0 0 111.99
0 0 112.02
0 0 112.06
0 0 112.09
0 0 112.12
0 0 112.16
0 0 112.19
0 0 112.22
0 0 112.26
0 0 112.29
0 0 112.32
0 0 112.36
0 0 112.39
0 0 112.42
0 0 112.46
0 0 112.49
0 0 112.52
0 0 112.56
0 0 112.59
0 0 112.62
0 0 112.66
0 0 112.69
0 0 112.72
0 0 112.76
0 0 112.79
0 0 112.82
0 0 112.86
0 0 112.89
0 0 112.92
0 0 112.96
0 0 112.99
0 0 113.02
0 0 113.05
0 0 113.09
0 0 113.12
0 0 113.16
0 0 113.19
0 0 113.22
0 0 113.25
0 0 113.29
0 0 113.32
0 0 113.36
0 0 113.39
0 0 113.42
0 0 113.46
0 0 113.49
0 0 113.52
0 0 113.56
0 0 113.59
0 0 113.62
0 0 113.66
0 0 113.69
0 0 113.72
0 0 113.76
0 0 113.79
0 0 113.82
0 0 113.86
0 0 113.89
0 0 113.92
0.49 0.028 113.96
0.473 0.019 113.99
0.459 0.017 114.03
0.446 0.016 114.06
0.435 0.014 114.09
0.426 0.014 114.12
0.417 0.013 114.16
0.409 0.012 114.19
0.402 0.011 114.22
0.396 0.01 114.26
0.39 0.01 114.29
0.386 0.009 114.33
0.382 0.008 114.36
0.381 0.007 114.39
0.38 0.006 114.43
0.38 0.005 114.46
0.38 0.004 114.49
0.381 0.004 114.52
0.381 0.002 114.56
0.382 0.002 114.59
0.383 0.003 114.62
0.384 0.002 114.66
0.385 0.002 114.69
0.386 0.001 114.72
0.385 0.001 114.76
0.384 0.002 114.79
0.385 0.002 114.83
0.384 0.003 114.86
0.383 0.001 114.89
0.382 0.002 114.92
0.381 0.002 114.96
0.379 0.002 114.99
0.378 0.002 115.02
0.376 0.003 115.06
0.373 0.003 115.09
0.37 0.004 115.12
0.367 0.004 115.16
0.363 0.005 115.19
0.36 0.004 115.22
0.359 0.004 115.26
0.358 0.004 115.29
0 0 115.32
0.357 0.002 115.36
0.357 0.002 115.39
0.356 0.004 115.42
0.356 0.002 115.46
0.358 0.003 115.49
0.361 0.003 115.52
0.364 0.003 115.56
0.367 0.003 115.59
0.369 0.004 115.62
0.372 0.003 115.66
0.375 0.003 115.69
0.377 0.002 115.72
0.378 0.003 115.76
0.379 0.001 115.79
0.379 0.001 115.82
0.378 0.002 115.86
0.379 0.0 115.89
0.38 0.001 115.92
0.382 0.002 115.96
0.383 0.001 115.99
0.383 0.001 116.02
0.382 0.001 116.06
0.381 0.001 116.09
0.38 0.002 116.12
0.378 0.002 116.16
0.374 0.004 116.19
0.372 0.004 116.22
0.369 0.005 116.26
0.366 0.006 116.29
0.363 0.004 116.32
0 0 116.36
0 0 116.39
0 0 116.42
0.357 0.014 116.46
0 0 116.49
0 0 116.52
0 0 116.56
0.354 0.004 116.59
0.355 0.002 116.62
0.356 0.003 116.66
0.358 0.006 116.69
0.361 0.006 116.72
0.364 0.005 116.76
0.367 0.006 116.79
0.369 0.005 116.83
0.371 0.005 116.86
0 0 116.89
0 0 116.92
0.381 0.012 116.96
0.384 0.003 116.99
0.384 0.004 117.02
0.386 0.002 117.06
0.387 0.002 117.09
0.388 0.001 117.12
0.387 0.002 117.16
0.387 0.0 117.19
0.387 0.001 117.22
0.385 0.002 117.26
0.383 0.003 117.29
0.382 0.005 117.33
0.38 0.007 117.36
0.38 0.009 117.39
0.383 0.01 117.42
0.388 0.013 117.46
0.397 0.017 117.49
0.409 0.02 117.52
0.424 0.022 117.56
0.44 0.023 117.59
0 0 117.62
0.486 0.054 117.66
0.514 0.031 117.69
0 0 117.72
0 0 117.76
0 0 117.79
0 0 117.82
0 0 117.85
0 0 117.89
0 0 117.92
0 0 117.96
0 0 117.99
0 0 118.02
0 0 118.06
0 0 118.09
0 0 118.12
0 0 118.16
0 0 118.19
0 0 118.22
0 0 118.25
0 0 118.29
0 0 118.32
0 0 118.35
0 0 118.39
0 0 118.42
0 0 118.46
0 0 118.49
0 0 118.52
0 0 118.56
0 0 118.59
0 0 118.62
0 0 118.66
0 0 118.69
0 0 118.72
0 0 118.75
0 0 118.79
0 0 118.82
0 0 118.86
0 0 118.89
0 0 118.92
0 0 118.95
0 0 118.99
0 0 119.02
0 0 119.05
0 0 119.09
0 0 119.12
0 0 119.16
0 0 119.19
0 0 119.22
0 0 119.25
0 0 119.29
0 0 119.32
0 0 119.35
0 0 119.39
0 0 119.42
0 0 119.45
0 0 119.49
0 0 119.52
0 0 119.55
0 0 119.59
0 0 119.62
0 0 119.66
0 0 119.69
0 0 119.72
0 0 119.76
0 0 119.79
0 0 119.82
0 0 119.85
0 0 119.89
0 0 119.92
0 0 119.95
0 0 119.99
0 0 120.02
0 0 120.05
0 0 120.09
0 0 120.12
0 0 120.16
0 0 120.19
0 0 120.22
0 0 120.25
0 0 120.29
0 0 120.32
0 0 120.35
0 0 120.39
0 0 120.42
0 0 120.45
0 0 120.49
0 0 120.52
0 0 120.55
0 0 120.59
0 0 120.62
0 0 120.66
0 0 120.69
0 0 120.72
0 0 120.76
0 0 120.79
0 0 120.82
0 0 120.85
0 0 120.89
0 0 120.92
0 0 120.95
0 0 120.99
0 0 121.02
0 0 121.05
0 0 121.09
0 0 121.12
0 0 121.16
0 0 121.19
0 0 121.22
0 0 121.25
0 0 121.29
0 0 121.32
0 0 121.35
0 0 121.39
0 0 121.42
0 0 121.46
0 0 121.49
0 0 121.52
0 0 121.56
0 0 121.59
0 0 121.62
0 0 121.66
0 0 121.69
0 0 121.72
0 0 121.75
0 0 121.79
0 0 121.82
0 0 121.85
0 0 121.89
0 0 121.92
0 0 121.96
0 0 121.99
0 0 122.02
0 0 122.05
0 0 122.09
0 0 122.12
0 0 122.16
0 0 122.19
0 0 122.22
0 0 122.25
0 0 122.29
0 0 122.32
0 0 122.35
0 0 122.39
0 0 122.42
0 0 122.46
0 0 122.49
0 0 122.52
0 0 122.56
0 0 122.59
0 0 122.62
0 0 122.66
0 0 122.69
0 0 122.72
0 0 122.75
0 0 122.79
0 0 122.82
0 0 122.85
0 0 122.89
0 0 122.92
0 0 122.96
0 0 122.99
0 0 123.02
0 0 123.05
0 0 123.09
0 0 123.12
0 0 123.16
0 0 123.19
0 0 123.22
0 0 123.25
0 0 123.29
0 0 123.32
0 0 123.36
0 0 123.39
0 0 123.42
0 0 123.45
0 0 123.49
0 0 123.52
0 0 123.56
0 0 123.59
0 0 123.62
0 0 123.66
0 0 123.69
0 0 123.72
0 0 123.76
0 0 123.79
0 0 123.82
0 0 123.85
0 0 123.89
0 0 123.92
0 0 123.95
0 0 123.99
0 0 124.02
0 0 124.05
0 0 124.09
0 0 124.12
0 0 124.16
0 0 124.19
0 0 124.22
0 0 124.25
0 0 124.29
0 0 124.32
0 0 124.35
0 0 124.39
0 0 124.42
0 0 124.46
0 0 124.49
0 0 124.52
0 0 124.56
0 0 124.59
0 0 124.62
0 0 124.65
0 0 124.69
0 0 124.72
0 0 124.75
0 0 124.79
0 0 124.82
0 0 124.85
0 0 124.89
0 0 124.92
0 0 124.96
0 0 124.99
0 0 125.02
0 0 125.06
0 0 125.09
0 0 125.12
0 0 125.16
0 0 125.19
0 0 125.22
0 0 125.25
0 0 125.29
0 0 125.32
0 0 125.35
0 0 125.39
0 0 125.42
0 0 125.45
0 0 125.49
0 0 125.52
0 0 125.55
0 0 125.59
0 0 125.62
0 0 125.66
0 0 125.69
0 0 125.72
0 0 125.75
0 0 125.79
0 0 125.82
0 0 125.85
0 0 125.89
0 0 125.92
0 0 125.95
0 0 125.99
0 0 126.02
0 0 126.05
0 0 126.09
0 0 126.12
0 0 126.16
0 0 126.19
0 0 126.22
0 0 126.25
0 0 126.29
0 0 126.32
0 0 126.35
0 0 126.39
0 0 126.42
0 0 126.45
0 0 126.49
0 0 126.52
0 0 126.55
0 0 126.59
0 0 126.62
0 0 126.65
0 0 126.69
0 0 126.72
0 0 126.75
0 0 126.79
0 0 126.82
0 0 126.85
0 0 126.89
0 0 126.92
0 0 126.95
0 0 126.99
0 0 127.02
0 0 127.05
0 0 127.09
0 0 127.12
0 0 127.15
0 0 127.19
0 0 127.22
0 0 127.25
0 0 127.29
0 0 127.32
0 0 127.35
0 0 127.39
0 0 127.42
0 0 127.45
0 0 127.49
0 0 127.52
0 0 127.55
0 0 127.59
0 0 127.62
0 0 127.65
0 0 127.69
0 0 127.72
0 0 127.75
0 0 127.79
0 0 127.82
0 0 127.85
0 0 127.89
0 0 127.92
0 0 127.95
0 0 127.99
0 0 128.02
0 0 128.05
0 0 128.09
0 0 128.12
0 0 128.15
0 0 128.19
0 0 128.22
0 0 128.25
0 0 128.29
0 0 128.32
0 0 128.35
0 0 128.39
0 0 128.42
0 0 128.45
0 0 128.49
0 0 128.52
0 0 128.55
0 0 128.59
0 0 128.62
0 0 128.65
0 0 128.69
0 0 128.72
0 0 128.75
0 0 128.79
0 0 128.82
0 0 128.85
0 0 128.89
0 0 128.92
0 0 128.95
0 0 128.99
0 0 129.02
0 0 129.05
0 0 129.09
0 0 129.12
0 0 129.16
0 0 129.19
0 0 129.22
0 0 129.25
0 0 129.29
0 0 129.32
0 0 129.35
0 0 129.39
0 0 129.42
0 0 129.45
0 0 129.49
0 0 129.52
0 0 129.55
0 0 129.59
0 0 129.62
0 0 129.65
0 0 129.69
0 0 129.72
0 0 129.75
0 0 129.79
0 0 129.82
0 0 129.85
0 0 129.89
0 0 129.92
0 0 129.95
0 0 129.99
0 0 130.02
0 0 130.05
0 0 130.09
0 0 130.12
0 0 130.15
0 0 130.19
0 0 130.23
0 0 130.25
0 0 130.29
0 0 130.32
0 0 130.35
0 0 130.39
0 0 130.42
0 0 130.45
0 0 130.49
0 0 130.52
0 0 130.55
0 0 130.59
0 0 130.62
0 0 130.65
0 0 130.69
0 0 130.72
0 0 130.75
0 0 130.79
0 0 130.82
0 0 130.85
0 0 130.89
0 0 130.92
0 0 130.95
0 0 130.99
0 0 131.02
0 0 131.05
0 0 131.09
0 0 131.12
0 0 131.15
0 0 131.19
0 0 131.22
0 0 131.25
0 0 131.29
0 0 131.32
0 0 131.35
0 0 131.39
0 0 131.42
0 0 131.45
0 0 131.49
0 0 131.52
0 0 131.55
0 0 131.59
0 0 131.62
0 0 131.65
0 0 131.69
0 0 131.72
0 0 131.75
0 0 131.79
0 0 131.82
0 0 131.85
0 0 131.89
0 0 131.92
0 0 131.95
0 0 131.99
0 0 132.02
0 0 132.05
0 0 132.09
0 0 132.12
0 0 132.15
0 0 132.19
0 0 132.22
0 0 132.25
0 0 132.29
0 0 132.32
0 0 132.35
0 0 132.39
0 0 132.42
0 0 132.45
0 0 132.49
0 0 132.52
0 0 132.55
0 0 132.59
0 0 132.62
0 0 132.65
0 0 132.69
0 0 132.72
0 0 132.75
0 0 132.79
0 0 132.82
0.444 0.059 132.85
0.433 0.018 132.89
0.424 0.012 132.92
0.414 0.014 132.95
0.406 0.015 132.99
0.392 0.016 133.02
0.382 0.013 133.05
0.371 0.015 133.09
0.365 0.015 133.12
0.359 0.013 133.16
0.353 0.012 133.19
0.351 0.013 133.22
0.351 0.01 133.25
0.351 0.011 133.29
0.357 0.009 133.32
0.355 0.008 133.35
0.355 0.006 133.39
0.355 0.006 133.42
0.358 0.004 133.45
0 0 133.49
0.359 0.008 133.52
0.361 0.003 133.55
0 0 133.59
0 0 133.62
0 0 133.65
0 0 133.69
0 0 133.72
0 0 133.75
0 0 133.79
0.365 0.012 133.82
0.364 0.004 133.85
0.363 0.004 133.89
0.361 0.004 133.92
0.358 0.004 133.95
0.357 0.004 133.99
0.355 0.003 134.02
0.354 0.001 134.05
0.355 0.002 134.09
0.353 0.002 134.12
0.352 0.002 134.16
0.354 0.002 134.19
0.352 0.002 134.22
0.352 0.002 134.25
0.352 0.003 134.29
0.354 0.001 134.32
0.354 0.001 134.35
0.355 0.001 134.39
0.357 0.001 134.42
0 0 134.45
0.352 0.004 134.49
0.353 0.003 134.52
0.351 0.004 134.55
0 0 134.59
0 0 134.62
0.344 0.012 134.66
0.341 0.004 134.69
0.338 0.004 134.72
0.338 0.003 134.75
0.337 0.003 134.79
0.336 0.002 134.82
0.337 0.001 134.85
0.337 0.001 134.89
0.339 0.002 134.92
0.34 0.002 134.95
0.339 0.001 134.99
0.339 0.001 135.02
0.342 0.002 135.05
0.343 0.001 135.09
0.344 0.001 135.12
0.345 0.002 135.16
0.35 0.003 135.19
0.352 0.003 135.22
0.354 0.004 135.25
0.357 0.003 135.29
0.359 0.002 135.32
0.36 0.004 135.35
0.364 0.004 135.39
0.365 0.004 135.42
0.368 0.004 135.45
0.37 0.004 135.49
0.371 0.005 135.52
0.372 0.006 135.55
0.375 0.005 135.59
0.378 0.004 135.62
0.379 0.005 135.66
0.38 0.005 135.69
0.382 0.006 135.72
0.384 0.008 135.75
0.385 0.01 135.79
0.389 0.012 135.82
0.395 0.013 135.85
0.403 0.015 135.89
0.41 0.016 135.92
0.424 0.018 135.95
0.438 0.017 135.99
0.453 0.018 136.02
0.466 0.019 136.05
0 0 136.09
0 0 136.12
0 0 136.15
0 0 136.19
0 0 136.22
0 0 136.25
0 0 136.28
0 0 136.32
0 0 136.35
0 0 136.38
0 0 136.42
0 0 136.45
0 0 136.49
0 0 136.52
0 0 136.55
0 0 136.59
0 0 136.62
0 0 136.65
0 0 136.69
0 0 136.72
0 0 136.75
0 0 136.78
0 0 136.82
0 0 136.85
0 0 136.89
0 0 136.92
0 0 136.95
0 0 136.99
0 0 137.02
0 0 137.05
0 0 137.08
0 0 137.12
0 0 137.15
0 0 137.18
0 0 137.22
0 0 137.25
0 0 137.29
0 0 137.32
0 0 137.35
0 0 137.39
0 0 137.42
0 0 137.45
0 0 137.49
0 0 137.52
0 0 137.55
0 0 137.58
0 0 137.62
0 0 137.65
0 0 137.68
0 0 137.72
0 0 137.75
0 0 137.78
0 0 137.82
0 0 137.85
0 0 137.88
0 0 137.92
0 0 137.95
0 0 137.99
0 0 138.02
0 0 138.05
0 0 138.09
0 0 138.12
0 0 138.15
0 0 138.18
0 0 138.22
0 0 138.25
0 0 138.29
0 0 138.32
0 0 138.35
0 0 138.38
0 0 138.42
0 0 138.45
0 0 138.49
0 0 138.52
0 0 138.55
0 0 138.58
0 0 138.62
0 0 138.65
0 0 138.69
0 0 138.72
0 0 138.75
0 0 138.78
0 0 138.82
0 0 138.85
0 0 138.88
0 0 138.92
0 0 138.95
0 0 138.99
0 0 139.02
0 0 139.05
0 0 139.09
0 0 139.12
0 0 139.15
0 0 139.18
0 0 139.22
0 0 139.25
0 0 139.28
0.518 0.078 139.32
0 0 139.35
0.461 0.06 139.39
0.445 0.021 139.42
0.426 0.022 139.46
0.413 0.016 139.49
0.403 0.014 139.52
0.395 0.011 139.55
0.391 0.011 139.59
0.385 0.009 139.62
0.38 0.007 139.66
0 0 139.69
0 0 139.72
0.368 0.018 139.75
0.367 0.006 139.78
0.366 0.006 139.82
0.365 0.006 139.85
0.363 0.005 139.89
0.361 0.005 139.92
0.358 0.005 139.95
0.357 0.005 139.99
0.354 0.004 140.02
0.353 0.004 140.05
0.352 0.003 140.09
0.35 0.002 140.12
0.35 0.002 140.15
0.351 0.003 140.19
0.35 0.002 140.22
0.35 0.002 140.25
0.35 0.001 140.29
0.351 0.001 140.32
0.35 0.001 140.35
0.349 0.002 140.39
0.347 0.002 140.42
0.346 0.002 140.45
0.344 0.003 140.49
0.344 0.001 140.52
0.343 0.002 140.55
0.344 0.001 140.59
0.345 0.003 140.62
0.347 0.003 140.65
0.348 0.003 140.69
0.349 0.003 140.72
0.35 0.002 140.75
0.35 0.001 140.79
0.349 0.002 140.82
0.349 0.002 140.85
0.348 0.002 140.89
0.348 0.002 140.92
0.348 0.002 140.95
0.346 0.002 140.99
0.345 0.002 141.02
0.344 0.002 141.05
0.344 0.003 141.09
0.343 0.001 141.12
0.343 0.001 141.15
0.343 0.001 141.19
0.343 0.001 141.22
0.343 0.001 141.25
0.342 0.001 141.29
0.342 0.002 141.32
0.34 0.002 141.35
0.339 0.004 141.39
0.338 0.003 141.42
0.336 0.003 141.45
0.335 0.003 141.49
0.335 0.001 141.52
0.335 0.002 141.55
0.336 0.001 141.59
0.336 0.004 141.62
0.337 0.002 141.66
0.337 0.002 141.69
0.337 0.001 141.72
0.337 0.001 141.75
0.339 0.003 141.79
0.339 0.002 141.82
0.337 0.002 141.85
0.336 0.002 141.89
0.334 0.003 141.92
0.332 0.003 141.95
0.331 0.005 141.99
0.33 0.002 142.02
0.331 0.005 142.05
0.328 0.002 142.09
0.329 0.003 142.12
0 0 142.15
0.328 0.005 142.18
0 0 142.22
0 0 142.25
0.328 0.005 142.29
0.327 0.006 142.32
0.33 0.006 142.35
0.332 0.007 142.39
0.333 0.005 142.42
0.334 0.006 142.45
0.336 0.004 142.49
0.332 0.009 142.52
0.331 0.002 142.55
0.331 0.001 142.58
0 0 142.62
0.327 0.004 142.65
0.329 0.004 142.69
0.327 0.002 142.72
0.327 0.003 142.75
0 0 142.78
0 0 142.82
0 0 142.85
0.356 0.042 142.89
0.376 0.024 142.92
0.398 0.031 142.95
0 0 142.99
0 0 143.02
0 0 143.05
0 0 143.08
0 0 143.12
0 0 143.15
0 0 143.18
0 0 143.22
0 0 143.25
0 0 143.28
0 0 143.32
0 0 143.35
0 0 143.38
0 0 143.42
0 0 143.45
0 0 143.49
0 0 143.52
0 0 143.55
0 0 143.58
0 0 143.62
0 0 143.65
0 0 143.69
0 0 143.72
0 0 143.75
0 0 143.78
0 0 143.82
0 0 143.85
0 0 143.89
0 0 143.92
0 0 143.95
0 0 143.99
0 0 144.02
0 0 144.05
0 0 144.08
0 0 144.12
0 0 144.15
0 0 144.18
0 0 144.22
0 0 144.25
0 0 144.28
0 0 144.32
0 0 144.35
0 0 144.38
0 0 144.42
0 0 144.45
0 0 144.49
0 0 144.52
0 0 144.55
0 0 144.58
0 0 144.62
0 0 144.65
0 0 144.68
0 0 144.72
0 0 144.75
0 0 144.78
0 0 144.82
0 0 144.85
0 0 144.88
0 0 144.92
0 0 144.95
0 0 144.98
0 0 145.02
0 0 145.05
0 0 145.08
0 0 145.12
0 0 145.15
0 0 145.18
0 0 145.22
0 0 145.25
0 0 145.28
0 0 145.32
0 0 145.35
0 0 145.38
0 0 145.42
0 0 145.45
0 0 145.49
0 0 145.52
0 0 145.55
0 0 145.58
0 0 145.62
0 0 145.65
0 0 145.69
0 0 145.72
0 0 145.75
0 0 145.78
0 0 145.82
0 0 145.85
0 0 145.89
0 0 145.92
0 0 145.95
0 0 145.99
0 0 146.02
0 0 146.05
0 0 146.08
0 0 146.12
0 0 146.15
0 0 146.18
0 0 146.22
0 0 146.25
0 0 146.28
0 0 146.32
0 0 146.35
0 0 146.39
0 0 146.42
0 0 146.45
0.519 0.319 146.49
0 0 146.52
0 0 146.55
0 0 146.58
0 0 146.62
0 0 146.65
0 0 146.68
0 0 146.72
0 0 146.75
0 0 146.78
0 0 146.82
0 0 146.85
0 0 146.89
0 0 146.92
0 0 146.95
0 0 146.98
0 0 147.02
0 0 147.05
0 0 147.08
0 0 147.12
0 0 147.15
0 0 147.18
0 0 147.22
0 0 147.25
0 0 147.29
0.504 0.009 147.32
0 0 147.35
0 0 147.38
0 0 147.42
0 0 147.45
0 0 147.48
0 0 147.52
0 0 147.55
0 0 147.58
0 0 147.62
0 0 147.65
0 0 147.68
0 0 147.72
0 0 147.75
0 0 147.79
0 0 147.82
0 0 147.85
0 0 147.88
0 0 147.92
0 0 147.95
0 0 147.98
0 0 148.02
0 0 148.05
0 0 148.08
0 0 148.12
0 0 148.15
0 0 148.18
0 0 148.22
0 0 148.25
0 0 148.28
0 0 148.32
0 0 148.35
0 0 148.38
0 0 148.42
0 0 148.45
0 0 148.48
0 0 148.52
0 0 148.55
0 0 148.58
0 0 148.62
0 0 148.65
0 0 148.69
0 0 148.72
0 0 148.75
0 0 148.78
0 0 148.82
0 0 148.85
0 0 148.88
0 0 148.92
0 0 148.95
0 0 148.98
0 0 149.02
0 0 149.05
0 0 149.08
0 0 149.12
0 0 149.15
0 0 149.18
0 0 149.22
0 0 149.25
0 0 149.28
0 0 149.32
0 0 149.35
0 0 149.38
0 0 149.42
0 0 149.45
0 0 149.48
0 0 149.52
0 0 149.55
0 0 149.58
0 0 149.62
0 0 149.65
0 0 149.68
0 0 149.72
0 0 149.75
0 0 149.78
0 0 149.82
0 0 149.85
0 0 149.88
0 0 149.92
0 0 149.95
0 0 149.99
0 0 150.02
0 0 150.05
0 0 150.08
0 0 150.12
0 0 150.15
0 0 150.18
0 0 150.22
0 0 150.25
0 0 150.28
0 0 150.32
0 0 150.35
0 0 150.38
0 0 150.42
0 0 150.45
0 0 150.48
0 0 150.52
0 0 150.55
0 0 150.58
0 0 150.62
0 0 150.65
0 0 150.68
0 0 150.72
0 0 150.75
0 0 150.78
0 0 150.82
0 0 150.85
0 0 150.88
0 0 150.91
0 0 150.95
0 0 150.98
0 0 151.02
0 0 151.05
0 0 151.08
0 0 151.12
0.544 0.08 151.15
0 0 151.18
0 0 151.22
0 0 151.25
0 0 151.28
0 0 151.32
0 0 151.35
0 0 151.38
0 0 151.42
0.473 0.11 151.45
0.465 0.016 151.49
0.454 0.015 151.52
0.442 0.016 151.55
0.44 0.011 151.59
0.43 0.013 151.62
0.419 0.015 151.65
0.411 0.012 151.68
0.411 0.012 151.72
0.405 0.01 151.75
0.398 0.01 151.78
0.397 0.01 151.82
0.393 0.008 151.85
0.39 0.007 151.89
0.392 0.006 151.92
0.39 0.006 151.95
0.39 0.004 151.98
0.392 0.005 152.02
0.394 0.007 152.05
0.39 0.007 152.09
0.39 0.006 152.12
0.391 0.005 152.15
0.388 0.004 152.18
0.387 0.004 152.22
0.389 0.003 152.25
0.388 0.003 152.28
0.388 0.004 152.32
0.389 0.003 152.35
0.389 0.003 152.38
0.388 0.002 152.42
0.389 0.003 152.45
0.388 0.003 152.49
0.386 0.002 152.52
0.385 0.002 152.55
0.387 0.002 152.58
0.387 0.002 152.62
0.385 0.002 152.65
0.387 0.002 152.68
0.386 0.002 152.72
0.384 0.003 152.75
0.385 0.001 152.78
0.384 0.001 152.82
0.382 0.002 152.85
0.382 0.003 152.88
0.38 0.003 152.92
0.378 0.004 152.95
0.377 0.001 152.99
0.378 0.003 153.02
0.378 0.002 153.05
0.376 0.003 153.08
0.376 0.002 153.12
0 0 153.15
0.373 0.006 153.18
0.373 0.002 153.22
0.373 0.001 153.25
0.375 0.002 153.28
0.376 0.002 153.32
0.376 0.002 153.35
0.376 0.001 153.38
0.377 0.002 153.42
0.379 0.001 153.45
0.379 0.001 153.49
0.378 0.001 153.52
0.378 0.001 153.55
0.377 0.001 153.59
0 0 153.62
0.374 0.003 153.65
0.374 0.001 153.68
0 0 153.72
0 0 153.75
0 0 153.78
0 0 153.82
0.36 0.017 153.85
0 0 153.88
0.357 0.005 153.92
0.357 0.001 153.95
0 0 153.98
0.358 0.003 154.02
0 0 154.05
0.362 0.005 154.08
0 0 154.12
0.365 0.008 154.15
0.365 0.005 154.18
0.366 0.005 154.22
0.367 0.006 154.25
0 0 154.28
0.369 0.016 154.32
0.373 0.011 154.35
0.379 0.012 154.38
0.386 0.013 154.42
0.395 0.015 154.45
0.406 0.015 154.49
0.418 0.016 154.52
0.433 0.019 154.55
0.449 0.019 154.58
0.465 0.019 154.62
0.483 0.02 154.65
0.503 0.021 154.68
0.523 0.022 154.72
0 0 154.75
0 0 154.78
0 0 154.82
0 0 154.85
0 0 154.88
0 0 154.91
0 0 154.95
0 0 154.98
0 0 155.01
0 0 155.05
0 0 155.08
0 0 155.12
0 0 155.15
0 0 155.18
0 0 155.22
0 0 155.25
0 0 155.28
0 0 155.32
0 0 155.35
0 0 155.38
0 0 155.41
0 0 155.45
0 0 155.48
0 0 155.51
0 0 155.55
0 0 155.58
0 0 155.61
0 0 155.65
0 0 155.68
0 0 155.71
0 0 155.75
0 0 155.78
0 0 155.82
0 0 155.85
0 0 155.88
0 0 155.91
0 0 155.95
0 0 155.98
0 0 156.01
0 0 156.05
0 0 156.08
0 0 156.11
0 0 156.15
0 0 156.18
0 0 156.22
0 0 156.25
0 0 156.28
0 0 156.32
0 0 156.35
0 0 156.38
0 0 156.41
0 0 156.45
0 0 156.48
0 0 156.51
0 0 156.55
0 0 156.58
0 0 156.61
0 0 156.65
0 0 156.68
0 0 156.71
0 0 156.75
0 0 156.78
0 0 156.82
0 0 156.85
0 0 156.88
0 0 156.91
0 0 156.95
0 0 156.98
0 0 157.01
0 0 157.05
0 0 157.08
0 0 157.11
0 0 157.15
0 0 157.18
0 0 157.22
0 0 157.25
0 0 157.28
0 0 157.32
0 0 157.35
0 0 157.38
0 0 157.41
0 0 157.45
0 0 157.48
0 0 157.51
0 0 157.55
0 0 157.58
0 0 157.61
0 0 157.65
0 0 157.68
0 0 157.72
0 0 157.75
0 0 157.78
0 0 157.82
0 0 157.85
0 0 157.88
0 0 157.91
0 0 157.95
0 0 157.98
0 0 158.01
0 0 158.05
0 0 158.08
0 0 158.11
0 0 158.15
0 0 158.18
0 0 158.22
0 0 158.25
0 0 158.28
0 0 158.32
0 0 158.35
0 0 158.38
0 0 158.42
0 0 158.45
0 0 158.48
0 0 158.51
0 0 158.55
0 0 158.58
0 0 158.61
0 0 158.65
0 0 158.68
0 0 158.71
0 0 158.75
0 0 158.78
0 0 158.82
0 0 158.85
0 0 158.88
0 0 158.91
0 0 158.95
0 0 158.98
0 0 159.01
0 0 159.05
0 0 159.08
0 0 159.11
0 0 159.15
0 0 159.18
0 0 159.22
0 0 159.25
0 0 159.28
0 0 159.32
0 0 159.35
0 0 159.38
0 0 159.42
0 0 159.45
0 0 159.48
0 0 159.51
0 0 159.55
0 0 159.58
0 0 159.61
0 0 159.65
0 0 159.68
0 0 159.71
0.405 0.131 159.75
0.391 0.021 159.78
0.378 0.018 159.82
0.37 0.015 159.85
0.363 0.013 159.88
0.359 0.01 159.92
0.357 0.008 159.95
0.357 0.007 159.98
0 0 160.01
0.357 0.008 160.05
0.358 0.003 160.08
0.359 0.004 160.12
0.359 0.002 160.15
0.359 0.001 160.18
0.359 0.002 160.22
0.358 0.002 160.25
0.357 0.002 160.28
0.356 0.001 160.32
0.356 0.001 160.35
0.356 0.001 160.38
0.355 0.003 160.42
0.357 0.002 160.45
0.36 0.003 160.48
0.361 0.002 160.52
0.362 0.002 160.55
0.362 0.001 160.58
0 0 160.61
0.362 0.003 160.65
0.362 0.002 160.68
0.361 0.001 160.72
0 0 160.75
0.361 0.003 160.78
0 0 160.82
0 0 160.85
0.357 0.005 160.88
0.354 0.004 160.91
0.352 0.005 160.95
0.349 0.003 160.98
0.348 0.003 161.02
0.347 0.001 161.05
0.347 0.002 161.08
0 0 161.11
0.346 0.002 161.15
0 0 161.18
0.348 0.004 161.22
0.351 0.005 161.25
0.354 0.003 161.28
0.356 0.003 161.32
0 0 161.35
0.359 0.005 161.38
0 0 161.41
0.36 0.005 161.45
0.36 0.002 161.48
0.361 0.003 161.52
0.361 0.004 161.55
0.36 0.004 161.58
0.361 0.005 161.61
0.363 0.006 161.65
0.364 0.005 161.68
0.366 0.007 161.72
0.368 0.005 161.75
0.369 0.005 161.78
0.371 0.006 161.82
0.374 0.006 161.85
0.377 0.006 161.88
0.381 0.007 161.92
0.387 0.008 161.95
0.393 0.01 161.98
0.402 0.011 162.02
0 0 162.05
0.422 0.026 162.08
0 0 162.12
0.454 0.038 162.15
0.477 0.024 162.18
0 0 162.22
0 0 162.25
0 0 162.28
0 0 162.32
0 0 162.35
0 0 162.38
0 0 162.41
0 0 162.45
0 0 162.48
0 0 162.51
0 0 162.55
0 0 162.58
0 0 162.61
0 0 162.65
0 0 162.68
0 0 162.71
0 0 162.75
0 0 162.78
0 0 162.82
0 0 162.85
0 0 162.88
0 0 162.91
0 0 162.95
0 0 162.98
0 0 163.01
0 0 163.05
0 0 163.08
0 0 163.11
0 0 163.15
0 0 163.18
0 0 163.21
0 0 163.25
0 0 163.28
0 0 163.31
0 0 163.35
0 0 163.38
0 0 163.41
0 0 163.45
0 0 163.48
0 0 163.51
0 0 163.55
0 0 163.58
0 0 163.61
0 0 163.65
0 0 163.68
0 0 163.71
0 0 163.75
0 0 163.78
0 0 163.81
0 0 163.85
0 0 163.88
0 0 163.91
0 0 163.95
0 0 163.98
0 0 164.01
0 0 164.05
0 0 164.08
0 0 164.11
0 0 164.15
0 0 164.18
0 0 164.21
0 0 164.25
0 0 164.28
0 0 164.31
0 0 164.35
0 0 164.38
0 0 164.41
0 0 164.45
0 0 164.48
0 0 164.51
0 0 164.55
0 0 164.58
0 0 164.61
0 0 164.65
0 0 164.68
0 0 164.72
0 0 164.75
0 0 164.78
0 0 164.82
0 0 164.85
0 0 164.88
0 0 164.91
0 0 164.95
0 0 164.98
0 0 165.01
0 0 165.05
0 0 165.08
0 0 165.11
0 0 165.15
0 0 165.18
0 0 165.21
0 0 165.24
0 0 165.28
0 0 165.31
0 0 165.35
0 0 165.38
0 0 165.41
0 0 165.45
0 0 165.48
0 0 165.51
0 0 165.55
0 0 165.58
0 0 165.61
0 0 165.65
0 0 165.68
0 0 165.71
0 0 165.75
0 0 165.78
0 0 165.81
0 0 165.85
0 0 165.88
0 0 165.91
0 0 165.95
0 0 165.98
0 0 166.01
0 0 166.05
0 0 166.08
0 0 166.11
0 0 166.15
0 0 166.18
0 0 166.21
0 0 166.25
0 0 166.28
0 0 166.31
0 0 166.35
0 0 166.38
0 0 166.41
0 0 166.45
0 0 166.48
0 0 166.51
0 0 166.55
0 0 166.58
0 0 166.61
0 0 166.65
0 0 166.68
0 0 166.71
0 0 166.75
0 0 166.78
0 0 166.82
0 0 166.85
0 0 166.88
0 0 166.91
0 0 166.95
0 0 166.98
0 0 167.01
0 0 167.05
0 0 167.08
0 0 167.11
0 0 167.15
0 0 167.18
0 0 167.21
0 0 167.25
0 0 167.28
0 0 167.31
0 0 167.35
0 0 167.38
0 0 167.41
0 0 167.45
0 0 167.48
0 0 167.51
0 0 167.55
0 0 167.58
0 0 167.61
0 0 167.65
0 0 167.68
0 0 167.71
0 0 167.75
0 0 167.78
0 0 167.81
0 0 167.85
0 0 167.88
0 0 167.91
0 0 167.95
0 0 167.98
0 0 168.01
0 0 168.05
0 0 168.08
0 0 168.11
0 0 168.15
0 0 168.18
0 0 168.21
0 0 168.25
0 0 168.28
0 0 168.31
0 0 168.35
0 0 168.38
0 0 168.41
0 0 168.45
0 0 168.48
0 0 168.51
0 0 168.55
0 0 168.58
0 0 168.61
0 0 168.65
0 0 168.68
0 0 168.71
0 0 168.75
0 0 168.78
0 0 168.81
0 0 168.85
0 0 168.88
0 0 168.91
0 0 168.95
0 0 168.98
0 0 169.01
0 0 169.05
0 0 169.08
0 0 169.11
0 0 169.15
0 0 169.18
0 0 169.21
0 0 169.25
0 0 169.28
0 0 169.31
0 0 169.35
0 0 169.38
0 0 169.41
0 0 169.45
0 0 169.48
0 0 169.51
0 0 169.55
0 0 169.58
0 0 169.61
0 0 169.65
0 0 169.68
0 0 169.71
0 0 169.75
0 0 169.78
0 0 169.81
0 0 169.85
0 0 169.88
0 0 169.91
0 0 169.95
0 0 169.98
0 0 170.01
0 0 170.05
0 0 170.08
0 0 170.11
0 0 170.15
0 0 170.18
0 0 170.21
0 0 170.25
0 0 170.28
0 0 170.31
0 0 170.35
0 0 170.38
0 0 170.41
0 0 170.45
0 0 170.48
0 0 170.51
0 0 170.55
0 0 170.58
0 0 170.61
0 0 170.65
0 0 170.68
0 0 170.71
0 0 170.75
0 0 170.78
0 0 170.81
0 0 170.85
0 0 170.88
0 0 170.91
0 0 170.95
0 0 170.98
0 0 171.01
0 0 171.04
0 0 171.08
0 0 171.11
0 0 171.15
0 0 171.18
0 0 171.21
0 0 171.24
0 0 171.28
0 0 171.31
0 0 171.34
0 0 171.38
0 0 171.41
0 0 171.45
0 0 171.48
0 0 171.51
0 0 171.55
0 0 171.58
0 0 171.61
0 0 171.65
0 0 171.68
0 0 171.71
0 0 171.74
0 0 171.78
0 0 171.81
0 0 171.85
0 0 171.88
0 0 171.91
0 0 171.94
0 0 171.98
0 0 172.01
0 0 172.04
0 0 172.08
0 0 172.11
0 0 172.15
0 0 172.18
0 0 172.21
0 0 172.24
0 0 172.28
0 0 172.31
0 0 172.34
0 0 172.38
0 0 172.41
0 0 172.44
0 0 172.48
0 0 172.51
0 0 172.55
0 0 172.58
0 0 172.61
0 0 172.64
0 0 172.68
0 0 172.71
0 0 172.75
0 0 172.78
0 0 172.81
0 0 172.85
0 0 172.88
0 0 172.91
0 0 172.95
0 0 172.98
0 0 173.01
0 0 173.05
0 0 173.08
0 0 173.11
0 0 173.15
0 0 173.18
0 0 173.21
0 0 173.24
0 0 173.28
0 0 173.31
0 0 173.34
0 0 173.38
0 0 173.41
0 0 173.44
0 0 173.48
0 0 173.51
0 0 173.55
0 0 173.58
0 0 173.61
0 0 173.65
0 0 173.68
0 0 173.71
0 0 173.74
0 0 173.78
0 0 173.81
0 0 173.84
0 0 173.88
0 0 173.91
0 0 173.94
0 0 173.98
0 0 174.01
0 0 174.04
0 0 174.08
0 0 174.11
0 0 174.15
0 0 174.18
0 0 174.21
0 0 174.24
0 0 174.28
0 0 174.31
0 0 174.34
0 0 174.38
0 0 174.41
0 0 174.44
0 0 174.48
0 0 174.51
0 0 174.54
0 0 174.58
0 0 174.61
0 0 174.65
0 0 174.68
0 0 174.71
0 0 174.75
0 0 174.78
0 0 174.81
0 0 174.85
0 0 174.88
0 0 174.91
0 0 174.94
0 0 174.98
0 0 175.01
0 0 175.04
0 0 175.08
0 0 175.11
0 0 175.15
0 0 175.18
0 0 175.21
0 0 175.24
0 0 175.28
0 0 175.31
0 0 175.34
0 0 175.38
0 0 175.41
0 0 175.44
0 0 175.48
0 0 175.51
0 0 175.55
0 0 175.58
0 0 175.61
0 0 175.65
0 0 175.68
0 0 175.71
0 0 175.74
0 0 175.78
0 0 175.81
0 0 175.84
0 0 175.88
0 0 175.91
0 0 175.94
0 0 175.98
0 0 176.01
0 0 176.04
0 0 176.08
0 0 176.11
0.422 0.064 176.15
0 0 176.18
0.402 0.027 176.21
0.398 0.012 176.25
0.384 0.019 176.28
0.373 0.016 176.31
0.369 0.011 176.35
0.36 0.013 176.38
0.355 0.009 176.41
0.353 0.011 176.45
0.347 0.01 176.48
0.342 0.009 176.51
0.338 0.008 176.55
0.339 0.006 176.58
0.337 0.005 176.61
0.334 0.005 176.65
0.336 0.004 176.68
0.334 0.003 176.71
0.334 0.003 176.75
0.335 0.004 176.78
0.333 0.004 176.81
0.331 0.004 176.85
0.336 0.006 176.88
0.331 0.006 176.92
0.325 0.006 176.95
0.321 0.006 176.98
0.32 0.006 177.01
0.315 0.007 177.05
0.311 0.006 177.08
0.313 0.004 177.12
0.31 0.005 177.15
0.31 0.003 177.18
0.313 0.003 177.21
0.312 0.002 177.25
0.313 0.002 177.28
0.318 0.002 177.32
0.319 0.002 177.35
0.319 0.001 177.38
0.319 0.001 177.41
0.322 0.001 177.45
0 0 177.48
0.319 0.003 177.51
0.32 0.003 177.55
0.32 0.002 177.58
0.319 0.002 177.61
0 0 177.65
0.323 0.002 177.68
0.324 0.002 177.71
0.328 0.002 177.75
0.327 0.003 177.78
0.328 0.001 177.81
0.327 0.001 177.85
0.33 0.001 177.88
0.33 0.001 177.91
0.331 0.001 177.95
0.335 0.002 177.98
0.336 0.002 178.01
0.337 0.003 178.05
0.34 0.003 178.08
0.342 0.003 178.11
0.344 0.003 178.15
0.352 0.005 178.18
0.356 0.004 178.21
0.359 0.004 178.25
0.364 0.005 178.28
0.371 0.006 178.31
0.372 0.003 178.35
0.374 0.002 178.38
0.376 0.001 178.41
0.377 0.002 178.45
0.376 0.002 178.48
0.378 0.002 178.51
0.377 0.003 178.55
0.376 0.004 178.58
0.377 0.007 178.61
0.38 0.005 178.65
0.381 0.007 178.68
0.384 0.009 178.71
0.389 0.01 178.75
0.395 0.013 178.78
0.404 0.015 178.81
0.417 0.017 178.85
0.432 0.019 178.88
0 0 178.91
0.471 0.045 178.95
0 0 178.98
0 0 179.01
0 0 179.04
0 0 179.08
0 0 179.11
0 0 179.15
0 0 179.18
0 0 179.21
0 0 179.24
0 0 179.28
0 0 179.31
0 0 179.34
0 0 179.38
0 0 179.41
0 0 179.44
0 0 179.48
0 0 179.51
0 0 179.54
0 0 179.58
0 0 179.61
0 0 179.65
0 0 179.68
0 0 179.71
0 0 179.74
0 0 179.78
0 0 179.81
0 0 179.84
0 0 179.88
0 0 179.91
0 0 179.94
0 0 179.98
0 0 180.01
0 0 180.04
0 0 180.08
0 0 180.11
0 0 180.14
0 0 180.18
0 0 180.21
0 0 180.24
0 0 180.28
0 0 180.31
0 0 180.34
0 0 180.38
0 0 180.41
0 0 180.44
0 0 180.48
0 0 180.51
0 0 180.54
0 0 180.58
0 0 180.61
0 0 180.64
0 0 180.68
0 0 180.71
0 0 180.74
0 0 180.78
0 0 180.81
0 0 180.84
0 0 180.88
0 0 180.91
0 0 180.94
0 0 180.98
0 0 181.01
0 0 181.04
0 0 181.08
0 0 181.11
0 0 181.14
0 0 181.18
0 0 181.21
0 0 181.24
0 0 181.28
0 0 181.31
0 0 181.34
0 0 181.38
0 0 181.41
0 0 181.44
0 0 181.48
0 0 181.51
0 0 181.54
0 0 181.58
0 0 181.61
0 0 181.65
0 0 181.68
0 0 181.71
0 0 181.74
0 0 181.78
0 0 181.81
0 0 181.84
0 0 181.88
0.471 0.038 181.91
0.453 0.022 181.94
0.436 0.02 181.98
0.42 0.021 182.01
0.407 0.017 182.05
0.392 0.017 182.08
0.38 0.016 182.11
0.369 0.013 182.15
0.357 0.012 182.18
0.351 0.008 182.21
0.346 0.007 182.24
0.341 0.005 182.28
0.338 0.003 182.31
0.336 0.004 182.35
0.334 0.004 182.38
0.331 0.003 182.41
0.33 0.003 182.45
0.329 0.003 182.48
0.327 0.004 182.51
0.327 0.003 182.55
0.326 0.004 182.58
0.325 0.003 182.61
0 0 182.65
0.324 0.003 182.68
0.323 0.001 182.71
0 0 182.74
0.321 0.002 182.78
0.321 0.001 182.81
0.32 0.002 182.85
0.32 0.001 182.88
0.319 0.001 182.91
0.318 0.002 182.95
0.317 0.003 182.98
0.316 0.002 183.01
0 0 183.04
0 0 183.08
0.313 0.004 183.11
0.313 0.002 183.15
0.315 0.002 183.18
0.318 0.004 183.21
0.321 0.006 183.24
0.324 0.005 183.28
0 0 183.31
0.331 0.008 183.34
0.333 0.003 183.38
0.333 0.002 183.41
0.333 0.001 183.45
0.333 0.001 183.48
0.333 0.001 183.51
0.333 0.001 183.55
0.333 0.001 183.58
0.331 0.001 183.61
0.331 0.002 183.65
0.332 0.001 183.68
0.333 0.001 183.71
0.334 0.002 183.74
0.336 0.003 183.78
0.337 0.004 183.81
0.338 0.002 183.84
0.338 0.003 183.88
0.34 0.002 183.91
0.342 0.003 183.95
0.344 0.003 183.98
0.347 0.003 184.01
0.349 0.004 184.05
0.354 0.005 184.08
0.359 0.006 184.11
0.368 0.011 184.15
0.37 0.008 184.18
0.38 0.012 184.21
0.388 0.01 184.25
0.398 0.011 184.28
0.407 0.011 184.31
0.419 0.013 184.35
0.432 0.014 184.38
0.445 0.014 184.41
0.455 0.013 184.44
0 0 184.48
0.488 0.034 184.51
0 0 184.54
0 0 184.58
0 0 184.61
0 0 184.64
0 0 184.68
0 0 184.71
0 0 184.74
0 0 184.78
0 0 184.81
0 0 184.84
0 0 184.88
0 0 184.91
0 0 184.94
0 0 184.98
0 0 185.01
0 0 185.04
0 0 185.08
0 0 185.11
0 0 185.14
0 0 185.18
0 0 185.21
0 0 185.24
0 0 185.28
0 0 185.31
0 0 185.34
0 0 185.38
0 0 185.41
0 0 185.44
0 0 185.48
0 0 185.51
0 0 185.54
0 0 185.58
0 0 185.61
0 0 185.64
0 0 185.68
0 0 185.71
0 0 185.74
0 0 185.78
0 0 185.81
0 0 185.84
0 0 185.88
0 0 185.91
0 0 185.94
0 0 185.98
0 0 186.01
0 0 186.04
0 0 186.08
0 0 186.11
0 0 186.14
0 0 186.18
0 0 186.21
0 0 186.24
0 0 186.28
0 0 186.31
0 0 186.34
0 0 186.38
0 0 186.41
0 0 186.44
0 0 186.48
0 0 186.51
0 0 186.54
0 0 186.58
0 0 186.61
0 0 186.64
0 0 186.68
0 0 186.71
0 0 186.74
0 0 186.78
0 0 186.81
0 0 186.84
0 0 186.88
0 0 186.91
0 0 186.94
0 0 186.98
0 0 187.01
0 0 187.04
0 0 187.08
0 0 187.11
0 0 187.14
0 0 187.17
0 0 187.21
0 0 187.24
0 0 187.28
0 0 187.31
0 0 187.34
0 0 187.38
0 0 187.41
0 0 187.44
0 0 187.48
0 0 187.51
0 0 187.54
0 0 187.58
0 0 187.61
0 0 187.64
0 0 187.68
0 0 187.71
0 0 187.74
0 0 187.78
0 0 187.81
0 0 187.84
0 0 187.88
0 0 187.91
0 0 187.94
0 0 187.98
0 0 188.01
0 0 188.04
0 0 188.08
0 0 188.11
0 0 188.14
0 0 188.17
0 0 188.21
0 0 188.24
0 0 188.28
0 0 188.31
0 0 188.34
0 0 188.38
0 0 188.41
0 0 188.44
0 0 188.48
0 0 188.51
0 0 188.54
0 0 188.57
0 0 188.61
0 0 188.64
0 0 188.67
0 0 188.71
0 0 188.74
0 0 188.78
0 0 188.81
0 0 188.84
0 0 188.88
0 0 188.91
0.437 0.061 188.94
0.426 0.021 188.98
0.417 0.019 189.01
0.409 0.018 189.04
0.4 0.016 189.08
0.395 0.014 189.11
0.39 0.013 189.15
0.385 0.011 189.18
0.383 0.01 189.21
0.382 0.01 189.24
0.381 0.007 189.28
0.381 0.005 189.31
0.381 0.004 189.34
0.38 0.002 189.38
0.38 0.004 189.41
0.382 0.004 189.44
0.383 0.001 189.48
0.383 0.003 189.51
0.382 0.003 189.54
0.381 0.001 189.58
0.379 0.003 189.61
0.378 0.003 189.65
0.375 0.004 189.68
0.372 0.004 189.71
0.369 0.003 189.74
0.367 0.003 189.78
0.364 0.003 189.81
0.362 0.004 189.84
0.361 0.005 189.88
0.359 0.003 189.91
0.359 0.003 189.94
0.359 0.002 189.98
0.359 0.001 190.01
0.359 0.001 190.04
0 0 190.07
0.36 0.002 190.11
0.362 0.003 190.14
0.362 0.002 190.18
0 0 190.21
0 0 190.24
0 0 190.28
0.366 0.008 190.31
0.367 0.004 190.34
0.369 0.004 190.38
0.369 0.005 190.41
0.368 0.006 190.44
0.368 0.007 190.48
0.368 0.01 190.51
0.37 0.011 190.54
0.374 0.016 190.58
0.378 0.02 190.61
0.392 0.021 190.65
0 0 190.68
0.419 0.043 190.71
0.436 0.021 190.74
0.451 0.019 190.78
0.465 0.016 190.81
0.478 0.015 190.84
0.49 0.013 190.88
0.501 0.011 190.91
0.511 0.011 190.94
0 0 190.98
0.528 0.021 191.01
0 0 191.04
0 0 191.08
0 0 191.11
0 0 191.14
0 0 191.18
0 0 191.21
0 0 191.24
0 0 191.27
0 0 191.31
0 0 191.34
0 0 191.37
0 0 191.41
0 0 191.44
0 0 191.48
0 0 191.51
0 0 191.54
0 0 191.57
0 0 191.61
0 0 191.64
0 0 191.67
0 0 191.71
0 0 191.74
0 0 191.77
0 0 191.81
0 0 191.84
0 0 191.88
0 0 191.91
0 0 191.94
0 0 191.98
0 0 192.01
0 0 192.04
0 0 192.07
0 0 192.11
0 0 192.14
0 0 192.18
0 0 192.21
0 0 192.24
0 0 192.27
0 0 192.31
0 0 192.34
0 0 192.37
0 0 192.41
0 0 192.44
0 0 192.47
0 0 192.51
0 0 192.54
0 0 192.57
0 0 192.61
0 0 192.64
0 0 192.67
0 0 192.71
0 0 192.74
0 0 192.77
0 0 192.81
0 0 192.84
0 0 192.88
0 0 192.91
0 0 192.94
0 0 192.98
0 0 193.01
0 0 193.04
0 0 193.07
0 0 193.11
0 0 193.14
0 0 193.17
0 0 193.21
0 0 193.24
0 0 193.27
0 0 193.31
0 0 193.34
0 0 193.37
0 0 193.41
0 0 193.44
0 0 193.48
0 0 193.51
0 0 193.54
0 0 193.57
0 0 193.61
0 0 193.64
0 0 193.68
0 0 193.71
0 0 193.74
0 0 193.78
0 0 193.81
0 0 193.84
0 0 193.88
0 0 193.91
0 0 193.94
0 0 193.98
0 0 194.01
0 0 194.04
0 0 194.07
0 0 194.11
0 0 194.14
0 0 194.17
0 0 194.21
0 0 194.24
0 0 194.27
0 0 194.31
0 0 194.34
0 0 194.37
0 0 194.41
0 0 194.44
0 0 194.48
0 0 194.51
0 0 194.54
0 0 194.57
0 0 194.61
0 0 194.64
0 0 194.68
0 0 194.71
0 0 194.74
0 0 194.77
0 0 194.81
0 0 194.84
0 0 194.87
0 0 194.91
0 0 194.94
0 0 194.98
0 0 195.01
0 0 195.04
0 0 195.07
0 0 195.11
0 0 195.14
0 0 195.17
0 0 195.21
0 0 195.24
0 0 195.28
0 0 195.31
0 0 195.34
0 0 195.37
0 0 195.41
0 0 195.44
0 0 195.48
0 0 195.51
0 0 195.54
0 0 195.57
0 0 195.61
0 0 195.64
0 0 195.67
0 0 195.71
0 0 195.74
0 0 195.77
0 0 195.81
0 0 195.84
0 0 195.87
0 0 195.91
0 0 195.94
0 0 195.98
0 0 196.01
0 0 196.04
0 0 196.07
0 0 196.11
0 0 196.14
0 0 196.17
0 0 196.21
0 0 196.24
0 0 196.27
0 0 196.31
0 0 196.34
0 0 196.37
0 0 196.41
0 0 196.44
0 0 196.48
0 0 196.51
0 0 196.54
0 0 196.57
0 0 196.61
0 0 196.64
0 0 196.67
0 0 196.71
0 0 196.74
0 0 196.77
0 0 196.81
0 0 196.84
0 0 196.87
0 0 196.91
