0 0 45.06
0 0 45.1
0 0 45.13
0 0 45.17
0 0 45.2
0 0 45.23
0 0 45.26
0 0 45.3
0 0 45.33
0 0 45.36
0 0 45.4
0 0 45.43
0 0 45.46
0 0 45.5
0 0 45.53
0 0 45.56
0 0 45.6
0 0 45.63
0 0 45.66
0 0 45.7
0 0 45.73
0 0 45.76
0 0 45.8
0 0 45.83
0 0 45.86
0 0 45.89
0 0 45.93
0 0 45.96
0 0 46.0
0 0 46.03
0 0 46.06
0 0 46.1
0 0 46.13
0 0 46.16
0 0 46.2
0 0 46.23
0 0 46.26
0 0 46.3
0 0 46.33
0 0 46.37
0 0 46.4
0 0 46.43
0 0 46.47
0 0 46.5
0 0 46.53
0 0 46.56
0 0 46.6
0 0 46.63
0 0 46.66
0 0 46.7
0 0 46.73
0 0 46.76
0 0 46.8
0 0 46.83
0 0 46.87
0 0 46.9
0 0 46.93
0 0 46.96
0 0 47.0
0 0 47.03
0 0 47.06
0 0 47.1
0 0 47.13
0 0 47.16
0 0 47.2
0 0 47.23
0 0 47.26
0 0 47.3
0 0 47.33
0 0 47.36
0 0 47.4
0 0 47.43
0 0 47.47
0 0 47.5
0 0 47.53
0 0 47.56
0 0 47.6
0 0 47.63
0 0 47.66
0 0 47.7
0 0 47.73
0 0 47.76
0 0 47.8
0 0 47.83
0 0 47.86
0 0 47.9
0 0 47.93
0 0 47.96
0 0 48.0
0 0 48.03
0 0 48.06
0 0 48.1
0 0 48.13
0 0 48.16
0 0 48.2
0 0 48.23
0 0 48.26
0 0 48.29
0 0 48.33
0 0 48.36
0 0 48.39
0 0 48.43
0 0 48.46
0 0 48.5
0 0 48.53
0 0 48.56
0 0 48.59
0 0 48.63
0 0 48.66
0 0 48.7
0 0 48.73
0 0 48.76
0 0 48.79
0 0 48.83
0 0 48.86
0 0 48.89
0 0 48.93
0 0 48.96
0 0 48.99
0 0 49.03
0 0 49.06
0 0 49.09
0 0 49.13
0 0 49.16
0 0 49.2
0 0 49.23
0 0 49.26
0 0 49.3
0 0 49.33
0 0 49.36
0 0 49.39
0 0 49.43
0 0 49.46
0 0 49.49
0 0 49.53
0 0 49.56
0 0 49.6
0 0 49.63
0 0 49.66
0 0 49.7
0 0 49.73
0 0 49.76
0 0 49.8
0 0 49.83
0 0 49.86
0 0 49.9
0 0 49.93
0 0 49.96
0 0 49.99
0 0 50.03
0 0 50.06
0 0 50.09
0 0 50.13
0 0 50.16
0 0 50.19
0 0 50.23
0 0 50.26
0 0 50.29
0 0 50.33
0 0 50.36
0 0 50.39
0 0 50.43
0 0 50.46
0 0 50.49
0 0 50.53
0 0 50.56
0 0 50.59
0 0 50.63
0 0 50.66
0 0 50.69
0 0 50.73
0 0 50.76
0 0 50.79
0 0 50.83
0 0 50.86
0 0 50.89
0 0 50.93
0 0 50.96
0 0 50.99
0 0 51.03
0 0 51.06
0 0 51.09
0 0 51.13
0 0 51.16
0 0 51.19
0 0 51.23
0 0 51.26
0 0 51.29
0 0 51.33
0 0 51.36
0 0 51.39
0 0 51.43
0 0 51.46
0 0 51.49
0 0 51.53
0 0 51.56
0 0 51.59
0 0 51.63
0 0 51.66
0 0 51.69
0 0 51.73
0 0 51.76
0 0 51.79
0 0 51.83
0 0 51.86
0 0 51.89
0 0 51.93
0 0 51.96
0 0 51.99
0 0 52.03
0 0 52.06
0 0 52.09
0 0 52.13
0 0 52.16
0 0 52.19
0 0 52.23
0 0 52.26
0 0 52.29
0 0 52.33
0 0 52.36
0 0 52.39
0 0 52.43
0 0 52.46
0 0 52.49
0 0 52.53
0 0 52.56
0 0 52.59
0 0 52.63
0 0 52.66
0 0 52.69
0 0 52.73
0 0 52.76
0 0 52.79
0 0 52.83
0 0 52.86
0 0 52.89
0 0 52.93
0 0 52.96
0 0 52.99
0 0 53.03
0 0 53.06
0 0 53.09
0 0 53.13
0 0 53.16
0 0 53.2
0 0 53.23
0 0 53.26
0 0 53.29
0 0 53.33
0 0 53.36
0 0 53.39
0 0 53.43
0 0 53.46
0 0 53.49
0 0 53.53
0 0 53.56
0 0 53.59
0 0 53.63
0 0 53.66
0 0 53.69
0 0 53.73
0 0 53.76
0 0 53.79
0 0 53.83
0 0 53.86
0 0 53.89
0 0 53.93
0 0 53.96
0 0 53.99
0 0 54.03
0 0 54.06
0 0 54.09
0 0 54.13
0 0 54.16
0 0 54.19
0 0 54.23
0 0 54.26
0 0 54.29
0 0 54.33
0 0 54.36
0 0 54.39
0 0 54.43
0 0 54.46
0 0 54.49
0 0 54.53
0 0 54.56
0 0 54.59
0 0 54.63
0 0 54.66
0 0 54.69
0 0 54.73
0 0 54.76
0 0 54.79
0 0 54.83
0 0 54.86
0 0 54.89
0 0 54.93
0 0 54.96
0 0 54.99
0 0 55.03
0 0 55.06
0 0 55.09
0 0 55.13
0 0 55.16
0 0 55.2
0 0 55.23
0 0 55.26
0 0 55.29
0 0 55.33
0 0 55.36
0 0 55.39
0 0 55.43
0 0 55.46
0 0 55.49
0 0 55.53
0 0 55.56
0 0 55.59
0 0 55.63
0 0 55.66
0 0 55.69
0 0 55.73
0 0 55.76
0 0 55.79
0 0 55.83
0.286 0.152 55.86
0.273 0.018 55.9
0.269 0.014 55.93
0.265 0.013 55.96
0.263 0.012 56.0
0.263 0.011 56.03
0.267 0.01 56.06
0.267 0.008 56.1
0.27 0.011 56.13
0.275 0.007 56.16
0.277 0.006 56.2
0.275 0.004 56.23
0.275 0.004 56.26
0.274 0.003 56.3
0.274 0.003 56.33
0.277 0.003 56.36
0.276 0.001 56.4
0.278 0.004 56.43
0.279 0.003 56.46
0.282 0.001 56.5
0.282 0.001 56.53
0 0 56.56
0.285 0.002 56.6
0.286 0.002 56.63
0.288 0.002 56.66
0.295 0.003 56.7
0.295 0.006 56.73
0.293 0.01 56.76
0.293 0.012 56.8
0.291 0.011 56.83
0.289 0.009 56.86
0.288 0.007 56.9
0.291 0.003 56.93
0.293 0.004 56.96
0.296 0.008 56.99
0.304 0.012 57.03
0.31 0.015 57.06
0.321 0.019 57.09
0.344 0.027 57.13
0 0 57.16
0 0 57.19
0 0 57.23
0 0 57.26
0 0 57.29
0 0 57.33
0 0 57.36
0 0 57.39
0 0 57.43
0 0 57.46
0 0 57.49
0 0 57.53
0 0 57.56
0 0 57.59
0 0 57.63
0 0 57.66
0 0 57.69
0 0 57.73
0 0 57.76
0 0 57.79
0 0 57.83
0 0 57.86
0 0 57.89
0 0 57.93
0 0 57.96
0 0 57.99
0 0 58.03
0 0 58.06
0 0 58.09
0 0 58.13
0 0 58.16
0 0 58.19
0 0 58.23
0 0 58.26
0 0 58.29
0 0 58.33
0 0 58.36
0 0 58.39
0 0 58.43
0 0 58.46
0 0 58.49
0 0 58.53
0 0 58.56
0 0 58.59
0 0 58.63
0 0 58.66
0 0 58.69
0 0 58.72
0 0 58.76
0 0 58.79
0 0 58.83
0 0 58.86
0 0 58.89
0 0 58.93
0 0 58.96
0 0 58.99
0 0 59.03
0 0 59.06
0 0 59.09
0 0 59.13
0 0 59.16
0 0 59.19
0 0 59.23
0 0 59.26
0 0 59.29
0 0 59.33
0 0 59.36
0 0 59.39
0 0 59.43
0 0 59.46
0 0 59.49
0 0 59.53
0 0 59.56
0 0 59.59
0 0 59.63
0 0 59.66
0 0 59.69
0 0 59.73
0 0 59.76
0 0 59.79
0 0 59.82
0 0 59.86
0 0 59.89
0 0 59.93
0 0 59.96
0 0 59.99
0 0 60.03
0 0 60.06
0 0 60.09
0 0 60.13
0 0 60.16
0 0 60.19
0 0 60.22
0 0 60.26
0 0 60.29
0 0 60.33
0 0 60.36
0 0 60.39
0 0 60.43
0 0 60.46
0 0 60.49
0 0 60.53
0 0 60.56
0 0 60.59
0 0 60.63
0 0 60.66
0 0 60.69
0 0 60.72
0 0 60.76
0 0 60.79
0 0 60.83
0 0 60.86
0 0 60.89
0 0 60.93
0 0 60.96
0 0 60.99
0 0 61.03
0 0 61.06
0 0 61.09
0 0 61.12
0 0 61.16
0 0 61.19
0 0 61.23
0 0 61.26
0 0 61.29
0 0 61.33
0 0 61.36
0 0 61.39
0 0 61.42
0 0 61.46
0 0 61.49
0 0 61.53
0 0 61.56
0 0 61.59
0 0 61.62
0 0 61.66
0 0 61.69
0 0 61.72
0 0 61.76
0 0 61.79
0 0 61.82
0 0 61.86
0 0 61.89
0 0 61.93
0 0 61.96
0 0 61.99
0 0 62.03
0 0 62.06
0 0 62.09
0 0 62.12
0 0 62.16
0 0 62.19
0 0 62.22
0 0 62.26
0 0 62.29
0 0 62.32
0 0 62.36
0 0 62.39
0 0 62.42
0 0 62.46
0 0 62.49
0 0 62.53
0 0 62.56
0 0 62.59
0 0 62.63
0 0 62.66
0 0 62.69
0 0 62.72
0 0 62.76
0 0 62.79
0 0 62.82
0 0 62.86
0 0 62.89
0 0 62.93
0 0 62.96
0 0 62.99
0 0 63.03
0 0 63.06
0 0 63.09
0 0 63.13
0 0 63.16
0 0 63.19
0 0 63.23
0 0 63.26
0 0 63.29
0 0 63.33
0 0 63.36
0 0 63.39
0 0 63.43
0 0 63.46
0 0 63.49
0 0 63.53
0 0 63.56
0 0 63.59
0 0 63.63
0 0 63.66
0 0 63.69
0 0 63.73
0 0 63.76
0 0 63.79
0 0 63.82
0 0 63.86
0 0 63.89
0 0 63.93
0 0 63.96
0 0 63.99
0 0 64.03
0 0 64.06
0 0 64.09
0 0 64.12
0 0 64.16
0 0 64.19
0 0 64.22
0 0 64.26
0 0 64.29
0 0 64.33
0 0 64.36
0 0 64.39
0 0 64.43
0 0 64.46
0 0 64.49
0 0 64.53
0 0 64.56
0 0 64.59
0 0 64.63
0 0 64.66
0 0 64.69
0 0 64.73
0 0 64.76
0 0 64.79
0 0 64.83
0 0 64.86
0 0 64.89
0 0 64.93
0 0 64.96
0 0 64.99
0 0 65.03
0 0 65.06
0 0 65.09
0 0 65.13
0 0 65.16
0 0 65.19
0 0 65.23
0 0 65.26
0 0 65.29
0 0 65.33
0 0 65.36
0 0 65.39
0 0 65.42
0 0 65.46
0 0 65.49
0 0 65.53
0 0 65.56
0 0 65.59
0 0 65.62
0 0 65.66
0 0 65.69
0 0 65.72
0 0 65.76
0 0 65.79
0 0 65.83
0 0 65.86
0 0 65.89
0 0 65.92
0 0 65.96
0 0 65.99
0 0 66.03
0 0 66.06
0 0 66.09
0 0 66.12
0 0 66.16
0 0 66.19
0 0 66.23
0 0 66.26
0 0 66.29
0 0 66.32
0 0 66.36
0 0 66.39
0 0 66.42
0 0 66.46
0 0 66.49
0 0 66.53
0 0 66.56
0 0 66.59
0 0 66.62
0 0 66.66
0 0 66.69
0 0 66.72
0 0 66.76
0 0 66.79
0 0 66.83
0 0 66.86
0 0 66.89
0 0 66.93
0 0 66.96
0 0 66.99
0 0 67.02
0 0 67.06
0 0 67.09
0 0 67.12
0 0 67.16
0 0 67.19
0 0 67.22
0 0 67.26
0 0 67.29
0 0 67.32
0 0 67.36
0 0 67.39
0 0 67.42
0 0 67.46
0 0 67.49
0 0 67.53
0 0 67.56
0 0 67.59
0 0 67.62
0 0 67.66
0 0 67.69
0 0 67.72
0 0 67.76
0 0 67.79
0 0 67.82
0 0 67.86
0 0 67.89
0 0 67.92
0 0 67.96
0 0 67.99
0 0 68.02
0 0 68.06
0 0 68.09
0 0 68.12
0 0 68.16
0 0 68.19
0 0 68.22
0 0 68.26
0 0 68.29
0 0 68.32
0 0 68.36
0 0 68.39
0 0 68.42
0 0 68.46
0 0 68.49
0 0 68.53
0 0 68.56
0 0 68.59
0 0 68.62
0 0 68.66
0.324 0.027 68.7
0 0 68.72
0.301 0.043 68.76
0 0 68.79
0.287 0.025 68.83
0 0 68.86
0.287 0.013 68.89
0 0 68.93
0.288 0.009 68.96
0 0 68.99
0 0 69.03
0.3 0.015 69.06
0 0 69.09
0 0 69.13
0 0 69.16
0 0 69.19
0 0 69.23
0.316 0.016 69.26
0 0 69.29
0 0 69.33
0 0 69.36
0 0 69.39
0 0 69.42
0 0 69.46
0 0 69.49
0 0 69.53
0 0 69.56
0 0 69.59
0 0 69.63
0 0 69.66
0 0 69.69
0 0 69.72
0 0 69.76
0.324 0.008 69.79
0.323 0.001 69.83
0.329 0.004 69.86
0 0 69.89
0 0 69.93
0 0 69.96
0.337 0.012 69.99
0.338 0.006 70.03
0.342 0.002 70.06
0 0 70.09
0.345 0.005 70.13
0.347 0.003 70.16
0.35 0.003 70.19
0 0 70.22
0.353 0.008 70.26
0.358 0.006 70.29
0.362 0.008 70.33
0.367 0.01 70.36
0.377 0.014 70.39
0.388 0.018 70.43
0 0 70.46
0 0 70.49
0.44 0.074 70.53
0 0 70.56
0 0 70.59
0 0 70.62
0 0 70.66
0 0 70.69
0 0 70.72
0 0 70.76
0 0 70.79
0 0 70.83
0 0 70.86
0 0 70.89
0 0 70.92
0 0 70.96
0 0 70.99
0 0 71.03
0 0 71.06
0 0 71.09
0 0 71.12
0 0 71.16
0 0 71.19
0 0 71.22
0 0 71.26
0 0 71.29
0 0 71.32
0 0 71.36
0 0 71.39
0 0 71.42
0 0 71.46
0 0 71.49
0 0 71.53
0 0 71.56
0 0 71.59
0 0 71.62
0.601 0.197 71.66
0 0 71.69
0.602 0.003 71.73
0.606 0.006 71.76
0 0 71.79
0 0 71.82
0 0 71.86
0 0 71.89
0 0 71.92
0 0 71.96
0 0 71.99
0 0 72.02
0.618 0.012 72.06
0 0 72.09
0.616 0.011 72.12
0 0 72.16
0 0 72.19
0 0 72.22
0 0 72.26
0 0 72.29
0 0 72.32
0 0 72.36
0 0 72.39
0 0 72.42
0 0 72.46
0 0 72.49
0 0 72.52
0 0 72.56
0 0 72.59
0 0 72.62
0 0 72.66
0 0 72.69
0 0 72.72
0 0 72.76
0 0 72.79
0 0 72.82
0 0 72.86
0 0 72.89
0 0 72.92
0 0 72.96
0 0 72.99
0 0 73.02
0 0 73.06
0 0 73.09
0 0 73.12
0 0 73.16
0 0 73.19
0 0 73.22
0 0 73.26
0 0 73.29
0 0 73.32
0 0 73.36
0 0 73.39
0 0 73.42
0 0 73.46
0 0 73.49
0 0 73.52
0 0 73.56
0 0 73.59
0 0 73.62
0 0 73.66
0 0 73.69
0 0 73.72
0 0 73.76
0 0 73.79
0 0 73.82
0 0 73.86
0 0 73.89
0 0 73.92
0 0 73.96
0 0 73.99
0 0 74.02
0 0 74.06
0 0 74.09
0 0 74.12
0 0 74.16
0 0 74.19
0 0 74.22
0 0 74.26
0 0 74.29
0 0 74.32
0 0 74.36
0 0 74.39
0 0 74.42
0 0 74.46
0 0 74.49
0 0 74.52
0 0 74.56
0 0 74.59
0 0 74.62
0 0 74.66
0 0 74.69
0 0 74.72
0 0 74.76
0 0 74.79
0.526 0.097 74.82
0 0 74.86
0.489 0.041 74.89
0.475 0.018 74.93
0.461 0.016 74.96
0.45 0.015 74.99
0.441 0.014 75.03
0.433 0.013 75.06
0.428 0.012 75.09
0.423 0.011 75.13
0.42 0.009 75.16
0.416 0.008 75.19
0.412 0.007 75.22
0.409 0.007 75.26
0.405 0.006 75.29
0.403 0.006 75.32
0.403 0.005 75.36
0.403 0.004 75.39
0.402 0.002 75.42
0.4 0.003 75.46
0.398 0.003 75.49
0.396 0.002 75.53
0.394 0.002 75.56
0.392 0.003 75.59
0.39 0.003 75.63
0.388 0.002 75.66
0.386 0.003 75.69
0.382 0.003 75.72
0.379 0.004 75.76
0.377 0.002 75.79
0.375 0.003 75.83
0.373 0.002 75.86
0.371 0.003 75.89
0.37 0.002 75.93
0.37 0.002 75.96
0.369 0.001 75.99
0.369 0.001 76.03
0.369 0.001 76.06
0.369 0.001 76.09
0.368 0.001 76.13
0.367 0.003 76.16
0.367 0.002 76.19
0.367 0.005 76.23
0.367 0.002 76.26
0.366 0.003 76.29
0.367 0.002 76.33
0.367 0.004 76.36
0.367 0.003 76.39
0.367 0.002 76.42
0.366 0.002 76.46
0.366 0.001 76.49
0.365 0.004 76.53
0.365 0.003 76.56
0.364 0.003 76.59
0.363 0.001 76.62
0.363 0.001 76.66
0.362 0.001 76.7
0.362 0.001 76.73
0.361 0.001 76.76
0.361 0.003 76.79
0.361 0.002 76.83
0.36 0.003 76.86
0.36 0.003 76.89
0.359 0.002 76.93
0.359 0.002 76.96
0.357 0.002 76.99
0.356 0.002 77.03
0.355 0.002 77.06
0.353 0.002 77.09
0.352 0.002 77.13
0.352 0.002 77.16
0.351 0.002 77.19
0.349 0.002 77.23
0.349 0.002 77.26
0.347 0.003 77.29
0.346 0.002 77.33
0.345 0.002 77.36
0.346 0.002 77.39
0.346 0.001 77.43
0.346 0.001 77.46
0.346 0.002 77.49
0.346 0.001 77.53
0.345 0.002 77.56
0.345 0.001 77.59
0.344 0.002 77.62
0.344 0.001 77.66
0.343 0.002 77.69
0.343 0.001 77.73
0.344 0.002 77.76
0.344 0.001 77.79
0.344 0.001 77.83
0.342 0.002 77.86
0.34 0.003 77.89
0.339 0.001 77.93
0.34 0.0 77.96
0.34 0.001 77.99
0.34 0.001 78.03
0.341 0.002 78.06
0.342 0.002 78.09
0.343 0.002 78.13
0.344 0.001 78.16
0.345 0.001 78.19
0.345 0.002 78.22
0.347 0.003 78.26
0.349 0.003 78.29
0.351 0.004 78.33
0.352 0.002 78.36
0.352 0.003 78.39
0.353 0.001 78.42
0.354 0.001 78.46
0.354 0.001 78.49
0.354 0.0 78.53
0.355 0.002 78.56
0.356 0.002 78.59
0.356 0.002 78.62
0.357 0.001 78.66
0.358 0.001 78.69
0.358 0.001 78.73
0.359 0.001 78.76
0.359 0.001 78.79
0.359 0.001 78.82
0.359 0.002 78.86
0.357 0.002 78.89
0.354 0.002 78.93
0.353 0.001 78.96
0.354 0.002 78.99
0.353 0.002 79.03
0.352 0.003 79.06
0.352 0.002 79.09
0.352 0.002 79.12
0.351 0.002 79.16
0.351 0.0 79.19
0.353 0.001 79.22
0.351 0.002 79.26
0.352 0.001 79.29
0.353 0.002 79.32
0.352 0.002 79.36
0.354 0.001 79.39
0.355 0.002 79.42
0.356 0.002 79.46
0.357 0.003 79.49
0.359 0.002 79.53
0.361 0.003 79.56
0.362 0.004 79.59
0.365 0.005 79.62
0.369 0.005 79.66
0.367 0.004 79.69
0.371 0.005 79.72
0.375 0.005 79.76
0.375 0.003 79.79
0.377 0.003 79.82
0.379 0.002 79.86
0.379 0.005 79.89
0.377 0.002 79.92
0.378 0.001 79.96
0.379 0.003 79.99
0.377 0.002 80.03
0.378 0.002 80.06
0.379 0.003 80.09
0.377 0.002 80.12
0.376 0.005 80.16
0.376 0.002 80.19
0.372 0.002 80.22
0.372 0.002 80.26
0.371 0.001 80.29
0.372 0.001 80.32
0.366 0.003 80.36
0.368 0.003 80.39
0.368 0.003 80.42
0.365 0.003 80.46
0.368 0.005 80.49
0.372 0.007 80.53
0.372 0.011 80.56
0.378 0.015 80.59
0.391 0.019 80.62
0 0 80.66
0.42 0.047 80.69
0 0 80.72
0 0 80.76
0 0 80.79
0 0 80.82
0 0 80.86
0 0 80.89
0 0 80.92
0 0 80.95
0 0 80.99
0 0 81.02
0 0 81.06
0 0 81.09
0 0 81.12
0 0 81.15
0 0 81.19
0 0 81.22
0 0 81.25
0 0 81.29
0 0 81.32
0 0 81.36
0 0 81.39
0 0 81.42
0 0 81.45
0 0 81.49
0 0 81.52
0 0 81.55
0 0 81.59
0 0 81.62
0 0 81.65
0 0 81.69
0 0 81.72
0 0 81.75
0 0 81.79
0 0 81.82
0 0 81.86
0 0 81.89
0 0 81.92
0 0 81.95
0 0 81.99
0 0 82.02
0 0 82.05
0 0 82.09
0 0 82.12
0 0 82.15
0 0 82.19
0 0 82.22
0 0 82.25
0 0 82.29
0 0 82.32
0 0 82.36
0 0 82.39
0 0 82.42
0 0 82.46
0 0 82.49
0 0 82.52
0 0 82.55
0 0 82.59
0 0 82.62
0 0 82.65
0 0 82.69
0 0 82.72
0 0 82.75
0 0 82.79
0 0 82.82
0 0 82.86
0 0 82.89
0 0 82.92
0 0 82.95
0 0 82.99
0 0 83.02
0 0 83.05
0 0 83.09
0 0 83.12
0 0 83.16
0 0 83.19
0 0 83.22
0 0 83.26
0 0 83.29
0 0 83.32
0 0 83.36
0 0 83.39
0 0 83.42
0 0 83.46
0 0 83.49
0 0 83.52
0 0 83.55
0 0 83.59
0 0 83.62
0 0 83.65
0 0 83.69
0 0 83.72
0 0 83.75
0 0 83.79
0 0 83.82
0 0 83.86
0 0 83.89
0 0 83.92
0 0 83.95
0 0 83.99
0 0 84.02
0 0 84.05
0 0 84.09
0 0 84.12
0 0 84.15
0 0 84.19
0 0 84.22
0 0 84.26
0 0 84.29
0 0 84.32
0 0 84.36
0 0 84.39
0 0 84.42
0 0 84.45
0 0 84.49
0 0 84.52
0 0 84.55
0 0 84.59
0 0 84.62
0 0 84.65
0 0 84.69
0 0 84.72
0 0 84.75
0 0 84.79
0 0 84.82
0 0 84.86
0 0 84.89
0 0 84.92
0 0 84.96
0 0 84.99
0 0 85.02
0 0 85.06
0 0 85.09
0 0 85.12
0 0 85.15
0 0 85.19
0 0 85.22
0 0 85.26
0 0 85.29
0 0 85.32
0 0 85.36
0 0 85.39
0 0 85.42
0 0 85.46
0 0 85.49
0 0 85.52
0 0 85.56
0 0 85.59
0 0 85.62
0 0 85.66
0 0 85.69
0 0 85.72
0 0 85.75
0 0 85.79
0 0 85.82
0 0 85.86
0 0 85.89
0 0 85.92
0 0 85.96
0 0 85.99
0 0 86.02
0 0 86.05
0 0 86.09
0 0 86.12
0 0 86.15
0 0 86.19
0 0 86.22
0 0 86.25
0 0 86.29
0 0 86.32
0 0 86.36
0 0 86.39
0 0 86.42
0 0 86.45
0 0 86.49
0 0 86.52
0 0 86.55
0 0 86.59
0 0 86.62
0 0 86.65
0 0 86.69
0 0 86.72
0 0 86.75
0 0 86.79
0 0 86.82
0 0 86.86
0 0 86.89
0 0 86.92
0 0 86.96
0 0 86.99
0 0 87.02
0 0 87.05
0 0 87.09
0 0 87.12
0 0 87.15
0 0 87.19
0 0 87.22
0 0 87.25
0 0 87.29
0 0 87.32
0 0 87.36
0 0 87.39
0 0 87.42
0 0 87.45
0 0 87.49
0 0 87.52
0 0 87.56
0 0 87.59
0 0 87.62
0 0 87.65
0 0 87.69
0 0 87.72
0 0 87.75
0 0 87.79
0 0 87.82
0 0 87.86
0 0 87.89
0 0 87.92
0 0 87.95
0 0 87.99
0 0 88.02
0 0 88.05
0 0 88.09
0 0 88.12
0 0 88.15
0 0 88.19
0 0 88.22
0 0 88.25
0 0 88.29
0 0 88.32
0 0 88.36
0 0 88.39
0 0 88.42
0 0 88.45
0 0 88.49
0 0 88.52
0 0 88.55
0 0 88.59
0 0 88.62
0 0 88.65
0 0 88.69
0 0 88.72
0 0 88.75
0 0 88.79
0 0 88.82
0 0 88.85
0 0 88.89
0 0 88.92
0 0 88.95
0 0 88.99
0 0 89.02
0 0 89.05
0 0 89.09
0 0 89.12
0 0 89.15
0 0 89.19
0 0 89.22
0 0 89.25
0 0 89.29
0 0 89.32
0 0 89.35
0 0 89.39
0 0 89.42
0 0 89.45
0 0 89.49
0 0 89.52
0 0 89.55
0 0 89.59
0 0 89.62
0 0 89.65
0 0 89.69
0 0 89.72
0 0 89.75
0 0 89.79
0 0 89.82
0 0 89.85
0 0 89.89
0 0 89.92
0 0 89.95
0 0 89.99
0 0 90.02
0 0 90.05
0 0 90.09
0 0 90.12
0 0 90.15
0 0 90.19
0 0 90.22
0 0 90.25
0 0 90.29
0 0 90.32
0 0 90.35
0 0 90.39
0 0 90.42
0 0 90.45
0 0 90.49
0 0 90.52
0 0 90.55
0 0 90.59
0 0 90.62
0 0 90.65
0 0 90.69
0 0 90.72
0 0 90.75
0 0 90.79
0 0 90.82
0 0 90.85
0 0 90.89
0 0 90.92
0 0 90.95
0 0 90.99
0 0 91.02
0 0 91.05
0 0 91.09
0 0 91.12
0 0 91.15
0 0 91.19
0 0 91.22
0 0 91.25
0 0 91.29
0 0 91.32
0 0 91.36
0 0 91.39
0 0 91.42
0 0 91.45
0 0 91.49
0 0 91.52
0 0 91.55
0 0 91.59
0 0 91.62
0 0 91.65
0 0 91.69
0 0 91.72
0 0 91.75
0 0 91.79
0 0 91.82
0 0 91.86
0 0 91.89
0 0 91.92
0 0 91.95
0 0 91.99
0 0 92.02
0 0 92.05
0 0 92.09
0 0 92.12
0 0 92.15
0 0 92.19
0 0 92.22
0 0 92.25
0 0 92.29
0 0 92.32
0 0 92.35
0 0 92.39
0 0 92.42
0 0 92.45
0 0 92.49
0 0 92.52
0 0 92.55
0 0 92.59
0 0 92.62
0 0 92.66
0 0 92.69
0 0 92.72
0 0 92.75
0 0 92.79
0 0 92.82
0 0 92.86
0 0 92.89
0 0 92.92
0 0 92.95
0 0 92.99
0 0 93.02
0 0 93.05
0 0 93.09
0 0 93.12
0 0 93.15
0 0 93.19
0 0 93.22
0 0 93.25
0 0 93.29
0 0 93.32
0 0 93.35
0 0 93.39
0 0 93.42
0 0 93.45
0 0 93.49
0 0 93.52
0 0 93.55
0 0 93.59
0 0 93.62
0 0 93.65
0 0 93.69
0 0 93.72
0 0 93.75
0 0 93.79
0 0 93.82
0 0 93.85
0 0 93.89
0 0 93.92
0 0 93.95
0 0 93.99
0 0 94.02
0 0 94.05
0 0 94.09
0 0 94.12
0 0 94.15
0 0 94.19
0 0 94.22
0 0 94.25
0 0 94.29
0 0 94.32
0 0 94.35
0 0 94.39
0 0 94.42
0 0 94.45
0 0 94.49
0 0 94.52
0 0 94.55
0 0 94.59
0 0 94.62
0 0 94.65
0 0 94.69
0 0 94.72
0 0 94.75
0.599 0.197 94.79
0 0 94.82
0 0 94.85
0 0 94.89
0 0 94.92
0.589 0.028 94.95
0.576 0.018 94.99
0.546 0.034 95.02
0 0 95.05
0 0 95.09
0 0 95.12
0 0 95.15
0 0 95.19
0 0 95.22
0 0 95.25
0 0 95.29
0.354 0.246 95.32
0.354 0.011 95.36
0.356 0.008 95.39
0.356 0.006 95.42
0.355 0.006 95.46
0 0 95.49
0.355 0.012 95.52
0.357 0.005 95.55
0.364 0.004 95.59
0.366 0.004 95.62
0.367 0.002 95.66
0.366 0.002 95.69
0.366 0.001 95.72
0.364 0.001 95.76
0.364 0.003 95.79
0.366 0.001 95.82
0.366 0.001 95.86
0.365 0.002 95.89
0.366 0.002 95.92
0.364 0.002 95.95
0.362 0.002 95.99
0.361 0.003 96.03
0.359 0.002 96.06
0.358 0.002 96.09
0.357 0.003 96.12
0.353 0.004 96.15
0.352 0.004 96.19
0.352 0.002 96.22
0.353 0.001 96.26
0.352 0.001 96.29
0.352 0.001 96.32
0.352 0.002 96.36
0.351 0.001 96.39
0.351 0.002 96.42
0.35 0.003 96.45
0.351 0.002 96.49
0.354 0.004 96.53
0.36 0.007 96.56
0.361 0.002 96.59
0.36 0.004 96.62
0.359 0.002 96.66
0.36 0.004 96.69
0.359 0.009 96.72
0.36 0.013 96.76
0.362 0.021 96.79
0.37 0.026 96.82
0.386 0.03 96.86
0 0 96.89
0.435 0.064 96.92
0 0 96.95
0 0 96.99
0 0 97.02
0 0 97.05
0 0 97.09
0 0 97.12
0 0 97.15
0 0 97.19
0 0 97.22
0 0 97.25
0 0 97.29
0 0 97.32
0 0 97.35
0 0 97.39
0 0 97.42
0 0 97.45
0 0 97.48
0 0 97.52
0 0 97.55
0 0 97.59
0 0 97.62
0 0 97.65
0 0 97.69
0 0 97.72
0 0 97.75
0 0 97.78
0 0 97.82
0 0 97.85
0 0 97.88
0 0 97.92
0 0 97.95
0 0 97.99
0 0 98.02
0 0 98.05
0 0 98.08
0 0 98.12
0 0 98.15
0 0 98.19
0 0 98.22
0 0 98.25
0 0 98.29
0 0 98.32
0 0 98.36
0 0 98.39
0 0 98.42
0 0 98.45
0 0 98.49
0 0 98.52
0 0 98.55
0 0 98.59
0 0 98.62
0 0 98.65
0 0 98.69
0 0 98.72
0 0 98.75
0 0 98.79
0 0 98.82
0 0 98.85
0 0 98.88
0 0 98.92
0 0 98.95
0 0 98.99
0 0 99.02
0 0 99.05
0 0 99.08
0 0 99.12
0 0 99.15
0 0 99.19
0 0 99.22
0 0 99.25
0 0 99.28
0 0 99.32
0 0 99.35
0 0 99.39
0 0 99.42
0 0 99.45
0 0 99.49
0 0 99.52
0 0 99.55
0 0 99.59
0 0 99.62
0 0 99.65
0 0 99.69
0 0 99.72
0 0 99.75
0 0 99.79
0 0 99.82
0 0 99.85
0.477 0.099 99.89
0.464 0.017 99.92
0 0 99.95
0.449 0.025 99.99
0.447 0.009 100.02
0.447 0.007 100.05
0.449 0.005 100.09
0.453 0.004 100.12
0.455 0.003 100.16
0 0 100.19
0.46 0.005 100.22
0.462 0.002 100.26
0.463 0.001 100.29
0.465 0.002 100.32
0.466 0.001 100.36
0.466 0.001 100.39
0.467 0.001 100.42
0.467 0.001 100.45
0.468 0.001 100.49
0.468 0.001 100.52
0.468 0.002 100.55
0.469 0.002 100.59
0.469 0.002 100.62
0.467 0.002 100.65
0.467 0.001 100.69
0.466 0.001 100.72
0.466 0.001 100.75
0.465 0.001 100.79
0.464 0.001 100.82
0.462 0.002 100.86
0.46 0.003 100.89
0.455 0.005 100.92
0.449 0.007 100.95
0.442 0.008 100.99
0.435 0.008 101.02
0.429 0.008 101.05
0.423 0.009 101.09
0.418 0.009 101.12
0 0 101.15
0.407 0.019 101.19
0.403 0.007 101.22
0.401 0.005 101.25
0.4 0.004 101.29
0.399 0.003 101.32
0.399 0.001 101.36
0.398 0.004 101.39
0.398 0.001 101.42
0.398 0.003 101.45
0.399 0.002 101.49
0.399 0.003 101.52
0.4 0.003 101.55
0.402 0.002 101.59
0.403 0.003 101.62
0.403 0.004 101.65
0.404 0.003 101.69
0.403 0.004 101.72
0.404 0.003 101.75
0.403 0.003 101.79
0.402 0.004 101.82
0.399 0.005 101.86
0.395 0.006 101.89
0.392 0.006 101.92
0.388 0.007 101.95
0.386 0.007 101.99
0.382 0.005 102.02
0.381 0.005 102.05
0.38 0.005 102.09
0.378 0.004 102.12
0.376 0.003 102.15
0.374 0.003 102.19
0.373 0.003 102.22
0.37 0.003 102.26
0.369 0.003 102.29
0.369 0.003 102.32
0.368 0.001 102.36
0.367 0.001 102.39
0.366 0.002 102.42
0.365 0.002 102.45
0.364 0.002 102.49
0.364 0.001 102.52
0.365 0.002 102.55
0.366 0.004 102.59
0.368 0.007 102.62
0.372 0.01 102.65
0.376 0.016 102.69
0.382 0.02 102.72
0.392 0.023 102.75
0.406 0.024 102.79
0 0 102.82
0 0 102.85
0 0 102.89
0 0 102.92
0 0 102.95
0 0 102.99
0 0 103.02
0 0 103.05
0 0 103.08
0 0 103.12
0 0 103.15
0 0 103.19
0 0 103.22
0 0 103.25
0 0 103.28
0 0 103.32
0 0 103.35
0 0 103.38
0 0 103.42
0 0 103.45
0 0 103.48
0 0 103.52
0 0 103.55
0 0 103.58
0 0 103.62
0 0 103.65
0 0 103.69
0 0 103.72
0 0 103.75
0 0 103.78
0 0 103.82
0 0 103.85
0 0 103.88
0 0 103.92
0 0 103.95
0 0 103.98
0 0 104.02
0 0 104.05
0 0 104.08
0 0 104.12
0 0 104.15
0 0 104.19
0 0 104.22
0 0 104.25
0 0 104.28
0.6 0.244 104.32
0 0 104.35
0 0 104.38
0 0 104.42
0 0 104.45
0 0 104.48
0 0 104.52
0 0 104.55
0 0 104.58
0 0 104.62
0 0 104.65
0 0 104.69
0 0 104.72
0 0 104.75
0.547 0.034 104.78
0 0 104.82
0 0 104.85
0 0 104.88
0.474 0.072 104.92
0 0 104.95
0.421 0.044 104.99
0.404 0.018 105.02
0.385 0.021 105.05
0.362 0.017 105.09
0.347 0.017 105.12
0.332 0.016 105.15
0.321 0.012 105.19
0.305 0.01 105.22
0.299 0.007 105.25
0.293 0.006 105.29
0.286 0.003 105.32
0.287 0.002 105.35
0.289 0.002 105.39
0 0 105.42
0.292 0.011 105.45
0.302 0.014 105.49
0.312 0.018 105.52
0 0 105.55
0 0 105.59
0 0 105.62
0 0 105.65
0 0 105.69
0 0 105.72
0 0 105.75
0 0 105.78
0 0 105.82
0 0 105.85
0 0 105.88
0 0 105.92
0 0 105.95
0 0 105.98
0 0 106.02
0 0 106.05
0 0 106.08
0 0 106.12
0 0 106.15
0 0 106.18
0 0 106.22
0 0 106.25
0 0 106.29
0 0 106.32
0 0 106.35
0 0 106.38
0 0 106.42
0 0 106.45
0 0 106.49
0 0 106.52
0 0 106.55
0 0 106.59
0 0 106.62
0 0 106.65
0 0 106.69
0 0 106.72
0 0 106.75
0 0 106.78
0 0 106.82
0 0 106.85
0 0 106.88
0 0 106.92
0 0 106.95
0 0 106.98
0 0 107.02
0 0 107.05
0 0 107.08
0 0 107.12
0 0 107.15
0 0 107.19
0 0 107.22
0 0 107.25
0 0 107.28
0 0 107.32
0 0 107.35
0 0 107.38
0 0 107.42
0 0 107.45
0 0 107.48
0 0 107.52
0 0 107.55
0 0 107.58
0 0 107.62
0 0 107.65
0 0 107.68
0 0 107.72
0 0 107.75
0 0 107.78
0 0 107.82
0 0 107.85
0 0 107.88
0 0 107.92
0 0 107.95
0 0 107.98
0 0 108.02
0 0 108.05
0 0 108.08
0 0 108.12
0 0 108.15
0 0 108.18
0 0 108.22
0 0 108.25
0 0 108.28
0 0 108.32
0 0 108.35
0 0 108.38
0 0 108.42
0 0 108.45
0 0 108.48
0 0 108.52
0 0 108.55
0 0 108.58
0 0 108.62
0 0 108.65
0 0 108.69
0 0 108.72
0 0 108.75
0 0 108.78
0 0 108.82
0 0 108.85
0 0 108.88
0 0 108.92
0 0 108.95
0 0 108.98
0 0 109.02
0 0 109.05
0 0 109.08
0 0 109.12
0 0 109.15
0 0 109.18
0 0 109.22
0 0 109.25
0 0 109.28
0 0 109.32
0 0 109.35
0 0 109.38
0 0 109.42
0 0 109.45
0 0 109.48
0 0 109.52
0 0 109.55
0 0 109.58
0 0 109.62
0 0 109.65
0 0 109.68
0 0 109.72
0 0 109.75
0 0 109.78
0 0 109.82
0 0 109.85
0 0 109.88
0 0 109.92
0 0 109.95
0 0 109.98
0 0 110.02
0 0 110.05
0 0 110.08
0 0 110.12
0 0 110.15
0 0 110.18
0 0 110.22
0 0 110.25
0 0 110.28
0 0 110.32
0 0 110.35
0 0 110.38
0 0 110.42
0 0 110.45
0 0 110.48
0 0 110.52
0 0 110.55
0 0 110.58
0 0 110.62
0 0 110.65
0 0 110.68
0 0 110.72
0 0 110.75
0 0 110.78
0 0 110.82
0 0 110.85
0 0 110.88
0 0 110.92
0 0 110.95
0 0 110.98
0 0 111.02
0 0 111.05
0 0 111.08
0 0 111.12
0 0 111.15
0 0 111.18
0 0 111.22
0 0 111.25
0 0 111.28
0 0 111.32
0 0 111.35
0 0 111.38
0 0 111.42
0 0 111.45
0 0 111.48
0 0 111.52
0 0 111.55
0 0 111.58
0 0 111.61
0 0 111.65
0 0 111.68
0 0 111.72
0 0 111.75
0 0 111.78
0 0 111.82
0 0 111.85
0 0 111.88
0 0 111.92
0 0 111.95
0 0 111.98
0 0 112.02
0 0 112.05
0 0 112.08
0 0 112.11
0 0 112.15
0 0 112.18
0 0 112.21
0 0 112.25
0 0 112.28
0 0 112.32
0 0 112.35
0 0 112.38
0 0 112.42
0 0 112.45
0 0 112.48
0 0 112.52
0 0 112.55
0 0 112.58
0 0 112.62
0 0 112.65
0 0 112.68
0 0 112.71
0 0 112.75
0 0 112.78
0 0 112.82
0 0 112.85
0 0 112.88
0.403 0.028 112.92
0.395 0.018 112.95
0.395 0.012 112.99
0.397 0.007 113.02
0.403 0.008 113.05
0.414 0.01 113.09
0.422 0.009 113.12
0.429 0.007 113.15
0.438 0.006 113.19
0.443 0.005 113.22
0.448 0.005 113.25
0.454 0.003 113.29
0.456 0.002 113.32
0.455 0.002 113.35
0.457 0.001 113.38
0.455 0.002 113.42
0.454 0.002 113.45
0.452 0.002 113.49
0.454 0.002 113.52
0.453 0.001 113.55
0.452 0.001 113.59
0.456 0.001 113.62
0.456 0.0 113.65
0.456 0.001 113.69
0.455 0.002 113.72
0.453 0.003 113.75
0.45 0.003 113.78
0.446 0.004 113.82
0.445 0.003 113.85
0.443 0.003 113.89
0.441 0.003 113.92
0.44 0.003 113.95
0.439 0.002 113.98
0.439 0.002 114.02
0.441 0.002 114.05
0.441 0.001 114.08
0.44 0.001 114.12
0.439 0.004 114.15
0.438 0.002 114.19
0.437 0.001 114.22
0.437 0.001 114.25
0.437 0.002 114.28
0.437 0.004 114.32
0.435 0.007 114.35
0.434 0.008 114.38
0.432 0.009 114.42
0.43 0.007 114.45
0.428 0.006 114.48
0.425 0.005 114.52
0.42 0.004 114.55
0.416 0.006 114.59
0.413 0.009 114.62
0.41 0.011 114.65
0.408 0.011 114.69
0.409 0.01 114.72
0.412 0.007 114.75
0.413 0.003 114.78
0.414 0.003 114.82
0.416 0.002 114.85
0.416 0.001 114.89
0.416 0.001 114.92
0.414 0.002 114.95
0.411 0.003 114.98
0.409 0.004 115.02
0.407 0.003 115.05
0.407 0.003 115.08
0.407 0.002 115.12
0.407 0.001 115.15
0.407 0.002 115.19
0.408 0.001 115.22
0.408 0.001 115.25
0.409 0.002 115.29
0.408 0.001 115.32
0.407 0.002 115.35
0.406 0.003 115.39
0.405 0.004 115.42
0.403 0.004 115.45
0.403 0.004 115.48
0.401 0.005 115.52
0.401 0.004 115.55
0.4 0.006 115.58
0.401 0.005 115.62
0.402 0.003 115.65
0.403 0.004 115.69
0.404 0.003 115.72
0.405 0.003 115.75
0.405 0.002 115.78
0.407 0.002 115.82
0.409 0.002 115.85
0.41 0.002 115.88
0.412 0.002 115.92
0.413 0.002 115.95
0.415 0.002 115.98
0.416 0.003 116.02
0.417 0.003 116.05
0.417 0.0 116.09
0.417 0.002 116.12
0.418 0.002 116.15
0.418 0.003 116.19
0.418 0.001 116.22
0.419 0.001 116.25
0.421 0.002 116.28
0.421 0.002 116.32
0.423 0.002 116.35
0.425 0.002 116.38
0.425 0.001 116.42
0.426 0.002 116.45
0.428 0.001 116.48
0.428 0.002 116.52
0.429 0.002 116.55
0.43 0.001 116.59
0.431 0.002 116.62
0.432 0.002 116.65
0.433 0.0 116.69
0.432 0.001 116.72
0.432 0.001 116.75
0.432 0.001 116.78
0.433 0.001 116.82
0.434 0.001 116.85
0.435 0.001 116.88
0.435 0.001 116.92
0.435 0.001 116.95
0.436 0.001 116.98
0.438 0.002 117.02
0.441 0.003 117.05
0.444 0.003 117.09
0.448 0.005 117.12
0.453 0.008 117.15
0.458 0.01 117.19
0.466 0.014 117.22
0.476 0.018 117.25
0.49 0.021 117.29
0 0 117.32
0 0 117.35
0 0 117.38
0 0 117.41
0 0 117.45
0 0 117.48
0 0 117.52
0 0 117.55
0 0 117.58
0 0 117.61
0 0 117.65
0 0 117.68
0 0 117.71
0 0 117.75
0 0 117.78
0 0 117.81
0 0 117.85
0 0 117.88
0 0 117.92
0 0 117.95
0 0 117.98
0 0 118.02
0 0 118.05
0 0 118.08
0 0 118.11
0 0 118.15
0 0 118.18
0 0 118.21
0 0 118.25
0 0 118.28
0 0 118.31
0 0 118.35
0 0 118.38
0 0 118.41
0 0 118.45
0 0 118.48
0 0 118.52
0 0 118.55
0 0 118.58
0 0 118.61
0 0 118.65
0 0 118.68
0 0 118.72
0 0 118.75
0 0 118.78
0 0 118.81
0 0 118.85
0 0 118.88
0 0 118.91
0 0 118.95
0 0 118.98
0 0 119.02
0 0 119.05
0 0 119.08
0 0 119.11
0 0 119.15
0 0 119.18
0 0 119.21
0 0 119.25
0 0 119.28
0 0 119.31
0 0 119.35
0 0 119.38
0 0 119.41
0 0 119.45
0 0 119.48
0 0 119.52
0 0 119.55
0 0 119.58
0 0 119.61
0 0 119.65
0 0 119.68
0 0 119.71
0 0 119.75
0 0 119.78
0 0 119.81
0 0 119.85
0 0 119.88
0 0 119.91
0 0 119.95
0 0 119.98
0 0 120.01
0 0 120.05
0 0 120.08
0 0 120.11
0 0 120.15
0 0 120.18
0 0 120.21
0 0 120.25
0 0 120.28
0 0 120.31
0 0 120.35
0 0 120.38
0 0 120.41
0 0 120.45
0 0 120.48
0 0 120.52
0 0 120.55
0 0 120.58
0 0 120.62
0 0 120.65
0 0 120.68
0 0 120.71
0 0 120.75
0 0 120.78
0 0 120.81
0 0 120.85
0 0 120.88
0 0 120.92
0 0 120.95
0 0 120.98
0 0 121.02
0 0 121.05
0 0 121.08
0 0 121.11
0 0 121.15
0 0 121.18
0 0 121.22
0 0 121.25
0 0 121.28
0 0 121.32
0 0 121.35
0 0 121.38
0 0 121.42
0 0 121.45
0 0 121.48
0 0 121.52
0 0 121.55
0 0 121.58
0 0 121.61
0 0 121.65
0 0 121.68
0 0 121.71
0 0 121.75
0 0 121.78
0 0 121.81
0 0 121.85
0 0 121.88
0 0 121.91
0 0 121.95
0 0 121.98
0 0 122.02
0 0 122.05
0 0 122.08
0 0 122.11
0 0 122.15
0 0 122.18
0 0 122.21
0 0 122.25
0 0 122.28
0 0 122.31
0 0 122.35
0 0 122.38
0 0 122.41
0 0 122.45
0 0 122.48
0 0 122.52
0 0 122.55
0 0 122.58
0 0 122.61
0 0 122.65
0 0 122.68
0 0 122.72
0 0 122.75
0 0 122.78
0 0 122.81
0 0 122.85
0 0 122.88
0 0 122.91
0 0 122.95
0 0 122.98
0 0 123.01
0 0 123.05
0 0 123.08
0 0 123.11
0 0 123.15
0 0 123.18
0 0 123.21
0 0 123.25
0 0 123.28
0 0 123.31
0 0 123.35
0 0 123.38
0 0 123.41
0 0 123.45
0 0 123.48
0 0 123.51
0 0 123.55
0 0 123.58
0 0 123.61
0 0 123.65
0 0 123.68
0 0 123.71
0 0 123.75
0 0 123.78
0 0 123.81
0 0 123.85
0 0 123.88
0 0 123.91
0 0 123.95
0 0 123.98
0 0 124.02
0 0 124.05
0 0 124.08
0 0 124.11
0 0 124.15
0 0 124.18
0 0 124.21
0 0 124.25
0 0 124.28
0 0 124.31
0 0 124.35
0 0 124.38
0 0 124.42
0 0 124.45
0 0 124.48
0 0 124.51
0 0 124.55
0 0 124.58
0 0 124.61
0 0 124.65
0 0 124.68
0 0 124.71
0 0 124.75
0 0 124.78
0 0 124.81
0 0 124.85
0 0 124.88
0 0 124.91
0 0 124.95
0 0 124.98
0 0 125.02
0 0 125.05
0 0 125.08
0 0 125.11
0 0 125.15
0 0 125.18
0 0 125.21
0 0 125.25
0 0 125.28
0 0 125.31
0 0 125.35
0 0 125.38
0 0 125.41
0 0 125.45
0 0 125.48
0 0 125.51
0 0 125.55
0 0 125.58
0 0 125.61
0 0 125.65
0 0 125.68
0 0 125.71
0 0 125.75
0 0 125.78
0 0 125.81
0 0 125.85
0 0 125.88
0 0 125.91
0 0 125.95
0 0 125.98
0 0 126.01
0 0 126.05
0 0 126.08
0 0 126.11
0 0 126.15
0 0 126.18
0 0 126.21
0 0 126.25
0 0 126.28
0 0 126.31
0 0 126.35
0 0 126.38
0 0 126.41
0 0 126.45
0 0 126.48
0 0 126.51
0 0 126.55
0 0 126.58
0 0 126.61
0 0 126.65
0 0 126.68
0 0 126.71
0 0 126.75
0 0 126.78
0 0 126.81
0 0 126.85
0 0 126.88
0 0 126.91
0 0 126.95
0 0 126.98
0 0 127.02
0 0 127.05
0 0 127.08
0 0 127.11
0 0 127.15
0 0 127.18
0 0 127.21
0 0 127.25
0 0 127.28
0 0 127.31
0 0 127.35
0 0 127.38
0 0 127.41
0 0 127.45
0 0 127.48
0 0 127.52
0 0 127.55
0 0 127.58
0 0 127.61
0 0 127.65
0 0 127.68
0 0 127.71
0 0 127.75
0 0 127.78
0 0 127.81
0 0 127.85
0 0 127.88
0 0 127.91
0 0 127.95
0 0 127.98
0 0 128.01
0 0 128.05
0 0 128.08
0 0 128.11
0 0 128.15
0 0 128.18
0 0 128.21
0 0 128.25
0 0 128.28
0 0 128.31
0 0 128.35
0 0 128.38
0 0 128.41
0 0 128.45
0 0 128.48
0 0 128.51
0 0 128.55
0 0 128.58
0 0 128.61
0 0 128.65
0 0 128.68
0 0 128.71
0 0 128.75
0 0 128.78
0 0 128.81
0 0 128.85
0 0 128.88
0 0 128.91
0 0 128.95
0 0 128.98
0 0 129.02
0 0 129.05
0 0 129.08
0 0 129.11
0 0 129.15
0 0 129.18
0 0 129.21
0 0 129.25
0 0 129.28
0 0 129.31
0 0 129.35
0 0 129.38
0 0 129.41
0 0 129.45
0 0 129.48
0 0 129.51
0 0 129.55
0 0 129.58
0 0 129.61
0 0 129.65
0 0 129.68
0 0 129.71
0 0 129.75
0 0 129.78
0 0 129.81
0 0 129.85
0 0 129.88
0 0 129.91
0 0 129.95
0 0 129.98
0 0 130.01
0 0 130.05
0 0 130.08
0 0 130.11
0 0 130.15
0 0 130.18
0 0 130.21
0 0 130.25
0 0 130.28
0 0 130.31
0 0 130.35
0 0 130.38
0 0 130.41
0 0 130.45
0 0 130.48
0 0 130.51
0 0 130.55
0 0 130.58
0 0 130.61
0 0 130.65
0 0 130.68
0 0 130.71
0 0 130.75
0 0 130.78
0 0 130.81
0 0 130.85
0 0 130.88
0 0 130.91
0 0 130.95
0 0 130.98
0 0 131.01
0 0 131.05
0 0 131.08
0 0 131.11
0 0 131.15
0 0 131.18
0 0 131.21
0 0 131.25
0 0 131.28
0 0 131.31
0 0 131.35
0 0 131.38
0 0 131.41
0 0 131.45
0 0 131.48
0 0 131.51
0 0 131.55
0 0 131.58
0 0 131.61
0 0 131.65
0 0 131.68
0 0 131.71
0 0 131.75
0 0 131.78
0 0 131.81
0 0 131.85
0 0 131.88
0 0 131.91
0 0 131.95
0 0 131.98
0 0 132.01
0 0 132.05
0 0 132.08
0 0 132.11
0 0 132.15
0 0 132.18
0 0 132.21
0 0 132.25
0 0 132.28
0 0 132.31
0 0 132.35
0 0 132.38
0 0 132.41
0 0 132.45
0 0 132.48
0 0 132.51
0 0 132.55
0 0 132.58
0 0 132.61
0 0 132.64
0 0 132.68
0 0 132.71
0 0 132.75
0 0 132.78
0 0 132.81
0 0 132.85
0 0 132.88
0 0 132.91
0 0 132.94
0 0 132.98
0 0 133.01
0 0 133.05
0 0 133.08
0 0 133.11
0 0 133.15
0 0 133.18
0 0 133.21
0 0 133.25
0 0 133.28
0 0 133.31
0 0 133.35
0 0 133.38
0 0 133.41
0 0 133.44
0 0 133.48
0 0 133.51
0 0 133.54
0 0 133.58
0 0 133.61
0 0 133.65
0 0 133.68
0 0 133.71
0 0 133.75
0 0 133.78
0 0 133.81
0 0 133.85
0 0 133.88
0 0 133.91
0 0 133.95
0 0 133.98
0 0 134.02
0 0 134.05
0 0 134.08
0 0 134.11
0 0 134.15
0 0 134.18
0 0 134.21
0 0 134.25
0 0 134.28
0 0 134.31
0 0 134.35
0 0 134.38
0 0 134.41
0 0 134.44
0 0 134.48
0 0 134.51
0 0 134.55
0 0 134.58
0 0 134.61
0 0 134.65
0 0 134.68
0 0 134.71
0 0 134.75
0.419 0.125 134.78
0.401 0.02 134.81
0.381 0.022 134.85
0 0 134.88
0 0 134.91
0.336 0.055 134.95
0.33 0.012 134.98
0.328 0.006 135.02
0.326 0.003 135.05
0.326 0.002 135.08
0.326 0.002 135.11
0.329 0.003 135.15
0.331 0.003 135.18
0.334 0.004 135.21
0.338 0.005 135.25
0.34 0.004 135.28
0.342 0.001 135.31
0.343 0.001 135.35
0.346 0.003 135.38
0.347 0.002 135.41
0.349 0.002 135.45
0.351 0.003 135.48
0 0 135.51
0.354 0.002 135.55
0.355 0.002 135.58
0 0 135.61
0.359 0.008 135.65
0.363 0.015 135.68
0.367 0.022 135.72
0.381 0.029 135.75
0 0 135.78
0 0 135.81
0 0 135.85
0 0 135.88
0 0 135.91
0 0 135.95
0 0 135.98
0 0 136.01
0 0 136.05
0 0 136.08
0 0 136.11
0 0 136.15
0 0 136.18
0 0 136.21
0 0 136.25
0 0 136.28
0 0 136.31
0 0 136.35
0 0 136.38
0 0 136.41
0 0 136.45
0 0 136.48
0 0 136.51
0 0 136.54
0 0 136.58
0 0 136.61
0 0 136.64
0 0 136.68
0 0 136.71
0 0 136.74
0 0 136.78
0 0 136.81
0 0 136.85
0 0 136.88
0 0 136.91
0 0 136.95
0 0 136.98
0 0 137.01
0 0 137.04
0 0 137.08
0 0 137.11
0 0 137.15
0 0 137.18
0 0 137.21
0 0 137.24
0 0 137.28
0 0 137.31
0 0 137.35
0 0 137.38
0 0 137.41
0 0 137.44
0 0 137.48
0 0 137.51
0 0 137.55
0 0 137.58
0 0 137.61
0 0 137.65
0 0 137.68
0 0 137.71
0 0 137.75
0 0 137.78
0 0 137.81
0 0 137.85
0 0 137.88
0 0 137.91
0 0 137.95
0 0 137.98
0 0 138.01
0 0 138.05
0.451 0.022 138.08
0.438 0.021 138.11
0.433 0.017 138.15
0.428 0.01 138.18
0.426 0.006 138.21
0.43 0.002 138.25
0.432 0.002 138.28
0 0 138.31
0.438 0.006 138.35
0.446 0.003 138.38
0.448 0.003 138.41
0.451 0.002 138.45
0 0 138.48
0.459 0.005 138.51
0.462 0.004 138.55
0.466 0.001 138.58
0 0 138.61
0.468 0.003 138.65
0.475 0.001 138.68
0.476 0.002 138.71
0.476 0.001 138.75
0 0 138.78
0.482 0.003 138.81
0.483 0.002 138.85
0 0 138.88
0 0 138.91
0 0 138.94
0 0 138.98
0 0 139.01
0.492 0.007 139.05
0.496 0.005 139.08
0.501 0.002 139.11
0 0 139.14
0.502 0.002 139.18
0.504 0.002 139.21
0 0 139.25
0.503 0.004 139.28
0.502 0.001 139.31
0.5 0.004 139.35
0.49 0.01 139.38
0.479 0.012 139.41
0 0 139.44
0.449 0.032 139.48
0.433 0.016 139.51
0 0 139.54
0 0 139.58
0.403 0.033 139.61
0.397 0.008 139.65
0.397 0.003 139.68
0.396 0.002 139.71
0.397 0.001 139.75
0.4 0.002 139.78
0.4 0.001 139.81
0.399 0.003 139.85
0.401 0.001 139.88
0.399 0.004 139.92
0.397 0.004 139.95
0.395 0.002 139.98
0.392 0.007 140.02
0 0 140.05
0 0 140.08
0.386 0.016 140.11
0 0 140.15
0.387 0.014 140.18
0.387 0.004 140.21
0.385 0.003 140.25
0.381 0.005 140.28
0.375 0.007 140.31
0.369 0.009 140.35
0.363 0.01 140.38
0.358 0.012 140.41
0.356 0.013 140.45
0 0 140.48
0.355 0.02 140.51
0 0 140.54
0.355 0.013 140.58
0.353 0.002 140.61
0.354 0.009 140.65
0 0 140.68
0 0 140.71
0 0 140.75
0 0 140.78
0 0 140.81
0 0 140.85
0 0 140.88
0 0 140.91
0 0 140.95
0.358 0.017 140.98
0 0 141.01
0 0 141.05
0 0 141.08
0.365 0.008 141.11
0.365 0.007 141.15
0.368 0.009 141.18
0 0 141.21
0.375 0.027 141.25
0 0 141.28
0 0 141.31
0.404 0.053 141.35
0.42 0.02 141.38
0 0 141.41
0.459 0.044 141.45
0 0 141.48
0 0 141.51
0 0 141.54
0 0 141.58
0 0 141.61
0 0 141.64
0 0 141.68
0 0 141.71
0 0 141.74
0 0 141.78
0 0 141.81
0 0 141.85
0 0 141.88
0 0 141.91
0 0 141.95
0 0 141.98
0 0 142.01
0 0 142.05
0 0 142.08
0 0 142.11
0 0 142.15
0 0 142.18
0 0 142.21
0 0 142.25
0 0 142.28
0 0 142.31
0 0 142.35
0 0 142.38
0 0 142.41
0 0 142.44
0 0 142.48
0 0 142.51
0 0 142.54
0 0 142.58
0 0 142.61
0 0 142.64
0 0 142.68
0 0 142.71
0 0 142.74
0 0 142.78
0 0 142.81
0 0 142.85
0 0 142.88
0 0 142.91
0 0 142.94
0 0 142.98
0 0 143.01
0 0 143.04
0 0 143.08
0 0 143.11
0 0 143.14
0 0 143.18
0 0 143.21
0 0 143.24
0 0 143.28
0 0 143.31
0 0 143.35
0 0 143.38
0 0 143.41
0 0 143.44
0 0 143.48
0 0 143.51
0 0 143.54
0 0 143.58
0 0 143.61
0 0 143.64
0 0 143.68
0 0 143.71
0 0 143.74
0 0 143.78
0 0 143.81
0 0 143.85
0.658 0.24 143.88
0 0 143.91
0 0 143.94
0 0 143.98
0 0 144.01
0.672 0.017 144.05
0 0 144.08
0.683 0.015 144.11
0 0 144.14
0 0 144.18
0 0 144.21
0 0 144.24
0 0 144.28
0 0 144.31
0 0 144.34
0 0 144.38
0 0 144.41
0 0 144.44
0 0 144.48
0 0 144.51
0 0 144.54
0 0 144.58
0 0 144.61
0 0 144.64
0 0 144.68
0 0 144.71
0 0 144.74
0 0 144.78
0 0 144.81
0 0 144.84
0 0 144.88
0 0 144.91
0 0 144.94
0 0 144.98
0 0 145.01
0 0 145.04
0 0 145.08
0 0 145.11
0 0 145.14
0 0 145.18
0 0 145.21
0 0 145.24
