0 0 4.48
0 0 4.51
0 0 4.55
0 0 4.58
0 0 4.61
0 0 4.65
0 0 4.68
0 0 4.71
0 0 4.75
0 0 4.78
0 0 4.81
0 0 4.85
0 0 4.88
0 0 4.91
0 0 4.95
0 0 4.98
0 0 5.01
0 0 5.05
0 0 5.08
0 0 5.11
0 0 5.14
0 0 5.18
0 0 5.21
0 0 5.24
0 0 5.28
0 0 5.31
0 0 5.35
0 0 5.38
0 0 5.41
0 0 5.45
0 0 5.48
0 0 5.51
0 0 5.55
0 0 5.58
0 0 5.61
0 0 5.64
0 0 5.68
0 0 5.71
0 0 5.75
0 0 5.78
0 0 5.81
0 0 5.85
0 0 5.88
0 0 5.91
0 0 5.94
0 0 5.98
0 0 6.01
0 0 6.04
0 0 6.08
0 0 6.11
0 0 6.14
0 0 6.18
0 0 6.21
0 0 6.24
0 0 6.28
0 0 6.31
0 0 6.34
0 0 6.38
0 0 6.41
0 0 6.44
0 0 6.48
0 0 6.51
0 0 6.54
0 0 6.58
0 0 6.61
0 0 6.65
0 0 6.68
0 0 6.71
0 0 6.74
0 0 6.78
0 0 6.81
0 0 6.85
0 0 6.88
0 0 6.91
0 0 6.94
0 0 6.98
0 0 7.01
0 0 7.04
0 0 7.08
0 0 7.11
0 0 7.14
0 0 7.18
0 0 7.21
0 0 7.24
0 0 7.28
0 0 7.31
0 0 7.34
0 0 7.38
0 0 7.41
0 0 7.44
0 0 7.48
0 0 7.51
0 0 7.54
0 0 7.58
0 0 7.61
0 0 7.64
0 0 7.67
0 0 7.71
0 0 7.74
0 0 7.78
0 0 7.81
0 0 7.84
0 0 7.88
0 0 7.91
0 0 7.94
0 0 7.97
0 0 8.01
0 0 8.04
0 0 8.08
0 0 8.11
0 0 8.14
0 0 8.18
0 0 8.21
0 0 8.24
0 0 8.27
0 0 8.31
0 0 8.34
0 0 8.38
0 0 8.41
0 0 8.44
0 0 8.47
0 0 8.51
0 0 8.54
0 0 8.58
0 0 8.61
0 0 8.64
0 0 8.68
0 0 8.71
0 0 8.74
0 0 8.78
0 0 8.81
0.374 0.461 8.85
0 0 8.88
0 0 8.91
0 0 8.94
0 0 8.98
0.355 0.032 9.01
0.356 0.004 9.04
0 0 9.08
0.353 0.007 9.11
0 0 9.14
0 0 9.18
0.342 0.015 9.21
0.336 0.007 9.24
0.331 0.008 9.28
0.321 0.013 9.31
0.317 0.011 9.35
0.308 0.014 9.38
0.302 0.01 9.41
0.293 0.013 9.45
0.29 0.008 9.48
0.289 0.006 9.51
0.288 0.005 9.54
0.29 0.004 9.58
0.291 0.003 9.61
0.291 0.003 9.64
0.291 0.003 9.68
0.29 0.003 9.71
0.29 0.004 9.75
0.288 0.003 9.78
0.29 0.007 9.81
0.287 0.005 9.85
0.287 0.002 9.88
0.286 0.002 9.91
0.285 0.002 9.94
0.285 0.0 9.98
0.286 0.002 10.01
0.291 0.009 10.04
0.295 0.01 10.08
0.298 0.008 10.11
0.301 0.008 10.15
0.305 0.012 10.18
0.31 0.02 10.21
0.319 0.029 10.24
0.333 0.035 10.28
0.347 0.034 10.31
0.375 0.039 10.34
0.417 0.048 10.38
0 0 10.41
0 0 10.44
0 0 10.48
0 0 10.51
0 0 10.54
0 0 10.58
0 0 10.61
0 0 10.64
0 0 10.68
0 0 10.71
0 0 10.74
0 0 10.77
0 0 10.81
0 0 10.84
0 0 10.87
0 0 10.91
0 0 10.94
0 0 10.97
0 0 11.01
0 0 11.04
0 0 11.07
0 0 11.11
0 0 11.14
0 0 11.18
0 0 11.21
0 0 11.24
0 0 11.28
0 0 11.31
0 0 11.34
0 0 11.37
0 0 11.41
0 0 11.44
0 0 11.47
0 0 11.51
0 0 11.54
0 0 11.58
0 0 11.61
0 0 11.64
0 0 11.68
0 0 11.71
0 0 11.74
0 0 11.77
0 0 11.81
0 0 11.84
0 0 11.87
0 0 11.91
0 0 11.94
0 0 11.97
0 0 12.01
0 0 12.04
0 0 12.07
0 0 12.11
0 0 12.14
0 0 12.17
0 0 12.21
0 0 12.24
0 0 12.28
0 0 12.31
0 0 12.34
0 0 12.37
0 0 12.41
0 0 12.44
0 0 12.48
0 0 12.51
0 0 12.54
0 0 12.58
0 0 12.61
0 0 12.64
0 0 12.68
0 0 12.71
0 0 12.74
0 0 12.78
0 0 12.81
0 0 12.84
0 0 12.88
0 0 12.91
0 0 12.94
0 0 12.98
0 0 13.01
0 0 13.04
0 0 13.07
0 0 13.11
0 0 13.14
0 0 13.18
0 0 13.21
0 0 13.24
0 0 13.28
0.445 0.149 13.31
0.434 0.017 13.34
0 0 13.38
0.409 0.032 13.41
0.402 0.013 13.44
0.393 0.013 13.48
0.387 0.012 13.51
0.387 0.009 13.54
0.385 0.008 13.58
0.385 0.006 13.61
0.384 0.005 13.65
0.383 0.005 13.68
0.378 0.005 13.71
0.375 0.004 13.74
0.376 0.005 13.78
0.374 0.003 13.81
0.373 0.003 13.84
0.376 0.002 13.88
0 0 13.91
0.376 0.004 13.94
0.378 0.003 13.98
0.376 0.003 14.01
0.374 0.003 14.04
0.372 0.004 14.08
0.37 0.004 14.11
0.367 0.005 14.14
0.364 0.003 14.18
0.366 0.001 14.21
0.365 0.001 14.25
0.363 0.003 14.28
0.364 0.001 14.31
0.363 0.002 14.34
0.361 0.003 14.38
0.36 0.003 14.41
0.359 0.001 14.45
0.358 0.001 14.48
0.357 0.003 14.51
0.358 0.001 14.54
0.358 0.001 14.58
0.358 0.001 14.61
0.36 0.002 14.64
0.362 0.002 14.68
0.364 0.004 14.71
0.368 0.005 14.74
0.369 0.006 14.78
0.372 0.007 14.81
0.378 0.009 14.85
0.383 0.008 14.88
0.388 0.01 14.91
0.396 0.013 14.94
0.406 0.017 14.98
0.416 0.018 15.01
0.43 0.021 15.04
0.444 0.021 15.08
0 0 15.11
0.486 0.054 15.14
0 0 15.18
0 0 15.21
0 0 15.24
0 0 15.27
0 0 15.31
0 0 15.34
0 0 15.37
0 0 15.41
0 0 15.44
0 0 15.47
0 0 15.51
0 0 15.54
0 0 15.58
0 0 15.61
0 0 15.64
0 0 15.68
0 0 15.71
0 0 15.74
0 0 15.77
0 0 15.81
0 0 15.84
0 0 15.87
0 0 15.91
0 0 15.94
0 0 15.97
0 0 16.01
0 0 16.04
0 0 16.08
0 0 16.11
0 0 16.14
0 0 16.18
0 0 16.21
0 0 16.24
0 0 16.27
0 0 16.31
0 0 16.34
0 0 16.37
0 0 16.41
0 0 16.44
0 0 16.47
0 0 16.51
0 0 16.54
0 0 16.57
0 0 16.61
0 0 16.64
0 0 16.68
0 0 16.71
0 0 16.74
0 0 16.77
0 0 16.81
0 0 16.84
0 0 16.87
0 0 16.91
0 0 16.94
0 0 16.97
0 0 17.01
0 0 17.04
0 0 17.07
0 0 17.11
0 0 17.14
0 0 17.18
0 0 17.21
0 0 17.24
0 0 17.27
0 0 17.31
0 0 17.34
0 0 17.37
0 0 17.41
0 0 17.44
0 0 17.47
0 0 17.51
0 0 17.54
0 0 17.58
0 0 17.61
0 0 17.64
0 0 17.68
0 0 17.71
0 0 17.74
0 0 17.78
0 0 17.81
0 0 17.84
0 0 17.87
0 0 17.91
0 0 17.94
0.503 0.047 17.98
0.477 0.028 18.01
0.454 0.025 18.04
0.436 0.018 18.08
0.42 0.018 18.11
0.407 0.014 18.14
0.394 0.014 18.18
0.383 0.012 18.21
0.376 0.009 18.24
0.368 0.009 18.28
0.361 0.008 18.31
0 0 18.34
0 0 18.38
0 0 18.41
0.343 0.031 18.44
0.343 0.01 18.48
0.342 0.007 18.51
0.344 0.007 18.54
0.346 0.005 18.58
0.349 0.008 18.61
0.351 0.004 18.64
0.354 0.006 18.68
0.353 0.002 18.71
0.35 0.005 18.74
0.347 0.004 18.78
0.343 0.005 18.81
0.339 0.006 18.84
0.335 0.004 18.88
0.333 0.004 18.91
0.33 0.004 18.94
0.328 0.002 18.98
0.327 0.003 19.01
0.326 0.003 19.04
0.324 0.004 19.08
0.321 0.004 19.11
0.319 0.003 19.15
0.319 0.004 19.18
0.319 0.006 19.21
0.321 0.006 19.25
0.326 0.01 19.28
0.334 0.016 19.31
0.346 0.026 19.34
0 0 19.37
0 0 19.41
0.456 0.127 19.44
0.505 0.051 19.48
0 0 19.51
0 0 19.54
0 0 19.58
0 0 19.61
0 0 19.64
0 0 19.68
0 0 19.71
0 0 19.74
0 0 19.77
0 0 19.81
0 0 19.84
0 0 19.87
0 0 19.91
0 0 19.94
0 0 19.97
0 0 20.01
0 0 20.04
0 0 20.07
0 0 20.11
0 0 20.14
0 0 20.18
0 0 20.21
0 0 20.24
0 0 20.27
0 0 20.31
0 0 20.34
0 0 20.37
0 0 20.41
0 0 20.44
0 0 20.47
0 0 20.51
0 0 20.54
0 0 20.57
0 0 20.61
0 0 20.64
0 0 20.68
0 0 20.71
0 0 20.74
0 0 20.77
0 0 20.81
0 0 20.84
0 0 20.87
0 0 20.91
0 0 20.94
0 0 20.98
0 0 21.01
0 0 21.04
0 0 21.07
0 0 21.11
0 0 21.14
0 0 21.18
0 0 21.21
0 0 21.24
0 0 21.27
0 0 21.31
0 0 21.34
0 0 21.37
0 0 21.41
0 0 21.44
0 0 21.47
0 0 21.51
0 0 21.54
0 0 21.58
0 0 21.61
0 0 21.64
0 0 21.67
0 0 21.71
0 0 21.74
0 0 21.77
0 0 21.81
0 0 21.84
0 0 21.87
0 0 21.91
0 0 21.94
0 0 21.97
0 0 22.01
0 0 22.04
0 0 22.07
0 0 22.11
0 0 22.14
0 0 22.18
0 0 22.21
0 0 22.24
0 0 22.27
0 0 22.31
0 0 22.34
0 0 22.37
0 0 22.41
0 0 22.44
0 0 22.47
0 0 22.51
0 0 22.54
0 0 22.57
0 0 22.61
0 0 22.64
0 0 22.67
0 0 22.71
0 0 22.74
0 0 22.77
0 0 22.81
0 0 22.84
0 0 22.87
0 0 22.91
0 0 22.94
0 0 22.97
0 0 23.01
0.624 0.171 23.04
0 0 23.07
0 0 23.11
0 0 23.14
0 0 23.17
0 0 23.21
0 0 23.24
0 0 23.27
0 0 23.31
0 0 23.34
0 0 23.37
0 0 23.41
0 0 23.44
0 0 23.47
0.569 0.029 23.51
0.565 0.004 23.54
0 0 23.57
0 0 23.61
0 0 23.64
0 0 23.68
0 0 23.71
0 0 23.74
0 0 23.77
0 0 23.81
0 0 23.84
0 0 23.87
0 0 23.91
0 0 23.94
0 0 23.97
0 0 24.01
0 0 24.04
0 0 24.07
0 0 24.11
0 0 24.14
0 0 24.17
0 0 24.21
0 0 24.24
0 0 24.27
0 0 24.31
0 0 24.34
0 0 24.37
0 0 24.41
0 0 24.44
0 0 24.47
0 0 24.51
0 0 24.54
0 0 24.57
0 0 24.61
0 0 24.64
0 0 24.67
0 0 24.71
0 0 24.74
0 0 24.77
0 0 24.81
0 0 24.84
0 0 24.87
0 0 24.91
0 0 24.94
0 0 24.97
0 0 25.01
0 0 25.04
0 0 25.07
0 0 25.11
0 0 25.14
0 0 25.17
0 0 25.21
0 0 25.24
0 0 25.27
0 0 25.31
0 0 25.34
0 0 25.37
0 0 25.41
0 0 25.44
0 0 25.47
0 0 25.51
0 0 25.54
0 0 25.57
0 0 25.61
0 0 25.64
0 0 25.67
0 0 25.71
0 0 25.74
0 0 25.77
0 0 25.81
0 0 25.84
0 0 25.87
0 0 25.91
0 0 25.94
0 0 25.97
0 0 26.01
0 0 26.04
0 0 26.07
0 0 26.11
0 0 26.14
0 0 26.18
0 0 26.21
0 0 26.24
0 0 26.27
0 0 26.31
0 0 26.34
0 0 26.37
0 0 26.41
0 0 26.44
0 0 26.47
0 0 26.51
0 0 26.54
0 0 26.57
0 0 26.61
0 0 26.64
0 0 26.67
0 0 26.71
0 0 26.74
0 0 26.77
0 0 26.81
0 0 26.84
0 0 26.87
0 0 26.91
0 0 26.94
0 0 26.97
0 0 27.01
0 0 27.04
0 0 27.07
0 0 27.11
0 0 27.14
0 0 27.17
0 0 27.21
0 0 27.24
0 0 27.27
0 0 27.31
0 0 27.34
0 0 27.37
0 0 27.41
0 0 27.44
0 0 27.47
0 0 27.51
0 0 27.54
0 0 27.57
0 0 27.61
0 0 27.64
0 0 27.67
0 0 27.71
0 0 27.74
0 0 27.77
0 0 27.81
0 0 27.84
0 0 27.87
0 0 27.91
0 0 27.94
0 0 27.97
0 0 28.01
0 0 28.04
0 0 28.07
0 0 28.11
0 0 28.14
0 0 28.17
0 0 28.21
0 0 28.24
0 0 28.27
0 0 28.31
0 0 28.34
0 0 28.37
0 0 28.41
0 0 28.44
0 0 28.47
0 0 28.51
0 0 28.54
0 0 28.57
0 0 28.61
0 0 28.64
0 0 28.67
0 0 28.7
0 0 28.74
0 0 28.77
0 0 28.81
0 0 28.84
0 0 28.87
0 0 28.91
0 0 28.94
0 0 28.97
0 0 29.01
0 0 29.04
0 0 29.07
0 0 29.1
0 0 29.14
0 0 29.17
0 0 29.2
0 0 29.24
0 0 29.27
0 0 29.3
0 0 29.34
0 0 29.37
0 0 29.41
0 0 29.44
0 0 29.47
0 0 29.51
0 0 29.54
0 0 29.57
0 0 29.6
0 0 29.64
0 0 29.67
0 0 29.71
0 0 29.74
0 0 29.77
0 0 29.81
0 0 29.84
0 0 29.87
0 0 29.91
0 0 29.94
0 0 29.97
0 0 30.01
0 0 30.04
0 0 30.07
0 0 30.11
0 0 30.14
0 0 30.17
0 0 30.21
0 0 30.24
0 0 30.27
0 0 30.31
0 0 30.34
0 0 30.37
0 0 30.41
0 0 30.44
0.493 0.11 30.47
0.49 0.009 30.51
0.483 0.007 30.54
0 0 30.57
0 0 30.6
0.478 0.016 30.64
0.472 0.006 30.67
0.47 0.003 30.71
0.468 0.007 30.74
0.464 0.005 30.77
0.46 0.004 30.81
0.46 0.004 30.84
0.458 0.002 30.87
0 0 30.91
0 0 30.94
0.455 0.009 30.97
0 0 31.01
0 0 31.04
0 0 31.07
0 0 31.11
0 0 31.14
0 0 31.17
0.446 0.02 31.21
0.442 0.005 31.24
0.442 0.004 31.27
0.44 0.003 31.31
0.436 0.004 31.34
0.436 0.003 31.37
0.433 0.003 31.41
0.429 0.005 31.44
0.425 0.005 31.47
0.426 0.004 31.51
0.422 0.006 31.54
0.417 0.006 31.57
0 0 31.61
0.411 0.011 31.64
0.406 0.006 31.68
0.404 0.006 31.71
0.399 0.005 31.74
0.393 0.007 31.77
0.391 0.006 31.81
0.387 0.005 31.84
0.383 0.005 31.87
0.379 0.004 31.91
0.38 0.004 31.94
0.377 0.004 31.97
0.375 0.003 32.01
0.376 0.002 32.04
0.375 0.002 32.07
0.374 0.002 32.11
0.376 0.002 32.14
0.376 0.002 32.18
0.377 0.002 32.21
0.379 0.002 32.24
0.379 0.002 32.27
0.378 0.001 32.31
0.377 0.001 32.34
0.378 0.001 32.38
0.378 0.001 32.41
0.377 0.001 32.44
0.378 0.001 32.48
0.377 0.0 32.51
0.377 0.003 32.54
0.377 0.001 32.58
0.376 0.001 32.61
0.376 0.0 32.64
0.377 0.0 32.67
0.377 0.001 32.71
0.378 0.001 32.74
0.377 0.003 32.77
0.376 0.001 32.81
0.375 0.002 32.84
0.373 0.002 32.87
0.371 0.002 32.91
0.369 0.002 32.94
0.368 0.002 32.97
0.366 0.002 33.01
0.365 0.002 33.04
0.364 0.001 33.07
0.365 0.001 33.11
0.365 0.001 33.14
0.365 0.001 33.18
0.366 0.001 33.21
0.366 0.003 33.24
0.367 0.002 33.27
0.367 0.001 33.31
0.367 0.003 33.34
0.367 0.002 33.37
0.366 0.002 33.41
0.365 0.002 33.44
0.363 0.003 33.47
0.362 0.004 33.51
0.361 0.001 33.54
0.36 0.001 33.57
0.36 0.002 33.61
0.36 0.003 33.64
0.36 0.005 33.68
0.358 0.006 33.71
0.355 0.006 33.74
0.353 0.006 33.77
0.35 0.008 33.81
0.347 0.007 33.84
0.344 0.009 33.87
0.34 0.008 33.91
0.337 0.007 33.94
0.335 0.006 33.98
0.333 0.005 34.01
0.331 0.004 34.04
0.331 0.003 34.07
0.331 0.002 34.11
0.331 0.001 34.14
0.331 0.001 34.18
0.33 0.002 34.21
0.33 0.001 34.24
0.33 0.002 34.27
0.33 0.002 34.31
0.33 0.001 34.34
0.331 0.001 34.38
0.332 0.002 34.41
0.333 0.002 34.44
0.334 0.002 34.47
0.335 0.002 34.51
0.336 0.002 34.54
0.338 0.002 34.57
0.34 0.003 34.61
0.343 0.004 34.64
0.343 0.002 34.68
0.343 0.002 34.71
0.343 0.003 34.74
0.343 0.003 34.77
0.342 0.005 34.81
0.341 0.005 34.84
0.342 0.005 34.87
0.345 0.005 34.91
0.348 0.006 34.94
0.351 0.006 34.97
0.355 0.011 35.01
0 0 35.04
0 0 35.07
0.391 0.074 35.11
0.42 0.044 35.14
0.455 0.042 35.18
0.501 0.051 35.21
0.553 0.056 35.24
0 0 35.27
0 0 35.3
0 0 35.34
0 0 35.37
0 0 35.4
0 0 35.44
0 0 35.47
0 0 35.51
0 0 35.54
0 0 35.57
0 0 35.6
0 0 35.64
0 0 35.67
0 0 35.7
0 0 35.74
0 0 35.77
0 0 35.8
0 0 35.84
0 0 35.87
0 0 35.91
0 0 35.94
0 0 35.97
0 0 36.0
0 0 36.04
0 0 36.07
0 0 36.1
0 0 36.14
0 0 36.17
0 0 36.2
0 0 36.24
0 0 36.27
0 0 36.3
0 0 36.34
0 0 36.37
0 0 36.4
0 0 36.44
0 0 36.47
0 0 36.5
0 0 36.54
0 0 36.57
0 0 36.6
0 0 36.64
0 0 36.67
0 0 36.7
0 0 36.74
0 0 36.77
0 0 36.8
0 0 36.84
0 0 36.87
0 0 36.9
0 0 36.94
0 0 36.97
0 0 37.01
0 0 37.04
0 0 37.07
0 0 37.1
0 0 37.14
0 0 37.17
0 0 37.2
0 0 37.24
0 0 37.27
0 0 37.3
0 0 37.34
0 0 37.37
0 0 37.4
0 0 37.44
0 0 37.47
0 0 37.5
0 0 37.54
0 0 37.57
0 0 37.6
0 0 37.64
0 0 37.67
0 0 37.7
0 0 37.74
0 0 37.77
0 0 37.8
0 0 37.84
0 0 37.87
0 0 37.9
0 0 37.94
0 0 37.97
0 0 38.0
0 0 38.04
0 0 38.07
0 0 38.1
0 0 38.14
0 0 38.17
0 0 38.2
0 0 38.24
0 0 38.27
0 0 38.3
0 0 38.34
0 0 38.37
0 0 38.4
0 0 38.44
0 0 38.47
0 0 38.51
0 0 38.54
0 0 38.57
0 0 38.6
0 0 38.64
0 0 38.67
0 0 38.7
0 0 38.74
0 0 38.77
0 0 38.8
0 0 38.84
0 0 38.87
0 0 38.9
0 0 38.94
0 0 38.97
0 0 39.0
0 0 39.04
0 0 39.07
0 0 39.1
0 0 39.14
0 0 39.17
0 0 39.2
0 0 39.24
0 0 39.27
0 0 39.3
0 0 39.34
0 0 39.37
0 0 39.4
0 0 39.44
0 0 39.47
0 0 39.51
0 0 39.54
0.447 0.176 39.57
0 0 39.6
0.434 0.013 39.64
0.43 0.005 39.68
0.425 0.005 39.71
0.418 0.008 39.74
0.41 0.009 39.77
0.403 0.009 39.81
0.396 0.01 39.84
0.389 0.011 39.87
0.382 0.01 39.91
0.377 0.009 39.94
0.375 0.009 39.97
0.372 0.008 40.01
0.371 0.007 40.04
0.369 0.005 40.07
0.368 0.004 40.11
0.367 0.004 40.14
0.367 0.002 40.17
0.368 0.003 40.21
0.368 0.002 40.24
0.366 0.002 40.27
0.364 0.003 40.31
0.362 0.001 40.34
0.362 0.002 40.37
0.362 0.001 40.4
0.362 0.0 40.44
0.36 0.003 40.47
0.358 0.002 40.51
0.357 0.002 40.54
0.355 0.003 40.57
0.354 0.002 40.61
0.351 0.003 40.64
0.348 0.004 40.67
0.346 0.003 40.71
0.344 0.002 40.74
0.343 0.001 40.77
0.342 0.001 40.81
0.342 0.0 40.84
0.341 0.001 40.87
0.341 0.001 40.91
0.34 0.001 40.94
0.338 0.001 40.97
0.336 0.002 41.01
0.337 0.0 41.04
0.338 0.003 41.07
0.341 0.005 41.11
0.345 0.006 41.14
0.351 0.009 41.18
0.357 0.012 41.2
0.365 0.015 41.24
0.378 0.02 41.27
0.393 0.025 41.31
0.421 0.041 41.34
0.453 0.041 41.37
0.486 0.041 41.41
0 0 41.44
0 0 41.47
0 0 41.5
0 0 41.54
0 0 41.57
0 0 41.6
0 0 41.64
0 0 41.67
0 0 41.7
0 0 41.74
0 0 41.77
0 0 41.8
0 0 41.84
0 0 41.87
0 0 41.9
0 0 41.94
0 0 41.97
0 0 42.0
0 0 42.04
0 0 42.07
0 0 42.1
0 0 42.14
0 0 42.17
0 0 42.2
0 0 42.24
0 0 42.27
0 0 42.3
0 0 42.34
0 0 42.37
0 0 42.41
0 0 42.44
0 0 42.47
0 0 42.51
0 0 42.54
0 0 42.57
0 0 42.6
0 0 42.64
0 0 42.67
0 0 42.7
0 0 42.74
0 0 42.77
0 0 42.8
0 0 42.84
0 0 42.87
0 0 42.91
0 0 42.94
0 0 42.97
0 0 43.0
0 0 43.04
0 0 43.07
0 0 43.11
0 0 43.14
0 0 43.17
0 0 43.2
0 0 43.24
0 0 43.27
0 0 43.3
0 0 43.34
0 0 43.37
0 0 43.4
0 0 43.44
0 0 43.47
0 0 43.5
0 0 43.54
0 0 43.57
0 0 43.6
0 0 43.64
0 0 43.67
0 0 43.7
0 0 43.74
0 0 43.77
0 0 43.8
0 0 43.84
0 0 43.87
0 0 43.9
0 0 43.94
0 0 43.97
0 0 44.0
0 0 44.04
0 0 44.07
0 0 44.1
0 0 44.14
0 0 44.17
0 0 44.2
0 0 44.24
0 0 44.27
0 0 44.3
0 0 44.34
0 0 44.37
0 0 44.4
0 0 44.44
0 0 44.47
0 0 44.51
0 0 44.54
0 0 44.57
0 0 44.6
0 0 44.64
0 0 44.67
0 0 44.7
0 0 44.74
0 0 44.77
0 0 44.8
0 0 44.84
0 0 44.87
0 0 44.9
0 0 44.94
0 0 44.97
0 0 45.0
0 0 45.04
0 0 45.07
0 0 45.1
0 0 45.14
0 0 45.17
0 0 45.2
0 0 45.24
0 0 45.27
0 0 45.3
0 0 45.34
0 0 45.37
0 0 45.4
0 0 45.44
0 0 45.47
0 0 45.5
0 0 45.54
0 0 45.57
0 0 45.6
0 0 45.64
0 0 45.67
0 0 45.7
0 0 45.74
0 0 45.77
0 0 45.8
0 0 45.84
0 0 45.87
0 0 45.9
0 0 45.94
0 0 45.97
0 0 46.01
0 0 46.04
0 0 46.07
0 0 46.1
0 0 46.14
0 0 46.17
0 0 46.2
0 0 46.24
0 0 46.27
0 0 46.3
0 0 46.34
0 0 46.37
0 0 46.4
0 0 46.44
0 0 46.47
0 0 46.5
0 0 46.54
0 0 46.57
0 0 46.6
0 0 46.64
0 0 46.67
0 0 46.7
0 0 46.74
0 0 46.77
0 0 46.8
0 0 46.84
0 0 46.87
0 0 46.91
0 0 46.94
0 0 46.97
0 0 47.01
0 0 47.04
0 0 47.07
0 0 47.1
0 0 47.14
0 0 47.17
0 0 47.2
0 0 47.24
0 0 47.27
0 0 47.3
0 0 47.34
0 0 47.37
0 0 47.4
0 0 47.44
0 0 47.47
0 0 47.5
0 0 47.54
0 0 47.57
0 0 47.6
0 0 47.64
0 0 47.67
0 0 47.7
0 0 47.74
0 0 47.77
0 0 47.8
0 0 47.84
0 0 47.87
0 0 47.9
0 0 47.94
0 0 47.97
0 0 48.0
0 0 48.04
0 0 48.07
0 0 48.1
0 0 48.14
0 0 48.17
0 0 48.2
0 0 48.24
0 0 48.27
0 0 48.3
0 0 48.34
0 0 48.37
0 0 48.4
0 0 48.44
0 0 48.47
0 0 48.5
0 0 48.54
0 0 48.57
0 0 48.6
0 0 48.64
0 0 48.67
0 0 48.7
0 0 48.74
0 0 48.77
0 0 48.8
0 0 48.84
0 0 48.87
0 0 48.9
0 0 48.94
0 0 48.97
0 0 49.0
0 0 49.04
0 0 49.07
0 0 49.1
0 0 49.14
0 0 49.17
0 0 49.2
0 0 49.24
0 0 49.27
0 0 49.3
0 0 49.34
0 0 49.37
0 0 49.4
0 0 49.44
0 0 49.47
0 0 49.5
0 0 49.54
0 0 49.57
0 0 49.6
0 0 49.64
0 0 49.67
0 0 49.7
0 0 49.73
0 0 49.77
0 0 49.8
0 0 49.84
0 0 49.87
0 0 49.9
0 0 49.94
0 0 49.97
0 0 50.0
0 0 50.04
0 0 50.07
0 0 50.1
0 0 50.14
0 0 50.17
0 0 50.2
0 0 50.23
0 0 50.27
0 0 50.3
0 0 50.34
0 0 50.37
0 0 50.4
0 0 50.43
0 0 50.47
0 0 50.5
0 0 50.53
0 0 50.57
0 0 50.6
0 0 50.63
0 0 50.67
0 0 50.7
0 0 50.73
0 0 50.77
0 0 50.8
0 0 50.84
0 0 50.87
0 0 50.9
0 0 50.93
0 0 50.97
0 0 51.0
0 0 51.03
0 0 51.07
0 0 51.1
0 0 51.13
0 0 51.17
0 0 51.2
0 0 51.23
0 0 51.27
0 0 51.3
0 0 51.34
0 0 51.37
0 0 51.4
0 0 51.43
0 0 51.47
0 0 51.5
0 0 51.53
0 0 51.57
0 0 51.6
0 0 51.63
0 0 51.67
0 0 51.7
0 0 51.73
0 0 51.77
0 0 51.8
0 0 51.83
0 0 51.87
0 0 51.9
0 0 51.93
0 0 51.97
0 0 52.0
0 0 52.03
0 0 52.07
0 0 52.1
0 0 52.13
0 0 52.17
0 0 52.2
0 0 52.23
0 0 52.27
0 0 52.3
0 0 52.33
0 0 52.37
0 0 52.4
0 0 52.43
0 0 52.47
0 0 52.5
0 0 52.53
0 0 52.57
0 0 52.6
0 0 52.63
0 0 52.67
0 0 52.7
0 0 52.73
0 0 52.77
0 0 52.8
0 0 52.84
0 0 52.87
0 0 52.9
0 0 52.93
0 0 52.97
0 0 53.0
0 0 53.03
0 0 53.07
0 0 53.1
0 0 53.14
0 0 53.17
0 0 53.2
0 0 53.23
0 0 53.27
0 0 53.3
0 0 53.34
0 0 53.37
0 0 53.4
0 0 53.43
0 0 53.47
0 0 53.5
0 0 53.53
0 0 53.57
0 0 53.6
0 0 53.64
0 0 53.67
0 0 53.7
0 0 53.73
0 0 53.77
0 0 53.8
0 0 53.83
0 0 53.87
0 0 53.9
0 0 53.93
0 0 53.97
0 0 54.0
0 0 54.03
0 0 54.07
0 0 54.1
0 0 54.13
0 0 54.17
0 0 54.2
0 0 54.24
0 0 54.27
0 0 54.3
0 0 54.34
0 0 54.37
0 0 54.4
0 0 54.43
0 0 54.47
0 0 54.5
0 0 54.53
0 0 54.57
0 0 54.6
0 0 54.63
0 0 54.67
0 0 54.7
0 0 54.73
0 0 54.77
0 0 54.8
0 0 54.84
0 0 54.87
0 0 54.9
0 0 54.93
0 0 54.97
0 0 55.0
0 0 55.03
0 0 55.07
0 0 55.1
0 0 55.13
0 0 55.17
0 0 55.2
0 0 55.24
0 0 55.27
0 0 55.3
0 0 55.34
0 0 55.37
0 0 55.4
0 0 55.44
0 0 55.47
0 0 55.5
0 0 55.53
0 0 55.57
0.469 0.109 55.6
0 0 55.63
0 0 55.67
0 0 55.7
0.456 0.018 55.74
0.457 0.004 55.77
0 0 55.8
0 0 55.84
0.447 0.011 55.87
0 0 55.9
0.443 0.009 55.93
0.44 0.003 55.97
0.445 0.005 56.0
0.438 0.008 56.04
0.435 0.003 56.07
0.437 0.003 56.1
0.433 0.004 56.14
0.43 0.003 56.17
0.432 0.003 56.2
0.429 0.003 56.24
0 0 56.27
0.425 0.004 56.3
0.427 0.004 56.34
0.426 0.002 56.37
0.424 0.003 56.4
0.428 0.002 56.44
0.424 0.006 56.47
0.422 0.002 56.5
0.424 0.003 56.54
0.419 0.005 56.57
0.417 0.003 56.6
0.412 0.006 56.64
0.412 0.005 56.67
0.406 0.007 56.7
0.402 0.005 56.74
0.4 0.007 56.77
0.395 0.007 56.8
0.388 0.007 56.84
0.387 0.007 56.87
0.38 0.009 56.9
0.374 0.006 56.94
0.368 0.006 56.97
0.367 0.006 57.0
0.363 0.005 57.04
0.359 0.005 57.07
0.361 0.004 57.1
0.36 0.003 57.14
0.36 0.003 57.17
0.367 0.003 57.2
0.367 0.002 57.24
0.366 0.002 57.27
0.368 0.002 57.3
0.367 0.003 57.34
0.366 0.003 57.37
0.364 0.003 57.4
0.367 0.002 57.44
0.367 0.002 57.47
0.367 0.003 57.5
0.369 0.002 57.54
0.369 0.003 57.57
0.37 0.002 57.6
0.372 0.002 57.64
0.372 0.002 57.67
0.371 0.002 57.7
0.373 0.001 57.74
0.373 0.004 57.77
0.371 0.002 57.8
0.369 0.001 57.84
0.37 0.001 57.87
0.369 0.003 57.9
0.368 0.002 57.94
0.369 0.002 57.97
0.368 0.001 58.0
0.368 0.002 58.04
0.37 0.001 58.07
0.371 0.001 58.1
0.373 0.002 58.14
0.374 0.002 58.17
0.375 0.002 58.2
0.374 0.001 58.24
0.373 0.002 58.27
0.371 0.003 58.3
0.369 0.002 58.34
0.367 0.002 58.37
0.367 0.003 58.4
0.366 0.002 58.44
0.366 0.001 58.47
0.365 0.001 58.51
0.365 0.001 58.54
0.364 0.002 58.57
0.363 0.001 58.6
0.364 0.002 58.64
0.365 0.002 58.67
0.366 0.002 58.7
0.368 0.002 58.74
0.369 0.001 58.77
0.369 0.001 58.8
0.369 0.002 58.84
0.37 0.003 58.87
0.372 0.003 58.9
0.372 0.004 58.94
0.372 0.004 58.97
0.374 0.005 59.0
0.375 0.004 59.04
0.376 0.003 59.07
0.376 0.003 59.1
0.378 0.003 59.13
0.379 0.004 59.17
0.38 0.004 59.2
0 0 59.24
0.38 0.006 59.27
0.38 0.003 59.3
0.38 0.003 59.34
0.381 0.003 59.37
0.382 0.002 59.4
0.383 0.002 59.43
0.384 0.001 59.47
0.385 0.002 59.5
0.386 0.001 59.54
0.388 0.002 59.57
0.391 0.004 59.6
0.394 0.003 59.64
0.396 0.004 59.67
0.398 0.002 59.7
0.401 0.004 59.74
0.405 0.005 59.77
0.411 0.007 59.8
0.421 0.012 59.84
0.437 0.019 59.87
0.456 0.023 59.9
0.481 0.03 59.94
0 0 59.97
0 0 60.0
0 0 60.03
0 0 60.07
0 0 60.1
0 0 60.13
0 0 60.17
0 0 60.2
0 0 60.23
0 0 60.27
0 0 60.3
0 0 60.34
0 0 60.37
0 0 60.4
0 0 60.43
0 0 60.47
0 0 60.5
0 0 60.53
0 0 60.57
0 0 60.6
0 0 60.63
0 0 60.67
0 0 60.7
0 0 60.73
0 0 60.77
0 0 60.8
0 0 60.83
0 0 60.87
0 0 60.9
0 0 60.93
0 0 60.97
0 0 61.0
0 0 61.03
0 0 61.07
0 0 61.1
0 0 61.13
0 0 61.17
0 0 61.2
0 0 61.23
0 0 61.27
0 0 61.3
0 0 61.33
0 0 61.37
0 0 61.4
0 0 61.43
0 0 61.47
0 0 61.5
0 0 61.53
0 0 61.57
0 0 61.6
0 0 61.63
0 0 61.67
0 0 61.7
0 0 61.73
0 0 61.77
0 0 61.8
0 0 61.84
0 0 61.87
0 0 61.9
0 0 61.93
0 0 61.97
0 0 62.0
0 0 62.03
0 0 62.07
0 0 62.1
0 0 62.13
0 0 62.17
0 0 62.2
0 0 62.23
0 0 62.27
0 0 62.3
0 0 62.33
0 0 62.37
0 0 62.4
0 0 62.43
0 0 62.47
0 0 62.5
0 0 62.53
0 0 62.57
0 0 62.6
0 0 62.63
0 0 62.67
0 0 62.7
0 0 62.73
0 0 62.77
0 0 62.8
0.515 0.049 62.84
0 0 62.87
0.475 0.042 62.9
0.454 0.022 62.94
0.437 0.018 62.97
0.421 0.017 63.0
0.404 0.017 63.03
0.39 0.015 63.07
0.377 0.014 63.1
0.363 0.015 63.14
0.353 0.013 63.17
0.345 0.01 63.2
0.339 0.008 63.24
0.336 0.006 63.27
0.334 0.005 63.3
0.332 0.004 63.34
0.332 0.003 63.37
0.332 0.003 63.4
0.332 0.002 63.44
0.332 0.002 63.47
0.332 0.001 63.5
0.33 0.002 63.54
0.327 0.003 63.57
0.324 0.003 63.6
0.321 0.003 63.64
0.319 0.003 63.67
0.317 0.002 63.7
0.315 0.002 63.73
0.313 0.003 63.77
0.311 0.003 63.8
0.31 0.002 63.84
0.311 0.003 63.87
0.31 0.002 63.9
0.309 0.002 63.94
0.307 0.002 63.97
0.306 0.001 64.0
0.308 0.002 64.04
0.312 0.006 64.07
0.315 0.008 64.1
0 0 64.13
0.335 0.027 64.17
0.349 0.018 64.2
0.365 0.023 64.24
0.391 0.031 64.27
0.417 0.032 64.3
0.453 0.039 64.34
0.502 0.051 64.37
0.554 0.053 64.4
0 0 64.43
0 0 64.47
0 0 64.5
0 0 64.53
0 0 64.57
0 0 64.6
0 0 64.63
0 0 64.67
0 0 64.7
0 0 64.73
0 0 64.76
0 0 64.8
0 0 64.83
0 0 64.86
0 0 64.9
0 0 64.93
0 0 64.97
0 0 65.0
0 0 65.03
0 0 65.06
0 0 65.1
0 0 65.13
0 0 65.17
0 0 65.2
0 0 65.23
0 0 65.27
0 0 65.3
0 0 65.33
0 0 65.37
0 0 65.4
0 0 65.43
0 0 65.46
0 0 65.5
0 0 65.53
0 0 65.57
0 0 65.6
0 0 65.63
0 0 65.67
0 0 65.7
0 0 65.73
0 0 65.77
0 0 65.8
0 0 65.83
0 0 65.87
0 0 65.9
0 0 65.93
0 0 65.96
0 0 66.0
0 0 66.03
0 0 66.07
0 0 66.1
0 0 66.13
0 0 66.17
0 0 66.2
0 0 66.23
0 0 66.26
0 0 66.3
0 0 66.33
0 0 66.36
0 0 66.4
0 0 66.43
0 0 66.46
0 0 66.5
0 0 66.53
0 0 66.57
0 0 66.6
0 0 66.63
0 0 66.67
0 0 66.7
0 0 66.73
0 0 66.76
0 0 66.8
0 0 66.83
0 0 66.86
0 0 66.9
0 0 66.93
0 0 66.96
0 0 67.0
0 0 67.03
0 0 67.06
0 0 67.1
0 0 67.13
0 0 67.17
0 0 67.2
0 0 67.23
0 0 67.26
0 0 67.3
0 0 67.33
0 0 67.36
0 0 67.4
0 0 67.43
0 0 67.46
0 0 67.5
0 0 67.53
0 0 67.57
0 0 67.6
0 0 67.63
0 0 67.67
0 0 67.7
0 0 67.73
0 0 67.76
0 0 67.8
0 0 67.83
0 0 67.86
0 0 67.9
0 0 67.93
0 0 67.96
0 0 68.0
0 0 68.03
0 0 68.07
0 0 68.1
0 0 68.13
0 0 68.17
0 0 68.2
0 0 68.23
0 0 68.26
0 0 68.3
0 0 68.33
0 0 68.36
0 0 68.4
0 0 68.43
0 0 68.47
0 0 68.5
0 0 68.53
0 0 68.57
0 0 68.6
0 0 68.63
0 0 68.67
0 0 68.7
0 0 68.73
0 0 68.76
0 0 68.8
0 0 68.83
0 0 68.86
0 0 68.9
0 0 68.93
0 0 68.97
0 0 69.0
0 0 69.03
0 0 69.06
0 0 69.1
0 0 69.13
0 0 69.17
0 0 69.2
0 0 69.23
0 0 69.26
0 0 69.3
0 0 69.33
0 0 69.36
0 0 69.4
0 0 69.43
0 0 69.47
0 0 69.5
0 0 69.53
0 0 69.56
0 0 69.6
0 0 69.63
0 0 69.67
0 0 69.7
0 0 69.73
0 0 69.77
0 0 69.8
0 0 69.83
0 0 69.87
0 0 69.9
0 0 69.93
0 0 69.97
0 0 70.0
0 0 70.03
0 0 70.07
0 0 70.1
0 0 70.13
0 0 70.17
0 0 70.2
0 0 70.23
0 0 70.27
0 0 70.3
0 0 70.33
0 0 70.36
0 0 70.4
0 0 70.43
0 0 70.47
0 0 70.5
0 0 70.53
0 0 70.57
0 0 70.6
0 0 70.63
0 0 70.67
0 0 70.7
0 0 70.73
0 0 70.76
0 0 70.8
0 0 70.83
0 0 70.86
0 0 70.9
0 0 70.93
0 0 70.96
0 0 71.0
0 0 71.03
0 0 71.06
0 0 71.1
0 0 71.13
0 0 71.17
0 0 71.2
0 0 71.23
0 0 71.26
0 0 71.3
0 0 71.33
0 0 71.36
0 0 71.4
0 0 71.43
0 0 71.46
0 0 71.5
0 0 71.53
0 0 71.56
0 0 71.6
0 0 71.63
0 0 71.67
0 0 71.7
0 0 71.73
0 0 71.76
0 0 71.8
0 0 71.83
0 0 71.86
0 0 71.9
0 0 71.93
0 0 71.96
0 0 72.0
0 0 72.03
0 0 72.06
0 0 72.1
0 0 72.13
0 0 72.16
0 0 72.2
0 0 72.23
0 0 72.26
0 0 72.3
0 0 72.33
0 0 72.36
0 0 72.4
0 0 72.43
0 0 72.46
0 0 72.5
0 0 72.53
0 0 72.56
0 0 72.6
0 0 72.63
0 0 72.67
0 0 72.7
0 0 72.73
0 0 72.76
0 0 72.8
0 0 72.83
0 0 72.86
0 0 72.9
0 0 72.93
0 0 72.96
0 0 73.0
0 0 73.03
0 0 73.06
0 0 73.1
0 0 73.13
0 0 73.17
0 0 73.2
0 0 73.23
0 0 73.26
0 0 73.3
0 0 73.33
0 0 73.36
0 0 73.4
0 0 73.43
0 0 73.46
0 0 73.5
0 0 73.53
0 0 73.56
0 0 73.6
0 0 73.63
0 0 73.66
0 0 73.7
0 0 73.73
0 0 73.76
0 0 73.8
0 0 73.83
0 0 73.86
0 0 73.9
0 0 73.93
0 0 73.96
0 0 74.0
0 0 74.03
0 0 74.06
0 0 74.1
0 0 74.13
0 0 74.16
0 0 74.2
0 0 74.23
0 0 74.26
0 0 74.3
0 0 74.33
0 0 74.36
0 0 74.4
0 0 74.43
0.528 0.041 74.47
0.508 0.025 74.5
0.484 0.024 74.53
0.462 0.022 74.56
0.445 0.022 74.6
0.427 0.019 74.63
0.411 0.016 74.67
0.4 0.016 74.7
0.388 0.012 74.73
0.379 0.01 74.77
0.372 0.008 74.8
0.373 0.006 74.83
0.371 0.005 74.87
0.371 0.004 74.9
0.375 0.003 74.93
0.375 0.003 74.97
0.375 0.002 75.0
0.378 0.002 75.03
0.377 0.002 75.06
0.377 0.002 75.1
0.38 0.002 75.13
0.38 0.002 75.17
0.378 0.004 75.2
0.377 0.002 75.23
0.379 0.003 75.26
0.378 0.002 75.3
0.376 0.002 75.33
0.379 0.002 75.36
0.377 0.002 75.4
0.376 0.002 75.43
0 0 75.46
0.381 0.002 75.5
0.381 0.001 75.53
0.385 0.002 75.57
0 0 75.6
0 0 75.63
0.385 0.004 75.67
0.388 0.002 75.7
0.387 0.002 75.73
0.383 0.005 75.77
0.381 0.005 75.8
0.377 0.005 75.83
0.373 0.005 75.87
0.371 0.007 75.9
0.367 0.005 75.93
0.366 0.004 75.97
0.364 0.004 76.0
0.366 0.003 76.03
0.367 0.003 76.07
0.368 0.002 76.1
0.368 0.002 76.13
0.366 0.002 76.17
0.365 0.001 76.2
0.365 0.002 76.23
0.363 0.001 76.27
0 0 76.3
0.362 0.003 76.33
0.36 0.003 76.37
0.36 0.001 76.4
0.359 0.001 76.43
0.359 0.002 76.47
0.357 0.003 76.5
0.356 0.003 76.53
0.355 0.003 76.57
0.354 0.002 76.6
0.353 0.001 76.63
0.354 0.001 76.67
0.355 0.002 76.7
0.359 0.004 76.73
0.362 0.004 76.77
0.364 0.003 76.8
0.364 0.002 76.83
0.364 0.002 76.86
0.365 0.002 76.9
0.367 0.003 76.93
0.369 0.003 76.97
0.371 0.003 77.0
0.374 0.003 77.04
0 0 77.06
0 0 77.1
0 0 77.13
0 0 77.16
0 0 77.2
0.381 0.011 77.23
0.381 0.002 77.26
0.381 0.002 77.3
0.381 0.004 77.33
0.379 0.004 77.37
0.377 0.004 77.4
0.374 0.004 77.43
0.372 0.005 77.47
0.371 0.005 77.5
0.369 0.006 77.53
0.366 0.004 77.57
0.366 0.001 77.6
0.366 0.001 77.63
0.366 0.001 77.67
0.367 0.001 77.7
0.368 0.001 77.73
0.368 0.002 77.76
0.367 0.003 77.8
0.366 0.001 77.83
0.366 0.001 77.87
0.365 0.002 77.9
0.365 0.002 77.93
0.364 0.001 77.97
0.364 0.002 78.0
0.363 0.004 78.03
0.364 0.001 78.07
0.365 0.002 78.1
0.365 0.002 78.13
0.365 0.001 78.17
0.367 0.003 78.2
0.372 0.005 78.23
0.375 0.004 78.27
0.379 0.005 78.3
0.383 0.004 78.33
0.387 0.005 78.37
0.388 0.004 78.4
0.387 0.001 78.43
0.385 0.003 78.47
0.383 0.001 78.5
0.381 0.002 78.53
0.379 0.003 78.57
0.376 0.003 78.6
0.373 0.003 78.63
0.369 0.004 78.67
0.367 0.003 78.7
0.367 0.001 78.73
0.367 0.004 78.76
0.367 0.001 78.8
0.366 0.001 78.83
0.364 0.003 78.87
0.362 0.002 78.9
0.36 0.002 78.93
0.358 0.003 78.96
0.354 0.003 79.0
0.352 0.003 79.03
0.35 0.002 79.07
0.347 0.002 79.1
0.345 0.003 79.13
0.343 0.002 79.17
0.343 0.001 79.2
0.343 0.001 79.23
0.344 0.001 79.26
0.346 0.003 79.3
0.347 0.002 79.33
0.349 0.003 79.37
0.352 0.003 79.4
0.354 0.003 79.43
0.356 0.003 79.47
0.358 0.003 79.5
0.36 0.003 79.53
0.361 0.003 79.57
0.363 0.003 79.6
0.366 0.004 79.63
0.368 0.003 79.67
0.37 0.004 79.7
0.375 0.005 79.73
0.381 0.006 79.77
0.386 0.005 79.8
0.391 0.006 79.83
0.399 0.009 79.87
0.408 0.013 79.9
0.42 0.018 79.93
0.433 0.021 79.96
0.452 0.028 80.0
0.48 0.041 80.03
0 0 80.06
0 0 80.1
0 0 80.13
0 0 80.16
0 0 80.2
0 0 80.23
0 0 80.26
0 0 80.29
0 0 80.33
0 0 80.36
0 0 80.4
0 0 80.43
0 0 80.46
0 0 80.5
0 0 80.53
0 0 80.56
0 0 80.6
0 0 80.63
0 0 80.66
0 0 80.7
0 0 80.73
0 0 80.76
0 0 80.79
0 0 80.83
0 0 80.86
0 0 80.9
0 0 80.93
0 0 80.96
0 0 81.0
0 0 81.03
0 0 81.06
0 0 81.1
0 0 81.13
0 0 81.16
0 0 81.2
0 0 81.23
0 0 81.26
0 0 81.29
0 0 81.33
0 0 81.36
0 0 81.4
0 0 81.43
0 0 81.46
0 0 81.5
0 0 81.53
0 0 81.56
0 0 81.59
0 0 81.63
0 0 81.66
0 0 81.7
0 0 81.73
0 0 81.76
0 0 81.8
0 0 81.83
0 0 81.86
0 0 81.9
0 0 81.93
0 0 81.96
0 0 82.0
0 0 82.03
0 0 82.06
0 0 82.1
0 0 82.13
0 0 82.16
0 0 82.19
0 0 82.23
0 0 82.26
0 0 82.3
0 0 82.33
0 0 82.36
0 0 82.39
0 0 82.43
0 0 82.46
0 0 82.5
0 0 82.53
0 0 82.56
0 0 82.6
0 0 82.63
0 0 82.67
0 0 82.69
0 0 82.73
0 0 82.76
0 0 82.8
0 0 82.83
0 0 82.86
0 0 82.9
0 0 82.93
0 0 82.96
0 0 83.0
0 0 83.03
0 0 83.06
0 0 83.1
0 0 83.13
0 0 83.16
0 0 83.19
0 0 83.23
0 0 83.26
0 0 83.29
0 0 83.33
0 0 83.36
0 0 83.39
0 0 83.43
0 0 83.46
0 0 83.5
0 0 83.53
0 0 83.56
0 0 83.6
0 0 83.63
0 0 83.66
0 0 83.69
0.539 0.086 83.73
0.518 0.021 83.76
0.5 0.018 83.8
0.482 0.018 83.83
0.467 0.015 83.86
0.453 0.014 83.9
0.441 0.012 83.93
0.431 0.011 83.96
0.419 0.012 84.0
0.409 0.01 84.03
0.4 0.009 84.06
0.395 0.006 84.1
0 0 84.13
0.388 0.011 84.17
0.386 0.004 84.2
0.386 0.005 84.23
0.387 0.004 84.26
0 0 84.3
0.388 0.005 84.33
0.389 0.003 84.36
0.388 0.003 84.4
0.388 0.003 84.43
0.387 0.004 84.46
0.386 0.004 84.5
0.384 0.004 84.53
0 0 84.56
0 0 84.6
0 0 84.63
0.373 0.018 84.67
0.372 0.006 84.7
0.37 0.006 84.73
0.37 0.004 84.76
0.37 0.006 84.8
0.368 0.004 84.83
0 0 84.86
0.366 0.005 84.9
0.365 0.002 84.93
0.365 0.002 84.97
0.366 0.002 85.0
0.365 0.002 85.03
0.366 0.001 85.06
0.365 0.003 85.1
0.363 0.002 85.13
0.359 0.003 85.17
0.357 0.003 85.2
0.356 0.002 85.23
0.352 0.002 85.27
0.351 0.003 85.3
0.349 0.002 85.33
0.344 0.003 85.36
0.342 0.002 85.4
0.34 0.002 85.43
0.339 0.003 85.46
0.337 0.002 85.5
0.337 0.002 85.53
0.338 0.004 85.57
0.336 0.004 85.6
0.336 0.006 85.63
0.338 0.002 85.67
0 0 85.7
0.334 0.008 85.73
0.336 0.004 85.77
0.334 0.006 85.8
0.336 0.006 85.83
0.337 0.007 85.86
0.341 0.009 85.9
0 0 85.93
0.351 0.026 85.97
0.364 0.018 86.0
0.379 0.023 86.03
0.404 0.03 86.07
0.435 0.035 86.1
0.47 0.043 86.13
0 0 86.16
0 0 86.19
0 0 86.23
0 0 86.26
0 0 86.29
0 0 86.33
0 0 86.36
0 0 86.39
0 0 86.43
0 0 86.46
0 0 86.5
0 0 86.53
0 0 86.56
0 0 86.6
0 0 86.63
0 0 86.66
0 0 86.69
0 0 86.73
0 0 86.76
0 0 86.79
0 0 86.83
0 0 86.86
0 0 86.9
0 0 86.93
0 0 86.96
0 0 86.99
0 0 87.03
0 0 87.06
0 0 87.09
0 0 87.13
0 0 87.16
0 0 87.19
0 0 87.23
0 0 87.26
0 0 87.29
0 0 87.33
0 0 87.36
0 0 87.39
0 0 87.43
0 0 87.46
0 0 87.5
0 0 87.53
0 0 87.56
0 0 87.59
0 0 87.63
0 0 87.66
0 0 87.69
0 0 87.73
0 0 87.76
0 0 87.79
0 0 87.83
0 0 87.86
0 0 87.89
0 0 87.93
0 0 87.96
0 0 88.0
0 0 88.03
0 0 88.06
0 0 88.09
0 0 88.13
0 0 88.16
0 0 88.19
0 0 88.23
0 0 88.26
0 0 88.29
0 0 88.33
0 0 88.36
0 0 88.39
0 0 88.43
0 0 88.46
0 0 88.5
0 0 88.53
0 0 88.56
0 0 88.59
0 0 88.63
0 0 88.66
0 0 88.69
0 0 88.73
0 0 88.76
0 0 88.8
0 0 88.83
0 0 88.86
0 0 88.89
0 0 88.93
0 0 88.96
0 0 89.0
0 0 89.03
0 0 89.06
0 0 89.09
0 0 89.13
0 0 89.16
0 0 89.19
0 0 89.23
0 0 89.26
0 0 89.3
0 0 89.33
0 0 89.36
0 0 89.39
0 0 89.43
0 0 89.46
0 0 89.5
0 0 89.53
0 0 89.56
0 0 89.59
0 0 89.63
0 0 89.66
0 0 89.7
0 0 89.73
0 0 89.76
0 0 89.8
0 0 89.83
0 0 89.86
0 0 89.9
0 0 89.93
0 0 89.96
0 0 90.0
0 0 90.03
0 0 90.06
0 0 90.09
0 0 90.13
0 0 90.16
0 0 90.19
0 0 90.23
0 0 90.26
0 0 90.29
0 0 90.33
0 0 90.36
0 0 90.39
0 0 90.43
0 0 90.46
0 0 90.5
0 0 90.53
0 0 90.56
0 0 90.59
0 0 90.63
0 0 90.66
0 0 90.69
0 0 90.73
0 0 90.76
0 0 90.79
0 0 90.83
0 0 90.86
0 0 90.9
0 0 90.93
0 0 90.96
0 0 91.0
0 0 91.03
0 0 91.06
0 0 91.1
0 0 91.13
0 0 91.16
0 0 91.19
0 0 91.23
0 0 91.26
0 0 91.3
0 0 91.33
0 0 91.36
0 0 91.39
0 0 91.43
0 0 91.46
0 0 91.5
0 0 91.53
0 0 91.56
0 0 91.59
0 0 91.63
0 0 91.66
0 0 91.69
0 0 91.73
0 0 91.76
0 0 91.79
0 0 91.83
0 0 91.86
0 0 91.89
0 0 91.93
0 0 91.96
0 0 92.0
0 0 92.03
0 0 92.06
0 0 92.09
0 0 92.13
0 0 92.16
0 0 92.19
0 0 92.23
0 0 92.26
0 0 92.29
0 0 92.33
0 0 92.36
0 0 92.39
0 0 92.43
0 0 92.46
0 0 92.5
0 0 92.53
0 0 92.56
0 0 92.59
0 0 92.63
0 0 92.66
0 0 92.69
0 0 92.73
0 0 92.76
0 0 92.79
0 0 92.83
0 0 92.86
0 0 92.89
0 0 92.93
0 0 92.96
0 0 93.0
0 0 93.03
0 0 93.06
0 0 93.09
0 0 93.13
0 0 93.16
0 0 93.19
0 0 93.23
0 0 93.26
0 0 93.29
0 0 93.33
0 0 93.36
0 0 93.39
0 0 93.43
0 0 93.46
0 0 93.49
0 0 93.53
0 0 93.56
0 0 93.59
0 0 93.63
0 0 93.66
0 0 93.69
0 0 93.73
0 0 93.76
0 0 93.79
0 0 93.83
0 0 93.86
0 0 93.89
0 0 93.93
0 0 93.96
0 0 93.99
0 0 94.03
0 0 94.06
0 0 94.09
0 0 94.13
0 0 94.16
0 0 94.19
0 0 94.23
0 0 94.26
0 0 94.29
0 0 94.33
0 0 94.36
0 0 94.39
0 0 94.43
0 0 94.46
0 0 94.49
0 0 94.53
0 0 94.56
0 0 94.59
0 0 94.63
0 0 94.66
0 0 94.69
0 0 94.73
0 0 94.76
0 0 94.79
0 0 94.83
0 0 94.86
0 0 94.89
0 0 94.93
0 0 94.96
0 0 94.99
0 0 95.02
0 0 95.06
0 0 95.09
0 0 95.12
0 0 95.16
0 0 95.19
0 0 95.23
0 0 95.26
0 0 95.29
0 0 95.33
0 0 95.36
0 0 95.39
0 0 95.43
0 0 95.46
0 0 95.49
0 0 95.53
0 0 95.56
0 0 95.59
0 0 95.63
0 0 95.66
0 0 95.69
0 0 95.73
0 0 95.76
0 0 95.79
0 0 95.83
0 0 95.86
0 0 95.89
0 0 95.93
0 0 95.96
0 0 95.99
0 0 96.03
0 0 96.06
0 0 96.09
0 0 96.13
0 0 96.16
0 0 96.19
0 0 96.23
0 0 96.26
0 0 96.29
0 0 96.33
0 0 96.36
0 0 96.39
0 0 96.43
0 0 96.46
0 0 96.49
0 0 96.53
0 0 96.56
0 0 96.59
0 0 96.63
0 0 96.66
0 0 96.69
0 0 96.73
0 0 96.76
0 0 96.79
0 0 96.83
0 0 96.86
0 0 96.89
0 0 96.93
0 0 96.96
0 0 96.99
0 0 97.03
0 0 97.06
0 0 97.09
0 0 97.12
0 0 97.16
0 0 97.19
0 0 97.23
0 0 97.26
0 0 97.29
0 0 97.33
0 0 97.36
0 0 97.39
0 0 97.43
0 0 97.46
0 0 97.5
0 0 97.53
0 0 97.56
0 0 97.59
0 0 97.63
0 0 97.66
0 0 97.69
0 0 97.73
0 0 97.76
0 0 97.79
0 0 97.83
0 0 97.86
0 0 97.89
0 0 97.93
0 0 97.96
0 0 97.99
0 0 98.03
0 0 98.06
0 0 98.09
0 0 98.13
0 0 98.16
0 0 98.19
0 0 98.23
0 0 98.26
0 0 98.29
0 0 98.33
0 0 98.36
0 0 98.39
0 0 98.43
0 0 98.46
0 0 98.49
0 0 98.53
0 0 98.56
0 0 98.59
0 0 98.63
0 0 98.66
0 0 98.69
0 0 98.73
0 0 98.76
0 0 98.79
0 0 98.83
0 0 98.86
0 0 98.89
0 0 98.93
0 0 98.96
0 0 98.99
0 0 99.03
0 0 99.06
0 0 99.09
0.446 0.067 99.13
0.433 0.013 99.16
0.425 0.012 99.19
0 0 99.23
0 0 99.26
0.397 0.029 99.29
0.392 0.01 99.33
0.386 0.006 99.36
0.383 0.004 99.39
0.384 0.003 99.43
0 0 99.46
0.381 0.004 99.5
0.383 0.003 99.53
0.38 0.004 99.56
0.377 0.004 99.59
0.379 0.003 99.63
0.374 0.007 99.66
0.37 0.005 99.69
0.365 0.007 99.73
0.371 0.004 99.76
0.366 0.007 99.8
0.361 0.005 99.83
0.362 0.005 99.86
0.36 0.003 99.9
0.357 0.003 99.93
0.363 0.001 99.96
0.364 0.002 100.0
0.365 0.001 100.03
0.371 0.0 100.06
0.37 0.001 100.1
0.368 0.003 100.13
0.364 0.004 100.16
0.365 0.006 100.19
0.361 0.005 100.23
0.359 0.004 100.26
0.361 0.004 100.29
0.359 0.004 100.33
0.357 0.004 100.36
0.36 0.003 100.4
0.358 0.002 100.43
0.358 0.002 100.46
0.363 0.002 100.5
0.364 0.001 100.53
0.365 0.002 100.56
0.365 0.001 100.59
0.37 0.001 100.63
0.369 0.001 100.66
0.368 0.002 100.69
0.369 0.005 100.73
0.365 0.004 100.76
0.361 0.005 100.79
0.361 0.006 100.83
0.357 0.005 100.86
0.356 0.005 100.9
0.359 0.004 100.93
0.357 0.004 100.96
0.356 0.004 101.0
0.354 0.003 101.03
0.36 0.002 101.06
0.36 0.001 101.09
0.359 0.001 101.13
0.361 0.001 101.16
0.36 0.001 101.2
0.358 0.001 101.23
0.359 0.004 101.26
0.358 0.002 101.3
0.356 0.002 101.33
0.357 0.002 101.36
0.355 0.003 101.39
0.354 0.002 101.43
0.353 0.002 101.46
0.355 0.001 101.5
0.355 0.001 101.53
0.356 0.003 101.56
0.36 0.004 101.59
0.363 0.005 101.63
0.366 0.006 101.66
0.374 0.01 101.69
0 0 101.73
0.4 0.03 101.76
0.418 0.022 101.79
0.445 0.03 101.83
0 0 101.86
0 0 101.89
0 0 101.93
0 0 101.96
0 0 101.99
0 0 102.03
0 0 102.06
0 0 102.09
0 0 102.13
0 0 102.16
0 0 102.19
0 0 102.23
0 0 102.26
0 0 102.29
0 0 102.33
0 0 102.36
0 0 102.39
0 0 102.42
0 0 102.46
0 0 102.49
0 0 102.52
0 0 102.56
0 0 102.59
0 0 102.62
0 0 102.66
0 0 102.69
0 0 102.73
0 0 102.76
0 0 102.79
0 0 102.83
0 0 102.86
0 0 102.89
0 0 102.92
0 0 102.96
0 0 102.99
0 0 103.03
0 0 103.06
0 0 103.09
0 0 103.12
0 0 103.16
0 0 103.19
0 0 103.23
0 0 103.26
0 0 103.29
0 0 103.33
0 0 103.36
0 0 103.39
0 0 103.42
0 0 103.46
0 0 103.49
0 0 103.52
0 0 103.56
0 0 103.59
0 0 103.62
0 0 103.66
0.542 0.108 103.69
0.514 0.029 103.73
0.487 0.028 103.76
0.461 0.028 103.79
0.438 0.025 103.83
0.421 0.02 103.86
0.407 0.015 103.89
0.395 0.013 103.93
0.387 0.009 103.96
0.383 0.007 104.0
0.38 0.008 104.03
0.379 0.007 104.06
0.381 0.005 104.1
0.384 0.004 104.13
0.386 0.004 104.16
0.388 0.002 104.19
0.388 0.002 104.23
0.387 0.002 104.26
0.387 0.002 104.3
0.388 0.002 104.33
0.388 0.002 104.36
0.387 0.002 104.39
0.386 0.002 104.43
0.384 0.002 104.46
0.381 0.003 104.49
0.376 0.005 104.53
0.37 0.006 104.56
0.364 0.006 104.59
0.36 0.005 104.63
0.359 0.002 104.66
0.359 0.002 104.7
0.36 0.006 104.73
0.362 0.007 104.76
0.366 0.009 104.8
0.371 0.011 104.83
0.379 0.012 104.86
0.393 0.017 104.89
0.413 0.023 104.93
0.444 0.035 104.96
0.469 0.027 105.0
0 0 105.03
0 0 105.06
0 0 105.09
0 0 105.12
0 0 105.16
0 0 105.19
0 0 105.23
0 0 105.26
0 0 105.29
0 0 105.33
0 0 105.36
0 0 105.39
0 0 105.43
0 0 105.46
0 0 105.49
0 0 105.53
0 0 105.56
0 0 105.59
0 0 105.63
0 0 105.66
0 0 105.69
0 0 105.73
0 0 105.76
0 0 105.79
0 0 105.83
0 0 105.86
0 0 105.89
0 0 105.92
0 0 105.96
0 0 105.99
0 0 106.02
0 0 106.06
0 0 106.09
0 0 106.12
0 0 106.16
0 0 106.19
0 0 106.23
0 0 106.26
0 0 106.29
0 0 106.33
0 0 106.36
0 0 106.39
0 0 106.42
0 0 106.46
0 0 106.49
0 0 106.52
0 0 106.56
0 0 106.59
0 0 106.62
0 0 106.66
0 0 106.69
0 0 106.72
0 0 106.76
0 0 106.79
0 0 106.82
0 0 106.86
0 0 106.89
0 0 106.92
0 0 106.96
0 0 106.99
0 0 107.02
0 0 107.06
0 0 107.09
0.526 0.066 107.13
0.495 0.031 107.16
0.47 0.026 107.19
0.446 0.024 107.23
0.426 0.021 107.26
0.407 0.018 107.29
0.394 0.014 107.33
0.385 0.01 107.36
0.377 0.009 107.39
0.371 0.008 107.43
0.367 0.007 107.46
0.364 0.006 107.5
0.361 0.005 107.53
0.359 0.004 107.56
0.358 0.004 107.59
0.357 0.004 107.63
0.355 0.003 107.66
0.354 0.003 107.69
0.354 0.003 107.73
0.355 0.004 107.76
0.356 0.003 107.79
0.358 0.004 107.83
0.361 0.004 107.86
0.364 0.004 107.9
0.365 0.002 107.93
0.365 0.001 107.96
0.365 0.001 108.0
0.364 0.001 108.03
0.364 0.0 108.06
0.364 0.001 108.09
0.364 0.001 108.13
0.362 0.002 108.16
0.36 0.002 108.19
0.36 0.001 108.23
0.36 0.0 108.26
0.36 0.001 108.29
0.36 0.001 108.33
0.36 0.001 108.36
0.359 0.001 108.39
0.358 0.003 108.43
0.358 0.003 108.46
0.36 0.004 108.49
0.362 0.005 108.53
0.366 0.006 108.56
0.373 0.008 108.59
0.379 0.009 108.63
0.391 0.012 108.66
0.407 0.017 108.69
0.428 0.023 108.72
0.45 0.023 108.76
0.478 0.029 108.79
0 0 108.83
0.542 0.066 108.86
0 0 108.89
0 0 108.92
0 0 108.96
0 0 108.99
0 0 109.02
0 0 109.06
0 0 109.09
0 0 109.12
0 0 109.16
0 0 109.19
0 0 109.23
0 0 109.26
0 0 109.29
0 0 109.33
0 0 109.36
0 0 109.39
0 0 109.42
0 0 109.46
0 0 109.49
0 0 109.52
0 0 109.56
0 0 109.59
0 0 109.62
0 0 109.66
0 0 109.69
0 0 109.72
0 0 109.76
0 0 109.79
0 0 109.82
0 0 109.86
0 0 109.89
0 0 109.92
0 0 109.96
0 0 109.99
0 0 110.02
0 0 110.06
0 0 110.09
0 0 110.12
0 0 110.16
0 0 110.19
0 0 110.22
0 0 110.26
0 0 110.29
0 0 110.32
0 0 110.36
0 0 110.39
0 0 110.42
0 0 110.46
0 0 110.49
0 0 110.52
0 0 110.56
0 0 110.59
0 0 110.62
0 0 110.66
0 0 110.69
0 0 110.72
0 0 110.76
0 0 110.79
0 0 110.82
0 0 110.86
0 0 110.89
0 0 110.92
0 0 110.96
0 0 110.99
0 0 111.02
0 0 111.06
0 0 111.09
0 0 111.12
0 0 111.16
0 0 111.19
0 0 111.22
0 0 111.26
0 0 111.29
0 0 111.32
0 0 111.36
0 0 111.39
0 0 111.42
0 0 111.46
0 0 111.49
0 0 111.52
0 0 111.56
0 0 111.59
0 0 111.62
0 0 111.66
0 0 111.69
0 0 111.72
0 0 111.76
0 0 111.79
0 0 111.83
0 0 111.86
0 0 111.89
0 0 111.92
0 0 111.96
0 0 111.99
0 0 112.02
0 0 112.06
0 0 112.09
0 0 112.12
0 0 112.16
0 0 112.19
0 0 112.22
0 0 112.26
0 0 112.29
0 0 112.33
0 0 112.36
0 0 112.39
0 0 112.42
0 0 112.46
0 0 112.49
0 0 112.52
0 0 112.56
0 0 112.59
0 0 112.62
0 0 112.66
0 0 112.69
0 0 112.72
0 0 112.76
0 0 112.79
0 0 112.83
0 0 112.86
0 0 112.89
0 0 112.92
0 0 112.96
0 0 112.99
0 0 113.02
0 0 113.06
0 0 113.09
0 0 113.12
0 0 113.16
0 0 113.19
0 0 113.22
0 0 113.26
0 0 113.29
0 0 113.32
0 0 113.36
0 0 113.39
0 0 113.42
0 0 113.46
0 0 113.49
0 0 113.52
0 0 113.56
0 0 113.59
0 0 113.62
0 0 113.66
0 0 113.69
0 0 113.72
0 0 113.76
0 0 113.79
0 0 113.83
0 0 113.86
0 0 113.89
0 0 113.92
0 0 113.96
0 0 113.99
0 0 114.02
0 0 114.06
0 0 114.09
0 0 114.12
0 0 114.16
0 0 114.19
0 0 114.22
0 0 114.26
0 0 114.29
0 0 114.32
0 0 114.36
0 0 114.39
0 0 114.42
0 0 114.46
0 0 114.49
0 0 114.52
0 0 114.56
0 0 114.59
0 0 114.62
0 0 114.66
0 0 114.69
0 0 114.72
0 0 114.76
0 0 114.79
0 0 114.83
0 0 114.86
0 0 114.89
0 0 114.92
0 0 114.96
0 0 114.99
0 0 115.02
0 0 115.06
0 0 115.09
0 0 115.12
0 0 115.16
0 0 115.19
0 0 115.22
0 0 115.26
0 0 115.29
0 0 115.32
0 0 115.36
0 0 115.39
0 0 115.42
0 0 115.46
0 0 115.49
0 0 115.52
0 0 115.56
0 0 115.59
0 0 115.62
0 0 115.66
0 0 115.69
0 0 115.72
0 0 115.76
0 0 115.79
0 0 115.82
0 0 115.86
0 0 115.89
0 0 115.92
0 0 115.96
0 0 115.99
0 0 116.02
0 0 116.06
0 0 116.09
0 0 116.12
0 0 116.16
0 0 116.19
0 0 116.22
0 0 116.26
0 0 116.29
0 0 116.32
0 0 116.36
0 0 116.39
0 0 116.42
0 0 116.46
0 0 116.49
0 0 116.52
0 0 116.56
0 0 116.59
0 0 116.62
0 0 116.66
0 0 116.69
0 0 116.72
0 0 116.76
0 0 116.79
0 0 116.82
0 0 116.86
0 0 116.89
0 0 116.92
0 0 116.96
0 0 116.99
0 0 117.02
0 0 117.06
0 0 117.09
0 0 117.12
0 0 117.16
0 0 117.19
0 0 117.22
0 0 117.25
0 0 117.29
0 0 117.32
0 0 117.36
0 0 117.39
0 0 117.42
0 0 117.46
0 0 117.49
0 0 117.52
0 0 117.56
0 0 117.59
0 0 117.62
0 0 117.66
0 0 117.69
0 0 117.72
0 0 117.75
0.546 0.088 117.79
0 0 117.82
0.518 0.029 117.86
0.511 0.016 117.89
0.498 0.013 117.93
0.484 0.014 117.96
0.471 0.014 117.99
0.462 0.014 118.03
0.448 0.015 118.06
0.437 0.011 118.09
0.429 0.013 118.13
0.419 0.01 118.16
0.41 0.009 118.19
0.407 0.007 118.23
0.4 0.007 118.26
0.395 0.005 118.29
0.396 0.004 118.33
0 0 118.36
0.392 0.005 118.39
0 0 118.42
0.393 0.005 118.46
0.394 0.003 118.49
0.393 0.002 118.52
0.396 0.003 118.56
0.395 0.002 118.59
0.394 0.002 118.62
0.395 0.003 118.66
0.394 0.003 118.69
0.392 0.003 118.72
0.393 0.005 118.76
0.392 0.003 118.79
0.39 0.004 118.83
0.39 0.003 118.86
0.392 0.004 118.89
0.393 0.004 118.92
0.393 0.003 118.96
0.396 0.002 118.99
0.397 0.002 119.02
0.395 0.002 119.06
0.396 0.002 119.09
0.396 0.002 119.13
0.396 0.001 119.16
0.397 0.002 119.19
0.401 0.001 119.23
0.402 0.002 119.26
0.402 0.001 119.29
0.403 0.003 119.33
0.402 0.001 119.36
0.402 0.001 119.39
0.403 0.002 119.42
0.403 0.003 119.46
0.4 0.004 119.49
0.398 0.005 119.52
0.396 0.006 119.56
0.394 0.005 119.59
0 0 119.62
0 0 119.66
0.392 0.014 119.69
0.391 0.004 119.72
0.391 0.004 119.76
0.388 0.004 119.79
0.386 0.004 119.83
0.384 0.005 119.86
0.378 0.007 119.89
0.374 0.005 119.92
0 0 119.96
0.368 0.008 119.99
0.368 0.003 120.02
0.368 0.001 120.06
0.369 0.001 120.09
0.367 0.002 120.13
0.365 0.003 120.16
0.364 0.001 120.19
0.364 0.001 120.22
0.366 0.002 120.26
0.368 0.003 120.29
0.369 0.005 120.33
0.371 0.006 120.36
0.372 0.007 120.39
0.372 0.008 120.42
0 0 120.46
0.369 0.008 120.49
0.369 0.002 120.52
0.369 0.003 120.56
0.37 0.003 120.59
0.371 0.002 120.62
0.37 0.002 120.66
0.369 0.003 120.69
0.368 0.002 120.72
0.368 0.001 120.76
0.368 0.003 120.79
0.368 0.003 120.83
0.371 0.003 120.86
0.374 0.005 120.89
0.377 0.004 120.92
0.379 0.003 120.96
0.38 0.003 120.99
0.38 0.003 121.02
0.381 0.003 121.06
0.382 0.002 121.09
0.385 0.002 121.12
0.386 0.002 121.16
0.387 0.002 121.19
0.388 0.001 121.22
0.387 0.001 121.26
0.386 0.001 121.29
0.385 0.001 121.33
0.385 0.002 121.36
0.384 0.001 121.39
0.383 0.0 121.42
0.383 0.0 121.46
0.383 0.002 121.49
0.384 0.002 121.52
0.386 0.003 121.56
0.388 0.003 121.59
0.39 0.002 121.62
0.391 0.002 121.66
0.393 0.002 121.69
0.395 0.002 121.73
0.399 0.004 121.76
0.403 0.005 121.79
0.409 0.006 121.83
0.418 0.01 121.86
0.429 0.012 121.89
0.443 0.018 121.92
0 0 121.96
0 0 121.99
0 0 122.02
0 0 122.06
0 0 122.09
0 0 122.12
0 0 122.16
0 0 122.19
0 0 122.22
0 0 122.25
0 0 122.29
0 0 122.32
0 0 122.35
0 0 122.39
0 0 122.42
0 0 122.45
0 0 122.49
0 0 122.52
0 0 122.56
0 0 122.59
0 0 122.62
0 0 122.66
0 0 122.69
0 0 122.72
0 0 122.75
0 0 122.79
0 0 122.82
0 0 122.85
0 0 122.89
0 0 122.92
0 0 122.95
0 0 122.99
0 0 123.02
0 0 123.06
0 0 123.09
0 0 123.12
0 0 123.16
0 0 123.19
0 0 123.22
0 0 123.25
0 0 123.29
0 0 123.32
0 0 123.35
0 0 123.39
0 0 123.42
0 0 123.46
0 0 123.49
0 0 123.52
0 0 123.56
0 0 123.59
0 0 123.62
0 0 123.66
0 0 123.69
0 0 123.72
0 0 123.75
0 0 123.79
0 0 123.82
0 0 123.85
0 0 123.89
0 0 123.92
0 0 123.95
0 0 123.99
0 0 124.02
0 0 124.05
0 0 124.09
0 0 124.12
0 0 124.16
0 0 124.19
0 0 124.22
0 0 124.25
0 0 124.29
0 0 124.32
0 0 124.36
0 0 124.39
0 0 124.42
0 0 124.45
0 0 124.49
0 0 124.52
0 0 124.55
0 0 124.59
0 0 124.62
0 0 124.66
0 0 124.69
0 0 124.72
0 0 124.75
0 0 124.79
0 0 124.82
0 0 124.85
0 0 124.89
0 0 124.92
0 0 124.95
0 0 124.99
0 0 125.02
0 0 125.05
0 0 125.09
0 0 125.12
0 0 125.16
0 0 125.19
0 0 125.22
0 0 125.25
0 0 125.29
0 0 125.32
0 0 125.35
0 0 125.39
0 0 125.42
0 0 125.46
0 0 125.49
0 0 125.52
0 0 125.56
0 0 125.59
0 0 125.62
0 0 125.66
0 0 125.69
0 0 125.72
0 0 125.75
0 0 125.79
0 0 125.82
0 0 125.85
0 0 125.89
0 0 125.92
0 0 125.95
0 0 125.99
0 0 126.02
0 0 126.05
0 0 126.09
0 0 126.12
0 0 126.16
0 0 126.19
0 0 126.22
0 0 126.25
0 0 126.29
0 0 126.32
0 0 126.36
0 0 126.39
0 0 126.42
0 0 126.46
0 0 126.49
0 0 126.52
0 0 126.56
0 0 126.59
0 0 126.62
0 0 126.66
0 0 126.69
0 0 126.72
0 0 126.75
0 0 126.79
0 0 126.82
0 0 126.85
0 0 126.89
0 0 126.92
0 0 126.95
0 0 126.99
0 0 127.02
0 0 127.05
0 0 127.09
0 0 127.12
0 0 127.15
0 0 127.19
0 0 127.22
0 0 127.25
0 0 127.29
0 0 127.32
0 0 127.35
0 0 127.39
0 0 127.42
0 0 127.45
0 0 127.49
0 0 127.52
0 0 127.55
0 0 127.59
0 0 127.62
0 0 127.66
0 0 127.69
0 0 127.72
0 0 127.75
0 0 127.79
0 0 127.82
0 0 127.85
0 0 127.89
0 0 127.92
0 0 127.95
0 0 127.99
0 0 128.02
0 0 128.05
0 0 128.09
0 0 128.12
0 0 128.16
0 0 128.19
0 0 128.22
0 0 128.25
0 0 128.29
0 0 128.32
0 0 128.35
0 0 128.39
0 0 128.42
0 0 128.45
0 0 128.49
0 0 128.52
0 0 128.55
0 0 128.59
0 0 128.62
0 0 128.65
0 0 128.69
0 0 128.72
0 0 128.75
0 0 128.79
0 0 128.82
0 0 128.85
0 0 128.89
0 0 128.92
0 0 128.95
0 0 128.99
0 0 129.02
0 0 129.05
0 0 129.09
0 0 129.12
0 0 129.15
0 0 129.19
0 0 129.22
0 0 129.25
0 0 129.29
0 0 129.32
0 0 129.35
0 0 129.39
0 0 129.42
0 0 129.45
0 0 129.49
0 0 129.52
0 0 129.55
0 0 129.59
0 0 129.62
0 0 129.65
0 0 129.69
0 0 129.72
0 0 129.75
0 0 129.79
0 0 129.82
0 0 129.85
0 0 129.89
0 0 129.92
