0 0 83.83
0 0 83.86
0 0 83.9
0 0 83.93
0 0 83.96
0 0 84.0
0 0 84.03
0 0 84.06
0 0 84.1
0 0 84.13
0 0 84.16
0 0 84.2
0.364 0.046 84.23
0.355 0.018 84.26
0.35 0.014 84.3
0.345 0.012 84.33
0.343 0.009 84.37
0.342 0.007 84.4
0.336 0.01 84.43
0.335 0.006 84.47
0.337 0.008 84.5
0.336 0.005 84.53
0.337 0.004 84.57
0 0 84.6
0 0 84.63
0.337 0.006 84.67
0.337 0.001 84.7
0 0 84.73
0.333 0.005 84.76
0 0 84.79
0.334 0.009 84.83
0.332 0.007 84.86
0 0 84.9
0.337 0.01 84.93
0.331 0.002 84.97
0.33 0.002 85.0
0.33 0.003 85.03
0.325 0.002 85.06
0.323 0.002 85.1
0.322 0.005 85.13
0.322 0.008 85.17
0.319 0.012 85.2
0.322 0.015 85.23
0 0 85.26
0 0 85.3
0 0 85.33
0.356 0.084 85.36
0 0 85.4
0 0 85.43
0 0 85.46
0 0 85.5
0 0 85.53
0 0 85.56
0 0 85.6
0 0 85.63
0 0 85.66
0 0 85.69
0 0 85.73
0 0 85.76
0 0 85.8
0 0 85.83
0 0 85.86
0 0 85.89
0 0 85.93
0 0 85.96
0 0 86.0
0 0 86.03
0 0 86.06
0 0 86.09
0 0 86.13
0 0 86.16
0 0 86.19
0 0 86.23
0 0 86.26
0 0 86.29
0 0 86.33
0 0 86.36
0 0 86.39
0 0 86.43
0 0 86.46
0 0 86.5
0 0 86.53
0 0 86.56
0 0 86.59
0 0 86.63
0 0 86.66
0 0 86.69
0 0 86.73
0 0 86.76
0 0 86.79
0 0 86.83
0 0 86.86
0 0 86.9
0 0 86.93
0 0 86.96
0 0 87.0
0 0 87.03
0 0 87.06
0 0 87.09
0 0 87.13
0 0 87.16
0 0 87.2
0 0 87.23
0 0 87.26
0 0 87.29
0 0 87.33
0 0 87.36
0 0 87.4
0 0 87.43
0 0 87.46
0 0 87.5
0 0 87.53
0 0 87.56
0 0 87.59
0 0 87.63
0 0 87.66
0 0 87.69
0 0 87.73
0 0 87.76
0 0 87.79
0 0 87.83
0 0 87.86
0 0 87.9
0 0 87.93
0 0 87.96
0 0 88.0
0 0 88.03
0 0 88.06
0 0 88.09
0 0 88.13
0 0 88.16
0 0 88.19
0 0 88.23
0 0 88.26
0 0 88.29
0 0 88.33
0 0 88.36
0 0 88.4
0 0 88.43
0 0 88.46
0 0 88.5
0 0 88.53
0 0 88.56
0 0 88.6
0 0 88.63
0 0 88.66
0 0 88.69
0 0 88.73
0 0 88.76
0 0 88.8
0 0 88.83
0 0 88.86
0 0 88.9
0 0 88.93
0 0 88.96
0 0 89.0
0 0 89.03
0 0 89.06
0 0 89.1
0 0 89.13
0 0 89.16
0 0 89.2
0 0 89.23
0 0 89.26
0 0 89.29
0 0 89.33
0 0 89.36
0 0 89.4
0 0 89.43
0 0 89.46
0 0 89.5
0 0 89.53
0 0 89.56
0 0 89.59
0 0 89.63
0 0 89.66
0 0 89.69
0 0 89.73
0 0 89.76
0 0 89.8
0 0 89.83
0 0 89.86
0 0 89.89
0 0 89.93
0 0 89.96
0 0 90.0
0 0 90.03
0 0 90.06
0 0 90.09
0 0 90.13
0 0 90.16
0 0 90.19
0 0 90.23
0 0 90.26
0 0 90.29
0 0 90.33
0 0 90.36
0 0 90.4
0 0 90.43
0 0 90.46
0 0 90.5
0 0 90.53
0 0 90.56
0 0 90.59
0 0 90.63
0 0 90.66
0 0 90.69
0 0 90.73
0 0 90.76
0 0 90.79
0 0 90.83
0 0 90.86
0 0 90.9
0 0 90.93
0 0 90.96
0 0 91.0
0 0 91.03
0 0 91.06
0 0 91.1
0 0 91.13
0 0 91.16
0 0 91.19
0 0 91.23
0 0 91.26
0 0 91.3
0 0 91.33
0 0 91.36
0 0 91.39
0 0 91.43
0 0 91.46
0 0 91.5
0 0 91.53
0 0 91.56
0 0 91.59
0 0 91.63
0 0 91.66
0 0 91.69
0 0 91.73
0 0 91.76
0 0 91.79
0 0 91.83
0 0 91.86
0 0 91.89
0 0 91.93
0 0 91.96
0 0 92.0
0 0 92.03
0 0 92.06
0 0 92.09
0 0 92.13
0 0 92.16
0 0 92.2
0 0 92.23
0 0 92.26
0 0 92.29
0 0 92.33
0 0 92.36
0 0 92.39
0 0 92.43
0 0 92.46
0 0 92.5
0 0 92.53
0 0 92.56
0 0 92.59
0 0 92.63
0 0 92.66
0 0 92.69
0 0 92.73
0 0 92.76
0 0 92.79
0 0 92.83
0 0 92.86
0 0 92.89
0 0 92.93
0 0 92.96
0 0 93.0
0 0 93.03
0 0 93.06
0 0 93.09
0 0 93.13
0 0 93.16
0 0 93.19
0 0 93.23
0 0 93.26
0 0 93.29
0 0 93.33
0 0 93.36
0 0 93.39
0 0 93.43
0 0 93.46
0 0 93.49
0 0 93.53
0 0 93.56
0 0 93.59
0 0 93.63
0 0 93.66
0 0 93.69
0 0 93.73
0 0 93.76
0 0 93.79
0 0 93.83
0 0 93.86
0 0 93.89
0 0 93.93
0 0 93.96
0 0 93.99
0 0 94.03
0 0 94.06
0 0 94.09
0 0 94.13
0 0 94.16
0 0 94.19
0 0 94.23
0 0 94.26
0 0 94.29
0 0 94.33
0 0 94.36
0 0 94.39
0 0 94.43
0 0 94.46
0 0 94.49
0 0 94.53
0 0 94.56
0 0 94.59
0 0 94.63
0 0 94.66
0 0 94.69
0 0 94.73
0 0 94.76
0 0 94.79
0 0 94.83
0 0 94.86
0 0 94.89
0 0 94.93
0 0 94.96
0 0 94.99
0 0 95.03
0 0 95.06
0 0 95.09
0 0 95.13
0 0 95.16
0 0 95.19
0 0 95.23
0 0 95.26
0 0 95.29
0 0 95.33
0 0 95.36
0 0 95.39
0 0 95.43
0 0 95.46
0 0 95.49
0 0 95.53
0 0 95.56
0 0 95.59
0 0 95.63
0 0 95.66
0 0 95.69
0 0 95.73
0 0 95.76
0 0 95.79
0 0 95.83
0 0 95.86
0 0 95.89
0 0 95.93
0 0 95.96
0 0 95.99
0 0 96.03
0 0 96.06
0 0 96.09
0 0 96.13
0 0 96.16
0 0 96.19
0 0 96.23
0 0 96.26
0 0 96.29
0 0 96.33
0 0 96.36
0 0 96.39
0 0 96.42
0 0 96.46
0 0 96.49
0 0 96.53
0 0 96.56
0 0 96.59
0 0 96.63
0 0 96.66
0 0 96.69
0 0 96.73
0 0 96.76
0 0 96.79
0 0 96.83
0 0 96.86
0 0 96.89
0 0 96.93
0 0 96.96
0 0 96.99
0 0 97.03
0 0 97.06
0 0 97.09
0 0 97.13
0 0 97.16
0 0 97.19
0 0 97.23
0 0 97.26
0 0 97.29
0 0 97.33
0 0 97.36
0 0 97.39
0 0 97.43
0 0 97.46
0 0 97.49
0 0 97.53
0 0 97.56
0 0 97.59
0 0 97.62
0 0 97.66
0 0 97.69
0 0 97.73
0 0 97.76
0 0 97.79
0 0 97.83
0 0 97.86
0 0 97.89
0 0 97.93
0 0 97.96
0 0 97.99
0 0 98.03
0 0 98.06
0 0 98.09
0 0 98.13
0 0 98.16
0 0 98.19
0 0 98.23
0 0 98.26
0 0 98.29
0 0 98.33
0 0 98.36
0 0 98.39
0 0 98.43
0 0 98.46
0 0 98.49
0.339 0.025 98.53
0.328 0.022 98.57
0.326 0.019 98.6
0.322 0.015 98.63
0.321 0.013 98.66
0 0 98.69
0.331 0.017 98.73
0.331 0.005 98.76
0 0 98.79
0.34 0.01 98.83
0.339 0.003 98.86
0.336 0.006 98.9
0 0 98.93
0 0 98.96
0 0 99.0
0.336 0.009 99.03
0 0 99.06
0 0 99.09
0 0 99.13
0.331 0.009 99.16
0 0 99.19
0 0 99.23
0 0 99.26
0 0 99.29
0 0 99.33
0 0 99.36
0 0 99.39
0 0 99.43
0 0 99.46
0 0 99.5
0 0 99.53
0.343 0.008 99.56
0 0 99.59
0 0 99.63
0.339 0.032 99.67
0 0 99.69
0 0 99.73
0 0 99.76
0 0 99.79
0 0 99.83
0 0 99.86
0 0 99.89
0 0 99.93
0 0 99.96
0 0 99.99
0 0 100.03
0 0 100.06
0 0 100.09
0 0 100.13
0 0 100.16
0 0 100.19
0 0 100.23
0 0 100.26
0 0 100.29
0 0 100.33
0 0 100.36
0 0 100.39
0 0 100.43
0 0 100.46
0 0 100.49
0 0 100.53
0 0 100.56
0 0 100.59
0 0 100.63
0 0 100.66
0 0 100.69
0 0 100.73
0 0 100.76
0 0 100.79
0 0 100.83
0 0 100.86
0 0 100.89
0 0 100.93
0 0 100.96
0 0 100.99
0 0 101.03
0 0 101.06
0 0 101.09
0 0 101.12
0 0 101.16
0 0 101.19
0 0 101.23
0 0 101.26
0 0 101.29
0 0 101.33
0.621 0.275 101.36
0 0 101.39
0 0 101.43
0 0 101.46
0 0 101.53
0 0 101.54
0 0 101.56
0 0 101.59
0.621 0.02 101.63
0 0 101.66
0 0 101.69
0 0 101.73
0 0 101.76
0 0 101.79
0 0 101.83
0 0 101.86
0 0 101.9
0 0 101.93
0 0 101.96
0.366 0.278 102.0
0.364 0.011 102.03
0.365 0.008 102.06
0.369 0.009 102.1
0.372 0.007 102.13
0.373 0.004 102.17
0 0 102.19
0.369 0.006 102.23
0 0 102.26
0.365 0.005 102.3
0.367 0.005 102.33
0.369 0.004 102.37
0.373 0.004 102.4
0.374 0.001 102.43
0 0 102.46
0.371 0.004 102.5
0 0 102.53
0 0 102.56
0.367 0.008 102.6
0 0 102.63
0 0 102.66
0 0 102.69
0 0 102.73
0 0 102.76
0.368 0.004 102.8
0 0 102.83
0 0 102.86
0.371 0.009 102.9
0.368 0.003 102.93
0.369 0.003 102.96
0.37 0.009 103.0
0 0 103.03
0.38 0.038 103.06
0 0 103.09
0 0 103.13
0 0 103.16
0 0 103.19
0 0 103.23
0 0 103.26
0 0 103.29
0 0 103.33
0 0 103.36
0 0 103.39
0 0 103.43
0 0 103.46
0 0 103.49
0 0 103.53
0 0 103.56
0 0 103.59
0 0 103.63
0 0 103.66
0 0 103.69
0 0 103.73
0 0 103.76
0 0 103.79
0 0 103.83
0 0 103.86
0 0 103.89
0 0 103.93
0 0 103.96
0 0 103.99
0 0 104.02
0 0 104.06
0 0 104.09
0 0 104.13
0 0 104.16
0 0 104.19
0 0 104.23
0 0 104.26
0 0 104.29
0 0 104.33
0 0 104.36
0 0 104.39
0 0 104.43
0 0 104.46
0 0 104.49
0 0 104.53
0 0 104.56
0 0 104.59
0 0 104.63
0 0 104.66
0 0 104.69
0 0 104.72
0 0 104.76
0 0 104.79
0 0 104.83
0 0 104.86
0 0 104.89
0 0 104.92
0 0 104.96
0 0 104.99
0 0 105.02
0 0 105.06
0 0 105.09
0 0 105.12
0 0 105.16
0 0 105.19
0 0 105.22
0 0 105.26
0 0 105.29
0 0 105.33
0.575 0.21 105.36
0.561 0.018 105.39
0.537 0.026 105.43
0 0 105.46
0.486 0.051 105.49
0 0 105.52
0 0 105.56
0 0 105.59
0 0 105.62
0.403 0.093 105.66
0.398 0.012 105.69
0.393 0.01 105.73
0.39 0.008 105.76
0.387 0.006 105.79
0.385 0.006 105.83
0.38 0.006 105.86
0.378 0.006 105.89
0.374 0.005 105.93
0.372 0.004 105.96
0.371 0.004 106.0
0.371 0.005 106.03
0.371 0.004 106.06
0.37 0.002 106.09
0.369 0.002 106.13
0.369 0.002 106.16
0.368 0.002 106.19
0.367 0.002 106.23
0.367 0.002 106.26
0.367 0.001 106.29
0 0 106.33
0.367 0.002 106.36
0 0 106.39
0 0 106.43
0.367 0.002 106.46
0 0 106.49
0.367 0.006 106.53
0.366 0.002 106.56
0.366 0.001 106.59
0.364 0.004 106.63
0.364 0.001 106.66
0.364 0.001 106.69
0 0 106.73
0.364 0.003 106.76
0.366 0.002 106.79
0 0 106.83
0.371 0.006 106.86
0 0 106.89
0 0 106.92
0.373 0.009 106.96
0.374 0.001 106.99
0 0 107.03
0.373 0.002 107.06
0.372 0.002 107.09
0 0 107.12
0.368 0.004 107.16
0.368 0.004 107.19
0.366 0.003 107.23
0.363 0.003 107.26
0.363 0.006 107.29
0.361 0.004 107.33
0.357 0.004 107.36
0.357 0.004 107.39
0.353 0.007 107.43
0.353 0.003 107.46
0.352 0.004 107.5
0.353 0.003 107.53
0.354 0.007 107.56
0 0 107.59
0.362 0.026 107.63
0.371 0.021 107.66
0 0 107.69
0 0 107.73
0 0 107.76
0 0 107.79
0 0 107.83
0 0 107.86
0 0 107.89
0 0 107.92
0 0 107.96
0 0 107.99
0 0 108.02
0 0 108.06
0 0 108.09
0 0 108.12
0 0 108.16
0 0 108.19
0 0 108.23
0 0 108.26
0 0 108.29
0 0 108.33
0 0 108.36
0 0 108.39
0 0 108.42
0 0 108.46
0 0 108.49
0 0 108.52
0 0 108.56
0 0 108.59
0 0 108.62
0 0 108.66
0 0 108.69
0 0 108.72
0 0 108.76
0 0 108.79
0 0 108.83
0 0 108.86
0 0 108.89
0 0 108.92
0 0 108.96
0 0 108.99
0 0 109.02
0 0 109.06
0 0 109.09
0 0 109.12
0 0 109.16
0 0 109.19
0 0 109.23
0 0 109.26
0 0 109.29
0 0 109.32
0 0 109.36
0 0 109.39
0 0 109.42
0 0 109.46
0 0 109.49
0 0 109.52
0 0 109.56
0 0 109.59
0 0 109.62
0 0 109.66
0 0 109.69
0 0 109.72
0 0 109.76
0 0 109.79
0 0 109.83
0 0 109.86
0 0 109.89
0 0 109.93
0 0 109.96
0 0 109.99
0 0 110.03
0 0 110.06
0 0 110.09
0 0 110.13
0 0 110.16
0 0 110.19
0 0 110.22
0 0 110.26
0 0 110.29
0 0 110.32
0 0 110.36
0 0 110.39
0 0 110.42
0 0 110.46
0 0 110.49
0 0 110.52
0 0 110.56
0 0 110.59
0 0 110.62
0 0 110.66
0 0 110.69
0 0 110.72
0 0 110.76
0 0 110.79
0 0 110.82
0 0 110.86
0 0 110.89
0 0 110.92
0 0 110.96
0 0 110.99
0 0 111.02
0 0 111.06
0 0 111.09
0 0 111.13
0 0 111.16
0 0 111.19
0 0 111.22
0 0 111.26
0 0 111.29
0 0 111.33
0 0 111.36
0 0 111.39
0 0 111.42
0 0 111.46
0 0 111.49
0 0 111.52
0 0 111.56
0 0 111.59
0 0 111.62
0 0 111.66
0 0 111.69
0 0 111.72
0 0 111.76
0 0 111.79
0 0 111.83
0 0 111.86
0 0 111.89
0 0 111.92
0 0 111.96
0 0 111.99
0 0 112.02
0 0 112.06
0 0 112.09
0 0 112.13
0 0 112.16
0 0 112.19
0 0 112.23
0 0 112.26
0 0 112.29
0 0 112.33
0 0 112.36
0 0 112.39
0 0 112.42
0 0 112.46
0 0 112.49
0 0 112.52
0 0 112.56
0 0 112.59
0 0 112.62
0 0 112.66
0 0 112.69
0 0 112.72
0 0 112.76
0 0 112.79
0 0 112.83
0 0 112.86
0 0 112.89
0 0 112.92
0 0 112.96
0 0 112.99
0 0 113.02
0 0 113.06
0 0 113.09
0 0 113.12
0 0 113.16
0 0 113.19
0 0 113.22
0 0 113.26
0 0 113.29
0 0 113.33
0 0 113.36
0 0 113.39
0 0 113.43
0 0 113.46
0 0 113.49
0 0 113.52
0 0 113.56
0 0 113.59
0 0 113.62
0 0 113.66
0 0 113.69
0 0 113.72
0 0 113.76
0 0 113.79
0 0 113.82
0 0 113.86
0 0 113.89
0 0 113.92
0 0 113.96
0 0 113.99
0 0 114.02
0 0 114.06
0 0 114.09
0 0 114.12
0 0 114.16
0 0 114.19
0 0 114.22
0 0 114.26
0 0 114.29
0 0 114.33
0 0 114.36
0 0 114.39
0 0 114.42
0 0 114.46
0 0 114.49
0 0 114.52
0 0 114.56
0 0 114.59
0 0 114.62
0 0 114.66
0 0 114.69
0 0 114.72
0 0 114.76
0 0 114.79
0 0 114.82
0 0 114.86
0 0 114.89
0 0 114.92
0 0 114.96
0 0 114.99
0 0 115.02
0 0 115.06
0 0 115.09
0 0 115.12
0 0 115.16
0 0 115.19
0 0 115.22
0 0 115.26
0 0 115.29
0 0 115.32
0 0 115.36
0 0 115.39
0 0 115.42
0 0 115.46
0 0 115.49
0 0 115.52
0 0 115.56
0 0 115.59
0 0 115.62
0 0 115.66
0 0 115.69
0 0 115.72
0 0 115.76
0 0 115.79
0 0 115.82
0 0 115.86
0 0 115.89
0 0 115.92
0 0 115.96
0 0 115.99
0 0 116.02
0 0 116.06
0 0 116.09
0 0 116.12
0 0 116.16
0 0 116.19
0 0 116.23
0 0 116.26
0 0 116.29
0 0 116.33
0 0 116.36
0 0 116.39
0 0 116.42
0 0 116.46
0 0 116.49
0 0 116.52
0 0 116.56
0 0 116.59
0 0 116.62
0 0 116.66
0 0 116.69
0 0 116.72
0 0 116.76
0 0 116.79
0 0 116.82
0 0 116.86
0 0 116.89
0 0 116.92
0 0 116.96
0 0 116.99
0 0 117.02
0 0 117.06
0 0 117.09
0 0 117.12
0 0 117.16
0 0 117.19
0 0 117.22
0 0 117.26
0 0 117.29
0 0 117.32
0 0 117.36
0 0 117.39
0 0 117.42
0 0 117.46
0 0 117.49
0 0 117.52
0 0 117.56
0 0 117.59
0 0 117.62
0 0 117.66
0 0 117.69
0 0 117.72
0 0 117.76
0 0 117.79
0 0 117.83
0 0 117.86
0 0 117.89
0 0 117.92
0 0 117.96
0 0 117.99
0 0 118.02
0 0 118.06
0 0 118.09
0 0 118.12
0 0 118.16
0 0 118.19
0 0 118.23
0 0 118.26
0 0 118.29
0 0 118.33
0 0 118.36
0 0 118.39
0 0 118.42
0.404 0.048 118.46
0 0 118.49
0.391 0.036 118.53
0.39 0.012 118.56
0.39 0.009 118.59
0.391 0.006 118.62
0.393 0.007 118.66
0.394 0.005 118.69
0 0 118.72
0.393 0.008 118.76
0.391 0.005 118.79
0.388 0.005 118.83
0.388 0.004 118.86
0.387 0.003 118.89
0 0 118.92
0 0 118.96
0.385 0.002 118.99
0 0 119.02
0 0 119.06
0 0 119.09
0 0 119.13
0 0 119.16
0 0 119.19
0 0 119.22
0 0 119.26
0 0 119.29
0.377 0.029 119.33
0 0 119.36
0.383 0.04 119.39
0.393 0.026 119.43
0 0 119.46
0 0 119.49
0 0 119.52
0 0 119.56
0 0 119.59
0 0 119.62
0 0 119.66
0 0 119.69
0 0 119.72
0 0 119.76
0 0 119.79
0 0 119.82
0 0 119.86
0 0 119.89
0 0 119.92
0 0 119.96
0 0 119.99
0 0 120.02
0 0 120.06
0 0 120.09
0 0 120.12
0 0 120.16
0 0 120.19
0 0 120.22
0 0 120.26
0 0 120.29
0 0 120.32
0 0 120.35
0 0 120.39
0 0 120.42
0 0 120.46
0 0 120.49
0 0 120.52
0 0 120.56
0 0 120.59
0 0 120.62
0 0 120.66
0 0 120.69
0 0 120.72
0 0 120.76
0 0 120.79
0 0 120.82
0 0 120.85
0 0 120.89
0 0 120.92
0 0 120.96
0 0 120.99
0 0 121.02
0 0 121.05
0 0 121.09
0 0 121.12
0 0 121.16
0 0 121.19
0 0 121.22
0 0 121.25
0 0 121.29
0 0 121.32
0 0 121.36
0 0 121.39
0 0 121.42
0 0 121.45
0 0 121.49
0 0 121.52
0 0 121.56
0.45 0.077 121.59
0.438 0.018 121.62
0.429 0.012 121.66
0.423 0.011 121.69
0.417 0.01 121.73
0.411 0.009 121.76
0.408 0.008 121.79
0 0 121.83
0.4 0.013 121.86
0 0 121.89
0.395 0.011 121.92
0.394 0.006 121.96
0.39 0.006 121.99
0.388 0.004 122.02
0.386 0.004 122.06
0.382 0.006 122.09
0.382 0.002 122.12
0 0 122.16
0.384 0.005 122.19
0.385 0.002 122.23
0.385 0.005 122.26
0 0 122.29
0.388 0.004 122.33
0.387 0.003 122.36
0.386 0.001 122.39
0.386 0.003 122.42
0 0 122.46
0.383 0.003 122.49
0.382 0.004 122.52
0 0 122.56
0 0 122.59
0 0 122.62
0 0 122.66
0 0 122.69
0 0 122.72
0 0 122.76
0 0 122.79
0 0 122.83
0 0 122.86
0 0 122.89
0.378 0.004 122.93
0.377 0.004 122.96
0.377 0.001 122.99
0 0 123.02
0.376 0.007 123.06
0.375 0.002 123.09
0.374 0.005 123.12
0.375 0.007 123.16
0.374 0.009 123.19
0 0 123.22
0.372 0.005 123.26
0 0 123.29
0 0 123.33
0 0 123.35
0 0 123.39
0.378 0.012 123.42
0.38 0.003 123.46
0 0 123.49
0.384 0.016 123.52
0 0 123.56
0.397 0.034 123.59
0 0 123.62
0 0 123.66
0 0 123.69
0 0 123.72
0 0 123.76
0 0 123.79
0 0 123.82
0 0 123.86
0 0 123.89
0 0 123.92
0 0 123.96
0 0 123.99
0 0 124.02
0 0 124.05
0 0 124.09
0 0 124.12
0 0 124.16
0 0 124.19
0 0 124.22
0 0 124.25
0 0 124.29
0 0 124.32
0 0 124.35
0 0 124.39
0 0 124.42
0 0 124.45
0 0 124.49
0 0 124.52
0 0 124.56
0 0 124.59
0 0 124.62
0 0 124.66
0 0 124.69
0 0 124.72
0 0 124.76
0 0 124.79
0 0 124.82
0 0 124.85
0 0 124.89
0 0 124.92
0 0 124.95
0 0 124.99
0 0 125.02
0 0 125.05
0 0 125.09
0 0 125.12
0 0 125.15
0 0 125.19
0 0 125.22
0 0 125.25
0 0 125.29
0 0 125.32
0 0 125.35
0 0 125.39
0 0 125.42
0 0 125.45
0 0 125.49
0 0 125.52
0 0 125.55
0 0 125.59
0 0 125.62
0 0 125.65
0 0 125.69
0 0 125.72
0 0 125.75
0 0 125.79
0 0 125.82
0 0 125.85
0 0 125.89
0 0 125.92
0 0 125.95
0 0 125.99
0 0 126.02
0 0 126.05
0 0 126.09
0 0 126.12
0 0 126.16
0 0 126.19
0 0 126.22
0 0 126.25
0 0 126.29
0 0 126.32
0 0 126.35
0 0 126.39
0 0 126.42
0 0 126.45
0 0 126.49
0 0 126.52
0 0 126.55
0 0 126.59
0 0 126.62
0 0 126.66
0 0 126.69
0 0 126.72
0 0 126.75
0 0 126.79
0 0 126.82
0 0 126.85
0 0 126.89
0 0 126.92
0 0 126.95
0 0 126.99
0 0 127.02
0 0 127.05
0 0 127.09
0 0 127.12
0 0 127.16
0 0 127.19
0 0 127.22
0 0 127.25
0 0 127.29
0 0 127.32
0 0 127.35
0 0 127.39
0 0 127.42
0 0 127.45
0 0 127.49
0 0 127.52
0 0 127.55
0 0 127.59
0 0 127.62
0 0 127.65
0 0 127.69
0 0 127.72
0 0 127.75
0 0 127.79
0 0 127.82
0 0 127.85
0 0 127.89
0 0 127.92
0 0 127.95
0 0 127.99
0 0 128.02
0 0 128.05
0 0 128.09
0 0 128.12
0 0 128.16
0 0 128.19
0 0 128.22
0 0 128.25
0 0 128.29
0 0 128.32
0 0 128.35
0 0 128.39
0 0 128.42
0 0 128.45
0 0 128.49
0 0 128.52
0 0 128.56
0 0 128.59
0 0 128.62
0 0 128.66
0 0 128.69
0 0 128.72
0 0 128.75
0 0 128.79
0 0 128.82
0 0 128.85
0 0 128.89
0 0 128.92
0 0 128.95
0 0 128.99
0 0 129.02
0 0 129.05
0 0 129.09
0 0 129.12
0 0 129.16
0 0 129.19
0 0 129.22
0 0 129.25
0 0 129.29
0 0 129.32
0 0 129.35
0 0 129.39
0 0 129.42
0 0 129.45
0 0 129.49
0 0 129.52
0 0 129.55
0 0 129.59
0 0 129.62
0 0 129.66
0 0 129.69
0 0 129.72
0 0 129.75
0 0 129.79
0 0 129.82
0 0 129.85
0 0 129.89
0 0 129.92
0 0 129.95
0 0 129.99
0 0 130.02
0 0 130.06
0 0 130.09
0 0 130.12
0 0 130.16
0 0 130.19
0 0 130.22
0 0 130.25
0 0 130.29
0 0 130.32
0 0 130.35
0 0 130.39
0 0 130.42
0 0 130.45
0 0 130.49
0 0 130.52
0 0 130.55
0 0 130.59
0 0 130.62
0 0 130.65
0 0 130.69
0 0 130.72
0 0 130.75
0 0 130.79
0 0 130.82
0 0 130.85
0 0 130.89
0 0 130.92
0 0 130.95
0 0 130.99
0 0 131.02
0 0 131.05
0 0 131.09
0 0 131.12
0 0 131.16
0 0 131.19
0 0 131.22
0 0 131.26
0 0 131.29
0 0 131.32
0 0 131.35
0 0 131.39
0 0 131.42
0 0 131.45
0 0 131.49
0 0 131.52
0 0 131.55
0 0 131.59
0 0 131.62
0 0 131.66
0 0 131.69
0 0 131.72
0 0 131.75
0 0 131.79
0 0 131.82
0 0 131.85
0 0 131.89
0 0 131.92
0 0 131.95
0 0 131.99
0 0 132.02
0 0 132.05
0 0 132.09
0 0 132.12
0 0 132.16
0 0 132.19
0 0 132.22
0 0 132.25
0 0 132.29
0 0 132.32
0 0 132.35
0 0 132.39
0 0 132.42
0 0 132.45
0 0 132.49
0 0 132.52
0 0 132.55
0 0 132.59
0 0 132.62
0 0 132.66
0 0 132.69
0 0 132.72
0 0 132.75
0 0 132.79
0 0 132.82
0 0 132.85
0 0 132.89
0 0 132.92
0 0 132.95
0 0 132.99
0 0 133.02
0 0 133.05
0 0 133.09
0 0 133.12
0 0 133.15
0 0 133.19
0 0 133.22
0 0 133.25
0 0 133.29
0 0 133.32
0 0 133.35
0 0 133.39
0 0 133.42
0 0 133.45
0 0 133.49
0 0 133.52
0 0 133.55
0 0 133.59
0 0 133.62
0 0 133.65
0 0 133.69
0 0 133.72
0 0 133.75
0 0 133.79
0 0 133.82
0 0 133.85
0 0 133.89
0 0 133.92
0 0 133.95
0 0 133.99
0 0 134.02
0 0 134.05
0 0 134.09
0 0 134.12
0 0 134.16
0 0 134.19
0 0 134.22
0 0 134.25
0 0 134.29
0 0 134.32
0 0 134.35
0 0 134.39
0 0 134.42
0 0 134.45
0 0 134.49
0 0 134.52
0 0 134.55
0 0 134.59
0 0 134.62
0 0 134.65
0 0 134.69
0 0 134.72
0 0 134.75
0 0 134.79
0 0 134.82
0 0 134.85
0 0 134.89
0 0 134.92
0 0 134.95
0 0 134.99
0 0 135.02
0 0 135.05
0 0 135.09
0 0 135.12
0 0 135.15
0 0 135.19
0 0 135.22
0 0 135.25
0 0 135.29
0 0 135.32
0 0 135.35
0 0 135.39
0 0 135.42
0 0 135.45
0 0 135.49
0 0 135.52
0 0 135.55
0 0 135.59
0 0 135.62
0 0 135.65
0 0 135.69
0 0 135.72
0 0 135.75
0 0 135.78
0 0 135.82
0 0 135.85
0 0 135.89
0 0 135.92
0 0 135.95
0 0 135.99
0 0 136.02
0 0 136.05
0 0 136.09
0 0 136.12
0 0 136.15
0 0 136.19
0 0 136.22
0 0 136.25
0 0 136.29
0 0 136.32
0 0 136.35
0 0 136.39
0 0 136.42
0 0 136.45
0 0 136.49
0 0 136.52
0 0 136.55
0 0 136.59
0 0 136.62
0 0 136.65
0 0 136.69
0 0 136.72
0 0 136.75
0 0 136.78
0 0 136.82
0 0 136.85
0 0 136.89
0 0 136.92
0 0 136.95
0 0 136.99
0 0 137.02
0 0 137.05
0 0 137.08
0 0 137.12
0 0 137.15
0 0 137.19
0 0 137.22
0 0 137.25
0 0 137.28
0 0 137.32
0 0 137.35
0 0 137.38
0 0 137.42
0 0 137.45
0 0 137.49
0 0 137.52
0 0 137.55
0 0 137.58
0 0 137.62
0 0 137.65
0 0 137.69
0 0 137.72
0 0 137.75
0 0 137.78
0 0 137.82
0 0 137.85
0 0 137.89
0 0 137.92
0 0 137.95
0 0 137.99
0 0 138.02
0 0 138.05
0 0 138.09
0 0 138.12
0 0 138.15
0 0 138.19
0 0 138.22
0 0 138.25
0 0 138.29
0 0 138.32
0 0 138.35
0 0 138.38
0 0 138.42
0 0 138.45
0 0 138.49
0 0 138.52
0 0 138.55
0 0 138.59
0 0 138.62
0.287 0.056 138.65
0 0 138.69
0.264 0.033 138.72
0.257 0.011 138.75
0 0 138.79
0.246 0.019 138.82
0 0 138.85
0 0 138.89
0.242 0.023 138.92
0.241 0.005 138.95
0.241 0.003 138.99
0.24 0.003 139.02
0.239 0.003 139.05
0.237 0.003 139.09
0 0 139.12
0 0 139.16
0.238 0.007 139.19
0 0 139.22
0 0 139.25
0.238 0.002 139.29
0.239 0.005 139.32
0.24 0.009 139.36
0.242 0.006 139.39
0 0 139.42
0 0 139.45
0.244 0.014 139.49
0.243 0.003 139.52
0.24 0.003 139.56
0.239 0.003 139.59
0.237 0.002 139.62
0.237 0.002 139.66
0.238 0.002 139.69
0.242 0.003 139.72
0 0 139.75
0.246 0.008 139.79
0.247 0.007 139.82
0.246 0.015 139.85
0 0 139.89
0 0 139.92
0 0 139.95
0 0 139.99
0 0 140.02
0 0 140.05
0 0 140.09
0 0 140.12
0 0 140.15
0 0 140.18
0 0 140.22
0 0 140.25
0 0 140.29
0 0 140.32
0 0 140.35
0 0 140.38
0 0 140.42
0 0 140.45
0 0 140.49
0 0 140.52
0 0 140.55
0 0 140.59
0 0 140.62
0 0 140.65
0 0 140.68
0 0 140.72
0 0 140.75
0 0 140.78
0 0 140.82
0 0 140.85
0 0 140.88
0 0 140.92
0 0 140.95
0 0 140.99
0 0 141.02
0 0 141.05
0 0 141.08
0 0 141.12
0 0 141.15
0 0 141.18
0 0 141.22
0 0 141.25
0 0 141.28
0 0 141.32
0 0 141.35
0 0 141.38
0 0 141.42
0 0 141.45
0 0 141.49
0 0 141.52
0 0 141.55
0 0 141.58
0 0 141.62
0 0 141.65
0 0 141.69
0 0 141.72
0 0 141.75
0 0 141.78
0 0 141.82
0 0 141.85
0 0 141.88
0 0 141.92
0 0 141.95
0 0 141.99
0 0 142.02
0 0 142.05
0 0 142.09
0 0 142.12
0 0 142.15
0 0 142.19
0 0 142.22
0 0 142.25
0 0 142.28
0 0 142.32
0 0 142.35
0 0 142.39
0 0 142.42
0 0 142.45
0.347 0.081 142.49
0.341 0.015 142.52
0.335 0.012 142.55
0.333 0.009 142.59
0 0 142.62
0.335 0.009 142.66
0.334 0.002 142.69
0.334 0.004 142.72
0.338 0.001 142.75
0 0 142.79
0 0 142.82
0.341 0.003 142.85
0 0 142.89
0 0 142.92
0 0 142.95
0 0 142.99
0.342 0.006 143.02
0.343 0.002 143.05
0 0 143.09
0 0 143.12
0 0 143.15
0.349 0.007 143.19
0.348 0.005 143.22
0.347 0.003 143.25
0.351 0.003 143.29
0.349 0.002 143.32
0.349 0.002 143.35
0.35 0.001 143.39
0.35 0.002 143.42
0.35 0.001 143.45
0.351 0.003 143.49
0.354 0.002 143.52
0.355 0.001 143.56
0.356 0.003 143.59
0.358 0.003 143.62
0.359 0.001 143.66
0.36 0.002 143.69
0.362 0.003 143.72
0.362 0.002 143.76
0.362 0.001 143.79
0.362 0.001 143.82
0.364 0.002 143.85
0.363 0.002 143.89
0.362 0.003 143.92
0.362 0.002 143.95
0.361 0.001 143.99
0.361 0.002 144.02
0.363 0.005 144.05
0.363 0.003 144.09
0.362 0.002 144.12
0.362 0.004 144.16
0.36 0.004 144.19
0.359 0.004 144.22
0.358 0.003 144.25
0.356 0.004 144.29
0 0 144.32
0.354 0.005 144.35
0.356 0.003 144.39
0 0 144.42
0.357 0.01 144.45
0 0 144.49
0.358 0.003 144.52
0.36 0.002 144.55
0.363 0.003 144.59
0 0 144.62
0 0 144.65
0 0 144.69
0.367 0.007 144.72
0.367 0.004 144.75
0.367 0.003 144.79
0.367 0.007 144.82
0.368 0.011 144.85
0.371 0.014 144.89
0.377 0.019 144.92
0.388 0.024 144.95
0 0 144.99
0 0 145.02
0 0 145.05
0 0 145.08
0 0 145.12
0 0 145.15
0 0 145.18
0 0 145.22
0 0 145.25
0 0 145.28
0 0 145.32
0 0 145.35
0 0 145.38
0 0 145.42
0 0 145.45
0 0 145.49
0 0 145.52
0 0 145.55
0 0 145.59
0 0 145.62
0 0 145.65
0 0 145.69
0 0 145.72
0 0 145.75
0 0 145.78
0 0 145.82
0 0 145.85
0 0 145.89
0 0 145.92
0 0 145.95
0 0 145.99
0 0 146.02
0 0 146.05
0 0 146.08
0 0 146.12
0 0 146.15
0 0 146.18
0 0 146.22
0 0 146.25
0 0 146.28
0 0 146.32
0 0 146.35
0 0 146.39
0 0 146.42
0 0 146.45
0 0 146.48
0 0 146.52
0 0 146.55
0 0 146.58
0 0 146.62
0 0 146.65
0 0 146.68
0 0 146.72
0 0 146.75
0 0 146.78
0 0 146.82
0 0 146.85
0 0 146.88
0 0 146.92
0 0 146.95
0 0 146.99
0 0 147.02
0 0 147.05
0 0 147.08
0 0 147.12
0 0 147.15
0 0 147.18
0 0 147.22
0 0 147.25
0 0 147.28
0 0 147.32
0 0 147.35
0 0 147.38
0 0 147.42
0 0 147.45
0 0 147.48
0 0 147.52
0 0 147.55
0 0 147.58
0 0 147.62
0 0 147.65
0 0 147.68
0 0 147.72
0 0 147.75
0 0 147.78
0 0 147.82
0 0 147.85
0 0 147.88
0 0 147.92
0 0 147.95
0 0 147.98
0 0 148.02
0 0 148.05
0 0 148.08
0.438 0.092 148.12
0 0 148.15
0.389 0.055 148.19
0.376 0.019 148.22
0.369 0.015 148.25
0 0 148.29
0.363 0.021 148.32
0.364 0.009 148.35
0.367 0.008 148.39
0.369 0.006 148.42
0 0 148.45
0 0 148.49
0.368 0.005 148.52
0.368 0.002 148.55
0.37 0.002 148.59
0 0 148.62
0.37 0.002 148.65
0.37 0.001 148.69
0.368 0.003 148.72
0.365 0.003 148.75
0.366 0.004 148.79
0.366 0.004 148.82
0.365 0.002 148.85
0.363 0.002 148.89
0.363 0.003 148.92
0.363 0.002 148.95
0.368 0.005 148.99
0.373 0.008 149.02
0.377 0.011 149.05
0.387 0.015 149.09
0 0 149.12
0 0 149.15
0.428 0.065 149.19
0.452 0.028 149.22
0 0 149.25
0 0 149.28
0 0 149.32
0 0 149.35
0 0 149.38
0 0 149.42
0 0 149.45
0 0 149.48
0 0 149.52
0 0 149.55
0 0 149.58
0 0 149.62
0 0 149.65
0 0 149.68
0 0 149.72
0 0 149.75
0 0 149.78
0 0 149.82
0 0 149.85
0 0 149.88
0 0 149.92
0 0 149.95
0 0 149.98
0 0 150.02
0 0 150.05
0 0 150.08
0 0 150.12
0 0 150.15
0 0 150.18
0 0 150.22
0 0 150.25
0 0 150.28
0 0 150.32
0 0 150.35
0 0 150.38
0 0 150.42
0 0 150.45
0 0 150.48
0 0 150.52
0 0 150.55
0 0 150.58
0 0 150.62
0 0 150.65
0 0 150.68
0 0 150.72
0 0 150.75
0 0 150.78
0 0 150.82
0 0 150.85
0 0 150.88
0 0 150.92
0 0 150.95
0 0 150.98
0 0 151.02
0 0 151.05
0 0 151.08
0 0 151.12
0 0 151.15
0 0 151.18
0.416 0.042 151.22
0.406 0.014 151.25
0.399 0.011 151.29
0.394 0.01 151.32
0.391 0.009 151.35
0.389 0.008 151.39
0 0 151.42
0.384 0.012 151.45
0.382 0.005 151.49
0.383 0.006 151.52
0.382 0.004 151.55
0.382 0.003 151.59
0.381 0.001 151.62
0.379 0.002 151.65
0.374 0.005 151.69
0 0 151.72
0.368 0.006 151.75
0.364 0.005 151.79
0 0 151.82
0.359 0.005 151.85
0 0 151.89
0.357 0.007 151.92
0.355 0.002 151.95
0 0 151.99
0.36 0.009 152.02
0.361 0.004 152.05
0 0 152.08
0.364 0.008 152.12
0.366 0.008 152.15
0.37 0.011 152.19
0.374 0.016 152.22
0.382 0.019 152.25
0 0 152.28
0 0 152.32
0 0 152.35
0 0 152.38
0 0 152.42
0 0 152.45
0 0 152.48
0 0 152.52
0 0 152.55
0 0 152.58
0 0 152.62
0 0 152.65
0 0 152.68
0 0 152.72
0 0 152.75
0 0 152.78
0 0 152.82
0 0 152.85
0 0 152.88
0 0 152.92
0 0 152.95
0 0 152.98
0 0 153.02
0 0 153.05
0 0 153.08
0 0 153.12
0 0 153.15
0 0 153.18
0 0 153.22
0 0 153.25
0 0 153.28
0 0 153.32
0 0 153.35
0 0 153.38
0 0 153.42
0 0 153.45
0 0 153.48
0 0 153.52
0 0 153.55
0 0 153.58
0 0 153.62
0 0 153.65
0 0 153.68
0 0 153.72
0 0 153.75
0 0 153.78
0 0 153.82
0 0 153.85
0 0 153.88
0 0 153.92
0 0 153.95
0 0 153.98
0 0 154.02
0 0 154.05
0 0 154.08
0 0 154.12
0 0 154.15
0 0 154.18
0 0 154.22
0 0 154.25
0 0 154.28
0 0 154.32
0 0 154.35
0 0 154.38
0 0 154.42
0 0 154.45
0 0 154.48
0 0 154.52
0 0 154.55
0 0 154.58
0 0 154.62
0 0 154.65
0 0 154.68
0 0 154.72
0 0 154.75
0 0 154.78
0 0 154.82
0 0 154.85
0 0 154.88
0 0 154.92
0 0 154.95
0 0 154.98
0 0 155.02
0 0 155.05
0 0 155.08
0 0 155.12
0 0 155.15
0 0 155.18
0 0 155.22
0 0 155.25
0 0 155.28
0 0 155.32
0 0 155.35
0 0 155.38
0 0 155.42
0 0 155.45
0 0 155.49
0 0 155.52
0 0 155.55
0 0 155.58
0 0 155.62
0 0 155.65
0 0 155.68
0 0 155.72
0 0 155.75
0 0 155.78
0 0 155.82
0 0 155.85
0 0 155.88
0 0 155.92
0.521 0.134 155.95
0 0 155.98
0 0 156.02
0 0 156.05
0 0 156.08
0.511 0.055 156.12
0 0 156.15
0 0 156.18
0 0 156.22
0 0 156.25
0 0 156.28
0.527 0.018 156.32
0.526 0.002 156.35
0 0 156.38
0 0 156.42
0 0 156.45
0.531 0.008 156.49
0.534 0.004 156.52
0.535 0.001 156.55
0 0 156.58
0.533 0.002 156.62
0 0 156.65
0.535 0.003 156.68
0.537 0.002 156.72
0.537 0.001 156.75
0.538 0.002 156.78
0 0 156.82
0 0 156.85
0.544 0.007 156.89
0.542 0.003 156.92
0 0 156.95
0 0 156.98
0.546 0.011 157.02
0.538 0.013 157.05
0.535 0.004 157.09
0.538 0.007 157.12
0.535 0.004 157.15
0 0 157.18
0.529 0.006 157.22
0 0 157.25
0 0 157.28
0.515 0.016 157.32
0.509 0.007 157.35
0.502 0.008 157.38
0.497 0.008 157.42
0.489 0.009 157.45
0.482 0.009 157.48
0 0 157.52
0 0 157.55
0.463 0.024 157.58
0 0 157.62
0.453 0.017 157.65
0.45 0.007 157.68
0.448 0.004 157.72
0 0 157.75
0.444 0.005 157.78
0.444 0.002 157.82
0.444 0.002 157.85
0.445 0.003 157.88
0.449 0.004 157.92
0.451 0.003 157.95
0.454 0.002 157.99
0.456 0.003 158.02
0.459 0.003 158.05
0.462 0.003 158.09
0.464 0.002 158.12
0.465 0.001 158.15
0.465 0.002 158.19
0.464 0.001 158.22
0 0 158.25
0 0 158.28
0 0 158.32
0.455 0.01 158.35
0.451 0.004 158.38
0.447 0.004 158.42
0.443 0.005 158.45
0.439 0.005 158.49
0 0 158.52
0.432 0.008 158.55
0.43 0.004 158.58
0.428 0.003 158.62
0 0 158.65
0 0 158.68
0 0 158.72
0.412 0.018 158.75
0.408 0.006 158.78
0.405 0.004 158.82
0 0 158.85
0 0 158.88
0.394 0.014 158.92
0 0 158.95
0 0 158.98
0.386 0.012 159.02
0.384 0.004 159.05
0 0 159.08
0.383 0.006 159.12
0.384 0.003 159.15
0.385 0.002 159.18
0.386 0.001 159.22
0 0 159.25
0.39 0.005 159.28
0.391 0.003 159.32
0.391 0.003 159.35
0.39 0.002 159.38
0.39 0.001 159.42
0.389 0.001 159.45
0.389 0.002 159.48
0.39 0.002 159.52
0.392 0.004 159.55
0.393 0.004 159.58
0.395 0.002 159.62
0.396 0.003 159.65
0.399 0.003 159.69
0.401 0.003 159.72
0.402 0.004 159.75
0.404 0.002 159.79
0.406 0.002 159.82
0.407 0.001 159.85
0.408 0.001 159.89
0.411 0.003 159.92
0.414 0.003 159.95
0.417 0.004 159.99
0.419 0.003 160.02
0.42 0.002 160.05
0.421 0.001 160.08
0.422 0.0 160.12
0.422 0.002 160.15
0.423 0.002 160.18
0.425 0.002 160.22
0.427 0.004 160.25
0.429 0.006 160.28
0.431 0.009 160.32
0.436 0.012 160.35
0.444 0.015 160.38
0.453 0.016 160.42
0.466 0.018 160.45
0.483 0.021 160.49
0 0 160.52
0 0 160.55
0 0 160.58
0 0 160.61
0 0 160.65
0 0 160.68
0 0 160.72
0 0 160.75
0 0 160.78
0 0 160.82
0 0 160.85
0 0 160.88
0 0 160.91
0 0 160.95
0 0 160.98
0 0 161.01
0 0 161.05
0 0 161.08
0 0 161.11
0 0 161.15
0 0 161.18
0 0 161.21
0 0 161.25
0 0 161.28
0 0 161.32
0 0 161.35
0 0 161.38
0 0 161.41
0 0 161.45
0 0 161.48
0 0 161.51
0 0 161.55
0 0 161.58
0 0 161.61
0 0 161.65
0 0 161.68
0 0 161.71
0 0 161.75
0 0 161.78
0 0 161.82
0 0 161.85
0 0 161.88
0 0 161.91
0 0 161.95
0 0 161.98
0 0 162.02
0 0 162.05
0 0 162.08
0 0 162.11
0 0 162.15
0 0 162.18
0 0 162.21
0 0 162.25
0 0 162.28
0 0 162.32
0 0 162.35
0 0 162.38
0 0 162.41
0 0 162.45
0 0 162.48
0 0 162.51
0 0 162.55
0 0 162.58
0 0 162.61
0 0 162.65
0 0 162.68
0 0 162.71
0 0 162.75
0 0 162.78
0 0 162.82
0 0 162.85
0 0 162.88
0 0 162.91
0 0 162.95
0 0 162.98
0 0 163.01
0 0 163.05
0 0 163.08
0 0 163.11
0 0 163.15
0 0 163.18
0 0 163.21
0 0 163.25
0 0 163.28
0 0 163.32
0 0 163.35
0 0 163.38
0 0 163.41
0 0 163.45
0 0 163.48
0 0 163.52
0 0 163.55
0 0 163.58
0 0 163.61
0 0 163.65
0 0 163.68
0 0 163.71
0 0 163.75
0 0 163.78
0 0 163.82
0 0 163.85
0 0 163.88
0 0 163.91
0 0 163.95
0 0 163.98
0 0 164.01
0 0 164.05
0 0 164.08
0 0 164.11
0 0 164.15
0 0 164.18
0 0 164.21
0 0 164.25
0 0 164.28
0 0 164.31
0 0 164.35
0 0 164.38
0 0 164.41
0 0 164.45
0 0 164.48
0 0 164.51
0 0 164.55
0 0 164.58
0 0 164.61
0 0 164.65
0 0 164.68
0 0 164.71
0 0 164.75
0 0 164.78
0 0 164.82
0 0 164.85
0 0 164.88
0 0 164.91
0 0 164.95
0 0 164.98
0 0 165.01
0 0 165.05
0 0 165.08
0 0 165.11
0 0 165.15
0 0 165.18
0 0 165.21
0 0 165.25
0 0 165.28
0 0 165.32
0 0 165.35
0 0 165.38
0 0 165.41
0 0 165.45
0 0 165.48
0 0 165.51
0 0 165.55
0 0 165.58
0 0 165.61
0 0 165.65
0 0 165.68
0 0 165.71
0 0 165.75
0 0 165.78
0 0 165.82
0 0 165.85
0 0 165.88
0 0 165.91
0 0 165.95
0 0 165.98
0 0 166.01
0 0 166.05
0 0 166.08
0 0 166.11
0 0 166.15
0 0 166.18
0 0 166.21
0 0 166.25
0 0 166.28
0 0 166.31
0 0 166.35
0 0 166.38
0 0 166.41
0 0 166.45
0 0 166.48
0 0 166.51
0 0 166.55
0 0 166.58
0 0 166.62
0 0 166.65
0 0 166.68
0 0 166.71
0 0 166.75
0 0 166.78
0 0 166.82
0 0 166.85
0 0 166.88
0 0 166.91
0 0 166.95
0 0 166.98
0 0 167.01
0 0 167.05
0 0 167.08
0 0 167.11
0 0 167.15
0 0 167.18
0 0 167.21
0 0 167.25
0 0 167.28
0 0 167.32
0 0 167.35
0 0 167.38
0 0 167.41
0 0 167.45
0 0 167.48
0 0 167.51
0 0 167.55
0 0 167.58
0 0 167.61
0 0 167.65
0 0 167.68
0 0 167.71
0 0 167.75
0 0 167.78
0 0 167.81
0 0 167.85
0 0 167.88
0 0 167.91
0 0 167.95
0 0 167.98
0 0 168.01
0 0 168.05
0 0 168.08
0 0 168.11
0 0 168.15
0 0 168.18
0 0 168.21
0 0 168.25
0 0 168.28
0 0 168.32
0 0 168.35
0 0 168.38
0 0 168.41
0 0 168.45
0 0 168.48
0 0 168.51
0 0 168.55
0 0 168.58
0 0 168.61
0 0 168.65
0 0 168.68
0 0 168.71
0 0 168.75
0 0 168.78
0 0 168.82
0 0 168.85
0 0 168.88
0 0 168.91
0 0 168.95
0 0 168.98
0 0 169.01
0 0 169.05
0 0 169.08
0 0 169.11
0 0 169.15
0 0 169.18
0 0 169.21
0 0 169.25
0 0 169.28
0 0 169.32
0 0 169.35
0 0 169.38
0 0 169.41
0 0 169.45
0 0 169.48
0 0 169.51
0 0 169.55
0 0 169.58
0 0 169.61
0 0 169.65
0 0 169.68
0 0 169.71
0 0 169.75
0 0 169.78
0 0 169.82
0 0 169.85
0 0 169.88
0 0 169.91
0 0 169.95
0 0 169.98
0 0 170.01
0 0 170.05
0 0 170.08
0 0 170.11
0 0 170.15
0 0 170.18
0 0 170.21
0 0 170.25
0 0 170.28
0 0 170.31
0 0 170.35
0 0 170.38
0 0 170.41
0 0 170.45
0 0 170.48
0 0 170.51
0 0 170.55
0 0 170.58
0 0 170.61
0 0 170.65
0 0 170.68
0 0 170.71
0 0 170.75
0 0 170.78
0 0 170.81
0 0 170.85
0 0 170.88
0 0 170.91
0 0 170.95
0 0 170.98
0 0 171.01
0 0 171.05
