0 0 9.01
0 0 9.04
0 0 9.08
0 0 9.11
0 0 9.15
0 0 9.18
0 0 9.21
0 0 9.24
0 0 9.28
0 0 9.31
0 0 9.35
0 0 9.38
0 0 9.41
0 0 9.44
0 0 9.48
0 0 9.51
0 0 9.54
0 0 9.58
0 0 9.63
0 0 9.65
0 0 9.68
0 0 9.71
0 0 9.74
0 0 9.77
0 0 9.81
0 0 9.84
0 0 9.87
0 0 9.91
0 0 9.94
0 0 9.97
0 0 10.01
0 0 10.04
0 0 10.07
0 0 10.11
0.512 0.028 10.15
0.463 0.054 10.2
0.435 0.033 10.23
0 0 10.25
0.408 0.046 10.28
0.402 0.015 10.31
0.402 0.014 10.35
0.399 0.011 10.38
0.397 0.01 10.41
0.393 0.009 10.45
0.392 0.009 10.48
0.387 0.007 10.51
0.382 0.007 10.55
0.376 0.007 10.58
0.37 0.006 10.61
0.366 0.005 10.64
0.363 0.004 10.68
0.36 0.003 10.72
0 0 10.74
0.356 0.007 10.78
0.353 0.004 10.81
0.352 0.005 10.85
0.351 0.003 10.88
0.349 0.004 10.91
0.349 0.004 10.94
0.349 0.002 10.98
0.349 0.004 11.01
0.347 0.003 11.04
0.344 0.003 11.08
0.34 0.004 11.11
0.336 0.005 11.14
0 0 11.18
0 0 11.21
0 0 11.24
0 0 11.28
0 0 11.31
0 0 11.34
0 0 11.38
0 0 11.41
0 0 11.44
0 0 11.47
0 0 11.51
0 0 11.54
0 0 11.57
0 0 11.61
0 0 11.64
0 0 11.67
0 0 11.71
0 0 11.74
0 0 11.77
0 0 11.81
0 0 11.84
0 0 11.87
0 0 11.91
0 0 11.94
0 0 11.97
0 0 12.01
0.324 0.027 12.04
0 0 12.08
0 0 12.11
0 0 12.14
0.334 0.01 12.18
0.333 0.004 12.21
0.334 0.003 12.24
0 0 12.27
0.338 0.006 12.31
0.338 0.003 12.34
0.34 0.002 12.37
0.34 0.003 12.41
0.341 0.002 12.44
0.341 0.003 12.48
0.342 0.003 12.51
0.343 0.002 12.54
0 0 12.57
0.344 0.005 12.61
0.342 0.005 12.64
0.344 0.002 12.68
0.345 0.003 12.71
0.347 0.005 12.74
0.351 0.006 12.78
0.356 0.006 12.81
0.36 0.005 12.84
0.364 0.004 12.88
0.369 0.005 12.91
0.373 0.004 12.94
0.376 0.004 12.98
0.376 0.003 13.01
0.377 0.003 13.04
0.378 0.003 13.08
0.378 0.005 13.11
0.381 0.006 13.14
0.383 0.009 13.18
0.388 0.011 13.21
0.395 0.016 13.24
0.407 0.019 13.27
0.423 0.023 13.31
0 0 13.34
0.464 0.055 13.37
0 0 13.41
0 0 13.44
0 0 13.47
0 0 13.51
0 0 13.54
0 0 13.57
0 0 13.61
0 0 13.64
0 0 13.67
0 0 13.71
0 0 13.74
0 0 13.77
0 0 13.81
0 0 13.84
0 0 13.87
0 0 13.91
0 0 13.94
0 0 13.97
0 0 14.01
0 0 14.04
0 0 14.07
0 0 14.11
0 0 14.14
0 0 14.17
0 0 14.2
0 0 14.24
0 0 14.27
0 0 14.3
0 0 14.34
0 0 14.37
0 0 14.41
0 0 14.44
0 0 14.47
0 0 14.51
0 0 14.54
0 0 14.57
0 0 14.61
0 0 14.64
0 0 14.67
0 0 14.71
0 0 14.74
0 0 14.77
0 0 14.81
0 0 14.84
0 0 14.87
0 0 14.91
0.667 0.236 14.94
0 0 14.97
0.663 0.004 15.01
0 0 15.04
0 0 15.07
0 0 15.11
0 0 15.14
0 0 15.17
0 0 15.21
0 0 15.24
0 0 15.27
0 0 15.31
0.643 0.023 15.34
0 0 15.37
0.624 0.018 15.41
0 0 15.44
0.632 0.013 15.47
0.62 0.013 15.51
0 0 15.54
0 0 15.57
0.629 0.011 15.61
0 0 15.64
0.635 0.007 15.67
0.632 0.002 15.71
0 0 15.74
0 0 15.77
0 0 15.8
0 0 15.84
0 0 15.87
0 0 15.91
0 0 15.94
0 0 15.97
0 0 16.01
0 0 16.04
0 0 16.07
0 0 16.1
0 0 16.14
0 0 16.17
0 0 16.2
0 0 16.24
0 0 16.27
0 0 16.3
0 0 16.34
0 0 16.37
0 0 16.41
0 0 16.44
0 0 16.47
0 0 16.51
0 0 16.54
0 0 16.57
0 0 16.6
0 0 16.64
0 0 16.67
0 0 16.71
0 0 16.74
0 0 16.77
0 0 16.8
0 0 16.84
0 0 16.87
0 0 16.91
0 0 16.94
0 0 16.97
0 0 17.01
0 0 17.04
0 0 17.07
0 0 17.1
0 0 17.14
0 0 17.17
0 0 17.2
0 0 17.24
0 0 17.27
0 0 17.3
0 0 17.34
0 0 17.37
0 0 17.4
0 0 17.44
0 0 17.47
0 0 17.51
0 0 17.54
0 0 17.57
0 0 17.6
0 0 17.64
0 0 17.68
0 0 17.71
0 0 17.74
0 0 17.77
0 0 17.8
0 0 17.84
0 0 17.87
0 0 17.91
0 0 17.94
0 0 17.97
0 0 18.01
0 0 18.04
0 0 18.07
0 0 18.1
0 0 18.14
0 0 18.17
0 0 18.2
0 0 18.24
0 0 18.27
0 0 18.31
0 0 18.34
0 0 18.37
0 0 18.41
0 0 18.44
0 0 18.47
0 0 18.51
0 0 18.54
0 0 18.57
0 0 18.61
0 0 18.64
0 0 18.67
0 0 18.71
0 0 18.74
0 0 18.77
0 0 18.81
0 0 18.84
0 0 18.87
0 0 18.91
0 0 18.94
0 0 18.97
0 0 19.01
0 0 19.04
0 0 19.07
0 0 19.1
0 0 19.14
0 0 19.17
0 0 19.21
0 0 19.24
0 0 19.27
0 0 19.31
0 0 19.34
0 0 19.37
0 0 19.41
0 0 19.44
0 0 19.47
0 0 19.51
0 0 19.54
0 0 19.57
0 0 19.61
0 0 19.64
0 0 19.67
0 0 19.71
0 0 19.74
0 0 19.77
0 0 19.81
0 0 19.84
0 0 19.87
0 0 19.91
0 0 19.94
0 0 19.97
0 0 20.01
0 0 20.04
0 0 20.07
0 0 20.11
0 0 20.14
0 0 20.17
0 0 20.2
0 0 20.24
0 0 20.27
0 0 20.31
0 0 20.34
0 0 20.37
0 0 20.41
0 0 20.44
0 0 20.47
0 0 20.51
0 0 20.54
0 0 20.57
0 0 20.61
0 0 20.64
0 0 20.67
0 0 20.71
0 0 20.74
0 0 20.77
0 0 20.81
0 0 20.84
0 0 20.87
0 0 20.91
0 0 20.94
0 0 20.97
0 0 21.01
0 0 21.04
0 0 21.07
0 0 21.11
0 0 21.14
0 0 21.17
0 0 21.21
0 0 21.24
0 0 21.27
0 0 21.3
0 0 21.34
0 0 21.37
0 0 21.4
0 0 21.44
0 0 21.47
0 0 21.51
0 0 21.54
0 0 21.57
0 0 21.61
0 0 21.64
0 0 21.67
0 0 21.7
0 0 21.74
0 0 21.77
0 0 21.8
0 0 21.84
0 0 21.87
0 0 21.91
0 0 21.94
0 0 21.97
0 0 22.01
0 0 22.04
0 0 22.07
0 0 22.1
0 0 22.14
0 0 22.17
0 0 22.2
0 0 22.24
0 0 22.27
0 0 22.3
0 0 22.34
0 0 22.37
0 0 22.4
0 0 22.44
0 0 22.47
0 0 22.51
0 0 22.54
0 0 22.57
0 0 22.6
0 0 22.64
0 0 22.67
0 0 22.7
0 0 22.74
0 0 22.77
0 0 22.8
0 0 22.84
0 0 22.87
0 0 22.9
0 0 22.94
0 0 22.97
0 0 23.0
0 0 23.04
0 0 23.07
0 0 23.1
0 0 23.14
0 0 23.17
0 0 23.2
0 0 23.24
0 0 23.27
0 0 23.3
0.516 0.111 23.34
0.524 0.007 23.37
0.521 0.003 23.4
0 0 23.44
0 0 23.47
0 0 23.51
0.531 0.008 23.54
0 0 23.57
0 0 23.6
0.536 0.004 23.64
0.536 0.002 23.67
0.536 0.006 23.71
0 0 23.74
0 0 23.77
0.523 0.018 23.81
0 0 23.84
0.506 0.017 23.87
0.494 0.017 23.91
0.48 0.014 23.94
0.466 0.014 23.97
0 0 24.01
0 0 24.04
0.426 0.045 24.07
0 0 24.1
0 0 24.14
0.403 0.034 24.18
0 0 24.2
0.393 0.016 24.24
0.386 0.008 24.27
0 0 24.31
0 0 24.34
0 0 24.37
0.371 0.029 24.41
0.366 0.008 24.44
0.365 0.009 24.47
0 0 24.51
0.355 0.018 24.54
0 0 24.57
0.351 0.016 24.61
0.347 0.006 24.64
0.348 0.005 24.68
0 0 24.71
0.346 0.01 24.74
0.345 0.003 24.77
0 0 24.81
0 0 24.84
0.349 0.008 24.87
0 0 24.91
0.353 0.004 24.94
0.354 0.002 24.97
0.357 0.001 25.01
0 0 25.04
0.36 0.003 25.07
0.367 0.004 25.11
0.368 0.002 25.14
0.371 0.003 25.17
0.371 0.005 25.21
0.377 0.005 25.24
0.379 0.004 25.27
0.381 0.004 25.31
0.384 0.009 25.34
0.387 0.004 25.37
0.388 0.002 25.41
0.392 0.001 25.44
0.391 0.001 25.47
0.39 0.003 25.51
0.389 0.004 25.54
0.387 0.005 25.57
0.382 0.006 25.61
0.377 0.005 25.64
0.375 0.005 25.67
0.371 0.005 25.71
0.366 0.005 25.74
0.362 0.006 25.77
0.357 0.005 25.81
0.354 0.004 25.84
0.353 0.003 25.87
0.35 0.004 25.91
0.352 0.002 25.94
0.355 0.002 25.97
0.358 0.004 26.01
0.362 0.005 26.04
0.366 0.007 26.07
0.372 0.011 26.11
0.381 0.014 26.14
0.39 0.016 26.17
0.402 0.019 26.21
0.42 0.023 26.24
0.439 0.024 26.27
0.46 0.025 26.31
0.484 0.027 26.34
0.511 0.029 26.37
0.54 0.029 26.41
0.569 0.029 26.44
0 0 26.47
0 0 26.5
0 0 26.54
0 0 26.57
0 0 26.6
0 0 26.64
0 0 26.67
0 0 26.7
0 0 26.74
0 0 26.77
0 0 26.8
0 0 26.84
0 0 26.87
0 0 26.9
0 0 26.94
0 0 26.97
0 0 27.0
0 0 27.04
0 0 27.07
0 0 27.1
0 0 27.14
0 0 27.17
0 0 27.2
0 0 27.24
0 0 27.27
0 0 27.3
0 0 27.34
0 0 27.37
0 0 27.4
0 0 27.44
0 0 27.47
0 0 27.5
0 0 27.54
0 0 27.57
0 0 27.6
0 0 27.64
0 0 27.67
0 0 27.7
0 0 27.74
0 0 27.77
0 0 27.8
0 0 27.84
0 0 27.87
0 0 27.9
0 0 27.94
0 0 27.97
0 0 28.01
0 0 28.04
0 0 28.07
0 0 28.1
0 0 28.14
0 0 28.17
0 0 28.2
0 0 28.24
0 0 28.27
0 0 28.3
0 0 28.34
0 0 28.37
0 0 28.4
0 0 28.44
0 0 28.47
0 0 28.51
0 0 28.54
0 0 28.57
0 0 28.6
0 0 28.64
0 0 28.67
0 0 28.7
0 0 28.74
0 0 28.77
0 0 28.8
0 0 28.84
0 0 28.87
0 0 28.9
0 0 28.94
0 0 28.97
0 0 29.0
0 0 29.04
0 0 29.07
0 0 29.1
0 0 29.14
0 0 29.17
0 0 29.2
0 0 29.24
0 0 29.27
0 0 29.3
0 0 29.34
0 0 29.37
0 0 29.4
0 0 29.44
0 0 29.47
0 0 29.5
0 0 29.54
0 0 29.57
0 0 29.6
0 0 29.64
0 0 29.67
0 0 29.7
0 0 29.74
0 0 29.77
0 0 29.8
0 0 29.84
0 0 29.87
0 0 29.9
0 0 29.94
0 0 29.97
0 0 30.0
0 0 30.04
0 0 30.07
0 0 30.1
0 0 30.14
0 0 30.17
0 0 30.2
0 0 30.24
0 0 30.27
0 0 30.3
0.632 0.092 30.34
0 0 30.37
0 0 30.4
0 0 30.44
0 0 30.47
0 0 30.5
0.629 0.007 30.54
0 0 30.57
0.635 0.007 30.6
0 0 30.64
0 0 30.67
0 0 30.7
0 0 30.74
0 0 30.77
0 0 30.8
0.652 0.019 30.84
0 0 30.87
0 0 30.9
0 0 30.94
0 0 30.97
0 0 31.0
0 0 31.04
0 0 31.07
0 0 31.1
0 0 31.14
0 0 31.17
0 0 31.2
0 0 31.24
0.617 0.046 31.27
0.592 0.027 31.31
0.568 0.026 31.34
0 0 31.37
0.524 0.048 31.4
0.507 0.018 31.44
0.489 0.019 31.47
0.473 0.018 31.51
0.46 0.014 31.54
0.452 0.01 31.57
0.442 0.01 31.61
0.436 0.007 31.64
0.43 0.006 31.67
0.425 0.006 31.7
0.419 0.006 31.74
0.414 0.006 31.77
0.408 0.006 31.81
0.403 0.005 31.84
0.398 0.006 31.87
0.394 0.004 31.91
0.392 0.005 31.94
0.389 0.004 31.97
0.387 0.002 32.01
0.385 0.003 32.04
0.383 0.003 32.07
0.38 0.004 32.11
0.376 0.005 32.14
0.371 0.005 32.17
0.368 0.005 32.21
0.365 0.004 32.24
0.361 0.005 32.27
0.359 0.004 32.31
0.358 0.004 32.34
0 0 32.37
0.355 0.008 32.41
0.354 0.004 32.44
0.353 0.003 32.47
0.352 0.003 32.51
0.351 0.002 32.54
0 0 32.57
0.352 0.002 32.61
0.354 0.002 32.64
0 0 32.67
0.356 0.004 32.7
0.359 0.002 32.74
0.359 0.003 32.77
0.359 0.001 32.81
0.359 0.001 32.84
0.359 0.002 32.87
0.358 0.002 32.91
0.358 0.001 32.94
0.358 0.001 32.97
0.358 0.001 33.01
0.359 0.001 33.04
0.36 0.001 33.07
0.361 0.002 33.11
0.362 0.002 33.14
0.364 0.003 33.18
0.366 0.002 33.21
0.367 0.003 33.24
0.368 0.002 33.27
0.369 0.001 33.31
0.369 0.001 33.34
0.369 0.0 33.37
0.369 0.0 33.41
0.368 0.002 33.44
0.367 0.001 33.47
0 0 33.51
0.368 0.001 33.54
0.368 0.001 33.57
0.369 0.0 33.61
0.369 0.001 33.64
0.369 0.001 33.68
0.369 0.001 33.71
0.37 0.002 33.74
0.37 0.002 33.77
0.37 0.001 33.81
0.372 0.002 33.84
0.374 0.002 33.87
0.374 0.001 33.91
0.374 0.001 33.94
0.375 0.001 33.97
0.377 0.002 34.01
0.378 0.002 34.04
0.38 0.002 34.07
0.381 0.002 34.11
0.382 0.002 34.14
0.384 0.002 34.17
0.386 0.004 34.21
0.389 0.004 34.24
0.391 0.005 34.27
0.393 0.002 34.3
0.393 0.002 34.34
0.393 0.003 34.37
0.394 0.002 34.41
0.395 0.002 34.44
0.395 0.002 34.47
0.395 0.002 34.51
0.397 0.002 34.54
0.399 0.004 34.57
0.402 0.005 34.61
0.404 0.007 34.64
0 0 34.67
0.41 0.013 34.71
0 0 34.74
0.414 0.012 34.77
0 0 34.8
0.419 0.011 34.84
0.422 0.006 34.87
0 0 34.9
0.427 0.011 34.94
0.432 0.005 34.97
0.435 0.004 35.01
0.435 0.003 35.04
0 0 35.07
0 0 35.1
0 0 35.14
0 0 35.17
0 0 35.2
0 0 35.24
0 0 35.27
0 0 35.3
0.419 0.017 35.34
0.41 0.009 35.37
0.403 0.009 35.41
0.398 0.007 35.44
0 0 35.47
0 0 35.5
0 0 35.54
0 0 35.57
0 0 35.6
0 0 35.64
0 0 35.67
0 0 35.7
0 0 35.74
0 0 35.77
0 0 35.8
0.516 0.161 35.84
0.552 0.037 35.87
0 0 35.9
0 0 35.94
0 0 35.97
0 0 36.0
0 0 36.04
0 0 36.07
0 0 36.1
0 0 36.14
0 0 36.17
0 0 36.2
0 0 36.24
0 0 36.27
0 0 36.3
0 0 36.34
0 0 36.37
0 0 36.4
0 0 36.44
0 0 36.47
0 0 36.5
0 0 36.53
0 0 36.57
0 0 36.6
0 0 36.63
0 0 36.67
0 0 36.7
0 0 36.74
0 0 36.77
0 0 36.8
0 0 36.84
0 0 36.87
0 0 36.9
0 0 36.94
0 0 36.97
0 0 37.0
0 0 37.04
0 0 37.07
0 0 37.1
0 0 37.14
0 0 37.17
0 0 37.2
0 0 37.24
0 0 37.27
0 0 37.3
0 0 37.34
0 0 37.37
0 0 37.4
0 0 37.43
0 0 37.47
0 0 37.5
0 0 37.53
0 0 37.57
0 0 37.6
0 0 37.64
0 0 37.67
0 0 37.7
0 0 37.74
0 0 37.77
0 0 37.8
0 0 37.84
0 0 37.87
0 0 37.9
0 0 37.94
0 0 37.97
0 0 38.0
0 0 38.03
0 0 38.07
0 0 38.1
0 0 38.14
0 0 38.17
0 0 38.2
0 0 38.24
0 0 38.27
0 0 38.3
0 0 38.34
0 0 38.37
0 0 38.4
0 0 38.44
0 0 38.47
0 0 38.51
0 0 38.53
0 0 38.57
0 0 38.6
0 0 38.64
0 0 38.67
0 0 38.7
0 0 38.73
0 0 38.77
0 0 38.8
0 0 38.84
0 0 38.87
0 0 38.9
0 0 38.93
0 0 38.97
0 0 39.0
0 0 39.04
0 0 39.07
0 0 39.1
0 0 39.14
0 0 39.17
0 0 39.2
0 0 39.23
0 0 39.27
0 0 39.3
0 0 39.34
0 0 39.37
0 0 39.4
0 0 39.44
0 0 39.47
0 0 39.5
0 0 39.54
0 0 39.57
0 0 39.6
0 0 39.64
0 0 39.67
0 0 39.7
0 0 39.74
0 0 39.77
0 0 39.8
0 0 39.84
0 0 39.87
0 0 39.9
0 0 39.94
0 0 39.97
0 0 40.0
0 0 40.03
0 0 40.07
0 0 40.1
0 0 40.14
0 0 40.17
0 0 40.2
0 0 40.24
0 0 40.27
0 0 40.3
0 0 40.34
0 0 40.37
0 0 40.4
0 0 40.44
0 0 40.47
0 0 40.5
0 0 40.54
0 0 40.57
0 0 40.6
0 0 40.64
0 0 40.67
0 0 40.7
0 0 40.74
0 0 40.77
0 0 40.8
0 0 40.84
0 0 40.87
0 0 40.9
0 0 40.94
0 0 40.97
0 0 41.0
0 0 41.04
0 0 41.07
0 0 41.1
0 0 41.14
0 0 41.17
0 0 41.2
0 0 41.24
0 0 41.27
0 0 41.3
0 0 41.34
0 0 41.37
0 0 41.4
0 0 41.44
0 0 41.47
0 0 41.5
0 0 41.54
0 0 41.57
0 0 41.6
0 0 41.64
0 0 41.67
0 0 41.7
0 0 41.73
0 0 41.77
0 0 41.8
0 0 41.84
0 0 41.87
0 0 41.9
0 0 41.93
0 0 41.97
0 0 42.0
0 0 42.04
0 0 42.07
0 0 42.1
0 0 42.13
0 0 42.17
0 0 42.2
0 0 42.24
0 0 42.27
0 0 42.3
0 0 42.34
0 0 42.37
0 0 42.4
0 0 42.44
0 0 42.47
0 0 42.5
0 0 42.54
0 0 42.57
0 0 42.6
0 0 42.63
0 0 42.67
0 0 42.7
0 0 42.74
0 0 42.77
0 0 42.8
0 0 42.84
0 0 42.87
0 0 42.9
0 0 42.93
0 0 42.97
0 0 43.0
0 0 43.03
0 0 43.07
0 0 43.1
0 0 43.13
0 0 43.17
0 0 43.2
0 0 43.23
0 0 43.27
0 0 43.3
0 0 43.34
0 0 43.37
0 0 43.4
0 0 43.43
0 0 43.47
0 0 43.5
0 0 43.53
0 0 43.57
0 0 43.6
0 0 43.63
0 0 43.67
0 0 43.7
0 0 43.73
0 0 43.77
0 0 43.8
0 0 43.84
0 0 43.87
0 0 43.9
0 0 43.93
0 0 43.97
0 0 44.0
0 0 44.03
0 0 44.07
0 0 44.1
0 0 44.13
0 0 44.17
0 0 44.2
0 0 44.24
0 0 44.27
0 0 44.3
0 0 44.34
0 0 44.37
0 0 44.4
0 0 44.43
0 0 44.47
0 0 44.5
0 0 44.53
0 0 44.57
0 0 44.6
0 0 44.63
0 0 44.67
0 0 44.7
0 0 44.73
0 0 44.77
0 0 44.8
0 0 44.84
0 0 44.87
0 0 44.9
0 0 44.93
0 0 44.97
0 0 45.0
0 0 45.03
0 0 45.07
0 0 45.1
0 0 45.13
0 0 45.17
0 0 45.2
0 0 45.23
0 0 45.27
0 0 45.3
0 0 45.33
0 0 45.37
0 0 45.4
0 0 45.43
0 0 45.47
0 0 45.5
0 0 45.53
0 0 45.57
0 0 45.6
0 0 45.63
0 0 45.67
0 0 45.7
0 0 45.73
0 0 45.77
0 0 45.8
0 0 45.83
0 0 45.87
0 0 45.9
0 0 45.93
0 0 45.97
0 0 46.0
0.463 0.029 46.04
0 0 46.07
0.423 0.044 46.1
0.4 0.023 46.14
0.381 0.02 46.17
0 0 46.2
0.35 0.035 46.24
0 0 46.27
0 0 46.3
0 0 46.33
0.311 0.043 46.37
0 0 46.4
0.302 0.012 46.44
0.298 0.006 46.47
0.292 0.008 46.5
0.286 0.007 46.54
0.281 0.008 46.57
0.278 0.008 46.6
0.276 0.006 46.63
0 0 46.67
0 0 46.7
0 0 46.73
0.278 0.014 46.77
0.28 0.003 46.8
0.281 0.002 46.84
0.283 0.001 46.87
0 0 46.9
0 0 46.93
0.279 0.005 46.97
0.275 0.005 47.0
0.269 0.007 47.04
0.263 0.008 47.07
0.256 0.009 47.1
0 0 47.13
0.243 0.02 47.17
0.237 0.009 47.2
0 0 47.24
0.23 0.012 47.27
0.229 0.005 47.3
0 0 47.34
0.23 0.008 47.37
0.23 0.003 47.4
0 0 47.43
0 0 47.47
0 0 47.5
0 0 47.54
0.236 0.008 47.57
0 0 47.6
0.238 0.002 47.63
0.239 0.003 47.67
0.24 0.002 47.7
0.241 0.002 47.73
0 0 47.77
0.243 0.002 47.8
0.243 0.002 47.84
0.244 0.002 47.87
0.247 0.003 47.91
0.248 0.004 47.93
0.25 0.003 47.97
0.253 0.002 48.0
0.254 0.002 48.03
0.256 0.003 48.07
0.259 0.003 48.1
0.261 0.002 48.14
0.261 0.002 48.17
0.263 0.001 48.2
0.265 0.001 48.24
0.266 0.001 48.27
0.266 0.001 48.3
0.271 0.001 48.34
0.271 0.001 48.37
0.272 0.002 48.4
0.274 0.0 48.43
0.274 0.002 48.47
0.275 0.002 48.5
0.278 0.002 48.53
0.278 0.004 48.57
0.28 0.002 48.6
0.281 0.002 48.63
0.285 0.002 48.67
0.284 0.002 48.7
0.283 0.001 48.74
0.285 0.001 48.77
0.283 0.002 48.8
0.28 0.004 48.84
0.278 0.006 48.87
0.272 0.007 48.9
0.267 0.007 48.93
0.268 0.004 48.97
0.267 0.002 49.0
0.267 0.001 49.03
0 0 49.07
0 0 49.1
0.271 0.002 49.13
0.271 0.001 49.17
0.274 0.001 49.2
0 0 49.23
0.275 0.001 49.27
0.279 0.001 49.3
0.279 0.001 49.34
0.278 0.002 49.37
0.275 0.003 49.4
0.274 0.004 49.44
0 0 49.47
0.269 0.005 49.5
0.277 0.001 49.54
0 0 49.57
0.278 0.004 49.6
0.282 0.002 49.64
0.282 0.002 49.67
0 0 49.7
0 0 49.73
0.287 0.004 49.77
0 0 49.8
0.289 0.004 49.84
0.297 0.003 49.87
0.301 0.004 49.9
0.304 0.003 49.93
0.31 0.003 49.97
0.311 0.003 50.0
0.31 0.003 50.04
0.315 0.001 50.07
0.314 0.002 50.1
0.314 0.002 50.13
0.317 0.001 50.17
0.316 0.003 50.2
0.314 0.003 50.24
0.312 0.003 50.27
0.315 0.002 50.3
0.315 0.001 50.34
0.315 0.002 50.37
0.319 0.001 50.4
0.319 0.002 50.43
0.32 0.003 50.47
0.323 0.001 50.5
0.321 0.003 50.54
0.322 0.001 50.57
0.327 0.002 50.6
0.328 0.001 50.64
0.33 0.001 50.67
0.331 0.001 50.7
0.335 0.002 50.74
0.335 0.003 50.77
0.336 0.002 50.8
0.343 0.002 50.84
0.345 0.003 50.87
0.347 0.002 50.9
0.35 0.001 50.94
0.351 0.002 50.97
0.351 0.0 51.0
0.35 0.001 51.04
0.352 0.002 51.07
0.35 0.002 51.1
0.348 0.002 51.14
0.347 0.003 51.17
0.345 0.003 51.2
0.344 0.001 51.24
0.347 0.002 51.27
0.348 0.003 51.3
0.35 0.002 51.34
0.354 0.003 51.37
0.356 0.003 51.4
0.358 0.004 51.44
0.361 0.005 51.47
0.368 0.007 51.5
0.374 0.01 51.53
0.382 0.012 51.57
0 0 51.6
0.409 0.033 51.63
0.427 0.021 51.67
0.446 0.022 51.7
0.464 0.022 51.73
0.484 0.024 51.77
0.507 0.025 51.8
0.531 0.026 51.83
0 0 51.87
0 0 51.9
0 0 51.93
0 0 51.97
0 0 52.0
0 0 52.03
0 0 52.07
0 0 52.1
0 0 52.13
0 0 52.17
0 0 52.2
0 0 52.23
0 0 52.26
0 0 52.3
0 0 52.33
0 0 52.37
0 0 52.4
0 0 52.43
0 0 52.46
0 0 52.5
0 0 52.53
0 0 52.57
0 0 52.6
0 0 52.63
0 0 52.67
0 0 52.7
0.647 0.15 52.73
0 0 52.77
0 0 52.8
0 0 52.83
0 0 52.86
0 0 52.9
0 0 52.93
0 0 52.96
0 0 53.0
0 0 53.03
0 0 53.07
0 0 53.1
0.635 0.023 53.13
0.632 0.004 53.17
0 0 53.2
0 0 53.23
0 0 53.27
0.625 0.011 53.3
0.617 0.008 53.34
0.613 0.005 53.37
0 0 53.4
0.613 0.008 53.43
0.606 0.009 53.47
0.618 0.017 53.5
0 0 53.53
0.617 0.009 53.57
0 0 53.6
0 0 53.63
0 0 53.67
0 0 53.7
0 0 53.73
0 0 53.76
0 0 53.8
0 0 53.83
0 0 53.87
0 0 53.9
0 0 53.93
0 0 53.96
0 0 54.0
0 0 54.03
0 0 54.06
0 0 54.1
0 0 54.13
0 0 54.17
0 0 54.2
0 0 54.23
0 0 54.26
0 0 54.3
0 0 54.33
0 0 54.36
0 0 54.4
0 0 54.43
0 0 54.46
0 0 54.5
0 0 54.53
0 0 54.57
0.618 0.045 54.6
0 0 54.63
0.582 0.039 54.67
0.56 0.025 54.7
0.543 0.017 54.73
0 0 54.76
0.511 0.034 54.8
0 0 54.83
0 0 54.87
0 0 54.9
0.459 0.06 54.93
0.448 0.012 54.97
0.437 0.012 55.0
0 0 55.03
0.417 0.02 55.07
0 0 55.1
0.401 0.017 55.13
0.395 0.007 55.17
0.388 0.007 55.2
0.383 0.006 55.23
0.38 0.005 55.27
0.376 0.004 55.3
0.374 0.004 55.34
0.374 0.004 55.37
0.372 0.004 55.4
0.373 0.004 55.43
0 0 55.47
0.373 0.007 55.5
0 0 55.53
0 0 55.57
0.371 0.017 55.6
0 0 55.63
0.371 0.013 55.67
0 0 55.7
0.372 0.009 55.73
0 0 55.76
0.368 0.007 55.8
0 0 55.83
0 0 55.86
0 0 55.9
0.359 0.013 55.93
0.357 0.003 55.97
0 0 56.0
0.359 0.005 56.03
0.362 0.003 56.07
0 0 56.1
0.365 0.005 56.13
0.367 0.002 56.17
0.367 0.002 56.2
0 0 56.23
0 0 56.26
0 0 56.3
0 0 56.33
0.361 0.007 56.37
0 0 56.4
0 0 56.43
0.358 0.006 56.47
0.358 0.001 56.5
0.359 0.002 56.53
0.361 0.003 56.57
0.362 0.002 56.6
0.364 0.003 56.63
0.365 0.002 56.67
0.366 0.003 56.7
0.365 0.002 56.73
0.362 0.003 56.77
0.359 0.004 56.8
0.357 0.004 56.83
0.353 0.004 56.87
0.352 0.002 56.9
0.35 0.002 56.93
0.349 0.002 56.97
0.347 0.002 57.0
0.345 0.002 57.03
0.345 0.002 57.07
0.343 0.002 57.1
0.341 0.003 57.13
0.34 0.001 57.17
0 0 57.2
0.336 0.006 57.23
0.335 0.003 57.27
0.333 0.003 57.3
0.334 0.007 57.33
0.332 0.002 57.37
0.332 0.002 57.4
0.33 0.005 57.43
0.331 0.002 57.47
0 0 57.5
0.331 0.001 57.53
0.331 0.003 57.57
0.33 0.004 57.6
0.329 0.002 57.63
0.328 0.005 57.67
0.328 0.004 57.7
0.33 0.003 57.73
0.329 0.005 57.77
0.33 0.003 57.8
0.331 0.003 57.83
0.331 0.005 57.87
0.331 0.004 57.9
0.331 0.004 57.93
0 0 57.96
0.335 0.009 58.0
0.34 0.007 58.03
0.347 0.01 58.07
0.358 0.014 58.1
0.373 0.018 58.13
0.392 0.022 58.17
0 0 58.2
0.443 0.053 58.23
0.48 0.037 58.27
0.516 0.037 58.3
0.554 0.038 58.33
0 0 58.36
0 0 58.4
0 0 58.43
0 0 58.46
0 0 58.5
0 0 58.53
0 0 58.56
0 0 58.6
0 0 58.63
0 0 58.67
0 0 58.7
0 0 58.73
0 0 58.76
0 0 58.8
0 0 58.83
0 0 58.86
0 0 58.9
0 0 58.93
0 0 58.96
0 0 59.0
0 0 59.03
0 0 59.06
0 0 59.1
0 0 59.13
0 0 59.17
0 0 59.2
0 0 59.23
0 0 59.26
0 0 59.3
0 0 59.33
0 0 59.36
0 0 59.4
0 0 59.43
0 0 59.46
0 0 59.5
0 0 59.53
0 0 59.56
0 0 59.6
0 0 59.63
0 0 59.66
0 0 59.7
0 0 59.73
0 0 59.76
0 0 59.8
0 0 59.83
0 0 59.86
0 0 59.9
0 0 59.93
0 0 59.96
0 0 60.0
0 0 60.03
0 0 60.06
0 0 60.1
0 0 60.13
0 0 60.16
0 0 60.2
0 0 60.23
0 0 60.26
0 0 60.3
0 0 60.33
0 0 60.36
0 0 60.4
0 0 60.43
0 0 60.46
0 0 60.5
0 0 60.53
0 0 60.56
0 0 60.6
0 0 60.63
0 0 60.67
0 0 60.7
0 0 60.73
0 0 60.76
0 0 60.8
0 0 60.83
0 0 60.86
0 0 60.9
0 0 60.93
0 0 60.96
0 0 61.0
0.598 0.168 61.03
0 0 61.06
0 0 61.1
0 0 61.13
0 0 61.17
0 0 61.2
0 0 61.23
0 0 61.26
0 0 61.3
0 0 61.33
0 0 61.36
0 0 61.4
0 0 61.43
0 0 61.46
0 0 61.5
0 0 61.53
0 0 61.57
0 0 61.6
0 0 61.63
0 0 61.67
0 0 61.7
0 0 61.73
0 0 61.77
0 0 61.8
0 0 61.83
0 0 61.86
0 0 61.9
0 0 61.93
0 0 61.96
0 0 62.0
0 0 62.03
0 0 62.06
0 0 62.1
0 0 62.13
0 0 62.16
0 0 62.2
0 0 62.23
0 0 62.26
0 0 62.3
0 0 62.33
0 0 62.36
0 0 62.4
0 0 62.43
0 0 62.46
0 0 62.5
0 0 62.53
0 0 62.56
0 0 62.6
0 0 62.63
0 0 62.67
0 0 62.7
0 0 62.73
0 0 62.76
0 0 62.8
0 0 62.83
0 0 62.86
0 0 62.9
0 0 62.93
0 0 62.96
0 0 63.0
0 0 63.03
0 0 63.06
0 0 63.1
0 0 63.13
0 0 63.16
0 0 63.2
0 0 63.23
0 0 63.26
0 0 63.3
0 0 63.33
0 0 63.36
0 0 63.4
0 0 63.43
0 0 63.46
0 0 63.5
0 0 63.53
0 0 63.56
0 0 63.6
0 0 63.63
0 0 63.67
0 0 63.7
0 0 63.73
0 0 63.76
0 0 63.8
0 0 63.83
0 0 63.86
0 0 63.9
0 0 63.93
0 0 63.96
0 0 64.0
0 0 64.03
0 0 64.06
0 0 64.1
0 0 64.13
0 0 64.17
0 0 64.2
0 0 64.23
0 0 64.26
0 0 64.3
0 0 64.33
0 0 64.36
0 0 64.4
0 0 64.43
0 0 64.46
0 0 64.5
0 0 64.53
0 0 64.56
0 0 64.6
0 0 64.63
0 0 64.67
0 0 64.7
0 0 64.73
0 0 64.76
0 0 64.8
0 0 64.83
0 0 64.86
0 0 64.9
0 0 64.93
0 0 64.96
0 0 65.0
0 0 65.03
0 0 65.06
0 0 65.1
0 0 65.13
0 0 65.16
0 0 65.2
0 0 65.23
0 0 65.26
0.489 0.054 65.3
0.457 0.035 65.33
0 0 65.36
0 0 65.4
0 0 65.43
0.437 0.027 65.46
0 0 65.5
0 0 65.53
0.443 0.006 65.56
0 0 65.6
0.442 0.005 65.63
0.439 0.003 65.67
0.439 0.003 65.7
0.44 0.004 65.73
0.442 0.007 65.76
0.44 0.005 65.8
0.44 0.004 65.83
0.44 0.002 65.86
0.439 0.001 65.9
0.44 0.001 65.93
0 0 65.96
0 0 66.0
0 0 66.03
0 0 66.06
0 0 66.1
0.452 0.008 66.13
0.458 0.002 66.17
0.461 0.004 66.2
0.462 0.001 66.23
0.469 0.002 66.26
0 0 66.3
0 0 66.33
0.469 0.001 66.36
0.48 0.002 66.4
0.477 0.006 66.43
0.48 0.003 66.46
0.488 0.004 66.5
0.494 0.006 66.53
0 0 66.56
0.497 0.008 66.6
0.497 0.003 66.63
0 0 66.66
0.509 0.007 66.7
0 0 66.73
0 0 66.76
0 0 66.8
0 0 66.83
0.524 0.024 66.86
0 0 66.9
0 0 66.93
0 0 66.96
0 0 67.0
0 0 67.03
0 0 67.06
0.554 0.031 67.1
0 0 67.13
0 0 67.17
0 0 67.2
0 0 67.23
0 0 67.26
0 0 67.3
0 0 67.33
0.565 0.015 67.36
0 0 67.4
0 0 67.43
0.552 0.03 67.46
0 0 67.5
0 0 67.53
0.557 0.035 67.56
0.568 0.014 67.6
0 0 67.63
0 0 67.66
0 0 67.7
0 0 67.73
0 0 67.76
0 0 67.8
0 0 67.83
0 0 67.86
0 0 67.9
0 0 67.93
0 0 67.96
0.48 0.124 68.0
0.463 0.022 68.03
0.445 0.018 68.06
0.427 0.018 68.1
0.415 0.017 68.13
0.401 0.015 68.17
0.388 0.014 68.2
0.384 0.011 68.23
0.377 0.01 68.26
0.372 0.009 68.3
0.37 0.009 68.33
0.365 0.008 68.36
0.361 0.007 68.4
0.358 0.007 68.43
0.359 0.005 68.46
0.359 0.005 68.5
0.36 0.005 68.53
0.365 0.005 68.57
0.366 0.005 68.6
0.366 0.005 68.63
0.368 0.005 68.66
0.366 0.005 68.7
0.363 0.005 68.73
0.364 0.005 68.77
0.363 0.007 68.8
0.362 0.004 68.83
0.362 0.005 68.87
0.366 0.004 68.9
0.365 0.003 68.93
0.363 0.003 68.96
0.362 0.003 69.0
0.361 0.003 69.03
0.36 0.003 69.07
0.362 0.003 69.1
0.362 0.002 69.13
0.363 0.002 69.17
0.366 0.003 69.2
0.368 0.003 69.23
0.369 0.001 69.26
0.371 0.002 69.3
0.373 0.002 69.33
0.373 0.001 69.36
0.374 0.003 69.4
0.375 0.002 69.43
0.375 0.001 69.46
0.375 0.001 69.5
0.375 0.002 69.53
0.376 0.002 69.57
0.377 0.002 69.6
0.375 0.003 69.63
0.376 0.001 69.67
0.376 0.001 69.7
0.375 0.001 69.73
0.376 0.003 69.77
0.375 0.001 69.8
0.374 0.003 69.83
0.374 0.002 69.87
0.374 0.002 69.9
0.374 0.002 69.93
0.376 0.001 69.96
0.376 0.001 70.0
0.376 0.0 70.03
0.377 0.001 70.06
0.376 0.001 70.1
0.377 0.001 70.13
0.375 0.003 70.17
0.375 0.002 70.2
0.375 0.002 70.23
0.375 0.001 70.26
0.377 0.002 70.3
0.377 0.003 70.33
0.378 0.001 70.36
0.378 0.001 70.4
0.377 0.003 70.43
0.376 0.002 70.47
0.376 0.002 70.5
0.377 0.002 70.53
0.379 0.003 70.57
0.382 0.004 70.6
0.384 0.003 70.63
0.385 0.001 70.67
0.385 0.001 70.7
0.385 0.003 70.73
0.384 0.003 70.76
0.384 0.001 70.8
0.381 0.003 70.83
0.38 0.002 70.86
0.378 0.002 70.9
0.377 0.003 70.93
0.378 0.002 70.96
0.378 0.001 71.0
0.378 0.001 71.03
0.38 0.001 71.07
0.382 0.002 71.1
0.385 0.004 71.13
0.39 0.005 71.17
0.392 0.002 71.2
0.393 0.003 71.23
0.395 0.003 71.26
0.397 0.002 71.3
0.396 0.001 71.33
0.394 0.001 71.36
0.393 0.002 71.4
0.389 0.003 71.43
0.387 0.003 71.46
0.383 0.004 71.5
0.381 0.002 71.53
0.379 0.003 71.57
0.38 0.001 71.6
0.382 0.002 71.63
0.384 0.003 71.67
0.386 0.003 71.7
0.389 0.003 71.73
0.392 0.004 71.76
0.394 0.003 71.8
0.396 0.002 71.83
0.398 0.002 71.86
0.399 0.002 71.9
0.4 0.001 71.93
0.4 0.002 71.96
0.4 0.002 72.0
0.4 0.002 72.03
0.4 0.001 72.07
0.402 0.002 72.1
0.401 0.002 72.13
0.402 0.002 72.17
0.403 0.001 72.2
0.402 0.003 72.23
0.404 0.002 72.26
0.405 0.003 72.3
0.406 0.004 72.33
0.407 0.006 72.36
0.409 0.004 72.4
0.41 0.005 72.43
0.411 0.007 72.46
0.414 0.007 72.5
0.416 0.008 72.53
0.418 0.007 72.56
0.419 0.008 72.6
0.419 0.007 72.63
0.42 0.005 72.66
0.42 0.004 72.7
0.42 0.003 72.73
0 0 72.76
0 0 72.8
0.421 0.006 72.83
0 0 72.86
0 0 72.9
0 0 72.93
0.421 0.004 72.96
0.421 0.001 73.0
0.422 0.001 73.03
0.422 0.001 73.06
0.422 0.001 73.1
0.421 0.001 73.13
0.419 0.003 73.17
0.418 0.005 73.2
0.416 0.003 73.23
0.419 0.004 73.26
0.422 0.004 73.3
0.427 0.007 73.33
0.432 0.008 73.36
0.437 0.008 73.4
0 0 73.43
0.448 0.018 73.46
0.453 0.008 73.5
0.459 0.007 73.53
0.465 0.008 73.56
0.47 0.004 73.6
0.47 0.003 73.63
0.466 0.008 73.66
0.458 0.01 73.7
0.446 0.015 73.73
0.432 0.015 73.76
0.417 0.015 73.8
0.404 0.015 73.83
0.39 0.014 73.86
0.377 0.014 73.9
0.365 0.013 73.93
0.356 0.011 73.96
0.349 0.01 74.0
0.344 0.008 74.03
0.342 0.007 74.06
0.34 0.005 74.1
0 0 74.13
0.34 0.009 74.17
0.342 0.005 74.2
0.342 0.002 74.23
0 0 74.26
0.345 0.005 74.3
0.346 0.003 74.33
0.345 0.003 74.36
0.346 0.002 74.4
0.345 0.003 74.43
0.346 0.001 74.46
0.345 0.003 74.5
0 0 74.53
0.341 0.007 74.56
0 0 74.6
0.335 0.01 74.63
0.331 0.005 74.67
0.329 0.003 74.7
0.328 0.003 74.73
0.33 0.002 74.76
0 0 74.8
0.338 0.01 74.83
0.343 0.005 74.86
0.343 0.001 74.9
0 0 74.93
0 0 74.96
0 0 75.0
0.341 0.012 75.03
0.34 0.003 75.06
0 0 75.1
0 0 75.13
0.338 0.008 75.17
0.339 0.002 75.2
0.34 0.001 75.23
0 0 75.26
0 0 75.3
0.342 0.006 75.33
0.343 0.001 75.36
0.342 0.001 75.4
0.344 0.002 75.43
0.348 0.005 75.47
0.352 0.005 75.5
0.354 0.005 75.53
0.356 0.004 75.56
0.36 0.009 75.6
0.363 0.005 75.63
0.364 0.004 75.66
0.366 0.003 75.7
0.367 0.003 75.73
0 0 75.76
0.368 0.002 75.8
0.367 0.003 75.83
0.367 0.002 75.86
0.366 0.001 75.9
0.365 0.002 75.93
0.365 0.001 75.96
0 0 76.0
0.364 0.002 76.03
0.363 0.002 76.06
0 0 76.1
0.362 0.004 76.13
0 0 76.16
0.36 0.003 76.2
0.361 0.005 76.23
0.361 0.003 76.26
0.362 0.001 76.3
0.361 0.001 76.33
0.36 0.002 76.36
0.358 0.004 76.4
0.358 0.005 76.43
0 0 76.46
0 0 76.5
0.355 0.005 76.53
0.356 0.0 76.57
0.355 0.004 76.6
0.357 0.001 76.63
0 0 76.66
0.359 0.007 76.7
0.362 0.003 76.73
0 0 76.76
0.366 0.006 76.8
0.368 0.004 76.83
0.369 0.005 76.86
0.368 0.007 76.9
0 0 76.93
0.371 0.019 76.96
0.375 0.013 77.0
0.383 0.016 77.03
0 0 77.06
0.408 0.04 77.1
0 0 77.13
0.454 0.054 77.16
0.493 0.044 77.2
0.527 0.034 77.23
0.566 0.041 77.26
0 0 77.3
0 0 77.33
0 0 77.36
0 0 77.39
0 0 77.43
0 0 77.46
0 0 77.5
0 0 77.53
0 0 77.56
0 0 77.59
0 0 77.63
0 0 77.66
0 0 77.69
0 0 77.73
0 0 77.76
0 0 77.79
0 0 77.83
0 0 77.86
0 0 77.9
0 0 77.93
0 0 77.96
0 0 77.99
0 0 78.03
0 0 78.06
0 0 78.09
0 0 78.13
0 0 78.16
0 0 78.19
0 0 78.23
0 0 78.26
0 0 78.29
0 0 78.33
0 0 78.36
0 0 78.39
0 0 78.43
0 0 78.46
0 0 78.5
0 0 78.53
0 0 78.56
0 0 78.59
0 0 78.63
0 0 78.66
0 0 78.69
0 0 78.73
0 0 78.76
0 0 78.79
0 0 78.83
0 0 78.86
0 0 78.9
0 0 78.93
0 0 78.96
0 0 79.0
0 0 79.03
0 0 79.06
0 0 79.09
0 0 79.13
0 0 79.16
0 0 79.19
0 0 79.23
0 0 79.26
0 0 79.29
0 0 79.33
0 0 79.36
0 0 79.39
0 0 79.43
0 0 79.46
0 0 79.49
0 0 79.53
0 0 79.56
0 0 79.59
0 0 79.63
0 0 79.66
0 0 79.69
0 0 79.73
0 0 79.76
0 0 79.79
0 0 79.83
0 0 79.86
0 0 79.89
0 0 79.93
0 0 79.96
0 0 79.99
0 0 80.03
0 0 80.06
0 0 80.09
0 0 80.13
0 0 80.16
0 0 80.19
0 0 80.23
0 0 80.26
0 0 80.29
0 0 80.33
0 0 80.36
0 0 80.39
0 0 80.43
0 0 80.46
0 0 80.49
0 0 80.53
0 0 80.56
0 0 80.59
0 0 80.63
0 0 80.66
0 0 80.69
0 0 80.73
0 0 80.76
0 0 80.79
0 0 80.83
0 0 80.86
0 0 80.89
0 0 80.93
0 0 80.96
0 0 81.0
0 0 81.03
0 0 81.06
0 0 81.09
0 0 81.13
0 0 81.16
0 0 81.19
0 0 81.23
0 0 81.26
0 0 81.29
0 0 81.33
0 0 81.36
0 0 81.4
0 0 81.43
0 0 81.46
0 0 81.5
0 0 81.53
0 0 81.56
0 0 81.6
0 0 81.63
0 0 81.66
0 0 81.69
0 0 81.73
0 0 81.76
0 0 81.79
0 0 81.83
0 0 81.86
0 0 81.9
0 0 81.93
0 0 81.96
0 0 81.99
0 0 82.03
0 0 82.06
0 0 82.09
0 0 82.13
0 0 82.16
0 0 82.19
0 0 82.23
0 0 82.26
0 0 82.29
0 0 82.33
0 0 82.36
0 0 82.4
0 0 82.43
0 0 82.46
0 0 82.5
0 0 82.53
0 0 82.56
0 0 82.6
0 0 82.63
0 0 82.66
0 0 82.69
0 0 82.73
0 0 82.76
0 0 82.79
0 0 82.83
0 0 82.86
0 0 82.89
0 0 82.93
0 0 82.96
0 0 83.0
0 0 83.03
0 0 83.06
0 0 83.09
0 0 83.13
0 0 83.16
0 0 83.2
0 0 83.23
0 0 83.26
0 0 83.29
0 0 83.33
0 0 83.36
0 0 83.39
0 0 83.43
0 0 83.46
0 0 83.49
0 0 83.53
0 0 83.56
0 0 83.59
0 0 83.63
0 0 83.66
0 0 83.69
0 0 83.73
0 0 83.76
0 0 83.79
0 0 83.83
0 0 83.86
0 0 83.89
0 0 83.93
0 0 83.96
0 0 84.0
0 0 84.03
0 0 84.06
0 0 84.09
0 0 84.13
0 0 84.16
0 0 84.19
0 0 84.23
0 0 84.26
0 0 84.29
0 0 84.33
0 0 84.36
0 0 84.39
0 0 84.43
0 0 84.46
0 0 84.5
0 0 84.53
0 0 84.56
0 0 84.59
0 0 84.63
0 0 84.66
0 0 84.69
0 0 84.73
0 0 84.76
0 0 84.79
0 0 84.83
0 0 84.86
0 0 84.89
0 0 84.93
0 0 84.96
0 0 84.99
0 0 85.03
0 0 85.06
0 0 85.09
0 0 85.13
0 0 85.16
0 0 85.19
0 0 85.23
0 0 85.26
0 0 85.29
0 0 85.33
0 0 85.36
0 0 85.39
0 0 85.43
0 0 85.46
0 0 85.49
0 0 85.53
0 0 85.56
0 0 85.59
0 0 85.63
0 0 85.66
0 0 85.69
0 0 85.73
0 0 85.76
0 0 85.79
0 0 85.83
0 0 85.86
0 0 85.89
0 0 85.93
0 0 85.96
0 0 85.99
0 0 86.03
0 0 86.06
0 0 86.09
0 0 86.13
0 0 86.16
0 0 86.19
0 0 86.23
0 0 86.26
0 0 86.29
0 0 86.33
0 0 86.36
0 0 86.39
0 0 86.43
0 0 86.46
0 0 86.49
0 0 86.53
0 0 86.56
0 0 86.59
0 0 86.63
0 0 86.66
0 0 86.69
0 0 86.73
0 0 86.76
0 0 86.79
0 0 86.83
0 0 86.86
0 0 86.89
0 0 86.93
0 0 86.96
0 0 86.99
0 0 87.03
0 0 87.06
0 0 87.09
0 0 87.13
0 0 87.16
0 0 87.19
0 0 87.23
0 0 87.26
0 0 87.29
0 0 87.33
0 0 87.36
0 0 87.39
0 0 87.43
0 0 87.46
0 0 87.49
0 0 87.53
0 0 87.56
0 0 87.59
0 0 87.62
0 0 87.66
0 0 87.69
0 0 87.73
0 0 87.76
0 0 87.79
0 0 87.83
0 0 87.86
0 0 87.89
0 0 87.93
0 0 87.96
0 0 87.99
0 0 88.03
0 0 88.06
0 0 88.09
0 0 88.13
0 0 88.16
0 0 88.19
0 0 88.23
0 0 88.26
0 0 88.29
0 0 88.33
0 0 88.36
0 0 88.39
0 0 88.42
0 0 88.46
0 0 88.49
0 0 88.52
0 0 88.56
0 0 88.59
0 0 88.62
0 0 88.66
0 0 88.69
0 0 88.72
0 0 88.76
0 0 88.79
0 0 88.83
0 0 88.86
0 0 88.89
0 0 88.92
0 0 88.96
0 0 88.99
0 0 89.02
0 0 89.06
0 0 89.09
0 0 89.12
0 0 89.16
0 0 89.19
0 0 89.23
0 0 89.26
0 0 89.29
0 0 89.33
0 0 89.36
0 0 89.39
0 0 89.42
0 0 89.46
0 0 89.49
0 0 89.52
0 0 89.56
0 0 89.59
0 0 89.62
0 0 89.66
0 0 89.69
0.405 0.019 89.73
0.38 0.026 89.76
0 0 89.79
0.347 0.036 89.83
0.338 0.014 89.86
0 0 89.89
0.328 0.016 89.93
0 0 89.96
0 0 89.99
0 0 90.02
0 0 90.06
0 0 90.09
0.35 0.021 90.13
0 0 90.16
0 0 90.19
0 0 90.23
0 0 90.26
0 0 90.29
0 0 90.33
0 0 90.36
0 0 90.39
0 0 90.43
0.395 0.048 90.46
0 0 90.49
0 0 90.53
0 0 90.56
0 0 90.59
0 0 90.62
0 0 90.66
0.37 0.027 90.69
0.356 0.016 90.73
0 0 90.76
0.32 0.041 90.79
0.303 0.02 90.83
0.288 0.018 90.86
0.277 0.015 90.89
0.269 0.012 90.93
0.259 0.012 90.96
0.252 0.01 90.99
0.246 0.008 91.03
0.243 0.006 91.06
0.243 0.005 91.09
0.242 0.004 91.13
0.243 0.003 91.16
0.245 0.002 91.19
0.245 0.002 91.23
0.245 0.001 91.26
0.245 0.001 91.29
0.248 0.003 91.33
0.252 0.004 91.36
0.254 0.004 91.39
0.257 0.003 91.43
0.258 0.002 91.46
0.258 0.002 91.5
0.26 0.004 91.53
0.261 0.003 91.56
0.263 0.003 91.59
0.266 0.004 91.63
0.269 0.003 91.66
0.27 0.003 91.69
0.272 0.002 91.73
0.275 0.002 91.76
0.275 0.001 91.79
0.276 0.001 91.83
0.278 0.002 91.86
0.279 0.003 91.89
0.281 0.002 91.93
0.286 0.001 91.96
0.287 0.002 92.0
0.289 0.002 92.03
0.292 0.002 92.06
0.293 0.001 92.09
0.291 0.002 92.13
0.291 0.002 92.16
0.292 0.002 92.19
0.29 0.002 92.23
0.289 0.002 92.26
0.29 0.002 92.29
0.289 0.002 92.33
0.287 0.003 92.36
0.288 0.003 92.39
0.287 0.003 92.43
0.286 0.003 92.46
0.288 0.002 92.5
0.289 0.002 92.53
0.29 0.002 92.56
0.29 0.002 92.59
0.293 0.003 92.63
0.292 0.003 92.66
0.29 0.003 92.69
0.289 0.004 92.73
0.288 0.003 92.76
0.286 0.002 92.79
0.288 0.003 92.83
0.285 0.004 92.86
0.286 0.0 92.89
0.29 0.001 92.93
0.292 0.002 92.96
0.293 0.002 93.0
0.295 0.003 93.03
0.302 0.003 93.06
0.303 0.002 93.09
0.305 0.002 93.13
0.309 0.005 93.16
0.31 0.003 93.19
0.313 0.003 93.23
0.324 0.004 93.26
0.325 0.003 93.29
0.326 0.001 93.33
0.331 0.004 93.36
0.333 0.003 93.39
0.334 0.001 93.43
0.335 0.003 93.46
0.338 0.002 93.49
0.337 0.004 93.53
0.335 0.006 93.56
0.338 0.004 93.59
0.337 0.005 93.63
0.336 0.004 93.66
0.34 0.003 93.69
0.34 0.004 93.73
0.337 0.003 93.76
0.335 0.002 93.79
0.337 0.002 93.83
0.335 0.002 93.86
0.331 0.004 93.89
0.334 0.006 93.93
0.33 0.007 93.96
0.33 0.004 94.0
0.332 0.005 94.03
0.331 0.001 94.06
0.331 0.001 94.09
0.334 0.001 94.13
0.335 0.003 94.16
0.333 0.002 94.19
0.334 0.001 94.23
0.338 0.004 94.26
0.34 0.004 94.29
0.342 0.005 94.33
0.347 0.005 94.36
0.351 0.006 94.39
0.355 0.01 94.43
0.368 0.014 94.46
0.383 0.021 94.5
0.403 0.025 94.53
0 0 94.56
0 0 94.59
0 0 94.62
0 0 94.66
0 0 94.69
0 0 94.72
0 0 94.76
0 0 94.79
0 0 94.83
0 0 94.86
0 0 94.89
0 0 94.93
0 0 94.96
0 0 94.99
0 0 95.02
0 0 95.06
0 0 95.09
0 0 95.12
0 0 95.16
0 0 95.19
0 0 95.22
0 0 95.26
0 0 95.29
0 0 95.32
0 0 95.36
0 0 95.39
0 0 95.42
0 0 95.46
0 0 95.49
0 0 95.52
0 0 95.56
0 0 95.59
0 0 95.62
0 0 95.66
0 0 95.69
0 0 95.72
0 0 95.76
0 0 95.79
0 0 95.83
0 0 95.86
0 0 95.89
0 0 95.92
0 0 95.96
0.652 0.241 95.99
0 0 96.02
0.647 0.007 96.06
0 0 96.09
0 0 96.12
0 0 96.16
0 0 96.19
0 0 96.22
0 0 96.26
0 0 96.29
0 0 96.33
0 0 96.36
0 0 96.39
0 0 96.42
0 0 96.46
0 0 96.49
0 0 96.52
0 0 96.56
0 0 96.59
0.627 0.024 96.62
0.62 0.009 96.66
0.619 0.001 96.69
0 0 96.72
0.615 0.005 96.76
0 0 96.79
0.611 0.004 96.83
0 0 96.86
0 0 96.89
0.609 0.003 96.93
0 0 96.96
0 0 96.99
0.617 0.009 97.03
0.622 0.005 97.06
0 0 97.09
0.634 0.013 97.13
0 0 97.16
0 0 97.19
0 0 97.23
0 0 97.26
0 0 97.29
0 0 97.33
0 0 97.36
0 0 97.39
0 0 97.42
0 0 97.46
0 0 97.49
0 0 97.52
0 0 97.56
0.659 0.025 97.59
0 0 97.62
0 0 97.66
0 0 97.69
0 0 97.72
0 0 97.76
0 0 97.79
0 0 97.82
0 0 97.86
0 0 97.89
0 0 97.92
0 0 97.96
0 0 97.99
0 0 98.02
0 0 98.06
0 0 98.09
0 0 98.12
0 0 98.16
0 0 98.19
0 0 98.22
0 0 98.26
0 0 98.29
0 0 98.33
0 0 98.36
0.633 0.029 98.39
0 0 98.42
0.612 0.022 98.46
0.608 0.008 98.49
0.605 0.007 98.53
0 0 98.56
0.604 0.011 98.59
0.601 0.006 98.63
0 0 98.66
0 0 98.69
0.595 0.007 98.73
0.605 0.011 98.76
0 0 98.79
0 0 98.83
0 0 98.86
0 0 98.89
0.606 0.005 98.93
0 0 98.96
0.59 0.016 98.99
0 0 99.02
0.581 0.011 99.06
0.577 0.005 99.09
0 0 99.12
0.575 0.003 99.16
0 0 99.19
0 0 99.23
0 0 99.26
0.579 0.007 99.29
0.583 0.004 99.33
0.584 0.002 99.36
0.587 0.003 99.39
0.593 0.006 99.42
0.591 0.006 99.46
0 0 99.49
0.595 0.004 99.53
0 0 99.56
0.598 0.007 99.59
0.596 0.005 99.63
0 0 99.66
0 0 99.69
0 0 99.72
0 0 99.76
0 0 99.79
0 0 99.82
0 0 99.86
0 0 99.89
0.6 0.016 99.93
0.606 0.01 99.96
0 0 99.99
0 0 100.02
0.637 0.04 100.06
0.648 0.013 100.09
0 0 100.12
0 0 100.16
0 0 100.19
0 0 100.22
0 0 100.26
0 0 100.29
0 0 100.32
0 0 100.36
0 0 100.39
0 0 100.42
0 0 100.46
0.56 0.113 100.49
0.548 0.013 100.52
0.531 0.018 100.56
0.516 0.015 100.59
0.503 0.014 100.62
0.486 0.018 100.66
0.476 0.012 100.69
0.464 0.013 100.73
0.455 0.011 100.76
0.446 0.011 100.79
0.437 0.01 100.83
0.427 0.011 100.86
0.418 0.011 100.89
0.411 0.009 100.93
0.403 0.009 100.96
0.398 0.009 101.0
0.393 0.007 101.03
0.39 0.005 101.06
0.388 0.005 101.09
0.387 0.004 101.13
0.385 0.003 101.16
0.387 0.004 101.19
0.387 0.004 101.23
0.386 0.003 101.26
0.384 0.003 101.29
0.381 0.004 101.33
0.379 0.003 101.36
0.379 0.003 101.4
0.377 0.002 101.43
0.374 0.003 101.46
0.372 0.003 101.5
0.369 0.003 101.53
0.368 0.002 101.56
0.369 0.002 101.59
0.369 0.003 101.63
0.373 0.005 101.66
0.371 0.005 101.7
0.371 0.004 101.73
0.372 0.002 101.76
0.373 0.002 101.8
0.376 0.003 101.83
0.376 0.001 101.86
0.375 0.001 101.89
0.374 0.002 101.93
0.373 0.002 101.96
0.371 0.002 101.99
0.368 0.002 102.03
0.368 0.003 102.06
0.365 0.003 102.1
0.364 0.004 102.13
0.363 0.003 102.16
0.362 0.003 102.19
0.36 0.002 102.23
0.359 0.003 102.26
0.356 0.003 102.3
0.355 0.001 102.33
0.353 0.002 102.36
0.353 0.002 102.4
0.355 0.004 102.43
0.356 0.005 102.46
0.36 0.005 102.5
0.361 0.007 102.53
0.363 0.006 102.56
0.366 0.008 102.59
0.371 0.008 102.63
0.374 0.011 102.66
0.38 0.013 102.7
0 0 102.73
0 0 102.76
0.414 0.049 102.8
0.43 0.019 102.83
0.449 0.021 102.86
0.469 0.024 102.89
0.497 0.028 102.92
0.524 0.028 102.96
0 0 102.99
0 0 103.02
0 0 103.06
0 0 103.09
0 0 103.12
0 0 103.16
0 0 103.19
0 0 103.22
0 0 103.26
0 0 103.29
0 0 103.33
0 0 103.36
0 0 103.39
0 0 103.42
0 0 103.46
0 0 103.49
0 0 103.52
0 0 103.56
0 0 103.59
0 0 103.62
0 0 103.66
0 0 103.69
0 0 103.72
0 0 103.76
0 0 103.79
0 0 103.82
0 0 103.85
0 0 103.89
0 0 103.92
0 0 103.96
0 0 103.99
0 0 104.02
0 0 104.05
0 0 104.09
0 0 104.12
0 0 104.16
0.565 0.126 104.19
0.556 0.01 104.23
0 0 104.26
0 0 104.29
0.524 0.023 104.33
0 0 104.36
0 0 104.39
0 0 104.42
0 0 104.46
0 0 104.49
0 0 104.52
0 0 104.56
0 0 104.59
0 0 104.62
0.508 0.025 104.66
0 0 104.69
0 0 104.72
0 0 104.76
0 0 104.79
0 0 104.82
0.495 0.003 104.86
0 0 104.89
0.51 0.018 104.92
0.488 0.013 104.96
0.489 0.001 104.99
0 0 105.02
0 0 105.06
0 0 105.09
0 0 105.12
0 0 105.16
0 0 105.19
0 0 105.22
0 0 105.26
0 0 105.29
0 0 105.32
0 0 105.36
0 0 105.39
0 0 105.42
0.462 0.013 105.46
0 0 105.49
0.452 0.004 105.53
0 0 105.56
0 0 105.59
0 0 105.62
0 0 105.66
0.452 0.004 105.69
0 0 105.72
0 0 105.76
0 0 105.79
0 0 105.82
0 0 105.86
0 0 105.89
0 0 105.92
0.438 0.007 105.96
0 0 105.99
0 0 106.02
0 0 106.06
0 0 106.09
0 0 106.12
0 0 106.16
0 0 106.19
0 0 106.22
0 0 106.26
0 0 106.29
0 0 106.32
0 0 106.36
0 0 106.39
0 0 106.42
0 0 106.46
0 0 106.49
0 0 106.52
0 0 106.56
0 0 106.59
0 0 106.62
0 0 106.66
0 0 106.69
0 0 106.72
0 0 106.76
0 0 106.79
0 0 106.82
0 0 106.86
0 0 106.89
0 0 106.92
0 0 106.96
0 0 106.99
0 0 107.02
0 0 107.06
0 0 107.09
0 0 107.12
0 0 107.16
0 0 107.19
0 0 107.22
0 0 107.26
0 0 107.29
0 0 107.33
0 0 107.36
0 0 107.39
0 0 107.42
0 0 107.46
0 0 107.49
0 0 107.52
0 0 107.56
0 0 107.59
0 0 107.62
0 0 107.66
0 0 107.69
0 0 107.72
0 0 107.76
0 0 107.79
0 0 107.82
0 0 107.86
0 0 107.89
0 0 107.92
0 0 107.96
0 0 107.99
0 0 108.02
0 0 108.06
0 0 108.09
0 0 108.12
0 0 108.16
0 0 108.19
0 0 108.22
0 0 108.26
0 0 108.29
0 0 108.32
0 0 108.36
0 0 108.39
0 0 108.42
0 0 108.46
0 0 108.49
0 0 108.52
0 0 108.56
0 0 108.59
0 0 108.62
0 0 108.66
0 0 108.69
0 0 108.72
0 0 108.76
0 0 108.79
0 0 108.82
0 0 108.86
0 0 108.89
0 0 108.92
0 0 108.96
0 0 108.99
0 0 109.02
0 0 109.06
0 0 109.09
0 0 109.12
0 0 109.16
0 0 109.19
0 0 109.22
0 0 109.26
0 0 109.29
0 0 109.32
0 0 109.36
0 0 109.39
0 0 109.42
0 0 109.46
0 0 109.49
0 0 109.52
0 0 109.56
0 0 109.59
0 0 109.62
0 0 109.66
0 0 109.69
0 0 109.72
0 0 109.75
0 0 109.79
0 0 109.82
0 0 109.86
0 0 109.89
0 0 109.92
0 0 109.95
0 0 109.99
0 0 110.02
0.424 0.133 110.06
0.407 0.018 110.09
0.394 0.013 110.12
0.384 0.011 110.16
0.379 0.007 110.19
0.384 0.006 110.22
0.382 0.005 110.26
0.379 0.005 110.29
0.376 0.004 110.32
0.375 0.003 110.36
0.371 0.004 110.39
0.368 0.004 110.42
0 0 110.46
0 0 110.49
0.36 0.019 110.52
0.358 0.007 110.56
0.351 0.008 110.59
0.343 0.008 110.62
0.341 0.008 110.66
0.334 0.008 110.69
0.327 0.007 110.72
0.321 0.007 110.76
0.321 0.007 110.79
0.316 0.007 110.83
0.31 0.007 110.86
0.31 0.007 110.89
0.304 0.008 110.92
0.299 0.008 110.96
0.301 0.005 110.99
0.299 0.004 111.02
0.298 0.003 111.06
0.298 0.003 111.09
0.303 0.003 111.12
0.303 0.003 111.16
0.303 0.003 111.19
0.316 0.004 111.23
0.318 0.003 111.26
0.321 0.004 111.29
0.327 0.002 111.33
0.328 0.002 111.36
0.328 0.002 111.39
0.333 0.004 111.42
0.331 0.003 111.46
0.329 0.003 111.49
0.328 0.005 111.52
0.332 0.004 111.56
0.332 0.004 111.59
0.332 0.003 111.62
0 0 111.66
0.337 0.005 111.69
0 0 111.72
0 0 111.76
0.342 0.007 111.79
0.342 0.001 111.82
0.342 0.001 111.86
0.347 0.002 111.89
0 0 111.92
0.349 0.003 111.96
0 0 111.99
0.353 0.002 112.02
0 0 112.06
0.356 0.002 112.09
0.357 0.002 112.12
0.355 0.003 112.16
0.357 0.002 112.19
0.356 0.002 112.22
0 0 112.26
0.355 0.005 112.29
0.361 0.003 112.33
0 0 112.36
0 0 112.39
0.371 0.005 112.42
0 0 112.46
0.371 0.002 112.49
0.372 0.002 112.52
0.371 0.001 112.56
0 0 112.59
0.368 0.003 112.62
0.37 0.002 112.66
0.368 0.002 112.69
0 0 112.72
0.368 0.005 112.76
0.368 0.001 112.79
0.368 0.003 112.82
0.37 0.003 112.86
0.373 0.003 112.89
0 0 112.92
0.382 0.009 112.96
0.382 0.003 112.99
0 0 113.02
0.385 0.004 113.06
0.387 0.002 113.09
0.389 0.002 113.12
0.389 0.001 113.16
0.389 0.001 113.19
0.389 0.003 113.22
0.388 0.001 113.26
0.388 0.001 113.29
0.389 0.001 113.33
0.389 0.001 113.36
0.389 0.001 113.39
0.388 0.002 113.42
0.386 0.002 113.46
0 0 113.49
0.382 0.005 113.52
0.38 0.002 113.56
0 0 113.59
0.379 0.005 113.62
0.377 0.004 113.66
0.378 0.002 113.69
0.38 0.004 113.72
0.383 0.003 113.76
0.385 0.003 113.79
0.386 0.003 113.82
0.388 0.002 113.86
0.388 0.001 113.89
0.388 0.001 113.92
0.39 0.002 113.96
0.391 0.001 113.99
0.392 0.002 114.02
0.394 0.002 114.06
0.395 0.001 114.09
0.397 0.004 114.12
0.395 0.002 114.16
0.394 0.001 114.19
0.393 0.002 114.22
0.391 0.003 114.26
0.388 0.003 114.29
0.385 0.004 114.32
0.381 0.004 114.36
0.378 0.004 114.39
0.376 0.004 114.42
0.372 0.004 114.46
0.369 0.003 114.49
0 0 114.52
0.366 0.004 114.56
0.365 0.001 114.59
0.364 0.002 114.62
0.363 0.002 114.66
0.361 0.002 114.69
0.361 0.001 114.72
0.36 0.002 114.76
0.359 0.001 114.79
0.359 0.002 114.83
0.36 0.004 114.86
0.361 0.002 114.89
0.362 0.003 114.92
0.363 0.003 114.96
0.365 0.003 114.99
0.367 0.002 115.02
0.37 0.003 115.06
0.372 0.003 115.09
0.373 0.002 115.12
0.374 0.002 115.16
0.375 0.002 115.19
0.375 0.002 115.22
0.375 0.003 115.26
0.376 0.002 115.29
0.376 0.002 115.32
0.377 0.001 115.36
0.378 0.001 115.39
0.378 0.004 115.42
0.375 0.003 115.46
0.374 0.002 115.49
0.373 0.004 115.52
0.37 0.003 115.56
0.368 0.003 115.59
0.366 0.002 115.62
0.366 0.003 115.66
0.364 0.001 115.69
0.364 0.001 115.73
0 0 115.75
0.364 0.003 115.79
0.366 0.004 115.83
0.37 0.005 115.86
0.372 0.006 115.89
0.374 0.004 115.92
0.377 0.004 115.96
0.378 0.005 115.99
0.381 0.004 116.02
0.384 0.005 116.06
0.389 0.005 116.09
0.393 0.006 116.12
0.4 0.008 116.16
0.408 0.011 116.19
0.416 0.016 116.22
0.43 0.019 116.26
0.448 0.023 116.29
0.472 0.028 116.32
0.5 0.031 116.36
0 0 116.39
0 0 116.42
0 0 116.45
0 0 116.49
0 0 116.52
0 0 116.55
0 0 116.59
0 0 116.62
0 0 116.65
0 0 116.69
0 0 116.72
0 0 116.75
0 0 116.79
0 0 116.82
0 0 116.86
0 0 116.89
0 0 116.92
0 0 116.95
0 0 116.99
0 0 117.02
0 0 117.05
0 0 117.09
0 0 117.12
0 0 117.15
0 0 117.19
0 0 117.22
0 0 117.25
0 0 117.29
0 0 117.32
0 0 117.35
0 0 117.39
0 0 117.42
0 0 117.45
0.659 0.182 117.49
0 0 117.52
0 0 117.55
0.651 0.011 117.59
0 0 117.62
0 0 117.65
0.632 0.022 117.69
0 0 117.72
0.633 0.008 117.75
0 0 117.79
0 0 117.82
0.637 0.006 117.85
0.63 0.014 117.89
0 0 117.92
0 0 117.95
0 0 117.99
0 0 118.02
0 0 118.06
0 0 118.09
0 0 118.12
0 0 118.16
0 0 118.19
0 0 118.22
0 0 118.25
0 0 118.29
0 0 118.32
0 0 118.35
0 0 118.39
0 0 118.42
0 0 118.45
0 0 118.49
0 0 118.52
0 0 118.55
0 0 118.59
0 0 118.62
0 0 118.66
0 0 118.69
0 0 118.72
0 0 118.75
0 0 118.79
0.565 0.119 118.82
0.542 0.024 118.86
0.517 0.027 118.89
0.492 0.025 118.92
0.469 0.024 118.95
0.448 0.022 118.99
0.429 0.02 119.02
0.413 0.017 119.06
0.401 0.013 119.09
0.393 0.011 119.12
0.387 0.01 119.16
0 0 119.19
0.381 0.013 119.22
0.381 0.005 119.26
0.38 0.004 119.29
0.379 0.004 119.32
0.378 0.003 119.36
0.378 0.002 119.39
0.378 0.002 119.42
0.379 0.002 119.46
0.381 0.002 119.49
0.383 0.002 119.52
0.384 0.001 119.56
0.385 0.002 119.59
0 0 119.62
0.388 0.005 119.66
0.389 0.003 119.69
0.389 0.002 119.72
0.389 0.002 119.76
0.39 0.002 119.79
0.39 0.001 119.82
0.391 0.002 119.86
0.394 0.003 119.89
0.398 0.005 119.92
0.402 0.004 119.96
0.403 0.001 119.99
0.402 0.002 120.02
0.401 0.002 120.06
0.399 0.002 120.09
0.397 0.002 120.12
0.395 0.002 120.16
0.393 0.002 120.19
0.392 0.002 120.22
0.391 0.002 120.26
0.391 0.001 120.29
0.391 0.001 120.32
0.391 0.001 120.36
0 0 120.39
0.39 0.002 120.42
0.392 0.002 120.46
0.393 0.002 120.49
0.395 0.002 120.52
0.397 0.003 120.56
0.399 0.002 120.59
0.399 0.003 120.62
0.399 0.002 120.66
0.399 0.001 120.69
0.399 0.002 120.72
0.4 0.002 120.76
0.402 0.002 120.79
0.401 0.002 120.82
0.401 0.001 120.86
0.401 0.001 120.89
0.401 0.001 120.92
0.401 0.001 120.96
0.4 0.001 120.99
0.4 0.001 121.02
0.399 0.001 121.06
0.397 0.005 121.09
0.395 0.003 121.12
0.392 0.004 121.16
0.391 0.003 121.19
0.39 0.003 121.22
0.391 0.003 121.26
0.394 0.005 121.29
0.396 0.005 121.32
0.402 0.006 121.36
0.407 0.008 121.39
0.416 0.011 121.42
0.426 0.014 121.46
0.439 0.018 121.49
0.455 0.022 121.52
0.478 0.027 121.56
0.506 0.032 121.59
0.531 0.027 121.62
0 0 121.65
0 0 121.69
0 0 121.72
0 0 121.75
0 0 121.79
0 0 121.82
0 0 121.85
0 0 121.89
0 0 121.92
0 0 121.95
0 0 121.99
0 0 122.02
0 0 122.05
0 0 122.09
0 0 122.12
0 0 122.15
0 0 122.19
0 0 122.22
0 0 122.25
0 0 122.29
0 0 122.32
0 0 122.35
0 0 122.39
0 0 122.42
0 0 122.45
0 0 122.49
0 0 122.52
0 0 122.55
0 0 122.58
0 0 122.62
0 0 122.65
0 0 122.69
0 0 122.72
0 0 122.75
0 0 122.79
0 0 122.82
0 0 122.85
0 0 122.89
0 0 122.92
0 0 122.95
0 0 122.99
0 0 123.02
0 0 123.05
0 0 123.09
0 0 123.12
0 0 123.15
0 0 123.19
0 0 123.22
0 0 123.25
0 0 123.29
0 0 123.32
0 0 123.35
0 0 123.39
0 0 123.42
0 0 123.45
0 0 123.49
0 0 123.52
0 0 123.55
0 0 123.59
0 0 123.62
0 0 123.65
0 0 123.69
0 0 123.72
0 0 123.75
0 0 123.79
0 0 123.82
0 0 123.85
0 0 123.89
0 0 123.92
0 0 123.95
0 0 123.99
0 0 124.02
0 0 124.05
0 0 124.09
0 0 124.12
0 0 124.15
0 0 124.18
0 0 124.22
0 0 124.25
0 0 124.28
0 0 124.32
0 0 124.35
0 0 124.39
0 0 124.42
0 0 124.45
0 0 124.49
0 0 124.52
0 0 124.55
0 0 124.59
0 0 124.62
0 0 124.65
0 0 124.69
0 0 124.72
0 0 124.75
0 0 124.78
0 0 124.82
0 0 124.85
0 0 124.89
0 0 124.92
0 0 124.95
0 0 124.99
0 0 125.02
0 0 125.05
0 0 125.09
0 0 125.12
0 0 125.15
0 0 125.19
0 0 125.22
0 0 125.25
0 0 125.29
0 0 125.32
0 0 125.35
0 0 125.39
0 0 125.42
0 0 125.45
0 0 125.49
0 0 125.52
0 0 125.55
0 0 125.59
0 0 125.62
0 0 125.65
0 0 125.69
0 0 125.72
0 0 125.75
0 0 125.79
0 0 125.82
0 0 125.85
0 0 125.89
0 0 125.92
0 0 125.95
0 0 125.99
0 0 126.02
0 0 126.05
0 0 126.09
0 0 126.12
0 0 126.15
0 0 126.19
0 0 126.22
0 0 126.25
0 0 126.29
0 0 126.32
0 0 126.35
0 0 126.39
0 0 126.42
0 0 126.45
0 0 126.49
0 0 126.52
0 0 126.55
0 0 126.59
0 0 126.62
0 0 126.65
0 0 126.68
0 0 126.72
0 0 126.75
0 0 126.79
0 0 126.82
0 0 126.85
0 0 126.89
0 0 126.92
0 0 126.95
0 0 126.99
0 0 127.02
0 0 127.05
0 0 127.09
0 0 127.12
0 0 127.15
0 0 127.19
0 0 127.22
0 0 127.25
0 0 127.29
0 0 127.32
0 0 127.35
0 0 127.39
0 0 127.42
0 0 127.45
0 0 127.49
0 0 127.52
0 0 127.55
0 0 127.59
0 0 127.62
0 0 127.65
0 0 127.69
0 0 127.72
0 0 127.75
0 0 127.78
0 0 127.82
0 0 127.85
0 0 127.89
0 0 127.92
0 0 127.95
0 0 127.99
0 0 128.02
0 0 128.05
0 0 128.09
0 0 128.12
0 0 128.15
0 0 128.19
0 0 128.22
0 0 128.25
0 0 128.29
0 0 128.32
0 0 128.35
0 0 128.39
0 0 128.42
0 0 128.45
0 0 128.49
0 0 128.52
0 0 128.55
0 0 128.59
0 0 128.62
0 0 128.65
0 0 128.69
0 0 128.72
0 0 128.75
0 0 128.78
0 0 128.82
0 0 128.85
0 0 128.89
0 0 128.92
0 0 128.95
0 0 128.99
0 0 129.02
0 0 129.05
0 0 129.09
0 0 129.12
0 0 129.15
0 0 129.19
0 0 129.22
0 0 129.25
0 0 129.29
0 0 129.32
0 0 129.35
0 0 129.38
0 0 129.42
0 0 129.45
0 0 129.49
0 0 129.52
0 0 129.55
0 0 129.59
0 0 129.62
0 0 129.65
0 0 129.68
0 0 129.72
0 0 129.75
0 0 129.79
0 0 129.82
0 0 129.85
0 0 129.89
0 0 129.92
0 0 129.95
0 0 129.99
0 0 130.02
0 0 130.05
0 0 130.09
0 0 130.12
0 0 130.15
0 0 130.19
0 0 130.22
0 0 130.25
0 0 130.29
0 0 130.32
0 0 130.35
0 0 130.38
0 0 130.42
0 0 130.45
0 0 130.49
0 0 130.52
0 0 130.55
0 0 130.58
0 0 130.62
0 0 130.65
0 0 130.68
0 0 130.72
0 0 130.75
0 0 130.78
0 0 130.82
0 0 130.85
0 0 130.88
0 0 130.92
0 0 130.95
0 0 130.99
0 0 131.02
0 0 131.05
0 0 131.08
0 0 131.12
0 0 131.15
0 0 131.18
0 0 131.22
0 0 131.25
0 0 131.28
0 0 131.32
0 0 131.35
0 0 131.38
0 0 131.42
0 0 131.45
0 0 131.49
0 0 131.52
0 0 131.55
0 0 131.58
0 0 131.62
0 0 131.65
0 0 131.68
0 0 131.72
0 0 131.75
0 0 131.78
0 0 131.82
0 0 131.85
0 0 131.88
0 0 131.92
0 0 131.95
0 0 131.99
0 0 132.02
0 0 132.05
0 0 132.08
0 0 132.12
0 0 132.15
0 0 132.18
0 0 132.22
0 0 132.25
0 0 132.28
0 0 132.32
0 0 132.35
0 0 132.38
0 0 132.42
0 0 132.45
0 0 132.49
0 0 132.52
0 0 132.55
0 0 132.58
0 0 132.62
0 0 132.65
0 0 132.69
0 0 132.72
0 0 132.75
0 0 132.79
0 0 132.82
0 0 132.85
0 0 132.89
0 0 132.92
0 0 132.95
0 0 132.99
0 0 133.02
0 0 133.05
0 0 133.08
0 0 133.12
0 0 133.15
0 0 133.18
0 0 133.22
0 0 133.25
0 0 133.29
0 0 133.32
0 0 133.35
0 0 133.38
0 0 133.42
0 0 133.45
0 0 133.49
0 0 133.52
0 0 133.55
0 0 133.58
0 0 133.62
0 0 133.65
0 0 133.68
0 0 133.72
0 0 133.75
0 0 133.78
0 0 133.82
0 0 133.85
0 0 133.88
0 0 133.92
0 0 133.95
0 0 133.99
0 0 134.02
0 0 134.05
0 0 134.08
0 0 134.12
0 0 134.15
0 0 134.18
0 0 134.22
0 0 134.25
0 0 134.28
0 0 134.32
0 0 134.35
0 0 134.38
0 0 134.42
0 0 134.45
0 0 134.48
0 0 134.52
0 0 134.55
0.431 0.049 134.58
0.41 0.021 134.62
0.394 0.017 134.65
0.378 0.016 134.68
0.366 0.013 134.72
0 0 134.75
0 0 134.78
0.35 0.017 134.82
0 0 134.85
0 0 134.89
0.377 0.027 134.92
0.393 0.016 134.95
0.412 0.019 134.99
0 0 135.02
0.454 0.042 135.05
0 0 135.08
0 0 135.12
0 0 135.15
0 0 135.18
0 0 135.22
0 0 135.25
0 0 135.28
0 0 135.32
0 0 135.35
0 0 135.38
0 0 135.42
0 0 135.45
0 0 135.49
0 0 135.52
0 0 135.55
0 0 135.58
0 0 135.62
0 0 135.65
0 0 135.68
0 0 135.72
0 0 135.75
0 0 135.78
0 0 135.82
0 0 135.85
0 0 135.88
0 0 135.92
0 0 135.95
0 0 135.99
0 0 136.02
0 0 136.05
0 0 136.08
0 0 136.12
0 0 136.15
0 0 136.18
0 0 136.22
0 0 136.25
0 0 136.28
0 0 136.32
0 0 136.35
0 0 136.38
0 0 136.42
0 0 136.45
0 0 136.48
0 0 136.52
0 0 136.55
0 0 136.58
0 0 136.62
0 0 136.65
0 0 136.68
0 0 136.72
0 0 136.75
0 0 136.78
0 0 136.82
0 0 136.85
0 0 136.88
0 0 136.92
0 0 136.95
0 0 136.99
0 0 137.02
0 0 137.05
0 0 137.08
0 0 137.12
0 0 137.15
0 0 137.18
0 0 137.22
0.531 0.035 137.25
0.509 0.023 137.29
0.493 0.022 137.32
0.472 0.023 137.35
0.449 0.024 137.39
0.435 0.021 137.42
0.415 0.021 137.45
0.397 0.019 137.49
0 0 137.52
0.37 0.034 137.55
0.357 0.014 137.59
0.346 0.013 137.62
0.341 0.012 137.65
0 0 137.68
0.328 0.021 137.72
0.327 0.011 137.75
0.323 0.007 137.79
0.323 0.009 137.82
0 0 137.85
0.323 0.012 137.89
0.324 0.008 137.92
0.321 0.005 137.95
0.323 0.004 137.99
0 0 138.02
0.322 0.005 138.05
0.323 0.006 138.09
0 0 138.12
0.325 0.006 138.15
0 0 138.18
0 0 138.22
0.328 0.008 138.25
0.329 0.003 138.29
0 0 138.32
0 0 138.35
0 0 138.38
0 0 138.42
0 0 138.45
0 0 138.48
0 0 138.52
0.332 0.011 138.55
0 0 138.58
0.329 0.005 138.62
0.325 0.004 138.65
0 0 138.68
0 0 138.72
0.318 0.01 138.75
0 0 138.78
0.318 0.005 138.82
0.321 0.004 138.85
0.32 0.004 138.89
0.321 0.002 138.92
0.323 0.002 138.95
0.323 0.002 138.99
0.323 0.003 139.02
0.322 0.003 139.05
0.32 0.002 139.09
0 0 139.12
0.319 0.005 139.15
0 0 139.19
0.317 0.003 139.22
0.315 0.003 139.25
0.315 0.001 139.29
0.314 0.003 139.32
0.315 0.002 139.35
0.315 0.005 139.39
0.316 0.004 139.42
0.317 0.006 139.45
0.317 0.007 139.49
0.318 0.01 139.52
0 0 139.55
0.322 0.025 139.59
0.329 0.017 139.62
0.339 0.022 139.65
0.355 0.029 139.69
0.376 0.032 139.72
0.409 0.039 139.75
0.445 0.039 139.79
0.488 0.046 139.82
0 0 139.85
0 0 139.88
0 0 139.92
0 0 139.95
0 0 139.99
0 0 140.02
0 0 140.05
0 0 140.08
0 0 140.12
0 0 140.15
0 0 140.18
0 0 140.22
0 0 140.25
0 0 140.28
0 0 140.32
0 0 140.35
0 0 140.38
0 0 140.42
0 0 140.45
0 0 140.48
0 0 140.52
0 0 140.55
0 0 140.58
0 0 140.62
0 0 140.65
0 0 140.68
0 0 140.72
0 0 140.75
0 0 140.78
0 0 140.82
0 0 140.85
0 0 140.88
0 0 140.92
0 0 140.95
0 0 140.98
0 0 141.02
0 0 141.05
0 0 141.08
0 0 141.12
0 0 141.15
0 0 141.18
0 0 141.22
0 0 141.25
0 0 141.28
0 0 141.32
0 0 141.35
0 0 141.38
0.64 0.177 141.42
0.643 0.005 141.45
0 0 141.49
0 0 141.52
0.631 0.012 141.55
0 0 141.58
0.637 0.012 141.62
0 0 141.65
0 0 141.68
0 0 141.72
0 0 141.75
0.628 0.009 141.78
0.634 0.008 141.82
0 0 141.85
0.636 0.004 141.89
0 0 141.92
0 0 141.95
0 0 141.99
0 0 142.02
0 0 142.05
0.644 0.02 142.08
0.641 0.004 142.12
0 0 142.15
0.632 0.014 142.18
0 0 142.22
0.634 0.011 142.25
0.637 0.007 142.28
0 0 142.32
0 0 142.35
0.627 0.029 142.38
0.61 0.022 142.42
0.601 0.01 142.45
0.58 0.025 142.49
0 0 142.52
0 0 142.55
0.513 0.071 142.59
0.489 0.025 142.62
0.467 0.021 142.65
0 0 142.68
0.434 0.033 142.72
0.422 0.013 142.75
0.411 0.011 142.79
0.405 0.008 142.82
0.399 0.007 142.85
0.394 0.006 142.89
0.39 0.005 142.92
0 0 142.95
0.385 0.009 142.99
0.383 0.004 143.02
0.381 0.003 143.05
0.38 0.003 143.08
0 0 143.12
0.377 0.004 143.15
0 0 143.18
0.375 0.004 143.22
0.374 0.001 143.25
0.374 0.001 143.28
0.374 0.001 143.32
0.373 0.003 143.35
0.372 0.001 143.39
0.371 0.001 143.42
0.372 0.001 143.45
0.371 0.002 143.49
0.37 0.002 143.52
0.368 0.002 143.55
0.367 0.002 143.58
0.362 0.007 143.62
0.359 0.003 143.65
0.354 0.005 143.68
0.351 0.004 143.72
0.349 0.002 143.75
0.348 0.002 143.78
0 0 143.82
0.348 0.002 143.85
0.348 0.003 143.89
0.35 0.002 143.92
0.351 0.004 143.95
0.352 0.002 143.99
0.353 0.003 144.02
0.353 0.002 144.05
0.353 0.002 144.09
0.353 0.001 144.12
0.355 0.003 144.15
0.355 0.001 144.18
0.353 0.002 144.22
0.351 0.003 144.25
0.349 0.002 144.28
0.35 0.002 144.32
0.35 0.0 144.35
0.351 0.001 144.38
0.352 0.002 144.42
0.354 0.002 144.45
0.355 0.002 144.49
0.355 0.003 144.52
0.356 0.002 144.55
0.357 0.001 144.58
0.36 0.003 144.62
0 0 144.65
0.363 0.003 144.68
0.364 0.001 144.72
0.365 0.001 144.75
0.366 0.001 144.78
0.366 0.001 144.82
0.366 0.001 144.85
0.368 0.002 144.89
0 0 144.92
0.371 0.006 144.95
0.372 0.003 144.99
0.372 0.002 145.02
0.372 0.002 145.05
0.372 0.001 145.08
0.371 0.002 145.12
0.369 0.002 145.15
0.367 0.002 145.18
0 0 145.22
0.364 0.004 145.25
0.362 0.003 145.28
0.361 0.002 145.32
0.36 0.002 145.35
0.36 0.001 145.39
0.359 0.003 145.42
0.358 0.004 145.45
0.357 0.002 145.49
0.356 0.003 145.52
0.354 0.001 145.55
0.354 0.002 145.59
0.354 0.001 145.62
0.354 0.002 145.65
0 0 145.68
0.356 0.004 145.72
0.356 0.001 145.75
0.357 0.002 145.78
0 0 145.82
0 0 145.85
0 0 145.88
0.36 0.011 145.92
0 0 145.95
0 0 145.98
0 0 146.02
0.363 0.014 146.05
0.363 0.003 146.08
0.364 0.002 146.12
0.363 0.001 146.15
0.361 0.001 146.18
0.361 0.001 146.22
0.361 0.003 146.25
0.359 0.003 146.28
0.361 0.004 146.32
0.361 0.004 146.35
0 0 146.38
0.359 0.003 146.42
0 0 146.45
0.362 0.005 146.49
0.359 0.002 146.52
0 0 146.55
0.358 0.004 146.58
0.356 0.001 146.62
0.356 0.002 146.65
0 0 146.68
0 0 146.72
0.352 0.004 146.75
0.352 0.002 146.78
0.348 0.001 146.82
0.349 0.003 146.86
0.349 0.001 146.89
0.347 0.002 146.92
0 0 146.95
0 0 146.98
0 0 147.02
0 0 147.05
0.349 0.009 147.08
0 0 147.12
0 0 147.15
0.349 0.008 147.18
0.348 0.003 147.22
0.344 0.003 147.25
0 0 147.28
0.344 0.002 147.32
0.345 0.001 147.35
0 0 147.38
0.342 0.002 147.42
0.344 0.002 147.45
0.341 0.002 147.49
0.344 0.004 147.52
0.347 0.005 147.55
0.347 0.008 147.58
0.357 0.011 147.62
0.37 0.015 147.65
0.383 0.02 147.68
0 0 147.72
0.439 0.057 147.75
0.468 0.03 147.78
0.488 0.026 147.82
0 0 147.85
0 0 147.88
0 0 147.92
0 0 147.95
0 0 147.98
0 0 148.01
0 0 148.05
0 0 148.08
0 0 148.11
0 0 148.15
0 0 148.18
0 0 148.22
0 0 148.25
0 0 148.28
0 0 148.32
0 0 148.35
0 0 148.38
0 0 148.41
0 0 148.45
0 0 148.48
0 0 148.51
0 0 148.55
0 0 148.58
0 0 148.61
0 0 148.65
0 0 148.68
0 0 148.71
0 0 148.75
0 0 148.78
0 0 148.82
0 0 148.85
0 0 148.88
0 0 148.91
0 0 148.95
0 0 148.98
0 0 149.01
0 0 149.05
0 0 149.08
0 0 149.11
0 0 149.15
0 0 149.18
0 0 149.22
0 0 149.25
0 0 149.28
0 0 149.32
0 0 149.35
0 0 149.38
0 0 149.42
0 0 149.45
0 0 149.48
0 0 149.52
0 0 149.55
0 0 149.58
0 0 149.61
0 0 149.65
0 0 149.68
0 0 149.72
0 0 149.75
0 0 149.78
0 0 149.82
0 0 149.85
0 0 149.88
0 0 149.91
0 0 149.95
0 0 149.98
0 0 150.01
0 0 150.05
0 0 150.08
0 0 150.11
0 0 150.15
0 0 150.18
0 0 150.22
0 0 150.25
0 0 150.28
0 0 150.32
0 0 150.35
0 0 150.38
0 0 150.41
0 0 150.45
0 0 150.48
0 0 150.51
0 0 150.55
0 0 150.58
0 0 150.61
0 0 150.65
0 0 150.68
0 0 150.71
0 0 150.75
0 0 150.78
0 0 150.82
0 0 150.85
0 0 150.88
0 0 150.92
0 0 150.95
0 0 150.98
0 0 151.02
0 0 151.05
0 0 151.08
0 0 151.12
0 0 151.15
0 0 151.18
0 0 151.21
0 0 151.25
0 0 151.28
0 0 151.32
0 0 151.35
0 0 151.38
0 0 151.42
0 0 151.45
0 0 151.48
0 0 151.51
0 0 151.55
0 0 151.58
0 0 151.62
0 0 151.65
0 0 151.68
0 0 151.72
0 0 151.75
0 0 151.78
0 0 151.82
0 0 151.85
0 0 151.88
0 0 151.92
0 0 151.95
0 0 151.98
0 0 152.02
0 0 152.05
0 0 152.08
0 0 152.11
0 0 152.15
0 0 152.18
0 0 152.22
0 0 152.25
0 0 152.28
0 0 152.32
0 0 152.35
0 0 152.38
0 0 152.41
0 0 152.45
0 0 152.48
0 0 152.51
0 0 152.55
0 0 152.58
0 0 152.61
0 0 152.65
0 0 152.68
0 0 152.71
0 0 152.75
0 0 152.78
0 0 152.82
0 0 152.85
0 0 152.88
0 0 152.91
0 0 152.95
0 0 152.98
0 0 153.01
0 0 153.05
0 0 153.08
0 0 153.11
0 0 153.15
0 0 153.18
0 0 153.21
0 0 153.25
0 0 153.28
0 0 153.32
0 0 153.35
0 0 153.38
0 0 153.41
0 0 153.45
0 0 153.48
0 0 153.51
0 0 153.55
0 0 153.58
0 0 153.61
0 0 153.65
0 0 153.68
0 0 153.71
0 0 153.75
0 0 153.78
0 0 153.82
0 0 153.85
0 0 153.88
0 0 153.92
0 0 153.95
0 0 153.98
0 0 154.01
0 0 154.05
0 0 154.08
0 0 154.11
0 0 154.15
0 0 154.18
0 0 154.21
0 0 154.25
0 0 154.28
0 0 154.32
0 0 154.35
0 0 154.38
0 0 154.41
0 0 154.45
0 0 154.48
0 0 154.51
0 0 154.55
0 0 154.58
0 0 154.61
0 0 154.65
0 0 154.68
0 0 154.71
0 0 154.75
0 0 154.78
0 0 154.82
0 0 154.85
0 0 154.88
0 0 154.91
0 0 154.95
0 0 154.98
0 0 155.01
0 0 155.05
0 0 155.08
0 0 155.11
0 0 155.15
0 0 155.18
0 0 155.22
0 0 155.25
0 0 155.28
0 0 155.31
0 0 155.35
0 0 155.38
0 0 155.41
0 0 155.45
0 0 155.48
0 0 155.51
0 0 155.55
0 0 155.58
0.505 0.052 155.61
0.486 0.019 155.65
0.47 0.021 155.68
0.448 0.023 155.72
0.427 0.021 155.75
0.409 0.019 155.78
0.394 0.019 155.82
0.377 0.017 155.85
0 0 155.88
0.351 0.029 155.92
0.343 0.011 155.95
0.337 0.01 155.98
0.337 0.009 156.02
0.336 0.006 156.05
0.335 0.005 156.08
0.34 0.008 156.12
0.34 0.004 156.15
0.341 0.004 156.18
0 0 156.22
0.345 0.006 156.25
0.345 0.002 156.28
0.347 0.002 156.32
0.35 0.001 156.35
0.35 0.002 156.38
0.35 0.001 156.42
0.355 0.002 156.45
0.354 0.002 156.48
0.355 0.002 156.52
0.356 0.002 156.55
0.356 0.002 156.58
0.356 0.001 156.62
0.355 0.001 156.65
0.355 0.003 156.68
0.352 0.004 156.72
0.349 0.005 156.75
0.348 0.004 156.78
0.347 0.005 156.82
0.346 0.003 156.85
0.348 0.003 156.88
0.347 0.005 156.92
0.347 0.002 156.95
0.347 0.002 156.98
0 0 157.01
0.345 0.004 157.05
0.344 0.003 157.08
0 0 157.11
0 0 157.15
0 0 157.18
0 0 157.22
0 0 157.25
0 0 157.28
0.347 0.013 157.32
0.349 0.002 157.35
0.35 0.001 157.38
0.351 0.001 157.42
0.351 0.001 157.45
0.351 0.001 157.49
0.351 0.002 157.52
0.35 0.003 157.55
0.349 0.002 157.58
0.347 0.002 157.62
0.343 0.004 157.65
0.338 0.006 157.68
0.332 0.007 157.72
0.327 0.006 157.75
0.324 0.003 157.78
0 0 157.82
0 0 157.85
0.325 0.003 157.89
0.325 0.003 157.92
0.326 0.002 157.95
0.327 0.001 157.99
0.327 0.005 158.02
0.328 0.003 158.05
0 0 158.08
0 0 158.11
0 0 158.15
0 0 158.18
0 0 158.21
0 0 158.25
0 0 158.28
0 0 158.32
0 0 158.35
0 0 158.38
0.327 0.014 158.42
0 0 158.45
0.334 0.006 158.48
0 0 158.51
0.337 0.008 158.55
0.341 0.004 158.58
0 0 158.62
0.346 0.01 158.65
0.349 0.003 158.68
0.351 0.004 158.72
0.353 0.002 158.75
0.355 0.004 158.78
0.356 0.003 158.82
0.357 0.003 158.85
0.358 0.002 158.88
0.36 0.006 158.92
0.363 0.005 158.95
0.368 0.008 158.98
0.378 0.013 159.02
0.393 0.017 159.05
0.411 0.021 159.08
0.435 0.026 159.12
0.466 0.037 159.15
0 0 159.18
0 0 159.21
0 0 159.25
0 0 159.28
0 0 159.31
0 0 159.35
0 0 159.38
0 0 159.41
0 0 159.45
0 0 159.48
0 0 159.51
0 0 159.55
0 0 159.58
0 0 159.61
0 0 159.65
0 0 159.68
0 0 159.71
0 0 159.75
0 0 159.78
0 0 159.81
0 0 159.85
0 0 159.88
0 0 159.91
0 0 159.95
0 0 159.98
0 0 160.01
0 0 160.05
0 0 160.08
0 0 160.11
0 0 160.15
0 0 160.18
0 0 160.21
0 0 160.25
0 0 160.28
0 0 160.32
0 0 160.35
0 0 160.38
0 0 160.41
0 0 160.45
0 0 160.48
0 0 160.51
0 0 160.55
0 0 160.58
0 0 160.61
0 0 160.65
0 0 160.68
0 0 160.71
0 0 160.75
0 0 160.78
0 0 160.81
0 0 160.85
0 0 160.88
0 0 160.91
0 0 160.95
0 0 160.98
0 0 161.01
0 0 161.05
0 0 161.08
0 0 161.11
0 0 161.15
0 0 161.18
0 0 161.21
0 0 161.25
0 0 161.28
0 0 161.31
0 0 161.35
0 0 161.38
0 0 161.41
0 0 161.45
0 0 161.48
0 0 161.51
0 0 161.55
0 0 161.58
0 0 161.61
0 0 161.65
0 0 161.68
0 0 161.71
0 0 161.75
0 0 161.78
0 0 161.81
0 0 161.85
0 0 161.88
0 0 161.91
0 0 161.95
0 0 161.98
0 0 162.01
0 0 162.05
0 0 162.08
0 0 162.11
0 0 162.15
0 0 162.18
0 0 162.21
0 0 162.25
0 0 162.28
0 0 162.31
0 0 162.35
0.522 0.086 162.38
0.497 0.026 162.41
0.471 0.027 162.45
0.45 0.021 162.48
0.43 0.02 162.52
0 0 162.55
0.399 0.032 162.58
0 0 162.61
0 0 162.65
0.373 0.033 162.68
0.368 0.009 162.71
0 0 162.75
0.361 0.016 162.78
0.36 0.007 162.82
0.359 0.006 162.85
0.359 0.006 162.88
0.359 0.005 162.91
0.361 0.005 162.95
0.363 0.005 162.98
0.366 0.005 163.02
0.368 0.005 163.05
0.371 0.004 163.08
0.372 0.003 163.12
0.372 0.004 163.15
0.369 0.004 163.18
0.366 0.005 163.22
0.362 0.005 163.25
0.359 0.005 163.28
0.357 0.004 163.32
0.355 0.004 163.35
0.355 0.004 163.38
0.357 0.006 163.42
0.357 0.004 163.45
0.357 0.003 163.48
0.358 0.005 163.52
0.359 0.003 163.55
0.361 0.004 163.58
0.362 0.002 163.62
0.364 0.004 163.65
0.364 0.002 163.68
0.363 0.002 163.72
0.363 0.002 163.75
0.363 0.003 163.78
0.36 0.006 163.82
0.362 0.003 163.85
0.362 0.002 163.88
0.363 0.001 163.91
0.364 0.002 163.95
0.366 0.002 163.98
0.366 0.002 164.02
0.364 0.003 164.05
0.364 0.002 164.08
0.364 0.001 164.12
0.363 0.001 164.15
0.363 0.001 164.18
0.361 0.002 164.22
0.36 0.002 164.25
0.358 0.006 164.28
0.356 0.004 164.32
0.354 0.006 164.35
0.353 0.004 164.38
0.353 0.005 164.41
0.354 0.005 164.45
0.355 0.006 164.48
0.356 0.009 164.52
0.359 0.013 164.55
0.363 0.021 164.58
0 0 164.61
0.396 0.059 164.65
0.432 0.042 164.68
0.475 0.046 164.72
0 0 164.75
0 0 164.78
0 0 164.81
0 0 164.85
0 0 164.88
0 0 164.91
0 0 164.95
0 0 164.98
0 0 165.01
0 0 165.05
0 0 165.08
0 0 165.11
0 0 165.15
0 0 165.18
0 0 165.21
0 0 165.24
0 0 165.28
0 0 165.31
0 0 165.35
0 0 165.38
0 0 165.41
0 0 165.45
0 0 165.48
0 0 165.51
0 0 165.55
0 0 165.58
0 0 165.61
0 0 165.65
0 0 165.68
0 0 165.71
0 0 165.74
0 0 165.78
0 0 165.81
0 0 165.85
0 0 165.88
0 0 165.91
0 0 165.95
0 0 165.98
0 0 166.01
0 0 166.04
0 0 166.08
0 0 166.11
0 0 166.15
0 0 166.18
0 0 166.21
0 0 166.25
0 0 166.28
0 0 166.31
0 0 166.34
0 0 166.38
0 0 166.41
0 0 166.44
0 0 166.48
0 0 166.51
0 0 166.54
0 0 166.58
0 0 166.61
0 0 166.65
0 0 166.68
0 0 166.71
0 0 166.75
0 0 166.78
0 0 166.81
0 0 166.85
0 0 166.88
0 0 166.91
0 0 166.94
0 0 166.98
0 0 167.01
0 0 167.04
0 0 167.08
0 0 167.11
0 0 167.15
0 0 167.18
0 0 167.21
0 0 167.25
0 0 167.28
0 0 167.31
0 0 167.34
0 0 167.38
0 0 167.41
0 0 167.44
0 0 167.48
0 0 167.51
0 0 167.54
0 0 167.58
0 0 167.61
0 0 167.65
0 0 167.68
0 0 167.71
0 0 167.74
0 0 167.78
0 0 167.81
0 0 167.84
0 0 167.88
0 0 167.91
0 0 167.94
0 0 167.98
0 0 168.01
0 0 168.04
0 0 168.08
0 0 168.11
0 0 168.15
0 0 168.18
0 0 168.21
0 0 168.25
0 0 168.28
0 0 168.31
0 0 168.35
0 0 168.38
0 0 168.41
0 0 168.44
0 0 168.48
0 0 168.51
0 0 168.54
0 0 168.58
0 0 168.61
0 0 168.65
0 0 168.68
0 0 168.71
0 0 168.74
0 0 168.78
0 0 168.81
0 0 168.84
0 0 168.88
0 0 168.91
0 0 168.94
0 0 168.98
0 0 169.01
0 0 169.04
0 0 169.08
0 0 169.11
0 0 169.15
0 0 169.18
0 0 169.21
0 0 169.24
0 0 169.28
0 0 169.31
0 0 169.34
0 0 169.38
0 0 169.41
0 0 169.44
0 0 169.48
0 0 169.51
0 0 169.54
0 0 169.58
0 0 169.61
0 0 169.64
0 0 169.68
0 0 169.71
0 0 169.74
0 0 169.78
0 0 169.81
0 0 169.84
0 0 169.88
0 0 169.91
0 0 169.94
0 0 169.98
0 0 170.01
0 0 170.04
0 0 170.08
0 0 170.11
0 0 170.15
0 0 170.18
0 0 170.21
0 0 170.24
0 0 170.28
0 0 170.31
0 0 170.34
0 0 170.38
0 0 170.41
0 0 170.44
0 0 170.48
0 0 170.51
0 0 170.54
0 0 170.58
0 0 170.61
0 0 170.65
0 0 170.68
0 0 170.71
0 0 170.74
0 0 170.78
0 0 170.81
0 0 170.84
0 0 170.88
0 0 170.91
0 0 170.94
0 0 170.98
0 0 171.01
0 0 171.04
0 0 171.08
0 0 171.11
0 0 171.15
0 0 171.18
0 0 171.21
0 0 171.24
0 0 171.28
0 0 171.31
0 0 171.34
0 0 171.38
0 0 171.41
0 0 171.44
0 0 171.48
0 0 171.51
0 0 171.55
0 0 171.58
0 0 171.61
0 0 171.64
0 0 171.68
0 0 171.71
0 0 171.74
0 0 171.78
0 0 171.81
0 0 171.84
0 0 171.88
0 0 171.91
0 0 171.94
0 0 171.98
0 0 172.01
0 0 172.04
0 0 172.08
0 0 172.11
0 0 172.15
0 0 172.18
0 0 172.21
0 0 172.24
0 0 172.28
0 0 172.31
0 0 172.34
0 0 172.38
0 0 172.41
0 0 172.44
0 0 172.48
0 0 172.51
0 0 172.54
0 0 172.58
0 0 172.61
0 0 172.65
0 0 172.68
0 0 172.71
0 0 172.74
0 0 172.78
0 0 172.81
0 0 172.84
0 0 172.88
0 0 172.91
0 0 172.94
0 0 172.98
0 0 173.01
0 0 173.04
0 0 173.08
0 0 173.11
0 0 173.14
0 0 173.18
0 0 173.21
0 0 173.24
0 0 173.28
0 0 173.31
0 0 173.34
0 0 173.38
0 0 173.41
0 0 173.44
0 0 173.48
0 0 173.51
0 0 173.54
0 0 173.58
0 0 173.61
0 0 173.64
0 0 173.68
0 0 173.71
0 0 173.74
0 0 173.78
0 0 173.81
0 0 173.84
0 0 173.88
0 0 173.91
0 0 173.94
0 0 173.98
0 0 174.01
0 0 174.04
0 0 174.08
0 0 174.11
0 0 174.14
0 0 174.18
0 0 174.21
0 0 174.24
0 0 174.28
0 0 174.31
0 0 174.34
0 0 174.38
0 0 174.41
0 0 174.44
0 0 174.48
0 0 174.51
0 0 174.55
0 0 174.58
0 0 174.61
0 0 174.65
0 0 174.68
0 0 174.71
0 0 174.74
0 0 174.78
0 0 174.81
0 0 174.84
0 0 174.88
0 0 174.91
0 0 174.94
0 0 174.98
0 0 175.01
0 0 175.04
0 0 175.08
0 0 175.11
0 0 175.14
0 0 175.18
0 0 175.21
0 0 175.24
0 0 175.28
0 0 175.31
0 0 175.34
0 0 175.38
0 0 175.41
0 0 175.44
0 0 175.48
0 0 175.51
0 0 175.54
0 0 175.58
0 0 175.61
0 0 175.64
0 0 175.68
0 0 175.71
0 0 175.74
0 0 175.78
0 0 175.81
0 0 175.84
0 0 175.88
0 0 175.91
0 0 175.94
0 0 175.98
0 0 176.01
0 0 176.04
0 0 176.08
0 0 176.11
0 0 176.14
0 0 176.18
0 0 176.21
0 0 176.24
0 0 176.28
0 0 176.31
0 0 176.34
0 0 176.37
0 0 176.41
0 0 176.44
0 0 176.48
0 0 176.51
0 0 176.54
0 0 176.58
0 0 176.61
0 0 176.64
0 0 176.68
0 0 176.71
0 0 176.74
0 0 176.78
0 0 176.81
0 0 176.84
0 0 176.88
0 0 176.91
0 0 176.94
0 0 176.98
0 0 177.01
0 0 177.04
0 0 177.08
0 0 177.11
0 0 177.14
0 0 177.18
0 0 177.21
0 0 177.24
0 0 177.27
0 0 177.31
0 0 177.34
0 0 177.38
0 0 177.41
0 0 177.44
0 0 177.48
0 0 177.51
0 0 177.54
0 0 177.58
0 0 177.61
0 0 177.64
0 0 177.68
0 0 177.71
0 0 177.74
0 0 177.78
0 0 177.81
0 0 177.84
0 0 177.88
0 0 177.91
0 0 177.94
0 0 177.98
0 0 178.01
0 0 178.04
0 0 178.07
0 0 178.11
0 0 178.14
0 0 178.18
0 0 178.21
0 0 178.24
0 0 178.28
0 0 178.31
0 0 178.34
0 0 178.38
0 0 178.41
0 0 178.44
0 0 178.48
0 0 178.51
0 0 178.54
0 0 178.58
0 0 178.61
0 0 178.64
0 0 178.68
0 0 178.71
0 0 178.74
0 0 178.78
0 0 178.81
0 0 178.84
0 0 178.88
0.394 0.07 178.91
0 0 178.94
0.345 0.05 178.98
0.326 0.022 179.01
0.31 0.017 179.04
0.296 0.016 179.08
0.289 0.013 179.11
0.281 0.011 179.15
0 0 179.18
0.273 0.017 179.21
0.275 0.006 179.24
0.275 0.004 179.28
0.277 0.004 179.31
0.28 0.003 179.34
0.28 0.002 179.38
0.281 0.002 179.41
0.285 0.002 179.44
0.286 0.002 179.48
0.288 0.002 179.51
0.292 0.002 179.55
0.293 0.002 179.58
0.294 0.001 179.61
0.293 0.002 179.65
0.295 0.002 179.68
0.294 0.002 179.71
0.292 0.003 179.74
0.293 0.002 179.78
0.292 0.002 179.81
0.293 0.002 179.84
0.296 0.002 179.88
0.296 0.002 179.91
0.296 0.002 179.94
0.297 0.001 179.98
0.301 0.002 180.01
0.301 0.001 180.04
0.301 0.001 180.08
0.302 0.002 180.11
0.3 0.003 180.15
0.297 0.003 180.18
0.298 0.003 180.21
0.296 0.002 180.24
0.294 0.002 180.28
0.296 0.002 180.31
0.296 0.001 180.34
0.296 0.001 180.38
0.296 0.001 180.41
0.3 0.002 180.44
0.3 0.001 180.48
0.3 0.001 180.51
0.308 0.001 180.54
0.308 0.0 180.58
0.306 0.004 180.61
0.31 0.001 180.65
0.309 0.003 180.68
0.309 0.001 180.71
0.314 0.003 180.75
0.313 0.004 180.78
0.311 0.005 180.81
0 0 180.84
0.314 0.003 180.88
0.314 0.001 180.91
0 0 180.94
0.321 0.007 180.98
0.319 0.006 181.01
0.319 0.008 181.05
0.323 0.007 181.08
0.325 0.008 181.11
0.324 0.006 181.15
0.326 0.006 181.18
0.325 0.005 181.21
0.324 0.005 181.24
0.322 0.005 181.28
0.321 0.005 181.31
0.318 0.005 181.34
0.313 0.005 181.38
0.315 0.002 181.41
0.314 0.002 181.44
0.316 0.003 181.48
0.321 0.002 181.51
0.322 0.001 181.55
0.323 0.002 181.58
0.324 0.001 181.61
0.326 0.001 181.64
0.326 0.002 181.68
0.326 0.002 181.71
0.33 0.001 181.74
0.329 0.003 181.78
0.326 0.006 181.81
0.331 0.003 181.84
0.329 0.003 181.88
0.33 0.004 181.91
0.334 0.004 181.94
0.336 0.002 181.98
0.337 0.002 182.01
0.338 0.001 182.04
0.339 0.002 182.08
0.336 0.003 182.11
0.332 0.004 182.15
0.331 0.004 182.18
0 0 182.21
0.327 0.005 182.24
0.328 0.002 182.28
0.327 0.002 182.31
0.328 0.002 182.34
0.334 0.005 182.38
0 0 182.41
0.337 0.006 182.44
0.336 0.005 182.48
0.338 0.001 182.51
0.338 0.005 182.54
0.339 0.002 182.58
0.341 0.004 182.61
0.342 0.006 182.64
0.343 0.004 182.68
0.345 0.004 182.71
0 0 182.74
0.348 0.005 182.78
0 0 182.81
0.352 0.004 182.84
0.352 0.002 182.88
0 0 182.91
0 0 182.94
0 0 182.98
0.349 0.01 183.01
0 0 183.04
0.347 0.004 183.08
0 0 183.11
0 0 183.15
0.352 0.006 183.18
0.355 0.003 183.21
0.358 0.002 183.25
0.359 0.002 183.28
0.36 0.001 183.32
0.359 0.0 183.35
0 0 183.38
0.359 0.005 183.41
0.36 0.003 183.45
0.36 0.002 183.48
0 0 183.51
0.361 0.004 183.55
0.361 0.003 183.58
0.361 0.003 183.61
0.359 0.002 183.65
0.358 0.002 183.68
0.357 0.003 183.71
0.356 0.001 183.74
0.356 0.001 183.78
0.355 0.002 183.81
0.355 0.002 183.85
0.356 0.003 183.88
0 0 183.91
0.357 0.005 183.94
0.358 0.002 183.98
0.358 0.001 184.01
0.358 0.003 184.04
0.356 0.002 184.08
0.355 0.004 184.11
0.353 0.003 184.15
0.35 0.003 184.18
0.346 0.004 184.21
0.346 0.001 184.24
0.346 0.001 184.28
0.346 0.003 184.31
0.347 0.002 184.34
0.348 0.002 184.38
0.348 0.002 184.41
0.349 0.003 184.45
0.35 0.002 184.48
0.351 0.001 184.51
0.354 0.003 184.55
0.358 0.004 184.58
0.363 0.005 184.61
0.367 0.006 184.65
0.368 0.001 184.68
0.372 0.007 184.71
0.374 0.005 184.75
0.378 0.005 184.78
0.384 0.006 184.81
0.388 0.005 184.84
0.392 0.005 184.88
0.394 0.003 184.91
0.395 0.002 184.94
0.395 0.002 184.98
0.395 0.001 185.01
0.395 0.001 185.04
0.394 0.001 185.08
0.392 0.001 185.11
0.391 0.002 185.15
0.389 0.002 185.18
0.388 0.005 185.21
0.383 0.004 185.24
0.38 0.003 185.28
0.378 0.002 185.31
0.378 0.001 185.34
0.377 0.003 185.38
0.374 0.002 185.41
0.372 0.002 185.44
0.369 0.003 185.48
0.367 0.002 185.51
0.364 0.003 185.55
0.361 0.002 185.59
0.359 0.004 185.61
0.358 0.003 185.65
0.359 0.003 185.68
0.36 0.003 185.71
0.361 0.008 185.74
0.364 0.009 185.78
0.366 0.008 185.81
0.367 0.008 185.84
0.367 0.008 185.88
0.368 0.009 185.91
0.369 0.008 185.95
0.371 0.007 185.98
0.374 0.006 186.01
0.374 0.007 186.04
0.376 0.005 186.08
0.377 0.004 186.11
0.377 0.003 186.15
0.376 0.003 186.18
0.378 0.002 186.21
0.378 0.001 186.24
0.377 0.001 186.28
0 0 186.31
0 0 186.34
0 0 186.38
0 0 186.41
0.379 0.009 186.44
0.384 0.006 186.48
0 0 186.51
0.391 0.011 186.54
0 0 186.58
0.394 0.007 186.61
0.397 0.003 186.64
0.399 0.003 186.68
0.401 0.003 186.71
0.403 0.003 186.74
0.405 0.002 186.78
0.406 0.002 186.81
0.407 0.004 186.84
0.404 0.004 186.88
0.399 0.005 186.91
0.394 0.006 186.94
0.389 0.008 186.98
0.383 0.007 187.01
0.376 0.01 187.05
0.368 0.011 187.08
0.362 0.01 187.11
0.359 0.008 187.15
0.359 0.007 187.18
0.36 0.005 187.21
0.361 0.002 187.24
0.362 0.001 187.28
0.364 0.002 187.31
0.365 0.002 187.34
0.367 0.002 187.38
0.369 0.003 187.41
0.372 0.004 187.44
0.374 0.003 187.48
0.376 0.003 187.51
0.377 0.0 187.54
0.377 0.002 187.58
0.375 0.003 187.61
0.371 0.003 187.64
0.367 0.005 187.68
0.361 0.006 187.71
0.355 0.007 187.74
0.35 0.005 187.78
0.347 0.003 187.81
0.344 0.004 187.84
0.342 0.004 187.88
0.339 0.003 187.91
0 0 187.94
0.338 0.002 187.98
0.338 0.001 188.01
0.337 0.001 188.04
0.338 0.001 188.08
0.338 0.001 188.11
0.339 0.002 188.15
0.339 0.002 188.18
0 0 188.21
0.339 0.001 188.24
0.34 0.004 188.28
0.342 0.004 188.31
0.343 0.004 188.34
0.344 0.005 188.38
0.344 0.005 188.41
0.345 0.006 188.44
0.347 0.007 188.48
0.346 0.003 188.51
0.344 0.002 188.55
0.346 0.003 188.58
0.348 0.004 188.61
0.353 0.005 188.65
0.357 0.005 188.68
0.361 0.004 188.71
0.365 0.006 188.74
0.371 0.008 188.78
0.379 0.013 188.81
0.39 0.016 188.84
0.403 0.017 188.88
0.422 0.02 188.91
0 0 188.94
0 0 188.98
0 0 189.01
0 0 189.04
0 0 189.08
0 0 189.11
0 0 189.14
0 0 189.18
0 0 189.21
0 0 189.24
0 0 189.28
0 0 189.31
0 0 189.34
0 0 189.38
0 0 189.41
0 0 189.44
0 0 189.48
0 0 189.51
0 0 189.54
0 0 189.57
0 0 189.61
0 0 189.64
0 0 189.68
0 0 189.71
0 0 189.74
0 0 189.77
0 0 189.81
0 0 189.84
0 0 189.88
0 0 189.91
0 0 189.94
0 0 189.98
0 0 190.01
0 0 190.04
0 0 190.07
0 0 190.11
0 0 190.14
0 0 190.17
0 0 190.21
0 0 190.24
0 0 190.27
0 0 190.31
0 0 190.34
0 0 190.37
0 0 190.41
0 0 190.44
0 0 190.48
0 0 190.51
0 0 190.54
0 0 190.57
0 0 190.61
0 0 190.64
0 0 190.67
0 0 190.71
0 0 190.74
0 0 190.77
0 0 190.81
0 0 190.84
0 0 190.87
0 0 190.91
0 0 190.94
0 0 190.98
0 0 191.01
0 0 191.04
0 0 191.07
0 0 191.11
0 0 191.14
0 0 191.17
0 0 191.21
0 0 191.24
0 0 191.27
0 0 191.31
0 0 191.34
0 0 191.37
0 0 191.41
0 0 191.44
0 0 191.48
0 0 191.51
0 0 191.54
0 0 191.57
0 0 191.61
0 0 191.64
0 0 191.67
0 0 191.71
0 0 191.74
0 0 191.77
0 0 191.81
0 0 191.84
0 0 191.87
0 0 191.91
0 0 191.94
0 0 191.97
0 0 192.01
0 0 192.04
0 0 192.07
0 0 192.11
0 0 192.14
0 0 192.17
0 0 192.21
0 0 192.24
0 0 192.27
0 0 192.31
0 0 192.34
0 0 192.37
0 0 192.41
0 0 192.44
0 0 192.48
0 0 192.51
0 0 192.54
0 0 192.57
0 0 192.61
0 0 192.64
0 0 192.67
0 0 192.71
0 0 192.74
0 0 192.77
0 0 192.81
0 0 192.84
0 0 192.87
0 0 192.91
0 0 192.94
0 0 192.98
0 0 193.01
0 0 193.04
0 0 193.07
0 0 193.11
0 0 193.14
0 0 193.17
0 0 193.21
0 0 193.24
0 0 193.27
0 0 193.31
0 0 193.34
0 0 193.37
0 0 193.41
0 0 193.44
0 0 193.47
0 0 193.51
0 0 193.54
0 0 193.57
0 0 193.61
0 0 193.64
0 0 193.67
0 0 193.71
0 0 193.74
0 0 193.77
0 0 193.81
0 0 193.84
0 0 193.87
0 0 193.91
0 0 193.94
0 0 193.98
0 0 194.01
0 0 194.04
0 0 194.07
0 0 194.11
0 0 194.14
0 0 194.17
0 0 194.21
0 0 194.24
0 0 194.27
0 0 194.31
0 0 194.34
0 0 194.37
0 0 194.41
0 0 194.44
0 0 194.48
0 0 194.51
0 0 194.54
0 0 194.57
0 0 194.61
0 0 194.64
0 0 194.67
0 0 194.71
0 0 194.74
0 0 194.77
0 0 194.81
0 0 194.84
0 0 194.87
0 0 194.91
0 0 194.94
0 0 194.98
