0 0 34.64
0 0 34.68
0 0 34.71
0 0 34.74
0 0 34.77
0 0 34.81
0 0 34.84
0 0 34.87
0 0 34.91
0 0 34.94
0 0 34.98
0 0 35.01
0 0 35.04
0 0 35.07
0 0 35.11
0 0 35.14
0 0 35.18
0 0 35.21
0 0 35.24
0 0 35.27
0 0 35.31
0 0 35.34
0 0 35.37
0 0 35.41
0 0 35.44
0 0 35.48
0 0 35.51
0 0 35.54
0 0 35.58
0 0 35.61
0 0 35.64
0 0 35.68
0 0 35.71
0 0 35.74
0 0 35.77
0 0 35.81
0 0 35.84
0 0 35.88
0 0 35.91
0 0 35.94
0 0 35.98
0 0 36.01
0 0 36.04
0 0 36.07
0 0 36.11
0 0 36.14
0 0 36.17
0 0 36.21
0 0 36.24
0 0 36.27
0 0 36.31
0 0 36.34
0 0 36.37
0 0 36.41
0 0 36.44
0 0 36.47
0 0 36.51
0 0 36.54
0 0 36.58
0 0 36.61
0 0 36.64
0 0 36.68
0 0 36.71
0 0 36.74
0 0 36.77
0 0 36.81
0 0 36.84
0 0 36.87
0 0 36.91
0 0 36.94
0 0 36.97
0 0 37.01
0 0 37.04
0 0 37.07
0 0 37.11
0 0 37.14
0 0 37.18
0.225 0.225 37.21
0.224 0.004 37.24
0 0 37.27
0.22 0.005 37.31
0 0 37.34
0 0 37.37
0.22 0.003 37.41
0 0 37.44
0.221 0.003 37.48
0 0 37.51
0.218 0.003 37.54
0 0 37.57
0.217 0.003 37.61
0.217 0.002 37.64
0.218 0.002 37.68
0 0 37.71
0.217 0.002 37.74
0.216 0.001 37.78
0 0 37.81
0 0 37.84
0.221 0.006 37.88
0 0 37.91
0.243 0.029 37.94
0 0 37.97
0.299 0.062 38.01
0 0 38.04
0 0 38.07
0 0 38.1
0 0 38.14
0 0 38.17
0 0 38.2
0 0 38.24
0 0 38.27
0 0 38.31
0 0 38.34
0 0 38.37
0 0 38.41
0 0 38.44
0 0 38.47
0 0 38.51
0 0 38.54
0 0 38.57
0 0 38.61
0 0 38.64
0 0 38.67
0 0 38.71
0 0 38.74
0 0 38.77
0 0 38.81
0 0 38.84
0 0 38.87
0 0 38.91
0 0 38.94
0 0 38.97
0 0 39.01
0 0 39.04
0 0 39.07
0 0 39.11
0 0 39.14
0 0 39.18
0 0 39.21
0 0 39.24
0 0 39.27
0 0 39.31
0 0 39.34
0 0 39.37
0 0 39.41
0 0 39.44
0 0 39.47
0 0 39.51
0 0 39.54
0 0 39.57
0 0 39.61
0 0 39.64
0 0 39.67
0 0 39.71
0 0 39.74
0 0 39.77
0 0 39.81
0 0 39.84
0 0 39.87
0 0 39.91
0 0 39.94
0 0 39.97
0 0 40.01
0 0 40.04
0 0 40.07
0 0 40.11
0 0 40.14
0 0 40.17
0 0 40.21
0 0 40.24
0 0 40.27
0 0 40.31
0 0 40.34
0 0 40.37
0 0 40.41
0 0 40.44
0 0 40.47
0 0 40.51
0 0 40.54
0 0 40.57
0 0 40.61
0 0 40.64
0 0 40.67
0 0 40.71
0 0 40.74
0 0 40.77
0 0 40.81
0 0 40.84
0 0 40.87
0 0 40.91
0 0 40.94
0 0 40.97
0 0 41.01
0 0 41.04
0 0 41.07
0 0 41.11
0 0 41.14
0.349 0.089 41.18
0.336 0.016 41.21
0.331 0.012 41.24
0 0 41.27
0.334 0.022 41.31
0.34 0.012 41.34
0 0 41.37
0.359 0.026 41.41
0.366 0.011 41.44
0 0 41.47
0 0 41.51
0 0 41.54
0.35 0.021 41.58
0.336 0.014 41.61
0.322 0.015 41.64
0.308 0.015 41.68
0.296 0.012 41.71
0.287 0.01 41.74
0.283 0.005 41.77
0.284 0.002 41.81
0.29 0.006 41.84
0.3 0.01 41.87
0.312 0.013 41.91
0.328 0.019 41.94
0.347 0.023 41.98
0 0 42.01
0.389 0.051 42.04
0.416 0.029 42.08
0.446 0.033 42.11
0 0 42.14
0 0 42.17
0 0 42.21
0 0 42.24
0 0 42.27
0 0 42.31
0 0 42.34
0 0 42.37
0 0 42.41
0 0 42.44
0 0 42.47
0 0 42.51
0 0 42.54
0 0 42.57
0 0 42.6
0 0 42.64
0 0 42.67
0 0 42.71
0 0 42.74
0 0 42.77
0 0 42.8
0 0 42.84
0 0 42.87
0 0 42.91
0 0 42.94
0 0 42.97
0 0 43.01
0 0 43.04
0 0 43.07
0 0 43.11
0 0 43.14
0 0 43.17
0 0 43.21
0 0 43.24
0 0 43.27
0 0 43.31
0 0 43.34
0 0 43.37
0 0 43.41
0 0 43.44
0 0 43.47
0 0 43.51
0 0 43.54
0 0 43.57
0 0 43.61
0 0 43.64
0 0 43.67
0 0 43.71
0 0 43.74
0 0 43.77
0 0 43.81
0 0 43.84
0 0 43.87
0 0 43.91
0 0 43.94
0 0 43.97
0 0 44.01
0 0 44.04
0 0 44.07
0 0 44.11
0 0 44.14
0 0 44.17
0 0 44.21
0 0 44.24
0 0 44.27
0 0 44.31
0 0 44.34
0 0 44.37
0 0 44.41
0 0 44.44
0 0 44.47
0 0 44.51
0 0 44.54
0 0 44.57
0 0 44.61
0 0 44.64
0 0 44.67
0 0 44.71
0 0 44.74
0 0 44.77
0 0 44.81
0 0 44.84
0 0 44.87
0 0 44.91
0 0 44.94
0 0 44.97
0 0 45.01
0 0 45.04
0 0 45.07
0 0 45.11
0 0 45.14
0 0 45.17
0 0 45.21
0 0 45.24
0 0 45.27
0 0 45.31
0 0 45.34
0 0 45.37
0 0 45.4
0 0 45.44
0 0 45.47
0 0 45.51
0 0 45.54
0 0 45.57
0 0 45.61
0 0 45.64
0 0 45.67
0.46 0.127 45.71
0.448 0.016 45.74
0 0 45.77
0.438 0.017 45.81
0.437 0.001 45.84
0.44 0.003 45.87
0 0 45.91
0.458 0.016 45.94
0 0 45.97
0.472 0.012 46.01
0 0 46.04
0.464 0.009 46.07
0.456 0.01 46.11
0.445 0.011 46.14
0.434 0.011 46.18
0.426 0.008 46.21
0.422 0.006 46.24
0.418 0.006 46.27
0.414 0.009 46.31
0.409 0.012 46.34
0.4 0.015 46.37
0.388 0.016 46.41
0.377 0.018 46.44
0.365 0.017 46.47
0.356 0.015 46.51
0.351 0.013 46.54
0.348 0.011 46.58
0.348 0.009 46.61
0.349 0.007 46.64
0.353 0.008 46.68
0.354 0.005 46.71
0.356 0.004 46.74
0.356 0.004 46.77
0.355 0.004 46.81
0.354 0.005 46.84
0.351 0.004 46.88
0.348 0.005 46.91
0.346 0.004 46.94
0.343 0.004 46.98
0.341 0.003 47.01
0.337 0.009 47.04
0.333 0.016 47.07
0.331 0.024 47.11
0.333 0.033 47.14
0 0 47.17
0 0 47.21
0 0 47.24
0.432 0.146 47.28
0.468 0.037 47.31
0.503 0.036 47.34
0 0 47.37
0 0 47.41
0 0 47.44
0 0 47.47
0 0 47.51
0 0 47.54
0 0 47.57
0 0 47.61
0 0 47.64
0 0 47.67
0 0 47.7
0 0 47.74
0 0 47.77
0 0 47.8
0 0 47.84
0 0 47.87
0 0 47.91
0 0 47.94
0.618 0.122 47.97
0 0 48.01
0 0 48.04
0 0 48.07
0 0 48.11
0 0 48.14
0 0 48.17
0 0 48.21
0 0 48.24
0 0 48.27
0 0 48.3
0 0 48.34
0 0 48.37
0 0 48.41
0 0 48.44
0 0 48.47
0 0 48.51
0 0 48.54
0 0 48.57
0 0 48.61
0 0 48.64
0.579 0.061 48.67
0 0 48.71
0.572 0.009 48.74
0.565 0.01 48.77
0 0 48.8
0 0 48.84
0.569 0.014 48.87
0.569 0.008 48.91
0 0 48.94
0 0 48.97
0 0 49.01
0.53 0.04 49.04
0.514 0.017 49.07
0.497 0.019 49.11
0 0 49.14
0.458 0.045 49.17
0.441 0.022 49.21
0.421 0.023 49.24
0 0 49.27
0.392 0.04 49.31
0.384 0.015 49.34
0.38 0.011 49.37
0.379 0.008 49.41
0.38 0.007 49.44
0 0 49.47
0.377 0.01 49.51
0.372 0.006 49.54
0.365 0.007 49.57
0.361 0.006 49.61
0.357 0.006 49.64
0.356 0.004 49.67
0.356 0.002 49.71
0.357 0.002 49.74
0.357 0.001 49.77
0.357 0.001 49.81
0.357 0.001 49.84
0.356 0.002 49.87
0.355 0.002 49.91
0.354 0.002 49.94
0.352 0.002 49.97
0.349 0.002 50.01
0.348 0.002 50.04
0.348 0.001 50.07
0.348 0.001 50.11
0.349 0.003 50.14
0.351 0.003 50.17
0.352 0.005 50.21
0.355 0.009 50.24
0.358 0.013 50.27
0.367 0.019 50.31
0.376 0.023 50.34
0.39 0.027 50.37
0.413 0.032 50.41
0.44 0.034 50.44
0 0 50.47
0.502 0.074 50.51
0 0 50.54
0 0 50.57
0 0 50.6
0 0 50.64
0 0 50.67
0 0 50.7
0 0 50.74
0 0 50.77
0 0 50.8
0 0 50.84
0 0 50.87
0 0 50.9
0 0 50.94
0 0 50.97
0 0 51.01
0 0 51.04
0 0 51.07
0 0 51.1
0 0 51.14
0 0 51.17
0 0 51.2
0 0 51.24
0 0 51.27
0 0 51.3
0 0 51.34
0 0 51.37
0 0 51.4
0 0 51.44
0 0 51.47
0 0 51.51
0 0 51.54
0 0 51.57
0 0 51.6
0 0 51.64
0 0 51.67
0 0 51.7
0 0 51.74
0 0 51.77
0 0 51.8
0.593 0.1 51.84
0 0 51.87
0 0 51.9
0 0 51.94
0 0 51.97
0 0 52.01
0 0 52.04
0.45 0.149 52.07
0.422 0.03 52.11
0.394 0.03 52.14
0.374 0.026 52.17
0.358 0.023 52.21
0.35 0.019 52.24
0.347 0.017 52.27
0.348 0.014 52.31
0.349 0.013 52.34
0.349 0.01 52.37
0.348 0.008 52.41
0.347 0.007 52.44
0.345 0.006 52.47
0.346 0.007 52.51
0.345 0.003 52.54
0.347 0.003 52.57
0.346 0.003 52.61
0.348 0.004 52.64
0.347 0.001 52.67
0.346 0.001 52.71
0.347 0.001 52.74
0.348 0.001 52.77
0.348 0.003 52.81
0 0 52.84
0.347 0.018 52.87
0.351 0.016 52.91
0.36 0.02 52.94
0.375 0.026 52.97
0.388 0.03 53.01
0.412 0.033 53.04
0.442 0.035 53.07
0.471 0.035 53.11
0.5 0.034 53.14
0.528 0.031 53.18
0 0 53.2
0 0 53.24
0 0 53.27
0 0 53.3
0 0 53.34
0 0 53.37
0 0 53.4
0 0 53.44
0 0 53.47
0 0 53.5
0 0 53.54
0 0 53.57
0 0 53.6
0 0 53.64
0 0 53.67
0 0 53.7
0 0 53.74
0 0 53.77
0 0 53.8
0 0 53.84
0 0 53.87
0 0 53.9
0 0 53.94
0 0 53.97
0 0 54.01
0 0 54.04
0 0 54.07
0 0 54.1
0 0 54.14
0 0 54.17
0 0 54.2
0 0 54.24
0 0 54.27
0 0 54.3
0 0 54.34
0 0 54.37
0 0 54.4
0 0 54.44
0 0 54.47
0 0 54.5
0 0 54.54
0 0 54.57
0 0 54.6
0 0 54.64
0 0 54.67
0 0 54.7
0 0 54.74
0 0 54.77
0 0 54.8
0 0 54.84
0 0 54.87
0 0 54.9
0 0 54.94
0 0 54.97
0 0 55.0
0 0 55.04
0 0 55.07
0 0 55.1
0 0 55.14
0 0 55.17
0 0 55.2
0 0 55.24
0 0 55.27
0 0 55.3
0 0 55.34
0 0 55.37
0 0 55.4
0 0 55.44
0 0 55.47
0 0 55.5
0 0 55.54
0 0 55.57
0 0 55.6
0 0 55.64
0 0 55.67
0 0 55.7
0 0 55.74
0 0 55.77
0 0 55.8
0 0 55.84
0 0 55.87
0 0 55.9
0 0 55.94
0 0 55.97
0 0 56.0
0 0 56.04
0 0 56.07
0 0 56.1
0 0 56.14
0 0 56.17
0 0 56.2
0 0 56.24
0 0 56.27
0 0 56.3
0 0 56.34
0 0 56.37
0 0 56.4
0 0 56.44
0 0 56.47
0 0 56.5
0 0 56.54
0 0 56.57
0 0 56.6
0 0 56.64
0 0 56.67
0 0 56.7
0 0 56.74
0 0 56.77
0 0 56.8
0 0 56.84
0 0 56.87
0 0 56.9
0 0 56.94
0 0 56.97
0 0 57.01
0 0 57.04
0 0 57.07
0 0 57.1
0 0 57.14
0 0 57.17
0 0 57.2
0 0 57.24
0 0 57.27
0 0 57.3
0 0 57.34
0 0 57.37
0 0 57.4
0 0 57.44
0 0 57.47
0 0 57.5
0 0 57.54
0 0 57.57
0 0 57.6
0 0 57.64
0 0 57.67
0 0 57.7
0 0 57.74
0 0 57.77
0 0 57.8
0 0 57.84
0 0 57.87
0 0 57.9
0 0 57.94
0 0 57.97
0 0 58.0
0 0 58.04
0 0 58.07
0 0 58.1
0 0 58.14
0 0 58.17
0 0 58.2
0 0 58.24
0 0 58.27
0 0 58.3
0 0 58.34
0 0 58.37
0 0 58.4
0 0 58.44
0 0 58.47
0 0 58.5
0 0 58.54
0 0 58.57
0 0 58.6
0 0 58.64
0 0 58.67
0 0 58.7
0 0 58.74
0 0 58.77
0 0 58.8
0 0 58.84
0 0 58.87
0 0 58.9
0 0 58.94
0 0 58.97
0 0 59.0
0 0 59.04
0 0 59.07
0 0 59.1
0 0 59.14
0 0 59.17
0 0 59.2
0 0 59.24
0 0 59.27
0 0 59.3
0 0 59.34
0 0 59.37
0 0 59.4
0 0 59.44
0 0 59.47
0 0 59.51
0 0 59.54
0 0 59.57
0 0 59.6
0 0 59.64
0 0 59.67
0 0 59.7
0 0 59.74
0 0 59.77
0 0 59.8
0 0 59.84
0 0 59.87
0 0 59.9
0 0 59.94
0 0 59.97
0 0 60.01
0 0 60.04
0 0 60.07
0 0 60.1
0 0 60.14
0 0 60.17
0 0 60.2
0 0 60.24
0 0 60.27
0 0 60.3
0 0 60.34
0 0 60.37
0 0 60.4
0 0 60.44
0 0 60.47
0 0 60.5
0 0 60.54
0 0 60.57
0 0 60.6
0 0 60.63
0 0 60.67
0 0 60.7
0 0 60.73
0 0 60.77
0 0 60.8
0 0 60.84
0 0 60.87
0 0 60.9
0 0 60.94
0 0 60.97
0 0 61.0
0 0 61.03
0 0 61.07
0 0 61.1
0 0 61.13
0 0 61.17
0 0 61.2
0 0 61.24
0 0 61.27
0 0 61.3
0 0 61.34
0 0 61.37
0 0 61.4
0 0 61.44
0 0 61.47
0 0 61.5
0 0 61.53
0 0 61.57
0 0 61.6
0 0 61.64
0 0 61.67
0 0 61.7
0 0 61.73
0 0 61.77
0 0 61.8
0 0 61.84
0 0 61.87
0 0 61.9
0 0 61.93
0 0 61.97
0 0 62.0
0 0 62.04
0 0 62.07
0 0 62.1
0 0 62.13
0 0 62.17
0 0 62.2
0 0 62.24
0 0 62.27
0 0 62.3
0 0 62.34
0 0 62.37
0 0 62.4
0 0 62.43
0 0 62.47
0 0 62.5
0 0 62.54
0 0 62.57
0 0 62.6
0 0 62.64
0 0 62.67
0 0 62.7
0 0 62.73
0 0 62.77
0 0 62.8
0 0 62.84
0 0 62.87
0 0 62.9
0 0 62.93
0 0 62.97
0 0 63.0
0 0 63.03
0 0 63.07
0 0 63.1
0 0 63.13
0 0 63.17
0 0 63.2
0 0 63.24
0 0 63.27
0 0 63.3
0 0 63.34
0 0 63.37
0 0 63.4
0 0 63.43
0 0 63.47
0 0 63.5
0 0 63.53
0 0 63.57
0 0 63.6
0 0 63.63
0 0 63.67
0 0 63.7
0 0 63.74
0 0 63.77
0 0 63.8
0 0 63.84
0 0 63.87
0 0 63.9
0 0 63.93
0 0 63.97
0 0 64.0
0 0 64.03
0 0 64.07
0 0 64.1
0 0 64.13
0 0 64.17
0 0 64.2
0 0 64.24
0 0 64.27
0 0 64.3
0 0 64.34
0 0 64.37
0 0 64.4
0 0 64.43
0 0 64.47
0 0 64.5
0 0 64.54
0 0 64.57
0 0 64.6
0 0 64.63
0 0 64.67
0 0 64.7
0 0 64.73
0 0 64.77
0 0 64.8
0 0 64.84
0 0 64.87
0 0 64.9
0 0 64.94
0 0 64.97
0 0 65.0
0 0 65.04
0 0 65.07
0 0 65.1
0 0 65.14
0 0 65.17
0 0 65.2
0 0 65.24
0 0 65.27
0 0 65.3
0 0 65.34
0 0 65.37
0 0 65.4
0 0 65.43
0 0 65.47
0 0 65.5
0 0 65.53
0 0 65.57
0 0 65.6
0 0 65.63
0 0 65.67
0 0 65.7
0 0 65.73
0 0 65.77
0 0 65.8
0 0 65.84
0 0 65.87
0 0 65.9
0 0 65.93
0 0 65.97
0 0 66.0
0 0 66.03
0 0 66.07
0 0 66.1
0 0 66.13
0 0 66.17
0 0 66.2
0 0 66.23
0 0 66.27
0 0 66.3
0 0 66.34
0 0 66.37
0 0 66.4
0 0 66.43
0 0 66.47
0 0 66.5
0 0 66.53
0 0 66.57
0 0 66.6
0 0 66.63
0 0 66.67
0 0 66.7
0 0 66.73
0 0 66.77
0 0 66.8
0 0 66.84
0 0 66.87
0 0 66.9
0 0 66.93
0 0 66.97
0 0 67.0
0.506 0.039 67.04
0.48 0.028 67.07
0.454 0.027 67.1
0.439 0.025 67.14
0.415 0.031 67.17
0.398 0.02 67.2
0.387 0.017 67.24
0.379 0.014 67.27
0.372 0.012 67.3
0.366 0.011 67.34
0.362 0.01 67.37
0.357 0.009 67.4
0.353 0.008 67.44
0.351 0.008 67.47
0.348 0.007 67.5
0.347 0.006 67.54
0.347 0.005 67.57
0.349 0.006 67.6
0.35 0.004 67.64
0.352 0.003 67.67
0.354 0.003 67.7
0.356 0.003 67.74
0.357 0.001 67.77
0.357 0.002 67.8
0.358 0.001 67.84
0.357 0.001 67.87
0.356 0.001 67.9
0.354 0.002 67.94
0.352 0.005 67.97
0.35 0.003 68.01
0.348 0.002 68.04
0.347 0.003 68.07
0.348 0.008 68.1
0.346 0.004 68.14
0.346 0.001 68.17
0.346 0.005 68.2
0.344 0.004 68.24
0.344 0.001 68.27
0.344 0.002 68.3
0.345 0.006 68.34
0.344 0.005 68.37
0.343 0.005 68.4
0.342 0.008 68.44
0.342 0.012 68.47
0.347 0.023 68.5
0.351 0.021 68.54
0.368 0.033 68.57
0.386 0.029 68.61
0 0 68.64
0.444 0.068 68.67
0.478 0.035 68.7
0.516 0.039 68.73
0.551 0.036 68.77
0 0 68.8
0 0 68.84
0 0 68.87
0 0 68.9
0 0 68.93
0 0 68.97
0 0 69.0
0 0 69.03
0 0 69.07
0 0 69.1
0 0 69.13
0 0 69.17
0 0 69.2
0 0 69.23
0 0 69.27
0 0 69.3
0 0 69.34
0 0 69.37
0 0 69.4
0 0 69.43
0 0 69.47
0 0 69.5
0 0 69.53
0 0 69.57
0 0 69.6
0 0 69.63
0 0 69.67
0 0 69.7
0 0 69.73
0 0 69.77
0 0 69.8
0 0 69.84
0 0 69.87
0 0 69.9
0 0 69.93
0 0 69.97
0 0 70.0
0 0 70.03
0 0 70.07
0 0 70.1
0 0 70.13
0 0 70.17
0 0 70.2
0 0 70.23
0 0 70.27
0 0 70.3
0 0 70.34
0 0 70.37
0 0 70.4
0 0 70.43
0 0 70.47
0 0 70.5
0 0 70.54
0 0 70.57
0 0 70.6
0 0 70.63
0 0 70.67
0 0 70.7
0 0 70.73
0 0 70.77
0 0 70.8
0 0 70.83
0 0 70.87
0 0 70.9
0 0 70.93
0 0 70.97
0 0 71.0
0 0 71.03
0 0 71.07
0 0 71.1
0 0 71.13
0 0 71.17
0 0 71.2
0 0 71.24
0 0 71.27
0 0 71.3
0 0 71.34
0 0 71.37
0 0 71.4
0 0 71.43
0 0 71.47
0 0 71.5
0 0 71.53
0 0 71.57
0 0 71.6
0 0 71.63
0 0 71.67
0 0 71.7
0 0 71.74
0 0 71.77
0 0 71.8
0 0 71.83
0 0 71.87
0 0 71.9
0 0 71.93
0 0 71.97
0 0 72.0
0 0 72.03
0 0 72.07
0 0 72.1
0 0 72.13
0 0 72.17
0 0 72.2
0.512 0.079 72.24
0 0 72.27
0.501 0.013 72.3
0 0 72.34
0.484 0.019 72.37
0 0 72.4
0.463 0.024 72.43
0 0 72.47
0.44 0.027 72.5
0.429 0.013 72.54
0.419 0.013 72.57
0.41 0.012 72.6
0.403 0.01 72.64
0.396 0.01 72.67
0.391 0.009 72.7
0.386 0.008 72.74
0.382 0.007 72.77
0.379 0.006 72.8
0 0 72.84
0.376 0.009 72.87
0.375 0.003 72.9
0.375 0.003 72.94
0.377 0.003 72.97
0.376 0.002 73.0
0.379 0.003 73.04
0.379 0.001 73.07
0.378 0.001 73.1
0.377 0.002 73.14
0 0 73.17
0.374 0.003 73.2
0.373 0.002 73.24
0.372 0.002 73.27
0.372 0.001 73.3
0.37 0.001 73.34
0 0 73.37
0.371 0.005 73.4
0.368 0.002 73.44
0.368 0.002 73.47
0.367 0.002 73.5
0.365 0.002 73.54
0.365 0.001 73.57
0.366 0.003 73.6
0.364 0.004 73.64
0.366 0.007 73.67
0.367 0.008 73.7
0.372 0.012 73.74
0.374 0.014 73.77
0.384 0.018 73.8
0.396 0.02 73.84
0 0 73.87
0.428 0.045 73.9
0.448 0.024 73.93
0.46 0.023 73.97
0.48 0.023 74.0
0 0 74.03
0 0 74.07
0 0 74.1
0 0 74.13
0 0 74.17
0 0 74.2
0 0 74.23
0 0 74.27
0 0 74.3
0 0 74.33
0 0 74.37
0 0 74.4
0 0 74.43
0 0 74.47
0 0 74.5
0 0 74.53
0 0 74.57
0 0 74.6
0 0 74.63
0 0 74.67
0 0 74.7
0 0 74.73
0 0 74.77
0 0 74.8
0 0 74.83
0 0 74.87
0 0 74.9
0 0 74.93
0 0 74.97
0 0 75.0
0 0 75.03
0 0 75.07
0 0 75.1
0 0 75.13
0 0 75.17
0 0 75.2
0 0 75.23
0 0 75.27
0 0 75.3
0 0 75.33
0 0 75.37
0 0 75.4
0 0 75.43
0 0 75.47
0 0 75.5
0 0 75.53
0 0 75.57
0 0 75.6
0 0 75.63
0 0 75.67
0 0 75.7
0 0 75.73
0 0 75.77
0 0 75.8
0 0 75.83
0 0 75.87
0 0 75.9
0 0 75.93
0 0 75.97
0 0 76.0
0 0 76.03
0 0 76.07
0 0 76.1
0 0 76.13
0 0 76.17
0 0 76.2
0 0 76.23
0 0 76.27
0 0 76.3
0 0 76.33
0 0 76.37
0 0 76.4
0 0 76.43
0 0 76.47
0 0 76.5
0 0 76.53
0 0 76.57
0 0 76.6
0 0 76.63
0 0 76.67
0 0 76.7
0 0 76.73
0 0 76.77
0 0 76.8
0 0 76.83
0 0 76.87
0 0 76.9
0 0 76.93
0 0 76.97
0 0 77.0
0 0 77.03
0 0 77.07
0 0 77.1
0 0 77.13
0 0 77.17
0 0 77.2
0 0 77.23
0 0 77.27
0 0 77.3
0 0 77.34
0 0 77.37
0 0 77.4
0 0 77.43
0 0 77.47
0 0 77.5
0 0 77.53
0 0 77.57
0 0 77.6
0 0 77.63
0 0 77.67
0 0 77.7
0 0 77.74
0 0 77.77
0 0 77.8
0 0 77.84
0 0 77.87
0 0 77.9
0 0 77.93
0 0 77.97
0 0 78.0
0 0 78.03
0 0 78.06
0 0 78.1
0 0 78.13
0 0 78.17
0 0 78.2
0 0 78.23
0 0 78.27
0 0 78.3
0 0 78.33
0 0 78.37
0 0 78.4
0 0 78.43
0 0 78.47
0 0 78.5
0 0 78.53
0 0 78.57
0 0 78.6
0 0 78.63
0 0 78.67
0 0 78.7
0 0 78.73
0 0 78.77
0 0 78.8
0 0 78.83
0 0 78.87
0 0 78.9
0 0 78.93
0 0 78.97
0 0 79.0
0 0 79.03
0 0 79.07
0 0 79.1
0 0 79.13
0 0 79.17
0 0 79.2
0 0 79.23
0 0 79.27
0 0 79.3
0 0 79.33
0 0 79.37
0 0 79.4
0 0 79.43
0 0 79.47
0 0 79.5
0 0 79.53
0 0 79.57
0 0 79.6
0 0 79.63
0 0 79.67
0 0 79.7
0 0 79.73
0 0 79.77
0 0 79.8
0 0 79.83
0 0 79.87
0 0 79.9
0 0 79.93
0 0 79.97
0 0 80.0
0 0 80.03
0 0 80.07
0 0 80.1
0 0 80.13
0 0 80.17
0 0 80.2
0 0 80.23
0 0 80.27
0 0 80.3
0 0 80.33
0 0 80.36
0 0 80.4
0 0 80.43
0 0 80.47
0 0 80.5
0 0 80.53
0 0 80.57
0 0 80.6
0 0 80.63
0 0 80.67
0 0 80.7
0 0 80.73
0 0 80.76
0 0 80.8
0 0 80.83
0 0 80.87
0 0 80.9
0 0 80.93
0 0 80.97
0 0 81.0
0 0 81.03
0 0 81.07
0 0 81.1
0 0 81.13
0 0 81.17
0 0 81.2
0 0 81.23
0 0 81.26
0 0 81.3
0 0 81.33
0 0 81.37
0 0 81.4
0 0 81.43
0 0 81.47
0 0 81.5
0 0 81.53
0 0 81.57
0 0 81.6
0 0 81.63
0 0 81.67
0 0 81.7
0 0 81.73
0 0 81.77
0 0 81.8
0 0 81.83
0 0 81.86
0 0 81.9
0 0 81.93
0 0 81.96
0 0 82.0
0 0 82.03
0 0 82.06
0 0 82.1
0 0 82.13
0 0 82.17
0 0 82.2
0 0 82.23
0 0 82.26
0 0 82.3
0 0 82.33
0 0 82.36
0 0 82.4
0 0 82.43
0 0 82.46
0 0 82.5
0 0 82.53
0 0 82.57
0 0 82.6
0 0 82.63
0 0 82.67
0 0 82.7
0 0 82.73
0 0 82.76
0 0 82.8
0 0 82.83
0 0 82.86
0 0 82.9
0 0 82.93
0 0 82.96
0 0 83.0
0 0 83.03
0 0 83.06
0 0 83.1
0 0 83.13
0 0 83.17
0 0 83.2
0 0 83.23
0 0 83.26
0 0 83.3
0 0 83.33
0 0 83.36
0 0 83.4
0 0 83.43
0 0 83.46
0 0 83.5
0 0 83.53
0 0 83.56
0 0 83.6
0 0 83.63
0 0 83.67
0 0 83.7
0 0 83.73
0 0 83.76
0 0 83.8
0 0 83.83
0 0 83.86
0 0 83.9
0 0 83.93
0 0 83.96
0 0 84.0
0 0 84.03
0 0 84.06
0 0 84.1
0 0 84.13
0 0 84.17
0 0 84.2
0 0 84.23
0 0 84.26
0 0 84.3
0 0 84.33
0 0 84.36
0 0 84.4
0 0 84.43
0 0 84.46
0 0 84.5
0 0 84.53
0 0 84.56
0 0 84.6
0 0 84.63
0 0 84.67
0 0 84.7
0 0 84.73
0 0 84.76
0 0 84.8
0 0 84.83
0 0 84.86
0 0 84.9
0 0 84.93
0 0 84.96
0 0 85.0
0 0 85.03
0 0 85.06
0 0 85.1
0 0 85.13
0 0 85.17
0 0 85.2
0 0 85.23
0 0 85.26
0 0 85.3
0 0 85.33
0 0 85.36
0 0 85.4
0 0 85.43
0 0 85.46
0 0 85.5
0 0 85.53
0 0 85.57
0 0 85.6
0 0 85.63
0 0 85.67
0 0 85.7
0 0 85.73
0 0 85.77
0 0 85.8
0 0 85.83
0 0 85.87
0 0 85.9
0 0 85.93
0 0 85.97
0 0 86.0
0 0 86.03
0 0 86.06
0 0 86.1
0 0 86.13
0 0 86.17
0 0 86.2
0 0 86.23
0 0 86.26
0 0 86.3
0 0 86.33
0 0 86.36
0 0 86.4
0 0 86.43
0 0 86.46
0 0 86.5
0 0 86.53
0 0 86.56
0 0 86.6
0 0 86.63
0 0 86.67
0 0 86.7
0 0 86.73
0 0 86.76
0 0 86.8
0 0 86.83
0 0 86.86
0 0 86.9
0 0 86.93
0 0 86.96
0 0 87.0
0 0 87.03
0 0 87.06
0 0 87.1
0 0 87.13
0 0 87.16
0 0 87.2
0 0 87.23
0 0 87.26
0 0 87.3
0 0 87.33
0 0 87.36
0 0 87.4
0 0 87.43
0 0 87.46
0 0 87.5
0 0 87.53
0 0 87.56
0 0 87.6
0 0 87.63
0 0 87.67
0 0 87.7
0 0 87.73
0 0 87.76
0 0 87.8
0 0 87.83
0 0 87.86
0 0 87.9
0 0 87.93
0 0 87.96
0 0 88.0
0 0 88.03
0 0 88.06
0 0 88.1
0 0 88.13
0 0 88.17
0 0 88.2
0 0 88.23
0 0 88.26
0 0 88.3
0 0 88.33
0 0 88.36
0 0 88.4
0 0 88.43
0 0 88.46
0 0 88.5
0 0 88.53
0 0 88.56
0 0 88.6
0 0 88.63
0 0 88.67
0 0 88.7
0 0 88.73
0 0 88.76
0 0 88.8
0 0 88.83
0 0 88.86
0 0 88.9
0 0 88.93
0 0 88.96
0 0 89.0
0 0 89.03
0 0 89.07
0 0 89.1
0 0 89.13
0 0 89.16
0 0 89.2
0 0 89.23
0 0 89.26
0 0 89.3
0 0 89.33
0 0 89.36
0 0 89.4
0 0 89.43
0 0 89.46
0 0 89.5
0 0 89.53
0 0 89.56
0 0 89.6
0 0 89.63
0 0 89.67
0 0 89.7
0 0 89.73
0 0 89.76
0 0 89.8
0.508 0.081 89.83
0.478 0.032 89.87
0.456 0.028 89.9
0.434 0.024 89.93
0.418 0.018 89.97
0.408 0.013 90.0
0.402 0.008 90.03
0.399 0.004 90.07
0.4 0.001 90.1
0.4 0.001 90.13
0.4 0.003 90.17
0.401 0.001 90.2
0.401 0.0 90.23
0.402 0.002 90.27
0.401 0.001 90.3
0.402 0.002 90.33
0.404 0.003 90.37
0.404 0.002 90.4
0.406 0.001 90.43
0.406 0.001 90.47
0.407 0.001 90.5
0.409 0.001 90.53
0.41 0.001 90.57
0.41 0.001 90.6
0.411 0.001 90.63
0.413 0.002 90.67
0.416 0.003 90.7
0.419 0.003 90.73
0.423 0.005 90.77
0.427 0.005 90.8
0.427 0.002 90.83
0.426 0.003 90.86
0.42 0.007 90.9
0.41 0.011 90.93
0.399 0.012 90.96
0.39 0.014 91.0
0.376 0.02 91.03
0.365 0.016 91.07
0.356 0.02 91.1
0.351 0.015 91.13
0.348 0.013 91.17
0.345 0.011 91.2
0.343 0.009 91.23
0.343 0.009 91.27
0.342 0.006 91.3
0.342 0.005 91.33
0.344 0.005 91.37
0.346 0.005 91.4
0.347 0.002 91.43
0.346 0.002 91.47
0.346 0.001 91.5
0.345 0.002 91.53
0.346 0.002 91.57
0.346 0.001 91.6
0.345 0.001 91.63
0.345 0.005 91.67
0.342 0.005 91.7
0.338 0.004 91.73
0.335 0.004 91.77
0.332 0.003 91.8
0.329 0.004 91.84
0.327 0.004 91.87
0.323 0.005 91.9
0.321 0.003 91.93
0.32 0.002 91.97
0.319 0.001 92.0
0.319 0.002 92.03
0.319 0.001 92.07
0.319 0.001 92.1
0.32 0.001 92.13
0.321 0.003 92.17
0.322 0.002 92.2
0.323 0.002 92.23
0.324 0.001 92.27
0.323 0.002 92.3
0.322 0.003 92.33
0.319 0.003 92.37
0.318 0.004 92.4
0.316 0.002 92.43
0.316 0.001 92.47
0.317 0.003 92.5
0.314 0.001 92.53
0.313 0.002 92.57
0.312 0.004 92.6
0.31 0.006 92.63
0.308 0.009 92.67
0.307 0.013 92.7
0.31 0.018 92.73
0.314 0.026 92.77
0.33 0.031 92.8
0 0 92.83
0 0 92.86
0.415 0.115 92.9
0 0 92.93
0 0 92.96
0 0 93.0
0 0 93.03
0 0 93.06
0 0 93.1
0 0 93.13
0 0 93.16
0 0 93.2
0 0 93.23
0 0 93.26
0 0 93.3
0 0 93.33
0 0 93.36
0 0 93.4
0 0 93.43
0 0 93.46
0 0 93.5
0 0 93.53
0 0 93.56
0 0 93.6
0 0 93.63
0 0 93.67
0 0 93.7
0 0 93.73
0 0 93.76
0 0 93.8
0 0 93.83
0 0 93.86
0 0 93.9
0 0 93.93
0 0 93.96
0 0 94.0
0 0 94.03
0 0 94.06
0 0 94.1
0 0 94.13
0 0 94.16
0 0 94.2
0 0 94.23
0 0 94.26
0 0 94.3
0 0 94.33
0 0 94.36
0 0 94.4
0 0 94.43
0 0 94.46
0 0 94.5
0 0 94.53
0 0 94.56
0 0 94.6
0 0 94.63
0 0 94.66
0 0 94.7
0 0 94.73
0 0 94.76
0 0 94.8
0 0 94.83
0 0 94.86
0 0 94.9
0 0 94.93
0 0 94.96
0 0 95.0
0 0 95.03
0 0 95.06
0 0 95.1
0 0 95.13
0 0 95.16
0 0 95.2
0 0 95.23
0 0 95.26
0 0 95.29
0 0 95.33
0 0 95.36
0 0 95.4
0 0 95.43
0 0 95.46
0 0 95.5
0 0 95.53
0 0 95.56
0 0 95.6
0 0 95.63
0 0 95.66
0 0 95.7
0 0 95.73
0 0 95.76
0 0 95.8
0 0 95.83
0 0 95.86
0 0 95.9
0 0 95.93
0 0 95.96
0 0 96.0
0 0 96.03
0 0 96.06
0 0 96.1
0 0 96.13
0 0 96.16
0 0 96.2
0 0 96.23
0 0 96.26
0 0 96.3
0 0 96.33
0 0 96.36
0 0 96.4
0 0 96.43
0 0 96.46
0 0 96.5
0 0 96.53
0 0 96.56
0 0 96.6
0 0 96.63
0 0 96.66
0 0 96.7
0 0 96.73
0 0 96.76
0 0 96.8
0 0 96.83
0 0 96.86
0 0 96.9
0 0 96.93
0 0 96.96
0 0 97.0
0 0 97.03
0 0 97.06
0 0 97.1
0 0 97.13
0 0 97.16
0 0 97.19
0 0 97.23
0 0 97.26
0 0 97.29
0 0 97.33
0 0 97.36
0 0 97.4
0 0 97.43
0 0 97.46
0 0 97.5
0 0 97.53
0 0 97.56
0 0 97.6
0 0 97.63
0 0 97.66
0 0 97.7
0 0 97.73
0 0 97.76
0 0 97.8
0 0 97.83
0 0 97.86
0 0 97.9
0 0 97.93
0 0 97.96
0 0 98.0
0 0 98.03
0 0 98.06
0 0 98.09
0 0 98.13
0 0 98.16
0 0 98.2
0 0 98.23
0 0 98.26
0 0 98.29
0 0 98.33
0 0 98.36
0 0 98.39
0 0 98.43
0 0 98.46
0 0 98.5
0 0 98.53
0 0 98.57
0 0 98.6
0 0 98.63
0 0 98.67
0 0 98.7
0 0 98.73
0 0 98.76
0 0 98.79
0 0 98.83
0 0 98.86
0 0 98.89
0 0 98.93
0 0 98.96
0 0 99.0
0 0 99.03
0 0 99.06
0 0 99.09
0 0 99.13
0 0 99.16
0 0 99.19
0 0 99.23
0 0 99.26
0 0 99.3
0 0 99.33
0 0 99.36
0 0 99.39
0 0 99.43
0 0 99.46
0 0 99.5
0 0 99.53
0 0 99.56
0 0 99.59
0 0 99.63
0 0 99.66
0 0 99.69
0 0 99.73
0 0 99.76
0 0 99.79
0 0 99.83
0 0 99.86
0 0 99.9
0 0 99.93
0 0 99.96
0 0 100.0
0 0 100.03
0 0 100.06
0 0 100.1
0 0 100.13
0 0 100.16
0 0 100.19
0 0 100.23
0 0 100.26
0 0 100.3
0 0 100.33
0 0 100.36
0 0 100.4
0 0 100.43
0 0 100.46
0 0 100.5
0 0 100.53
0 0 100.56
0 0 100.6
0 0 100.63
0 0 100.66
0 0 100.7
0 0 100.73
0 0 100.76
0 0 100.8
0 0 100.83
0 0 100.86
0 0 100.9
0 0 100.93
0 0 100.96
0 0 101.0
0 0 101.03
0 0 101.06
0 0 101.1
0 0 101.13
0 0 101.17
0 0 101.2
0 0 101.23
0 0 101.26
0 0 101.3
0 0 101.33
0 0 101.36
0 0 101.39
0 0 101.43
0 0 101.46
0 0 101.5
0 0 101.53
0 0 101.56
0 0 101.59
0 0 101.63
0 0 101.66
0 0 101.7
0 0 101.73
0 0 101.76
0 0 101.79
0 0 101.83
0 0 101.86
0 0 101.9
0 0 101.93
0 0 101.96
0 0 102.0
0 0 102.03
0 0 102.06
0 0 102.09
0 0 102.13
0 0 102.16
0 0 102.2
0 0 102.23
0 0 102.26
0 0 102.3
0 0 102.33
0 0 102.36
0 0 102.39
0 0 102.43
0 0 102.46
0 0 102.5
0 0 102.53
0 0 102.56
0 0 102.59
0 0 102.63
0 0 102.66
0 0 102.69
0 0 102.73
0 0 102.76
0 0 102.8
0 0 102.83
0 0 102.86
0 0 102.9
0 0 102.93
0 0 102.96
0 0 103.0
0 0 103.03
0 0 103.06
0 0 103.1
0 0 103.13
0 0 103.16
0 0 103.2
0 0 103.23
0 0 103.26
0 0 103.3
0 0 103.33
0 0 103.36
0 0 103.4
0 0 103.43
0 0 103.46
0 0 103.5
0 0 103.53
0 0 103.56
0 0 103.6
0 0 103.63
0 0 103.66
0 0 103.69
0 0 103.73
0 0 103.76
0 0 103.79
0 0 103.83
0 0 103.86
0 0 103.9
0 0 103.93
0 0 103.96
0 0 104.0
0 0 104.03
0 0 104.06
0 0 104.1
0 0 104.13
0 0 104.16
0 0 104.19
0 0 104.23
0 0 104.26
0 0 104.29
0 0 104.33
0 0 104.36
0 0 104.4
0 0 104.43
0 0 104.46
0 0 104.5
0 0 104.53
0 0 104.56
0 0 104.6
0 0 104.63
0 0 104.66
0 0 104.69
0 0 104.73
0 0 104.76
0 0 104.79
0 0 104.83
0 0 104.86
0 0 104.89
0 0 104.93
0 0 104.96
0 0 105.0
0 0 105.03
0 0 105.06
0 0 105.09
0 0 105.13
0 0 105.16
0 0 105.19
0 0 105.23
0 0 105.26
0 0 105.29
0 0 105.33
0 0 105.36
0 0 105.39
0 0 105.43
0 0 105.46
0 0 105.5
0 0 105.53
0 0 105.56
0 0 105.59
0 0 105.63
0 0 105.66
0 0 105.69
0 0 105.73
0 0 105.76
0 0 105.79
0 0 105.83
0 0 105.86
0 0 105.9
0 0 105.93
0 0 105.96
0 0 106.0
0 0 106.03
0 0 106.06
0 0 106.09
0 0 106.13
0 0 106.16
0 0 106.19
0 0 106.23
0 0 106.26
0 0 106.29
0 0 106.33
0 0 106.36
0 0 106.39
0 0 106.43
0 0 106.46
0 0 106.5
0 0 106.53
0 0 106.56
0 0 106.59
0 0 106.63
0 0 106.66
0 0 106.69
0 0 106.73
0 0 106.76
0 0 106.8
0 0 106.83
0 0 106.86
0 0 106.9
0 0 106.93
0 0 106.96
0 0 107.0
0 0 107.03
0 0 107.06
0 0 107.09
0 0 107.13
0 0 107.16
0 0 107.19
0 0 107.23
0 0 107.26
0 0 107.29
0 0 107.33
0 0 107.36
0 0 107.39
0 0 107.43
0 0 107.46
0 0 107.5
0 0 107.53
0 0 107.56
0 0 107.59
0 0 107.63
0 0 107.66
0 0 107.69
0 0 107.73
0 0 107.76
0 0 107.79
0 0 107.83
0 0 107.86
0 0 107.9
0 0 107.93
0 0 107.96
0 0 107.99
0 0 108.03
0 0 108.06
0 0 108.09
0 0 108.13
0 0 108.16
0 0 108.19
0 0 108.23
0 0 108.26
0 0 108.29
0 0 108.33
0 0 108.36
0 0 108.39
0 0 108.43
0 0 108.46
0 0 108.49
0 0 108.53
0 0 108.56
0 0 108.59
0 0 108.63
0 0 108.66
0 0 108.69
0 0 108.73
0 0 108.76
0 0 108.79
0 0 108.83
0 0 108.86
0 0 108.89
0 0 108.93
0 0 108.96
0 0 108.99
0 0 109.03
0 0 109.06
0 0 109.09
0 0 109.13
0 0 109.16
0 0 109.19
0 0 109.23
0 0 109.26
0 0 109.29
0 0 109.33
0 0 109.36
0 0 109.39
0 0 109.43
0 0 109.46
0 0 109.5
0 0 109.53
0 0 109.56
0 0 109.59
0 0 109.63
0 0 109.66
0 0 109.69
0 0 109.73
0 0 109.76
0 0 109.79
0 0 109.83
0 0 109.86
0 0 109.9
0 0 109.93
0 0 109.96
0.553 0.139 110.0
0 0 110.03
0 0 110.06
0.497 0.061 110.1
0.479 0.017 110.13
0.466 0.015 110.16
0.451 0.014 110.2
0.439 0.013 110.23
0.43 0.009 110.26
0.425 0.008 110.3
0.422 0.007 110.33
0.42 0.005 110.36
0.42 0.007 110.4
0.419 0.002 110.43
0.42 0.002 110.46
0.42 0.001 110.5
0.422 0.002 110.53
0.429 0.01 110.56
0.43 0.006 110.6
0.435 0.006 110.63
0.44 0.006 110.66
0.444 0.004 110.7
0.45 0.009 110.73
0.449 0.005 110.76
0.45 0.001 110.8
0.455 0.011 110.83
0.449 0.01 110.86
0.446 0.003 110.9
0.442 0.004 110.93
0.437 0.004 110.96
0.434 0.005 111.0
0.428 0.007 111.03
0.419 0.011 111.06
0.415 0.004 111.1
0.41 0.006 111.13
0.407 0.004 111.17
0.408 0.001 111.2
0.41 0.004 111.23
0.413 0.004 111.27
0.416 0.004 111.3
0.422 0.006 111.33
0.425 0.004 111.36
0.428 0.003 111.4
0.428 0.003 111.43
0.425 0.003 111.46
0.419 0.008 111.5
0.413 0.006 111.53
0.41 0.005 111.56
0.404 0.008 111.6
0.401 0.006 111.63
0.402 0.001 111.66
0.406 0.005 111.7
0.412 0.006 111.73
0.42 0.008 111.76
0.426 0.007 111.8
0.43 0.005 111.83
0.432 0.002 111.86
0.43 0.004 111.9
0.425 0.006 111.93
0.419 0.008 111.96
0.411 0.01 112.0
0.402 0.011 112.03
0.393 0.012 112.07
0.385 0.011 112.1
0.378 0.011 112.13
0.372 0.01 112.17
0.369 0.009 112.2
0.366 0.009 112.23
0.363 0.008 112.26
0.361 0.007 112.3
0.358 0.007 112.33
0.356 0.006 112.36
0.354 0.005 112.4
0.352 0.004 112.43
0.351 0.008 112.46
0.348 0.006 112.5
0.345 0.003 112.53
0.344 0.003 112.56
0.343 0.002 112.6
0.344 0.002 112.63
0.346 0.002 112.66
0.346 0.001 112.7
0.347 0.004 112.73
0.346 0.003 112.76
0.346 0.0 112.8
0.346 0.001 112.83
0.346 0.004 112.86
0.345 0.002 112.9
0.343 0.002 112.93
0.343 0.002 112.96
0.343 0.002 113.0
0.343 0.002 113.03
0.343 0.001 113.06
0.343 0.002 113.1
0.343 0.001 113.13
0.342 0.002 113.16
0.342 0.001 113.2
0.342 0.001 113.23
0.341 0.001 113.26
0.34 0.002 113.3
0.338 0.002 113.33
0.336 0.002 113.36
0.335 0.005 113.4
0.333 0.003 113.43
0.332 0.005 113.46
0.329 0.006 113.5
0.324 0.01 113.53
0.32 0.014 113.56
0.321 0.02 113.6
0.329 0.028 113.63
0.341 0.029 113.66
0.366 0.036 113.69
0.394 0.036 113.73
0.426 0.036 113.76
0.464 0.039 113.8
0.497 0.035 113.83
0.532 0.036 113.86
0 0 113.89
0 0 113.93
0 0 113.96
0 0 114.0
0 0 114.03
0 0 114.06
0 0 114.09
0 0 114.13
0 0 114.16
0 0 114.19
0 0 114.23
0 0 114.26
0 0 114.29
0 0 114.33
0 0 114.36
0 0 114.39
0 0 114.43
0 0 114.46
0 0 114.49
0 0 114.53
0 0 114.56
0 0 114.59
0 0 114.63
0 0 114.66
0 0 114.69
0 0 114.73
0 0 114.76
0 0 114.79
0 0 114.83
0 0 114.86
0 0 114.89
0 0 114.92
0 0 114.96
0 0 114.99
0 0 115.03
0 0 115.06
0 0 115.09
0 0 115.13
0 0 115.16
0 0 115.19
0 0 115.23
0 0 115.26
0 0 115.29
0 0 115.33
0 0 115.36
0 0 115.39
0 0 115.43
0 0 115.46
0 0 115.49
0 0 115.53
0 0 115.56
0 0 115.59
0 0 115.63
0 0 115.66
0 0 115.69
0 0 115.73
0 0 115.76
0 0 115.79
0 0 115.83
0 0 115.86
0.617 0.083 115.89
0 0 115.93
0 0 115.96
0 0 115.99
0 0 116.03
0 0 116.06
0.602 0.026 116.09
0 0 116.13
0 0 116.16
0.593 0.015 116.19
0 0 116.23
0.593 0.006 116.26
0 0 116.29
0 0 116.33
0 0 116.36
0 0 116.39
0 0 116.43
0 0 116.46
0 0 116.49
0 0 116.53
0 0 116.56
0 0 116.59
0 0 116.62
0 0 116.66
0 0 116.69
0 0 116.72
0 0 116.76
0 0 116.79
0 0 116.83
0 0 116.86
0 0 116.89
0 0 116.92
0 0 116.96
0 0 116.99
0 0 117.02
0 0 117.06
0 0 117.09
0 0 117.13
0 0 117.16
0 0 117.19
0 0 117.23
0 0 117.26
0 0 117.29
0 0 117.33
0 0 117.36
0 0 117.39
0 0 117.42
0 0 117.46
0 0 117.49
0 0 117.52
0 0 117.56
0 0 117.59
0 0 117.62
0 0 117.66
0 0 117.69
0 0 117.73
0 0 117.76
0 0 117.79
0 0 117.83
0 0 117.86
0.442 0.136 117.89
0.411 0.03 117.93
0.386 0.029 117.96
0.368 0.024 118.0
0.348 0.021 118.03
0.339 0.017 118.06
0.333 0.013 118.1
0.331 0.01 118.13
0.325 0.006 118.16
0.327 0.003 118.19
0.33 0.004 118.23
0.329 0.008 118.26
0.338 0.015 118.29
0.348 0.017 118.33
0.355 0.017 118.36
0.367 0.016 118.39
0.376 0.011 118.43
0.376 0.007 118.46
0.378 0.003 118.5
0.376 0.003 118.53
0.369 0.008 118.56
0.353 0.012 118.59
0.342 0.013 118.63
0.331 0.015 118.66
0.313 0.016 118.69
0.303 0.016 118.73
0.297 0.014 118.76
0.287 0.013 118.79
0.283 0.011 118.83
0.281 0.01 118.86
0.269 0.01 118.9
0.266 0.007 118.93
0.266 0.005 118.96
0.267 0.004 119.0
0.259 0.003 119.03
0.258 0.004 119.06
0.258 0.001 119.1
0.251 0.001 119.13
0.251 0.002 119.16
0.25 0.005 119.19
0.243 0.011 119.23
0.242 0.016 119.26
0.244 0.024 119.29
0.25 0.029 119.33
0 0 119.36
0 0 119.39
0.321 0.117 119.43
0.354 0.046 119.46
0 0 119.49
0 0 119.52
0 0 119.56
0 0 119.59
0 0 119.62
0 0 119.66
0 0 119.69
0 0 119.73
0 0 119.76
0 0 119.79
0 0 119.83
0 0 119.86
0 0 119.89
0 0 119.92
0 0 119.96
0 0 119.99
0 0 120.02
0 0 120.06
0 0 120.09
0 0 120.12
0 0 120.16
0 0 120.19
0 0 120.22
0 0 120.26
0 0 120.29
0 0 120.33
0 0 120.36
0 0 120.39
0 0 120.42
0 0 120.46
0 0 120.49
0 0 120.53
0 0 120.56
0 0 120.59
0 0 120.62
0 0 120.66
0 0 120.69
0 0 120.72
0 0 120.76
0 0 120.79
0 0 120.83
0 0 120.86
0 0 120.89
0 0 120.93
0 0 120.96
0 0 120.99
0 0 121.02
0 0 121.06
0 0 121.09
0 0 121.12
0 0 121.16
0 0 121.19
0 0 121.23
0 0 121.26
0 0 121.29
0 0 121.33
0 0 121.36
0 0 121.39
0 0 121.42
0 0 121.46
0 0 121.49
0 0 121.53
0 0 121.56
0 0 121.59
0 0 121.63
0 0 121.66
0 0 121.69
0 0 121.73
0 0 121.76
0 0 121.79
0 0 121.83
0 0 121.86
0 0 121.89
0 0 121.92
0 0 121.96
0 0 121.99
0 0 122.03
0 0 122.06
0 0 122.09
0 0 122.13
0 0 122.16
0 0 122.19
0 0 122.23
0 0 122.26
0 0 122.29
0 0 122.33
0 0 122.36
0 0 122.39
0 0 122.42
0 0 122.46
0 0 122.49
0 0 122.52
0 0 122.56
0 0 122.59
0 0 122.62
0 0 122.66
0 0 122.69
0 0 122.72
0 0 122.76
0 0 122.79
0 0 122.83
0 0 122.86
0 0 122.89
0 0 122.93
0 0 122.96
0 0 122.99
0 0 123.02
0 0 123.06
0 0 123.09
0 0 123.12
0 0 123.16
0 0 123.19
0 0 123.23
0 0 123.26
0 0 123.29
0 0 123.33
0 0 123.36
0 0 123.39
0 0 123.42
0 0 123.46
0 0 123.49
0 0 123.52
0 0 123.56
0 0 123.59
0 0 123.63
0 0 123.66
0 0 123.69
0 0 123.72
0 0 123.76
0 0 123.79
0 0 123.83
0 0 123.86
0 0 123.89
0 0 123.92
0 0 123.96
0 0 123.99
0 0 124.02
0 0 124.06
0 0 124.09
0 0 124.12
0 0 124.16
0 0 124.19
0 0 124.23
0 0 124.26
0 0 124.29
0 0 124.33
0 0 124.36
0 0 124.39
0 0 124.42
0 0 124.46
0 0 124.49
0 0 124.52
0 0 124.56
0 0 124.59
0 0 124.62
0 0 124.66
0 0 124.69
0 0 124.72
0 0 124.76
0 0 124.79
0 0 124.83
0 0 124.86
0 0 124.89
0 0 124.92
0 0 124.96
0 0 124.99
0 0 125.02
0 0 125.06
0 0 125.09
0 0 125.12
0 0 125.16
0 0 125.19
0 0 125.22
0 0 125.26
0 0 125.29
0 0 125.32
0 0 125.36
0 0 125.39
0 0 125.42
0 0 125.46
0 0 125.49
0 0 125.52
0 0 125.56
0 0 125.59
0 0 125.62
0 0 125.66
0 0 125.69
0 0 125.72
0 0 125.76
0 0 125.79
0 0 125.83
0 0 125.86
0 0 125.89
0 0 125.92
0 0 125.96
0 0 125.99
0 0 126.02
0 0 126.06
0 0 126.09
0 0 126.12
0 0 126.16
0 0 126.19
0 0 126.22
0 0 126.26
0 0 126.29
0 0 126.32
0 0 126.36
0 0 126.39
0 0 126.42
0 0 126.46
0 0 126.49
0 0 126.52
0 0 126.56
0 0 126.59
0 0 126.62
0 0 126.66
0 0 126.69
0 0 126.72
0 0 126.76
0 0 126.79
0 0 126.82
0 0 126.86
0 0 126.89
0 0 126.92
0 0 126.96
0 0 126.99
0 0 127.02
0 0 127.06
0 0 127.09
0 0 127.12
0 0 127.16
0 0 127.19
0 0 127.22
0 0 127.26
0 0 127.29
0 0 127.32
0 0 127.36
0 0 127.39
0 0 127.42
0 0 127.46
0 0 127.49
0 0 127.52
0 0 127.56
0 0 127.59
0 0 127.62
0 0 127.66
0 0 127.69
0 0 127.72
0 0 127.76
0 0 127.79
0 0 127.82
0 0 127.86
0 0 127.89
0 0 127.92
0 0 127.96
0 0 127.99
0 0 128.02
0 0 128.06
0 0 128.09
0 0 128.12
0 0 128.16
0 0 128.19
0 0 128.23
0 0 128.26
0 0 128.29
0 0 128.33
0 0 128.36
0 0 128.39
0 0 128.42
0 0 128.46
0 0 128.49
0 0 128.52
0 0 128.56
0 0 128.59
0 0 128.62
0 0 128.66
0 0 128.69
0 0 128.72
0 0 128.76
0 0 128.79
0 0 128.82
0 0 128.86
0 0 128.89
0 0 128.92
0 0 128.96
0 0 128.99
0 0 129.02
0 0 129.06
0 0 129.09
0 0 129.12
0 0 129.16
0 0 129.19
0 0 129.22
0 0 129.26
0 0 129.29
0 0 129.32
0 0 129.36
0 0 129.39
0 0 129.42
0 0 129.46
0 0 129.49
0 0 129.52
0 0 129.56
0 0 129.59
0 0 129.62
0 0 129.66
0 0 129.69
0 0 129.72
0 0 129.76
0 0 129.79
0 0 129.82
0 0 129.86
0 0 129.89
0 0 129.92
0 0 129.96
0 0 129.99
0 0 130.02
0 0 130.06
0 0 130.09
0 0 130.12
0 0 130.16
0 0 130.19
0 0 130.22
0 0 130.26
0 0 130.29
0 0 130.32
0 0 130.36
0 0 130.39
0 0 130.42
0 0 130.46
0 0 130.49
0 0 130.52
0 0 130.56
0 0 130.59
0 0 130.62
0 0 130.66
0 0 130.69
0 0 130.72
0 0 130.76
0 0 130.79
0 0 130.82
0 0 130.86
0 0 130.89
0 0 130.92
0 0 130.96
0 0 130.99
0 0 131.02
0 0 131.06
0 0 131.09
0 0 131.12
0 0 131.16
0 0 131.19
0 0 131.22
0 0 131.26
0 0 131.29
0 0 131.32
0 0 131.36
0 0 131.39
0 0 131.42
0 0 131.45
0 0 131.49
0 0 131.52
0 0 131.56
0 0 131.59
0 0 131.62
0 0 131.66
0 0 131.69
0 0 131.72
0 0 131.76
0 0 131.79
0 0 131.82
0 0 131.86
0 0 131.89
0 0 131.92
0 0 131.96
0 0 131.99
0 0 132.02
0 0 132.06
0 0 132.09
0 0 132.12
0 0 132.16
0 0 132.19
0 0 132.22
0 0 132.26
0 0 132.29
0 0 132.32
0 0 132.36
0 0 132.39
0 0 132.42
0 0 132.46
0 0 132.49
0 0 132.52
0 0 132.56
0 0 132.59
0 0 132.62
0 0 132.66
0 0 132.69
0 0 132.72
0 0 132.76
0 0 132.79
0 0 132.82
0 0 132.86
0 0 132.89
0 0 132.92
0 0 132.96
0 0 132.99
0 0 133.02
0 0 133.06
0 0 133.09
0 0 133.12
0 0 133.16
0 0 133.19
0 0 133.22
0 0 133.26
0 0 133.29
0 0 133.32
0 0 133.36
0 0 133.39
0 0 133.42
0 0 133.46
0 0 133.49
0 0 133.52
0 0 133.56
0 0 133.59
0 0 133.62
0 0 133.66
0 0 133.69
0 0 133.72
0 0 133.76
0 0 133.79
0 0 133.82
0 0 133.86
0 0 133.89
0 0 133.92
0 0 133.96
0 0 133.99
0 0 134.02
0.54 0.085 134.06
0.521 0.021 134.09
0.503 0.023 134.13
0 0 134.16
0.467 0.048 134.19
0.443 0.03 134.23
0.429 0.025 134.26
0.407 0.028 134.29
0.392 0.022 134.33
0.38 0.02 134.36
0.371 0.017 134.39
0.364 0.016 134.43
0.36 0.012 134.46
0.357 0.01 134.49
0.353 0.007 134.53
0.353 0.005 134.56
0.354 0.004 134.59
0.354 0.002 134.63
0.355 0.003 134.66
0.354 0.002 134.69
0.352 0.002 134.73
0.351 0.002 134.76
0.351 0.002 134.79
0.35 0.003 134.83
0.35 0.002 134.86
0.348 0.003 134.89
0.349 0.002 134.93
0.348 0.004 134.96
0.348 0.001 134.99
0.348 0.002 135.03
0.348 0.002 135.06
0.35 0.006 135.09
0.347 0.006 135.13
0.348 0.005 135.16
0.345 0.005 135.19
0.345 0.001 135.23
0.345 0.001 135.26
0.345 0.001 135.29
0.345 0.001 135.33
0.343 0.003 135.36
0.342 0.002 135.39
0.343 0.001 135.43
0.345 0.003 135.46
0.346 0.002 135.49
0.347 0.002 135.53
0.348 0.002 135.56
0.347 0.001 135.59
0.348 0.001 135.63
0.349 0.002 135.66
0.348 0.001 135.69
0.349 0.001 135.72
0.35 0.003 135.76
0.349 0.003 135.79
0.349 0.006 135.83
0.347 0.006 135.86
0.346 0.001 135.89
0 0 135.92
0.341 0.004 135.96
0.339 0.007 135.99
0.333 0.004 136.03
0.332 0.006 136.06
0.328 0.004 136.09
0.325 0.004 136.13
0.321 0.002 136.16
0.322 0.002 136.19
0.322 0.004 136.23
0.318 0.008 136.26
0.315 0.013 136.29
0.316 0.015 136.33
0.315 0.02 136.36
0.324 0.022 136.39
0.334 0.028 136.43
0.348 0.031 136.46
0.377 0.036 136.49
0.403 0.035 136.52
0.436 0.038 136.56
0.469 0.039 136.59
0 0 136.62
0 0 136.66
0 0 136.69
0 0 136.72
0 0 136.76
0 0 136.79
0 0 136.82
0 0 136.85
0 0 136.89
0 0 136.92
0 0 136.95
0 0 136.99
0 0 137.02
0 0 137.05
0 0 137.09
0 0 137.12
0 0 137.16
0 0 137.19
0 0 137.22
0 0 137.26
0 0 137.29
0 0 137.32
0 0 137.35
0 0 137.39
0 0 137.42
0 0 137.46
0 0 137.49
0 0 137.52
0 0 137.55
0 0 137.59
0 0 137.62
0 0 137.66
0 0 137.69
0 0 137.72
0 0 137.76
0 0 137.79
0 0 137.82
0 0 137.85
0 0 137.89
0 0 137.92
0 0 137.95
0 0 137.99
0 0 138.02
0 0 138.06
0 0 138.09
0 0 138.12
0 0 138.16
0 0 138.19
0 0 138.22
0 0 138.25
0 0 138.29
0 0 138.32
0 0 138.36
0 0 138.39
0 0 138.42
0 0 138.45
0 0 138.49
0 0 138.52
0 0 138.56
0 0 138.59
0 0 138.62
0 0 138.66
0 0 138.69
0 0 138.72
0 0 138.76
0 0 138.79
0 0 138.82
0 0 138.86
0 0 138.89
0 0 138.92
0 0 138.96
0 0 138.99
0 0 139.02
0 0 139.06
0 0 139.09
0 0 139.12
0 0 139.16
0 0 139.19
0 0 139.22
0 0 139.26
0 0 139.29
0 0 139.32
0 0 139.35
0 0 139.39
0 0 139.42
0 0 139.45
0 0 139.49
0 0 139.52
0 0 139.56
0 0 139.59
0 0 139.62
0 0 139.66
0 0 139.69
0 0 139.72
0 0 139.76
0 0 139.79
0 0 139.82
0 0 139.86
0 0 139.89
0 0 139.92
0 0 139.96
0 0 139.99
0 0 140.02
0 0 140.06
0 0 140.09
0 0 140.12
0 0 140.16
0 0 140.19
0 0 140.22
0 0 140.26
0 0 140.29
0 0 140.32
0 0 140.36
0 0 140.39
0 0 140.42
0 0 140.45
0 0 140.49
0 0 140.52
0 0 140.56
0 0 140.59
0 0 140.62
0 0 140.66
0 0 140.69
0 0 140.72
0 0 140.75
0 0 140.79
0 0 140.83
0 0 140.86
0 0 140.89
0 0 140.92
0 0 140.96
0 0 140.99
0 0 141.02
0 0 141.06
0 0 141.09
0 0 141.12
0 0 141.16
0 0 141.19
0 0 141.22
0 0 141.26
0 0 141.29
0 0 141.32
0 0 141.35
0 0 141.39
0 0 141.42
0 0 141.46
0 0 141.49
0 0 141.52
0 0 141.56
0 0 141.59
0 0 141.62
0 0 141.66
0 0 141.69
0 0 141.72
0 0 141.76
0 0 141.79
0 0 141.82
0 0 141.86
0 0 141.89
0 0 141.92
0 0 141.96
0 0 141.99
0 0 142.02
0 0 142.06
0 0 142.09
0 0 142.12
0 0 142.16
0 0 142.19
0 0 142.22
0 0 142.26
0 0 142.29
0 0 142.32
0 0 142.36
0 0 142.39
0 0 142.42
0 0 142.46
0 0 142.49
0 0 142.52
0 0 142.56
0 0 142.59
0 0 142.62
0 0 142.66
0 0 142.69
0 0 142.72
0 0 142.75
0 0 142.79
0 0 142.82
0 0 142.86
0 0 142.89
0 0 142.92
0 0 142.96
0 0 142.99
0 0 143.02
0 0 143.06
0 0 143.09
0 0 143.12
0 0 143.16
0 0 143.19
0 0 143.22
0 0 143.25
0 0 143.29
0 0 143.32
0 0 143.35
0 0 143.39
0 0 143.42
0 0 143.46
0 0 143.49
0 0 143.52
0 0 143.55
0 0 143.59
0 0 143.62
0 0 143.66
0 0 143.69
0 0 143.72
0 0 143.75
0 0 143.79
0 0 143.82
0 0 143.85
0 0 143.89
0 0 143.92
0 0 143.95
0 0 143.99
0 0 144.02
0 0 144.05
0 0 144.09
0 0 144.12
0 0 144.16
0 0 144.19
0 0 144.22
0 0 144.25
0 0 144.29
0 0 144.32
0 0 144.35
0 0 144.39
0 0 144.42
0 0 144.45
0 0 144.49
0 0 144.52
0 0 144.55
0 0 144.59
0 0 144.62
0 0 144.66
0 0 144.69
0 0 144.72
0 0 144.75
0 0 144.79
0 0 144.82
0 0 144.85
0 0 144.89
0 0 144.92
0 0 144.95
0 0 144.99
0 0 145.02
0 0 145.05
0 0 145.09
0 0 145.12
0 0 145.16
0 0 145.19
0 0 145.22
0 0 145.25
0 0 145.29
0 0 145.32
0 0 145.35
0 0 145.39
0 0 145.42
0 0 145.45
0 0 145.49
0 0 145.52
0 0 145.55
0 0 145.59
0 0 145.62
0 0 145.66
0 0 145.69
0 0 145.72
0 0 145.75
0 0 145.79
0 0 145.82
0 0 145.85
0 0 145.89
0 0 145.92
0 0 145.95
0 0 145.99
0 0 146.02
0 0 146.05
0 0 146.09
0 0 146.12
0 0 146.16
0 0 146.19
0 0 146.22
0 0 146.25
0 0 146.29
0 0 146.32
0 0 146.35
0 0 146.39
0 0 146.42
0 0 146.45
0 0 146.49
0 0 146.52
0 0 146.55
0 0 146.59
0 0 146.62
0 0 146.66
0 0 146.69
0 0 146.72
0 0 146.75
0 0 146.79
0 0 146.82
0 0 146.85
0 0 146.89
0 0 146.92
0 0 146.95
0 0 146.99
0 0 147.02
0 0 147.05
0 0 147.09
0 0 147.12
0 0 147.16
0 0 147.19
0 0 147.22
0 0 147.25
0 0 147.29
0 0 147.32
0 0 147.35
0 0 147.39
0 0 147.42
0 0 147.45
0 0 147.49
0 0 147.52
0 0 147.55
0 0 147.59
0 0 147.62
0 0 147.65
0 0 147.69
0 0 147.72
0 0 147.75
0 0 147.79
0 0 147.82
0 0 147.85
0 0 147.89
0 0 147.92
0 0 147.95
0 0 147.99
0 0 148.02
0 0 148.05
0 0 148.09
0 0 148.12
0 0 148.16
0 0 148.19
0 0 148.22
0 0 148.25
0 0 148.29
0 0 148.32
0 0 148.35
0 0 148.39
0 0 148.42
0 0 148.45
0 0 148.49
0 0 148.52
0 0 148.55
0 0 148.59
0 0 148.62
0 0 148.65
0 0 148.69
0 0 148.72
0 0 148.75
0 0 148.79
0 0 148.82
0 0 148.85
0 0 148.89
0 0 148.92
0 0 148.95
0 0 148.99
0 0 149.02
0 0 149.05
0 0 149.09
0 0 149.12
0 0 149.16
0 0 149.19
0 0 149.22
0 0 149.25
0 0 149.29
0 0 149.32
0 0 149.35
0 0 149.39
0 0 149.42
0 0 149.45
0 0 149.49
0 0 149.52
0 0 149.55
0.534 0.042 149.59
0.513 0.022 149.62
0.495 0.019 149.66
0.475 0.022 149.69
0.457 0.019 149.72
0.439 0.021 149.76
0.423 0.019 149.79
0.409 0.018 149.82
0.395 0.019 149.85
0.384 0.016 149.89
0.375 0.016 149.92
0.365 0.015 149.96
0.358 0.013 149.99
0.353 0.011 150.02
0.348 0.01 150.06
0.343 0.009 150.09
0.338 0.008 150.12
0.335 0.006 150.16
0.332 0.005 150.19
0.331 0.004 150.22
0.331 0.003 150.26
0.331 0.003 150.29
0.331 0.002 150.32
0.33 0.001 150.36
0.329 0.002 150.39
0.328 0.001 150.42
0.328 0.004 150.46
0.327 0.001 150.49
0.327 0.002 150.52
0.327 0.003 150.56
0.327 0.002 150.59
0.326 0.003 150.62
0.327 0.002 150.66
0.329 0.004 150.69
0.329 0.002 150.72
0.329 0.004 150.76
0.327 0.007 150.79
0.323 0.012 150.82
0.323 0.02 150.86
0.323 0.026 150.89
0.331 0.03 150.92
0.346 0.032 150.96
0.374 0.04 150.99
0.4 0.033 151.02
0.439 0.04 151.05
0.479 0.041 151.09
0 0 151.12
0 0 151.15
0 0 151.19
0 0 151.22
0 0 151.25
0 0 151.29
0 0 151.32
0 0 151.35
0 0 151.39
0 0 151.42
0 0 151.45
0 0 151.49
0 0 151.52
0 0 151.55
0 0 151.59
0 0 151.62
0 0 151.65
0 0 151.69
0 0 151.72
0 0 151.75
0 0 151.79
0 0 151.82
0 0 151.85
0 0 151.89
0 0 151.92
0 0 151.95
0 0 151.99
0 0 152.02
0 0 152.05
0 0 152.09
0 0 152.12
0 0 152.15
0 0 152.19
0 0 152.22
0 0 152.25
0 0 152.29
0 0 152.32
0 0 152.35
0 0 152.39
0 0 152.42
0 0 152.45
0 0 152.49
0 0 152.52
0 0 152.55
0 0 152.58
0 0 152.62
0 0 152.65
0 0 152.69
0 0 152.72
0 0 152.75
0 0 152.78
0 0 152.82
0 0 152.85
0 0 152.89
0 0 152.92
0 0 152.95
0 0 152.99
0 0 153.02
0 0 153.05
0 0 153.09
0 0 153.12
0 0 153.15
0 0 153.19
0 0 153.22
0 0 153.25
0 0 153.29
0 0 153.32
0 0 153.35
0 0 153.38
0 0 153.42
0 0 153.45
0 0 153.49
0 0 153.52
0 0 153.55
0 0 153.58
0 0 153.62
0 0 153.65
0 0 153.69
0 0 153.72
0 0 153.75
0 0 153.78
0 0 153.82
0 0 153.85
0 0 153.89
0 0 153.92
0 0 153.95
0 0 153.99
0 0 154.02
0 0 154.05
0 0 154.09
0 0 154.12
0 0 154.15
0 0 154.18
0 0 154.22
0 0 154.25
0 0 154.29
0 0 154.32
0 0 154.35
0 0 154.38
0 0 154.42
0 0 154.45
0 0 154.49
0 0 154.52
0 0 154.55
0 0 154.58
0 0 154.62
0 0 154.65
0 0 154.69
0 0 154.72
0 0 154.75
0 0 154.79
0 0 154.82
0 0 154.85
0 0 154.89
0 0 154.92
0 0 154.95
0 0 154.99
0 0 155.02
0 0 155.05
0 0 155.08
0 0 155.12
0 0 155.15
0 0 155.18
0 0 155.22
0 0 155.25
0 0 155.29
0 0 155.32
0 0 155.35
0 0 155.38
0 0 155.42
0 0 155.45
0 0 155.49
0 0 155.52
0 0 155.55
0 0 155.59
0 0 155.62
0 0 155.66
0 0 155.69
0 0 155.72
0 0 155.75
0 0 155.79
0 0 155.82
0 0 155.85
0 0 155.89
0 0 155.92
0 0 155.95
0 0 155.99
0 0 156.02
0 0 156.05
0 0 156.08
0 0 156.12
0 0 156.15
0 0 156.18
0 0 156.22
0 0 156.25
0 0 156.28
0 0 156.32
0 0 156.35
0 0 156.39
0 0 156.42
0 0 156.45
0 0 156.49
0 0 156.52
0 0 156.55
0 0 156.58
0 0 156.62
0 0 156.65
0 0 156.68
0 0 156.72
0 0 156.75
0 0 156.78
0 0 156.82
0 0 156.85
0 0 156.89
0 0 156.92
0 0 156.95
0 0 156.99
0 0 157.02
0 0 157.05
0 0 157.09
0 0 157.12
0 0 157.15
0 0 157.19
0 0 157.22
0 0 157.25
0 0 157.28
0 0 157.32
0 0 157.35
0 0 157.39
0 0 157.42
0 0 157.45
0 0 157.49
0 0 157.52
0 0 157.55
0 0 157.58
0 0 157.62
0 0 157.65
0 0 157.69
0 0 157.72
0 0 157.75
0 0 157.79
0 0 157.82
0 0 157.85
0 0 157.89
0 0 157.92
0 0 157.95
0 0 157.99
0 0 158.02
0 0 158.05
0 0 158.08
0 0 158.12
0 0 158.15
0 0 158.19
0 0 158.22
0 0 158.25
0 0 158.29
0 0 158.32
0 0 158.35
0 0 158.38
0 0 158.42
0 0 158.45
0 0 158.49
0 0 158.52
0 0 158.55
0 0 158.58
0 0 158.62
0 0 158.65
0 0 158.69
0 0 158.72
0 0 158.75
0 0 158.79
0 0 158.82
0 0 158.85
0 0 158.89
0 0 158.92
0 0 158.95
0 0 158.99
0 0 159.02
0 0 159.05
0 0 159.08
0 0 159.12
0 0 159.15
0 0 159.19
0 0 159.22
0 0 159.25
0 0 159.28
0 0 159.32
0 0 159.35
0 0 159.39
0 0 159.42
0 0 159.45
0 0 159.49
0 0 159.52
0 0 159.55
0 0 159.58
0 0 159.62
0 0 159.65
0 0 159.68
0 0 159.72
0 0 159.75
0 0 159.78
0 0 159.82
0 0 159.85
0 0 159.89
0 0 159.92
0 0 159.95
0 0 159.99
0 0 160.02
0 0 160.05
0 0 160.08
0 0 160.12
0 0 160.15
0 0 160.19
0 0 160.22
0 0 160.25
0 0 160.28
0 0 160.32
0 0 160.35
0 0 160.38
0 0 160.42
0 0 160.45
0 0 160.49
0 0 160.52
0 0 160.55
0 0 160.58
0 0 160.62
0 0 160.65
0 0 160.68
0 0 160.72
0 0 160.75
0 0 160.78
0 0 160.82
0 0 160.85
0 0 160.88
0 0 160.92
0 0 160.95
0 0 160.99
0 0 161.02
0 0 161.05
0 0 161.08
0 0 161.12
0 0 161.15
0 0 161.18
0 0 161.22
0 0 161.25
0 0 161.28
0 0 161.32
0 0 161.35
0 0 161.38
0 0 161.42
0 0 161.45
0 0 161.49
0 0 161.52
0 0 161.55
0 0 161.58
0 0 161.62
0 0 161.65
0 0 161.68
0 0 161.72
0 0 161.75
0 0 161.78
0 0 161.82
0 0 161.85
0 0 161.88
0 0 161.92
0 0 161.95
0 0 161.99
0 0 162.02
0 0 162.05
0 0 162.08
0 0 162.12
0 0 162.15
0 0 162.18
0 0 162.22
0 0 162.25
0 0 162.28
0 0 162.32
0 0 162.35
0 0 162.38
0 0 162.42
0 0 162.45
0 0 162.49
0 0 162.52
0 0 162.55
0 0 162.58
0 0 162.62
0 0 162.65
0 0 162.68
0 0 162.72
0 0 162.75
0 0 162.78
0 0 162.82
0 0 162.85
0 0 162.88
0 0 162.92
0 0 162.95
0 0 162.99
0 0 163.02
0 0 163.05
0 0 163.08
0 0 163.12
0 0 163.15
0 0 163.18
0 0 163.22
0 0 163.25
0 0 163.28
0 0 163.32
0 0 163.35
0 0 163.38
0 0 163.42
0 0 163.45
0 0 163.48
0 0 163.52
0 0 163.55
0 0 163.58
0 0 163.62
0 0 163.65
0 0 163.68
0 0 163.72
0 0 163.75
0 0 163.78
0 0 163.82
0 0 163.85
0 0 163.89
0 0 163.92
0 0 163.95
0 0 163.99
0 0 164.02
0 0 164.05
0 0 164.08
0 0 164.12
0 0 164.15
0 0 164.18
0 0 164.22
0 0 164.25
0.359 0.066 164.28
0.344 0.02 164.32
0.331 0.018 164.35
0 0 164.38
0.318 0.026 164.42
0.316 0.007 164.45
0.316 0.004 164.49
0.319 0.005 164.52
0.323 0.005 164.55
0.329 0.007 164.59
0.336 0.01 164.62
0.346 0.013 164.65
0.356 0.015 164.69
0 0 164.72
0.38 0.033 164.75
0.395 0.02 164.79
0 0 164.82
0 0 164.85
0 0 164.88
0 0 164.92
0 0 164.95
0 0 164.98
0 0 165.02
0 0 165.05
0 0 165.08
0 0 165.12
0 0 165.15
0 0 165.18
0 0 165.22
0 0 165.25
0.402 0.029 165.28
0.384 0.024 165.32
0.367 0.023 165.35
0.35 0.022 165.39
0.336 0.02 165.42
0.325 0.016 165.45
0.317 0.013 165.49
0.312 0.01 165.52
0.309 0.006 165.55
0.307 0.002 165.59
0.312 0.006 165.62
0.318 0.008 165.65
0.329 0.015 165.68
0.338 0.014 165.72
0.353 0.017 165.75
0.369 0.02 165.79
0.386 0.021 165.82
0 0 165.85
0.418 0.041 165.89
0 0 165.92
0 0 165.95
0 0 165.98
0 0 166.02
0 0 166.05
0 0 166.08
0 0 166.12
0 0 166.15
0 0 166.18
0 0 166.22
0 0 166.25
0 0 166.28
0 0 166.32
0 0 166.35
0 0 166.38
0 0 166.42
0 0 166.45
0 0 166.48
0 0 166.52
0 0 166.55
0 0 166.58
0 0 166.62
0 0 166.65
0 0 166.68
0 0 166.72
0 0 166.75
0 0 166.78
0 0 166.82
0 0 166.85
0 0 166.88
0 0 166.92
0 0 166.95
0 0 166.98
0 0 167.02
0 0 167.05
0 0 167.08
0 0 167.12
0 0 167.15
0 0 167.18
0 0 167.22
0 0 167.25
0 0 167.28
0 0 167.32
0 0 167.35
0 0 167.38
0 0 167.42
0 0 167.45
0 0 167.48
0 0 167.52
0 0 167.55
0 0 167.58
0 0 167.62
0 0 167.65
0 0 167.68
0 0 167.72
0 0 167.75
0 0 167.78
0 0 167.82
0 0 167.85
0 0 167.88
0 0 167.92
0 0 167.95
0 0 167.98
0 0 168.02
0 0 168.05
0 0 168.08
0 0 168.12
0 0 168.15
0 0 168.18
0 0 168.22
0 0 168.25
0 0 168.28
0 0 168.32
0 0 168.35
0 0 168.38
0 0 168.42
0 0 168.45
0 0 168.48
0 0 168.52
0 0 168.55
0 0 168.58
0 0 168.62
0 0 168.65
0 0 168.68
0 0 168.72
0 0 168.75
0 0 168.78
0 0 168.82
0 0 168.85
0 0 168.89
0 0 168.91
0 0 168.95
0 0 168.98
0 0 169.02
0 0 169.05
0 0 169.08
0 0 169.12
0 0 169.15
0 0 169.18
0 0 169.22
0 0 169.25
0 0 169.28
0 0 169.32
0 0 169.35
0 0 169.38
0 0 169.42
0 0 169.45
0 0 169.48
0 0 169.52
0 0 169.55
0 0 169.58
0 0 169.62
0 0 169.65
0 0 169.68
0 0 169.72
0 0 169.75
0 0 169.78
0 0 169.82
0 0 169.85
0 0 169.88
0 0 169.92
0 0 169.95
0 0 169.98
0 0 170.02
0 0 170.05
0 0 170.08
0 0 170.12
0 0 170.15
0 0 170.18
0 0 170.22
0 0 170.25
0 0 170.28
0 0 170.32
0 0 170.35
0 0 170.38
0 0 170.42
0 0 170.45
0 0 170.49
0 0 170.52
0 0 170.55
0 0 170.58
0 0 170.62
0 0 170.65
0 0 170.68
0 0 170.71
0 0 170.75
0 0 170.78
0 0 170.82
0 0 170.85
0 0 170.88
0 0 170.92
0 0 170.95
0 0 170.98
0 0 171.02
0 0 171.05
0 0 171.08
0 0 171.11
0 0 171.15
0 0 171.18
0 0 171.22
0 0 171.25
0 0 171.28
0 0 171.32
0 0 171.35
0 0 171.38
0 0 171.42
0 0 171.45
0 0 171.48
0 0 171.51
0 0 171.55
0 0 171.58
0 0 171.62
0 0 171.65
0 0 171.68
0 0 171.72
0 0 171.75
0 0 171.78
0 0 171.82
0 0 171.85
0 0 171.88
0 0 171.92
0 0 171.95
0 0 171.98
0 0 172.02
0 0 172.05
0 0 172.08
0 0 172.12
0 0 172.15
0 0 172.18
0 0 172.22
0 0 172.25
0 0 172.28
0 0 172.32
0.455 0.101 172.35
0.437 0.022 172.38
0.419 0.021 172.42
0.404 0.018 172.45
0.391 0.017 172.49
0.384 0.02 172.52
0.368 0.02 172.55
0.361 0.013 172.59
0.351 0.012 172.62
0.344 0.01 172.65
0.34 0.009 172.69
0.335 0.008 172.72
0.33 0.007 172.75
0.328 0.005 172.79
0.325 0.004 172.82
0.324 0.003 172.85
0.322 0.003 172.89
0.321 0.002 172.92
0.322 0.004 172.95
0.321 0.002 172.99
0.321 0.001 173.02
0.321 0.001 173.05
0.318 0.001 173.08
0.317 0.003 173.12
0.316 0.002 173.15
0.314 0.002 173.18
0.313 0.004 173.22
0.312 0.002 173.25
0.311 0.002 173.29
0.31 0.001 173.32
0.309 0.001 173.35
0.309 0.001 173.38
0.309 0.002 173.42
0.31 0.001 173.45
0.309 0.001 173.49
0.308 0.002 173.52
0.307 0.003 173.55
0.305 0.004 173.58
0.302 0.003 173.62
0.301 0.002 173.66
0.3 0.002 173.69
0.301 0.006 173.72
0.301 0.011 173.75
0.304 0.017 173.78
0.31 0.023 173.82
0.324 0.026 173.85
0 0 173.88
0 0 173.92
0.421 0.112 173.95
0 0 173.99
0.506 0.09 174.02
0 0 174.05
0 0 174.08
0 0 174.12
0 0 174.15
0 0 174.18
0 0 174.22
0 0 174.25
0 0 174.28
0 0 174.32
0 0 174.35
0 0 174.38
0 0 174.41
0 0 174.45
0 0 174.48
0 0 174.51
0 0 174.55
0 0 174.58
0 0 174.61
0 0 174.65
0 0 174.68
0 0 174.72
0 0 174.75
0 0 174.78
0 0 174.82
0 0 174.85
0 0 174.88
0 0 174.92
0 0 174.95
0 0 174.98
0 0 175.01
0 0 175.05
0 0 175.08
0 0 175.12
0 0 175.15
0 0 175.18
0 0 175.22
0 0 175.25
0 0 175.28
0 0 175.32
0 0 175.35
0 0 175.38
0 0 175.41
0 0 175.45
0 0 175.48
0 0 175.52
0 0 175.55
0 0 175.58
0 0 175.61
0 0 175.65
0 0 175.68
0 0 175.72
0 0 175.75
0 0 175.78
0 0 175.82
0 0 175.85
0 0 175.88
0 0 175.92
0 0 175.95
0 0 175.98
0 0 176.02
0 0 176.05
0 0 176.08
0.598 0.099 176.12
0.593 0.006 176.15
0.591 0.004 176.18
0.583 0.008 176.22
0 0 176.25
0.589 0.007 176.28
0.593 0.004 176.32
0.597 0.005 176.35
0.599 0.003 176.39
0 0 176.42
0 0 176.45
0 0 176.48
0 0 176.51
0.593 0.011 176.55
0.593 0.002 176.58
0 0 176.61
0.587 0.005 176.65
0 0 176.68
0 0 176.71
0 0 176.75
0 0 176.78
0.594 0.016 176.82
0 0 176.85
0 0 176.88
0 0 176.91
0.615 0.028 176.95
0 0 176.98
0 0 177.02
0 0 177.05
0 0 177.08
0 0 177.11
0 0 177.15
0 0 177.18
0 0 177.21
0 0 177.25
