0 0 3.91
0 0 3.94
0 0 3.97
0 0 4.01
0 0 4.04
0 0 4.07
0 0 4.11
0 0 4.14
0 0 4.18
0 0 4.21
0 0 4.24
0 0 4.27
0 0 4.31
0 0 4.34
0 0 4.37
0 0 4.41
0 0 4.44
0 0 4.47
0 0 4.51
0 0 4.54
0 0 4.57
0 0 4.61
0 0 4.64
0 0 4.67
0 0 4.71
0 0 4.74
0 0 4.77
0 0 4.81
0 0 4.84
0 0 4.87
0 0 4.91
0 0 4.94
0 0 4.97
0 0 5.01
0 0 5.04
0 0 5.07
0 0 5.11
0 0 5.14
0 0 5.17
0 0 5.21
0 0 5.24
0 0 5.27
0 0 5.31
0 0 5.34
0 0 5.37
0 0 5.41
0 0 5.44
0 0 5.47
0 0 5.51
0 0 5.54
0 0 5.57
0 0 5.61
0 0 5.64
0 0 5.67
0 0 5.71
0 0 5.74
0 0 5.77
0 0 5.81
0 0 5.84
0 0 5.87
0 0 5.91
0 0 5.94
0 0 5.97
0 0 6.01
0 0 6.04
0 0 6.07
0 0 6.11
0 0 6.14
0 0 6.18
0 0 6.21
0 0 6.25
0 0 6.27
0 0 6.31
0 0 6.34
0 0 6.37
0 0 6.41
0 0 6.44
0 0 6.47
0 0 6.51
0.287 0.464 6.54
0.258 0.036 6.58
0.247 0.032 6.61
0.229 0.03 6.65
0.222 0.026 6.68
0.215 0.02 6.71
0.212 0.014 6.74
0.209 0.01 6.79
0.213 0.004 6.81
0.214 0.002 6.84
0.214 0.002 6.88
0.218 0.004 6.91
0.22 0.003 6.94
0.22 0.004 6.98
0.224 0.004 7.01
0.225 0.005 7.04
0.224 0.005 7.08
0.226 0.005 7.11
0.23 0.004 7.14
0.231 0.006 7.18
0.231 0.004 7.21
0.232 0.004 7.24
0.231 0.004 7.27
0.231 0.003 7.31
0.237 0.002 7.34
0.239 0.004 7.37
0.239 0.002 7.41
0.244 0.004 7.44
0.245 0.003 7.48
0.245 0.001 7.51
0.245 0.001 7.54
0.248 0.001 7.57
0.248 0.001 7.61
0.248 0.001 7.64
0.251 0.001 7.68
0.252 0.001 7.71
0.252 0.002 7.74
0.256 0.003 7.77
0.256 0.001 7.81
0.256 0.001 7.84
0.256 0.003 7.87
0.255 0.002 7.91
0.251 0.005 7.94
0.247 0.005 7.97
0.243 0.009 8.01
0.237 0.013 8.04
0.233 0.019 8.07
0.235 0.025 8.11
0.243 0.031 8.14
0.26 0.035 8.18
0.281 0.033 8.21
0.302 0.029 8.24
0 0 8.27
0 0 8.3
0 0 8.34
0 0 8.37
0 0 8.4
0 0 8.44
0 0 8.47
0 0 8.51
0 0 8.54
0 0 8.57
0 0 8.61
0 0 8.64
0 0 8.67
0 0 8.71
0 0 8.74
0 0 8.77
0 0 8.81
0 0 8.84
0 0 8.87
0 0 8.91
0.318 0.02 8.94
0 0 8.97
0 0 9.01
0.292 0.04 9.04
0.285 0.014 9.07
0.28 0.012 9.11
0.272 0.017 9.14
0.266 0.015 9.18
0.26 0.017 9.21
0.256 0.016 9.24
0.253 0.016 9.27
0.252 0.015 9.31
0.251 0.013 9.34
0.252 0.011 9.37
0.253 0.008 9.41
0.255 0.007 9.44
0.257 0.005 9.47
0.259 0.005 9.51
0.261 0.002 9.54
0.263 0.003 9.57
0.265 0.002 9.61
0.267 0.002 9.64
0.268 0.002 9.67
0.27 0.001 9.71
0.269 0.002 9.74
0.27 0.003 9.77
0.27 0.002 9.81
0.271 0.003 9.84
0.271 0.002 9.87
0.271 0.001 9.91
0.271 0.001 9.94
0.271 0.001 9.98
0.27 0.001 10.01
0.271 0.001 10.04
0.274 0.004 10.07
0.272 0.005 10.11
0.272 0.003 10.14
0.269 0.004 10.17
0.268 0.003 10.21
0.269 0.002 10.24
0.268 0.002 10.27
0.267 0.002 10.31
0.266 0.003 10.34
0.268 0.003 10.37
0.267 0.004 10.41
0.264 0.006 10.44
0.263 0.007 10.47
0.26 0.01 10.51
0.259 0.011 10.54
0.261 0.014 10.57
0.265 0.017 10.61
0.273 0.022 10.64
0.284 0.023 10.68
0.296 0.023 10.71
0.313 0.023 10.74
0.332 0.024 10.77
0.357 0.024 10.81
0 0 10.84
0 0 10.87
0 0 10.9
0 0 10.94
0 0 10.97
0 0 11.01
0 0 11.04
0 0 11.07
0 0 11.11
0 0 11.14
0 0 11.17
0 0 11.2
0 0 11.24
0 0 11.27
0 0 11.31
0 0 11.34
0 0 11.37
0 0 11.4
0 0 11.44
0 0 11.47
0 0 11.51
0 0 11.54
0 0 11.57
0 0 11.61
0 0 11.64
0.517 0.136 11.67
0 0 11.7
0 0 11.74
0 0 11.77
0.521 0.019 11.81
0.514 0.008 11.84
0.517 0.005 11.87
0.516 0.005 11.91
0 0 11.94
0 0 11.97
0 0 12.01
0.511 0.026 12.04
0 0 12.07
0.514 0.023 12.11
0.51 0.01 12.14
0.509 0.007 12.17
0.515 0.008 12.21
0.521 0.01 12.24
0.528 0.011 12.27
0 0 12.3
0.55 0.025 12.34
0.554 0.006 12.37
0 0 12.4
0.566 0.012 12.44
0 0 12.47
0.566 0.003 12.51
0.572 0.005 12.54
0.568 0.006 12.57
0.571 0.004 12.61
0 0 12.64
0 0 12.67
0.565 0.011 12.71
0 0 12.74
0.532 0.042 12.77
0.503 0.033 12.81
0.477 0.03 12.84
0 0 12.87
0.428 0.062 12.91
0 0 12.94
0.393 0.054 12.97
0.381 0.021 13.01
0.374 0.014 13.04
0.37 0.014 13.07
0.368 0.01 13.11
0.368 0.009 13.14
0.368 0.007 13.18
0 0 13.21
0.372 0.012 13.24
0 0 13.27
0.373 0.008 13.31
0.372 0.003 13.34
0.371 0.002 13.37
0.371 0.003 13.41
0.369 0.004 13.44
0.367 0.004 13.47
0.366 0.005 13.51
0.363 0.005 13.54
0.36 0.005 13.58
0.359 0.005 13.61
0.359 0.003 13.64
0.358 0.003 13.67
0.357 0.002 13.71
0.355 0.003 13.74
0.354 0.002 13.77
0.353 0.003 13.81
0.354 0.002 13.84
0.355 0.003 13.87
0.358 0.005 13.91
0.358 0.005 13.94
0.359 0.001 13.97
0.36 0.002 14.01
0.361 0.001 14.04
0.359 0.003 14.07
0.358 0.004 14.11
0.354 0.005 14.14
0.352 0.003 14.17
0.351 0.003 14.21
0.349 0.002 14.24
0.349 0.004 14.27
0.351 0.002 14.31
0.351 0.002 14.34
0.35 0.003 14.37
0.346 0.006 14.41
0.342 0.01 14.44
0.339 0.013 14.47
0.341 0.017 14.51
0.343 0.026 14.54
0.36 0.028 14.57
0.381 0.032 14.61
0.404 0.034 14.64
0.44 0.04 14.67
0.477 0.04 14.7
0 0 14.74
0 0 14.77
0 0 14.8
0 0 14.84
0 0 14.87
0 0 14.9
0 0 14.94
0 0 14.97
0 0 15.01
0 0 15.04
0 0 15.07
0 0 15.1
0 0 15.14
0 0 15.17
0 0 15.21
0 0 15.24
0 0 15.27
0 0 15.3
0 0 15.34
0 0 15.37
0 0 15.41
0 0 15.44
0 0 15.47
0 0 15.5
0 0 15.54
0 0 15.57
0 0 15.6
0 0 15.64
0 0 15.67
0 0 15.7
0 0 15.74
0 0 15.77
0 0 15.8
0 0 15.84
0 0 15.87
0 0 15.9
0 0 15.94
0 0 15.97
0 0 16.0
0 0 16.04
0.581 0.106 16.07
0 0 16.1
0.552 0.03 16.14
0.532 0.019 16.17
0.506 0.026 16.2
0.478 0.028 16.24
0.451 0.028 16.27
0.434 0.027 16.3
0.397 0.041 16.34
0.376 0.025 16.37
0.358 0.025 16.4
0.339 0.025 16.44
0.324 0.022 16.47
0.318 0.018 16.51
0.312 0.015 16.54
0.308 0.013 16.57
0.307 0.01 16.61
0.304 0.008 16.64
0.305 0.007 16.68
0.306 0.005 16.71
0.308 0.008 16.74
0.306 0.003 16.77
0.305 0.001 16.81
0.304 0.002 16.84
0.304 0.001 16.87
0.305 0.005 16.91
0.309 0.005 16.94
0.312 0.004 16.97
0.314 0.003 17.01
0.314 0.006 17.04
0.319 0.012 17.07
0.319 0.004 17.11
0.32 0.002 17.14
0.323 0.006 17.18
0.322 0.004 17.21
0.323 0.003 17.24
0.322 0.001 17.27
0.322 0.001 17.31
0.322 0.001 17.34
0.321 0.001 17.37
0.32 0.001 17.41
0.32 0.001 17.44
0.322 0.004 17.47
0.321 0.002 17.51
0.321 0.001 17.54
0.321 0.001 17.57
0.32 0.001 17.61
0.32 0.001 17.64
0.319 0.003 17.67
0.321 0.005 17.71
0.318 0.006 17.74
0.318 0.005 17.77
0.318 0.008 17.81
0.319 0.011 17.84
0.322 0.015 17.87
0.327 0.017 17.91
0.337 0.019 17.94
0.353 0.023 17.97
0.364 0.024 18.01
0.387 0.026 18.04
0.408 0.025 18.07
0.43 0.025 18.11
0.449 0.023 18.14
0.469 0.022 18.17
0.489 0.021 18.21
0 0 18.24
0 0 18.27
0 0 18.3
0 0 18.34
0 0 18.37
0 0 18.4
0 0 18.44
0 0 18.47
0 0 18.5
0 0 18.54
0 0 18.57
0 0 18.6
0 0 18.63
0 0 18.67
0 0 18.7
0 0 18.73
0 0 18.77
0 0 18.8
0 0 18.84
0 0 18.87
0 0 18.9
0 0 18.94
0 0 18.97
0 0 19.0
0 0 19.04
0 0 19.07
0 0 19.1
0 0 19.14
0 0 19.17
0 0 19.2
0 0 19.24
0 0 19.27
0 0 19.3
0 0 19.34
0 0 19.37
0.603 0.123 19.4
0 0 19.44
0 0 19.47
0.597 0.01 19.51
0 0 19.53
0 0 19.57
0 0 19.6
0 0 19.64
0 0 19.67
0 0 19.7
0 0 19.73
0 0 19.77
0 0 19.8
0 0 19.84
0 0 19.87
0 0 19.9
0 0 19.94
0 0 19.97
0.501 0.105 20.01
0.482 0.019 20.04
0.461 0.021 20.07
0.441 0.02 20.1
0.421 0.021 20.14
0.402 0.02 20.17
0.394 0.022 20.2
0.369 0.026 20.24
0.356 0.018 20.27
0.343 0.018 20.31
0.334 0.016 20.34
0.326 0.014 20.37
0.321 0.013 20.4
0.316 0.011 20.44
0.312 0.01 20.47
0.309 0.008 20.51
0.307 0.008 20.54
0.304 0.005 20.57
0.304 0.005 20.6
0.303 0.005 20.64
0.3 0.003 20.67
0.3 0.004 20.71
0.301 0.003 20.74
0.296 0.006 20.77
0.296 0.0 20.81
0.297 0.001 20.84
0.297 0.002 20.87
0.296 0.004 20.91
0.298 0.004 20.94
0.298 0.001 20.97
0.294 0.006 21.01
0.294 0.002 21.04
0.292 0.005 21.07
0.29 0.006 21.1
0.291 0.008 21.14
0.289 0.012 21.17
0.286 0.013 21.2
0.292 0.015 21.24
0.304 0.019 21.27
0.313 0.02 21.3
0.325 0.023 21.34
0.344 0.023 21.37
0.371 0.028 21.4
0.393 0.027 21.44
0.419 0.028 21.47
0.445 0.028 21.51
0.467 0.028 21.54
0 0 21.57
0 0 21.6
0 0 21.63
0 0 21.67
0 0 21.7
0 0 21.73
0 0 21.77
0 0 21.8
0 0 21.84
0 0 21.87
0 0 21.9
0 0 21.93
0 0 21.97
0 0 22.0
0 0 22.04
0 0 22.07
0 0 22.1
0 0 22.13
0 0 22.17
0 0 22.2
0 0 22.23
0 0 22.27
0 0 22.3
0 0 22.34
0 0 22.37
0 0 22.4
0 0 22.43
0 0 22.47
0 0 22.5
0 0 22.54
0 0 22.57
0 0 22.6
0 0 22.64
0 0 22.67
0 0 22.7
0 0 22.73
0 0 22.77
0 0 22.8
0 0 22.84
0 0 22.87
0 0 22.9
0 0 22.93
0 0 22.97
0 0 23.0
0 0 23.03
0 0 23.07
0 0 23.1
0 0 23.13
0 0 23.17
0 0 23.2
0 0 23.24
0 0 23.27
0 0 23.3
0 0 23.34
0 0 23.37
0 0 23.4
0 0 23.44
0.452 0.098 23.47
0 0 23.5
0 0 23.54
0 0 23.57
0 0 23.6
0 0 23.64
0 0 23.67
0 0 23.7
0 0 23.74
0 0 23.77
0 0 23.8
0 0 23.84
0 0 23.87
0 0 23.9
0 0 23.94
0 0 23.97
0 0 24.0
0 0 24.04
0 0 24.07
0 0 24.1
0 0 24.14
0 0 24.17
0 0 24.2
0 0 24.24
0 0 24.27
0 0 24.3
0 0 24.34
0 0 24.37
0 0 24.4
0 0 24.43
0 0 24.47
0 0 24.5
0 0 24.53
0 0 24.57
0 0 24.6
0 0 24.64
0 0 24.67
0 0 24.7
0 0 24.74
0 0 24.77
0 0 24.8
0 0 24.84
0 0 24.87
0 0 24.9
0 0 24.94
0 0 24.97
0 0 25.0
0 0 25.04
0 0 25.07
0 0 25.1
0 0 25.13
0 0 25.17
0 0 25.2
0 0 25.24
0 0 25.27
0 0 25.3
0 0 25.34
0 0 25.37
0 0 25.4
0 0 25.44
0 0 25.47
0 0 25.5
0 0 25.53
0 0 25.57
0 0 25.6
0 0 25.63
0 0 25.67
0 0 25.7
0 0 25.74
0 0 25.77
0 0 25.8
0 0 25.83
0 0 25.87
0 0 25.9
0 0 25.93
0 0 25.97
0 0 26.0
0 0 26.03
0 0 26.07
0 0 26.1
0 0 26.14
0 0 26.17
0 0 26.2
0 0 26.24
0 0 26.27
0 0 26.3
0 0 26.34
0 0 26.37
0 0 26.4
0 0 26.44
0 0 26.47
0 0 26.5
0 0 26.53
0 0 26.57
0 0 26.6
0 0 26.63
0 0 26.67
0 0 26.7
0 0 26.73
0 0 26.77
0 0 26.8
0 0 26.84
0 0 26.87
0 0 26.9
0 0 26.94
0 0 26.97
0 0 27.0
0 0 27.03
0 0 27.07
0 0 27.1
0 0 27.13
0 0 27.17
0 0 27.2
0 0 27.24
0 0 27.27
0 0 27.3
0 0 27.33
0 0 27.37
0 0 27.4
0 0 27.43
0 0 27.47
0 0 27.5
0 0 27.53
0 0 27.57
0 0 27.6
0 0 27.63
0 0 27.67
0 0 27.7
0 0 27.73
0 0 27.77
0 0 27.8
0 0 27.83
0 0 27.87
0 0 27.9
0 0 27.93
0 0 27.97
0 0 28.0
0 0 28.03
0 0 28.07
0 0 28.1
0 0 28.13
0 0 28.17
0 0 28.2
0 0 28.23
0 0 28.27
0 0 28.3
0 0 28.33
0 0 28.37
0 0 28.4
0 0 28.43
0 0 28.47
0 0 28.5
0 0 28.53
0 0 28.57
0 0 28.6
0 0 28.63
0 0 28.67
0 0 28.7
0 0 28.73
0 0 28.77
0 0 28.8
0 0 28.84
0 0 28.87
0 0 28.9
0 0 28.93
0 0 28.97
0 0 29.0
0.358 0.138 29.04
0.326 0.032 29.07
0.303 0.03 29.1
0.28 0.028 29.13
0.258 0.03 29.17
0.251 0.023 29.2
0.243 0.018 29.24
0.24 0.014 29.27
0.244 0.01 29.3
0 0 29.34
0 0 29.37
0 0 29.4
0 0 29.44
0 0 29.47
0.26 0.034 29.5
0.265 0.0 29.54
0.266 0.003 29.57
0.267 0.001 29.6
0.273 0.001 29.64
0.274 0.002 29.67
0.275 0.003 29.7
0.285 0.001 29.74
0.286 0.003 29.77
0.286 0.003 29.8
0.289 0.002 29.84
0.289 0.001 29.87
0.289 0.001 29.9
0.289 0.001 29.93
0.294 0.003 29.97
0.292 0.005 30.0
0.288 0.008 30.04
0.289 0.012 30.07
0.286 0.016 30.1
0.289 0.021 30.14
0.3 0.024 30.17
0.312 0.027 30.2
0.329 0.027 30.24
0.357 0.029 30.27
0.385 0.029 30.3
0.416 0.032 30.34
0.448 0.032 30.37
0 0 30.4
0 0 30.43
0 0 30.47
0 0 30.5
0 0 30.53
0 0 30.57
0 0 30.6
0 0 30.63
0 0 30.67
0 0 30.7
0 0 30.73
0 0 30.77
0 0 30.8
0 0 30.83
0 0 30.87
0 0 30.9
0 0 30.93
0 0 30.97
0 0 31.0
0 0 31.03
0 0 31.07
0 0 31.1
0 0 31.13
0 0 31.17
0 0 31.2
0 0 31.23
0 0 31.27
0 0 31.3
0 0 31.33
0.599 0.148 31.37
0.591 0.009 31.4
0 0 31.43
0 0 31.47
0 0 31.5
0.589 0.013 31.53
0.581 0.011 31.57
0.582 0.008 31.6
0 0 31.63
0.571 0.012 31.67
0 0 31.7
0.564 0.015 31.73
0.56 0.009 31.77
0 0 31.8
0 0 31.83
0.551 0.014 31.87
0 0 31.9
0.549 0.003 31.94
0.548 0.004 31.97
0 0 32.0
0 0 32.03
0.55 0.023 32.07
0.545 0.011 32.1
0.54 0.01 32.13
0 0 32.17
0.503 0.044 32.2
0.479 0.026 32.24
0.455 0.026 32.27
0.43 0.027 32.3
0.406 0.027 32.34
0.384 0.026 32.37
0.365 0.025 32.4
0.348 0.025 32.44
0.332 0.024 32.47
0.322 0.019 32.5
0.318 0.014 32.54
0.317 0.013 32.57
0.316 0.008 32.6
0.317 0.008 32.64
0.319 0.005 32.67
0.322 0.004 32.7
0.323 0.004 32.74
0.323 0.002 32.77
0.323 0.001 32.8
0.322 0.001 32.84
0.321 0.002 32.87
0.32 0.002 32.9
0.318 0.002 32.94
0.316 0.002 32.97
0.313 0.003 33.0
0.311 0.003 33.04
0.31 0.002 33.07
0.311 0.002 33.1
0.313 0.003 33.14
0.315 0.002 33.17
0.316 0.002 33.2
0.315 0.002 33.24
0.315 0.002 33.27
0.314 0.002 33.3
0.313 0.001 33.34
0.313 0.003 33.37
0.313 0.001 33.4
0.313 0.002 33.44
0.313 0.003 33.47
0.313 0.001 33.5
0.312 0.003 33.54
0.309 0.008 33.57
0.304 0.013 33.6
0.298 0.021 33.63
0.296 0.029 33.67
0 0 33.7
0 0 33.73
0.354 0.099 33.77
0.393 0.042 33.8
0 0 33.84
0 0 33.87
0 0 33.9
0 0 33.93
0 0 33.97
0 0 34.0
0 0 34.03
0 0 34.07
0 0 34.1
0 0 34.13
0 0 34.17
0 0 34.2
0 0 34.23
0 0 34.27
0 0 34.3
0 0 34.33
0 0 34.37
0 0 34.4
0 0 34.43
0 0 34.47
0 0 34.5
0 0 34.53
0 0 34.57
0 0 34.6
0 0 34.63
0 0 34.67
0 0 34.7
0 0 34.73
0 0 34.77
0 0 34.8
0 0 34.83
0 0 34.86
0 0 34.9
0 0 34.93
0 0 34.97
0 0 35.0
0.503 0.122 35.04
0.481 0.024 35.07
0.457 0.025 35.1
0.433 0.025 35.13
0.41 0.025 35.17
0.39 0.023 35.2
0.373 0.022 35.23
0.357 0.021 35.27
0 0 35.3
0.332 0.04 35.34
0.323 0.018 35.37
0.317 0.015 35.4
0.314 0.013 35.43
0.313 0.009 35.47
0.313 0.007 35.5
0.314 0.005 35.53
0.312 0.002 35.57
0.31 0.005 35.6
0.309 0.006 35.64
0.31 0.004 35.67
0.313 0.008 35.7
0.317 0.006 35.73
0.319 0.006 35.77
0.321 0.005 35.8
0.322 0.004 35.84
0.324 0.004 35.87
0.326 0.003 35.9
0.327 0.002 35.94
0.328 0.001 35.97
0.328 0.004 36.0
0.328 0.007 36.04
0.327 0.006 36.07
0.326 0.008 36.1
0.327 0.008 36.14
0.327 0.007 36.17
0.327 0.007 36.2
0.327 0.004 36.24
0.327 0.004 36.27
0.325 0.003 36.3
0.323 0.004 36.34
0.32 0.003 36.37
0.317 0.003 36.4
0.314 0.003 36.43
0.312 0.003 36.47
0.31 0.003 36.5
0.307 0.005 36.53
0.304 0.003 36.57
0.302 0.004 36.6
0.3 0.003 36.64
0.297 0.003 36.67
0.293 0.003 36.7
0.291 0.005 36.73
0.288 0.007 36.77
0.285 0.011 36.8
0.284 0.018 36.84
0.287 0.024 36.87
0.296 0.03 36.9
0.313 0.036 36.94
0 0 36.97
0 0 37.0
0.406 0.105 37.03
0.448 0.043 37.07
0 0 37.1
0 0 37.13
0 0 37.17
0 0 37.2
0 0 37.23
0 0 37.27
0 0 37.3
0 0 37.33
0 0 37.37
0 0 37.4
0 0 37.43
0 0 37.47
0 0 37.5
0 0 37.53
0 0 37.57
0 0 37.6
0 0 37.63
0 0 37.67
0 0 37.7
0 0 37.73
0 0 37.77
0 0 37.8
0 0 37.83
0 0 37.87
0.616 0.185 37.9
0 0 37.93
0 0 37.97
0 0 38.0
0 0 38.03
0.612 0.007 38.07
0 0 38.1
0 0 38.13
0 0 38.17
0 0 38.2
0 0 38.23
0 0 38.27
0 0 38.3
0 0 38.33
0 0 38.37
0 0 38.4
0 0 38.43
0 0 38.47
0 0 38.5
0 0 38.53
0 0 38.57
0 0 38.6
0 0 38.63
0 0 38.67
0 0 38.7
0 0 38.73
0 0 38.77
0 0 38.8
0.598 0.018 38.84
0 0 38.87
0 0 38.9
0 0 38.93
0 0 38.97
0 0 39.0
0 0 39.03
0.51 0.099 39.07
0.487 0.025 39.1
0.465 0.024 39.13
0.447 0.021 39.17
0.429 0.022 39.2
0.42 0.015 39.24
0.414 0.013 39.27
0.412 0.013 39.3
0.413 0.008 39.34
0.417 0.006 39.37
0.42 0.004 39.4
0.423 0.004 39.43
0.426 0.004 39.47
0.427 0.004 39.5
0.427 0.004 39.53
0.427 0.003 39.57
0.426 0.001 39.6
0.425 0.003 39.63
0.424 0.001 39.67
0.424 0.001 39.7
0.424 0.002 39.73
0.425 0.002 39.77
0.425 0.002 39.8
0.424 0.002 39.84
0.424 0.004 39.87
0.425 0.004 39.9
0.425 0.003 39.93
0.424 0.001 39.97
0.424 0.001 40.0
0.423 0.001 40.03
0.423 0.002 40.07
0.422 0.002 40.1
0.422 0.001 40.13
0.42 0.003 40.17
0.419 0.003 40.2
0.42 0.004 40.23
0.42 0.006 40.27
0.419 0.006 40.3
0.419 0.006 40.34
0.418 0.006 40.37
0.416 0.005 40.4
0.412 0.006 40.43
0.407 0.007 40.47
0.399 0.008 40.51
0.39 0.01 40.53
0.381 0.011 40.57
0.369 0.012 40.6
0.357 0.014 40.64
0.345 0.014 40.67
0 0 40.7
0 0 40.73
0.313 0.042 40.77
0.308 0.012 40.8
0.302 0.011 40.84
0.299 0.007 40.87
0.299 0.006 40.9
0.298 0.004 40.94
0.298 0.002 40.97
0.298 0.002 41.0
0.296 0.002 41.04
0.298 0.003 41.07
0.299 0.003 41.1
0.299 0.001 41.13
0.295 0.003 41.17
0.294 0.004 41.2
0.292 0.004 41.24
0.287 0.003 41.27
0.286 0.008 41.3
0.286 0.003 41.34
0.281 0.004 41.37
0.283 0.002 41.4
0.283 0.002 41.44
0.279 0.002 41.47
0 0 41.5
0.276 0.006 41.53
0.275 0.004 41.57
0.27 0.002 41.6
0 0 41.63
0.267 0.004 41.67
0 0 41.7
0 0 41.73
0 0 41.77
0 0 41.8
0 0 41.84
0 0 41.87
0 0 41.9
0 0 41.93
0 0 41.97
0 0 42.0
0 0 42.03
0 0 42.07
0 0 42.1
0 0 42.13
0 0 42.17
0 0 42.2
0 0 42.23
0 0 42.27
0 0 42.3
0 0 42.34
0 0 42.37
0 0 42.4
0 0 42.44
0 0 42.47
0 0 42.5
0 0 42.54
0 0 42.57
0 0 42.6
0.217 0.022 42.64
0.204 0.007 42.67
0.203 0.01 42.7
0.205 0.013 42.73
0.206 0.021 42.77
0.217 0.027 42.8
0.233 0.029 42.84
0.255 0.038 42.87
0 0 42.9
0 0 42.93
0 0 42.96
0 0 43.0
0 0 43.03
0 0 43.07
0 0 43.1
0 0 43.13
0 0 43.17
0 0 43.2
0 0 43.23
0 0 43.26
0 0 43.3
0 0 43.33
0 0 43.36
0 0 43.4
0 0 43.43
0 0 43.46
0 0 43.5
0 0 43.53
0 0 43.57
0 0 43.6
0 0 43.63
0 0 43.67
0 0 43.7
0 0 43.73
0 0 43.76
0 0 43.8
0 0 43.83
0 0 43.86
0 0 43.9
0 0 43.93
0 0 43.96
0 0 44.0
0 0 44.03
0 0 44.06
0 0 44.1
0 0 44.13
0 0 44.16
0 0 44.2
0 0 44.23
0 0 44.26
0 0 44.3
0 0 44.33
0 0 44.36
0 0 44.4
0 0 44.43
0 0 44.47
0 0 44.5
0 0 44.53
0 0 44.57
0 0 44.6
0 0 44.63
0 0 44.67
0 0 44.7
0 0 44.73
0 0 44.76
0 0 44.8
0 0 44.83
0 0 44.86
0 0 44.9
0 0 44.93
0 0 44.96
0 0 45.0
0 0 45.03
0 0 45.06
0 0 45.1
0 0 45.13
0 0 45.17
0 0 45.2
0 0 45.23
0 0 45.26
0 0 45.3
0 0 45.33
0 0 45.36
0 0 45.4
0 0 45.43
0 0 45.46
0 0 45.5
0 0 45.53
0 0 45.57
0 0 45.6
0 0 45.63
0 0 45.67
0 0 45.7
0 0 45.73
0 0 45.76
0 0 45.8
0 0 45.83
0 0 45.86
0 0 45.9
0 0 45.93
0 0 45.97
0 0 46.0
0 0 46.03
0 0 46.06
0 0 46.1
0 0 46.13
0 0 46.17
0 0 46.2
0 0 46.23
0 0 46.26
0 0 46.3
0 0 46.33
0 0 46.36
0 0 46.4
0 0 46.43
0 0 46.46
0 0 46.5
0 0 46.53
0 0 46.56
0 0 46.6
0 0 46.63
0 0 46.67
0 0 46.7
0 0 46.73
0 0 46.76
0 0 46.8
0 0 46.83
0 0 46.86
0 0 46.9
0 0 46.93
0 0 46.96
0 0 47.0
0 0 47.03
0 0 47.07
0 0 47.1
0 0 47.13
0 0 47.17
0 0 47.2
0 0 47.23
0 0 47.26
0 0 47.3
0 0 47.33
0 0 47.37
0 0 47.4
0 0 47.43
0 0 47.46
0 0 47.5
0 0 47.53
0 0 47.56
0 0 47.6
0 0 47.63
0 0 47.67
0 0 47.7
0 0 47.73
0 0 47.76
0 0 47.8
0 0 47.83
0 0 47.86
0 0 47.9
0 0 47.93
0 0 47.96
0 0 48.0
0 0 48.03
0 0 48.06
0 0 48.1
0 0 48.13
0 0 48.17
0 0 48.2
0 0 48.23
0 0 48.26
0 0 48.3
0 0 48.34
0 0 48.36
0 0 48.4
0 0 48.43
0 0 48.46
0 0 48.5
0 0 48.53
0 0 48.56
0 0 48.6
0 0 48.63
0 0 48.66
0 0 48.7
0 0 48.73
0 0 48.76
0 0 48.8
0 0 48.83
0 0 48.86
0 0 48.9
0 0 48.93
0 0 48.96
0 0 49.0
0 0 49.03
0 0 49.06
0 0 49.1
0 0 49.13
0 0 49.17
0 0 49.2
0 0 49.23
0 0 49.26
0 0 49.3
0 0 49.33
0 0 49.36
0 0 49.4
0 0 49.43
0 0 49.46
0 0 49.5
0 0 49.53
0 0 49.56
0 0 49.6
0 0 49.63
0 0 49.67
0 0 49.7
0 0 49.73
0 0 49.76
0 0 49.8
0 0 49.83
0 0 49.86
0 0 49.9
0 0 49.93
0 0 49.96
0 0 50.0
0 0 50.03
0 0 50.06
0 0 50.1
0 0 50.13
0 0 50.16
0 0 50.2
0 0 50.23
0 0 50.26
0 0 50.3
0 0 50.33
0 0 50.36
0 0 50.4
0 0 50.43
0 0 50.46
0 0 50.5
0 0 50.53
0 0 50.57
0 0 50.6
0 0 50.63
0 0 50.66
0 0 50.7
0 0 50.73
0 0 50.76
0 0 50.8
0 0 50.83
0 0 50.86
0 0 50.9
0 0 50.93
0 0 50.96
0 0 51.0
0 0 51.03
0 0 51.06
0 0 51.1
0 0 51.13
0 0 51.17
0 0 51.2
0 0 51.23
0 0 51.26
0 0 51.3
0 0 51.33
0 0 51.36
0 0 51.4
0 0 51.43
0 0 51.46
0 0 51.5
0 0 51.53
0 0 51.56
0 0 51.6
0 0 51.63
0 0 51.66
0 0 51.7
0 0 51.73
0 0 51.76
0 0 51.8
0 0 51.83
0 0 51.86
0 0 51.9
0 0 51.93
0 0 51.96
0 0 52.0
0 0 52.03
0 0 52.06
0 0 52.1
0 0 52.13
0 0 52.16
0 0 52.2
0 0 52.23
0 0 52.26
0 0 52.3
0 0 52.33
0 0 52.36
0 0 52.4
0 0 52.43
0 0 52.46
0 0 52.5
0 0 52.53
0 0 52.56
0 0 52.6
0 0 52.63
0 0 52.67
0 0 52.7
0 0 52.73
0 0 52.76
0 0 52.8
0 0 52.83
0 0 52.86
0 0 52.9
0 0 52.93
0 0 52.96
0 0 53.0
0 0 53.03
0 0 53.06
0 0 53.1
0 0 53.13
0 0 53.16
0 0 53.2
0 0 53.23
0 0 53.26
0 0 53.3
0 0 53.33
0 0 53.36
0 0 53.4
0 0 53.43
0 0 53.46
0.5 0.296 53.5
0 0 53.53
0 0 53.56
0 0 53.6
0 0 53.63
0 0 53.66
0 0 53.7
0.488 0.016 53.73
0 0 53.76
0 0 53.8
0 0 53.83
0 0 53.86
0 0 53.9
0 0 53.93
0.329 0.164 53.97
0.295 0.038 54.0
0.263 0.037 54.03
0.237 0.035 54.07
0 0 54.1
0 0 54.13
0.222 0.077 54.17
0.229 0.015 54.2
0.237 0.011 54.23
0.244 0.007 54.27
0.249 0.005 54.3
0.256 0.004 54.33
0.258 0.005 54.37
0.261 0.006 54.4
0.264 0.007 54.43
0.264 0.006 54.47
0.263 0.004 54.5
0.261 0.006 54.53
0.263 0.003 54.57
0.263 0.001 54.6
0.263 0.003 54.63
0.265 0.001 54.67
0.265 0.002 54.7
0.265 0.002 54.73
0.268 0.005 54.77
0.268 0.005 54.8
0.268 0.006 54.83
0.271 0.008 54.87
0.271 0.006 54.9
0.273 0.008 54.93
0.273 0.005 54.97
0.273 0.005 55.0
0.271 0.004 55.03
0.268 0.005 55.07
0.268 0.004 55.1
0.265 0.003 55.13
0.263 0.004 55.17
0.26 0.008 55.2
0.252 0.014 55.23
0.243 0.021 55.27
0.242 0.028 55.3
0.247 0.03 55.33
0 0 55.37
0 0 55.4
0.334 0.103 55.43
0.374 0.041 55.46
0.416 0.041 55.5
0 0 55.53
0 0 55.56
0 0 55.6
0 0 55.63
0 0 55.66
0 0 55.7
0 0 55.73
0 0 55.76
0 0 55.8
0 0 55.83
0 0 55.86
0 0 55.9
0 0 55.93
0 0 55.96
0 0 56.0
0 0 56.03
0 0 56.06
0 0 56.1
0 0 56.13
0 0 56.16
0 0 56.2
0 0 56.23
0 0 56.26
0 0 56.3
0 0 56.33
0 0 56.36
0 0 56.4
0 0 56.43
0 0 56.46
0 0 56.5
0 0 56.53
0 0 56.56
0 0 56.59
0 0 56.63
0 0 56.66
0 0 56.69
0 0 56.73
0 0 56.76
0 0 56.8
0 0 56.83
0 0 56.86
0 0 56.9
0 0 56.93
0 0 56.96
0 0 57.0
0.516 0.048 57.03
0.487 0.032 57.06
0.459 0.029 57.1
0.431 0.029 57.13
0 0 57.16
0.384 0.056 57.2
0 0 57.23
0 0 57.26
0 0 57.3
0.339 0.097 57.33
0.338 0.018 57.37
0.336 0.015 57.4
0.336 0.012 57.43
0.337 0.009 57.47
0.336 0.007 57.5
0.333 0.008 57.53
0.331 0.005 57.57
0.331 0.002 57.6
0.332 0.002 57.63
0.335 0.003 57.67
0.338 0.002 57.7
0.341 0.007 57.73
0.34 0.001 57.77
0.341 0.001 57.8
0.341 0.002 57.83
0.342 0.002 57.87
0.341 0.001 57.9
0.342 0.004 57.93
0.341 0.001 57.96
0.34 0.002 58.0
0.339 0.002 58.03
0.336 0.004 58.06
0.33 0.007 58.1
0.325 0.01 58.13
0.321 0.014 58.17
0.319 0.018 58.2
0.32 0.025 58.23
0.331 0.028 58.27
0.344 0.031 58.3
0.366 0.032 58.33
0.397 0.037 58.36
0.432 0.038 58.4
0.463 0.034 58.43
0.494 0.032 58.46
0 0 58.5
0 0 58.53
0 0 58.56
0 0 58.6
0 0 58.63
0 0 58.66
0 0 58.7
0 0 58.73
0 0 58.76
0 0 58.79
0 0 58.83
0 0 58.86
0 0 58.9
0 0 58.93
0 0 58.96
0 0 59.0
0 0 59.03
0 0 59.06
0 0 59.1
0 0 59.13
0 0 59.16
0 0 59.2
0 0 59.23
0 0 59.26
0 0 59.29
0 0 59.33
0 0 59.36
0 0 59.4
0 0 59.43
0 0 59.46
0 0 59.5
0 0 59.53
0 0 59.56
0 0 59.6
0 0 59.63
0 0 59.66
0 0 59.7
0 0 59.73
0 0 59.76
0 0 59.8
0 0 59.83
0 0 59.86
0 0 59.9
0 0 59.93
0 0 59.96
0.559 0.086 60.0
0 0 60.03
0 0 60.06
0.482 0.079 60.1
0.452 0.031 60.13
0.422 0.03 60.16
0.393 0.03 60.2
0.368 0.029 60.23
0.348 0.028 60.26
0.332 0.027 60.3
0.323 0.025 60.33
0.321 0.024 60.37
0.316 0.016 60.4
0.316 0.011 60.43
0.319 0.009 60.46
0.32 0.005 60.5
0.321 0.003 60.53
0.322 0.001 60.57
0.323 0.001 60.6
0.322 0.002 60.63
0.323 0.002 60.67
0.322 0.001 60.7
0.319 0.003 60.73
0.317 0.005 60.76
0.313 0.01 60.8
0.308 0.016 60.83
0.304 0.022 60.87
0.31 0.026 60.9
0.323 0.031 60.93
0 0 60.96
0 0 61.0
0.403 0.104 61.03
0.443 0.041 61.06
0.488 0.045 61.1
0 0 61.13
0 0 61.16
0 0 61.19
0 0 61.23
0 0 61.26
0 0 61.29
0 0 61.33
0 0 61.36
0 0 61.4
0 0 61.43
0 0 61.46
0 0 61.5
0 0 61.53
0 0 61.56
0 0 61.59
0 0 61.63
0 0 61.66
0 0 61.69
0 0 61.73
0 0 61.76
0 0 61.79
0 0 61.83
0 0 61.86
0 0 61.9
0 0 61.93
0 0 61.96
0 0 62.0
0 0 62.03
0 0 62.06
0 0 62.09
0 0 62.13
0 0 62.16
0 0 62.19
0 0 62.23
0 0 62.26
0 0 62.29
0 0 62.33
0 0 62.36
0 0 62.39
0 0 62.43
0 0 62.46
0 0 62.5
0 0 62.53
0 0 62.56
0 0 62.59
0 0 62.63
0 0 62.66
0 0 62.7
0.578 0.099 62.73
0 0 62.76
0 0 62.79
0 0 62.83
0.507 0.072 62.86
0.486 0.021 62.9
0.469 0.017 62.93
0.451 0.019 62.96
0.434 0.017 63.0
0.421 0.015 63.03
0.41 0.013 63.06
0.399 0.013 63.1
0.389 0.012 63.13
0.378 0.012 63.16
0.367 0.012 63.2
0.354 0.014 63.23
0.34 0.014 63.26
0.327 0.014 63.3
0.316 0.012 63.33
0.304 0.013 63.36
0.293 0.012 63.4
0.284 0.011 63.43
0.278 0.011 63.46
0.272 0.011 63.5
0.269 0.011 63.53
0.266 0.008 63.56
0.267 0.007 63.6
0.266 0.005 63.63
0.267 0.005 63.66
0.267 0.004 63.7
0.268 0.003 63.73
0.267 0.003 63.76
0.268 0.004 63.8
0.265 0.004 63.83
0.263 0.002 63.87
0.261 0.002 63.9
0.259 0.002 63.93
0.256 0.003 63.97
0.254 0.004 64.0
0.25 0.004 64.03
0.247 0.004 64.07
0.244 0.004 64.1
0.242 0.002 64.13
0.242 0.001 64.17
0.241 0.001 64.2
0.243 0.003 64.23
0.246 0.004 64.26
0.247 0.003 64.3
0.25 0.004 64.33
0 0 64.37
0.254 0.006 64.4
0.255 0.002 64.43
0.254 0.003 64.46
0.253 0.003 64.5
0.251 0.002 64.53
0.251 0.002 64.57
0.25 0.001 64.6
0.249 0.001 64.63
0.248 0.001 64.67
0.248 0.002 64.7
0 0 64.73
0.247 0.005 64.76
0.248 0.006 64.8
0.245 0.002 64.83
0.246 0.004 64.86
0 0 64.9
0 0 64.93
0.241 0.004 64.96
0 0 65.0
0 0 65.03
0.237 0.006 65.06
0.239 0.002 65.1
0.238 0.004 65.13
0.235 0.002 65.16
0.235 0.001 65.2
0.235 0.004 65.23
0.232 0.005 65.26
0.233 0.002 65.3
0.233 0.005 65.33
0.232 0.009 65.36
0.229 0.008 65.4
0.227 0.006 65.43
0.223 0.008 65.46
0.215 0.008 65.5
0.212 0.007 65.53
0.21 0.008 65.57
0.205 0.006 65.6
0.205 0.002 65.63
0.204 0.006 65.67
0.201 0.004 65.7
0.202 0.002 65.73
0.204 0.003 65.76
0.207 0.003 65.8
0.206 0.003 65.83
0.209 0.004 65.86
0.214 0.005 65.9
0.214 0.005 65.93
0.218 0.005 65.96
0.221 0.004 66.0
0.219 0.005 66.03
0.221 0.004 66.06
0.224 0.005 66.1
0.222 0.007 66.13
0.225 0.01 66.17
0.232 0.013 66.2
0.241 0.016 66.23
0.243 0.021 66.26
0.261 0.023 66.3
0.28 0.023 66.33
0.295 0.025 66.36
0.317 0.023 66.4
