0 0 17.41
0 0 17.44
0 0 17.48
0 0 17.51
0 0 17.54
0 0 17.58
0 0 17.61
0 0 17.64
0 0 17.68
0.469 0.49 17.71
0.461 0.012 17.74
0 0 17.77
0.448 0.022 17.81
0 0 17.84
0 0 17.87
0.431 0.023 17.91
0.427 0.007 17.95
0.42 0.007 17.98
0.416 0.006 18.01
0.414 0.006 18.04
0.41 0.005 18.08
0.409 0.003 18.11
0.406 0.003 18.15
0.404 0.003 18.18
0.401 0.003 18.21
0.399 0.004 18.24
0.397 0.004 18.28
0.393 0.004 18.31
0.392 0.005 18.34
0.388 0.004 18.38
0.387 0.004 18.41
0.384 0.003 18.44
0.381 0.003 18.48
0.378 0.004 18.51
0.376 0.003 18.54
0 0 18.58
0 0 18.61
0 0 18.64
0 0 18.68
0.369 0.011 18.71
0.367 0.002 18.74
0.365 0.002 18.78
0.364 0.002 18.81
0.364 0.001 18.85
0.363 0.001 18.88
0.363 0.001 18.91
0.362 0.001 18.94
0.36 0.002 18.98
0.357 0.003 19.01
0.357 0.003 19.04
0.356 0.003 19.08
0.357 0.005 19.11
0.351 0.006 19.14
0.352 0.004 19.18
0.35 0.003 19.21
0.347 0.003 19.24
0.347 0.004 19.28
0.346 0.002 19.31
0.346 0.005 19.35
0.346 0.002 19.38
0.346 0.003 19.41
0.345 0.001 19.44
0.346 0.002 19.48
0.347 0.002 19.51
0.348 0.001 19.55
0.348 0.001 19.58
0.349 0.001 19.61
0.349 0.002 19.64
0.351 0.002 19.68
0.35 0.005 19.71
0.353 0.004 19.74
0.35 0.005 19.78
0.352 0.002 19.81
0.35 0.003 19.85
0.35 0.002 19.88
0.349 0.002 19.91
0.349 0.006 19.94
0.348 0.004 19.98
0.349 0.001 20.01
0.351 0.002 20.04
0.351 0.003 20.08
0.352 0.003 20.11
0.351 0.003 20.14
0.349 0.003 20.18
0.347 0.004 20.21
0.345 0.004 20.24
0.344 0.001 20.28
0.343 0.001 20.31
0.342 0.003 20.35
0.341 0.001 20.38
0.341 0.001 20.41
0.341 0.0 20.44
0.341 0.002 20.48
0.339 0.003 20.51
0.338 0.004 20.54
0.336 0.007 20.58
0.334 0.012 20.61
0.333 0.016 20.64
0.335 0.021 20.68
0.349 0.021 20.72
0 0 20.74
0 0 20.78
0 0 20.81
0 0 20.84
0 0 20.88
0 0 20.91
0 0 20.94
0 0 20.97
0 0 21.01
0 0 21.04
0 0 21.07
0 0 21.11
0 0 21.14
0 0 21.18
0 0 21.21
0 0 21.24
0 0 21.27
0 0 21.31
0 0 21.34
0 0 21.37
0 0 21.41
0 0 21.44
0 0 21.47
0 0 21.51
0 0 21.54
0 0 21.57
0 0 21.61
0 0 21.64
0 0 21.67
0 0 21.71
0 0 21.74
0 0 21.77
0 0 21.81
0 0 21.84
0 0 21.87
0 0 21.91
0 0 21.94
0 0 21.97
0 0 22.01
0 0 22.04
0 0 22.07
0 0 22.11
0 0 22.14
0 0 22.17
0 0 22.21
0 0 22.24
0 0 22.27
0 0 22.31
0 0 22.34
0 0 22.37
0 0 22.41
0 0 22.44
0 0 22.47
0 0 22.51
0 0 22.54
0 0 22.58
0 0 22.61
0 0 22.64
0 0 22.67
0 0 22.71
0 0 22.74
0 0 22.77
0 0 22.81
0 0 22.84
0 0 22.87
0 0 22.91
0 0 22.94
0 0 22.97
0 0 23.01
0 0 23.04
0 0 23.07
0 0 23.11
0 0 23.14
0 0 23.17
0 0 23.21
0 0 23.24
0 0 23.27
0 0 23.31
0 0 23.34
0 0 23.37
0 0 23.41
0 0 23.44
0 0 23.47
0 0 23.51
0 0 23.54
0 0 23.57
0 0 23.61
0 0 23.64
0 0 23.67
0 0 23.71
0 0 23.74
0 0 23.77
0 0 23.81
0 0 23.84
0 0 23.87
0 0 23.91
0 0 23.94
0 0 23.97
0 0 24.01
0 0 24.04
0 0 24.07
0 0 24.11
0 0 24.14
0 0 24.17
0 0 24.21
0 0 24.24
0 0 24.27
0 0 24.31
0 0 24.34
0 0 24.37
0 0 24.41
0 0 24.44
0 0 24.47
0 0 24.51
0 0 24.54
0 0 24.57
0 0 24.61
0 0 24.64
0 0 24.67
0 0 24.71
0 0 24.74
0 0 24.77
0 0 24.81
0 0 24.84
0 0 24.87
0 0 24.91
0 0 24.94
0 0 24.97
0 0 25.01
0 0 25.04
0 0 25.07
0 0 25.11
0 0 25.14
0 0 25.18
0 0 25.21
0 0 25.24
0 0 25.27
0 0 25.31
0 0 25.34
0 0 25.37
0 0 25.41
0 0 25.44
0 0 25.47
0 0 25.51
0 0 25.54
0 0 25.57
0 0 25.61
0 0 25.64
0 0 25.67
0 0 25.71
0 0 25.74
0 0 25.77
0 0 25.81
0 0 25.84
0 0 25.87
0 0 25.91
0 0 25.94
0 0 25.97
0 0 26.01
0 0 26.04
0 0 26.07
0 0 26.11
0 0 26.14
0 0 26.17
0 0 26.21
0 0 26.24
0 0 26.27
0 0 26.31
0 0 26.34
0 0 26.37
0 0 26.41
0 0 26.44
0 0 26.47
0 0 26.51
0 0 26.54
0 0 26.57
0 0 26.61
0 0 26.64
0 0 26.67
0 0 26.71
0 0 26.74
0 0 26.77
0 0 26.81
0 0 26.84
0 0 26.87
0 0 26.91
0 0 26.94
0 0 26.97
0 0 27.01
0 0 27.04
0 0 27.07
0 0 27.11
0 0 27.14
0 0 27.17
0 0 27.21
0 0 27.24
0 0 27.27
0 0 27.31
0 0 27.34
0 0 27.37
0 0 27.41
0 0 27.44
0 0 27.47
0 0 27.51
0 0 27.54
0 0 27.57
0 0 27.61
0 0 27.64
0 0 27.67
0 0 27.71
0 0 27.74
0 0 27.77
0 0 27.81
0 0 27.84
0 0 27.87
0 0 27.91
0 0 27.94
0 0 27.97
0 0 28.01
0 0 28.04
0 0 28.07
0 0 28.11
0 0 28.14
0 0 28.17
0 0 28.21
0 0 28.24
0 0 28.27
0 0 28.31
0 0 28.34
0 0 28.37
0 0 28.41
0 0 28.44
0 0 28.47
0 0 28.51
0 0 28.54
0 0 28.57
0 0 28.61
0 0 28.64
0 0 28.67
0 0 28.71
0 0 28.74
0 0 28.77
0 0 28.81
0 0 28.84
0 0 28.87
0 0 28.91
0 0 28.94
0 0 28.97
0 0 29.01
0 0 29.04
0 0 29.07
0 0 29.11
0 0 29.14
0 0 29.17
0 0 29.21
0 0 29.24
0 0 29.27
0 0 29.31
0 0 29.34
0 0 29.37
0 0 29.41
0 0 29.44
0 0 29.47
0 0 29.51
0 0 29.54
0 0 29.57
0.375 0.158 29.61
0 0 29.64
0.364 0.017 29.68
0.356 0.009 29.71
0.352 0.01 29.74
0.346 0.008 29.77
0.34 0.008 29.81
0.336 0.007 29.84
0.337 0.007 29.87
0.331 0.008 29.91
0.327 0.006 29.94
0 0 29.97
0 0 30.01
0.319 0.017 30.04
0.321 0.006 30.07
0.32 0.006 30.11
0 0 30.14
0.325 0.01 30.18
0.322 0.005 30.21
0.321 0.003 30.24
0.32 0.003 30.27
0.322 0.003 30.31
0.322 0.002 30.34
0.326 0.011 30.37
0.329 0.008 30.41
0.334 0.022 30.44
0.346 0.034 30.47
0.365 0.036 30.51
0.387 0.037 30.54
0.417 0.036 30.57
0.461 0.042 30.61
0.492 0.034 30.64
0 0 30.67
0 0 30.71
0 0 30.74
0 0 30.77
0 0 30.81
0 0 30.84
0 0 30.87
0 0 30.91
0 0 30.94
0 0 30.97
0 0 31.01
0 0 31.04
0 0 31.07
0 0 31.11
0 0 31.14
0 0 31.17
0 0 31.21
0 0 31.24
0 0 31.27
0 0 31.31
0 0 31.34
0 0 31.37
0 0 31.41
0 0 31.44
0 0 31.47
0 0 31.51
0 0 31.54
0 0 31.57
0 0 31.61
0 0 31.64
0 0 31.68
0 0 31.71
0 0 31.74
0 0 31.77
0 0 31.81
0 0 31.84
0 0 31.87
0.447 0.145 31.91
0.439 0.015 31.94
0.427 0.015 31.97
0.42 0.012 32.01
0.415 0.011 32.04
0 0 32.07
0.405 0.018 32.11
0.403 0.008 32.14
0.4 0.007 32.18
0.398 0.006 32.21
0.399 0.005 32.24
0.399 0.007 32.27
0.394 0.006 32.31
0.392 0.005 32.34
0.391 0.004 32.37
0.39 0.006 32.41
0.385 0.006 32.44
0.382 0.004 32.48
0 0 32.51
0.377 0.011 32.54
0.373 0.006 32.57
0.371 0.007 32.61
0.368 0.006 32.64
0.366 0.005 32.68
0.368 0.005 32.71
0.368 0.003 32.74
0.371 0.005 32.77
0.372 0.005 32.81
0.373 0.003 32.84
0.375 0.004 32.88
0.376 0.002 32.91
0.376 0.002 32.94
0.376 0.004 32.97
0.376 0.004 33.01
0.376 0.005 33.04
0.374 0.006 33.08
0.374 0.006 33.11
0.373 0.006 33.14
0.372 0.005 33.18
0.372 0.007 33.21
0.372 0.009 33.24
0.375 0.011 33.27
0.379 0.015 33.31
0 0 33.34
0.396 0.038 33.38
0.408 0.022 33.41
0.429 0.026 33.44
0 0 33.47
0 0 33.51
0 0 33.54
0 0 33.57
0 0 33.61
0 0 33.64
0 0 33.67
0 0 33.7
0 0 33.74
0 0 33.77
0 0 33.81
0 0 33.84
0 0 33.87
0 0 33.91
0 0 33.94
0 0 33.97
0 0 34.01
0 0 34.04
0 0 34.07
0 0 34.1
0 0 34.14
0 0 34.17
0 0 34.2
0 0 34.24
0 0 34.27
0 0 34.3
0 0 34.34
0 0 34.37
0 0 34.4
0 0 34.44
0 0 34.47
0 0 34.51
0 0 34.54
0 0 34.57
0 0 34.6
0 0 34.64
0 0 34.67
0 0 34.71
0 0 34.74
0 0 34.77
0 0 34.81
0.647 0.235 34.84
0.632 0.017 34.87
0.628 0.004 34.91
0.627 0.002 34.94
0.624 0.004 34.97
0 0 35.01
0.621 0.005 35.04
0 0 35.07
0 0 35.1
0.619 0.004 35.14
0 0 35.17
0 0 35.21
0.615 0.012 35.24
0.615 0.008 35.27
0 0 35.3
0 0 35.34
0 0 35.37
0 0 35.4
0 0 35.44
0 0 35.47
0 0 35.51
0 0 35.54
0 0 35.57
0 0 35.61
0.448 0.181 35.64
0 0 35.67
0.426 0.034 35.71
0.416 0.016 35.74
0.405 0.014 35.77
0.398 0.012 35.81
0.391 0.01 35.84
0.388 0.008 35.87
0.385 0.006 35.91
0.384 0.007 35.94
0.381 0.005 35.97
0.381 0.004 36.01
0.381 0.005 36.04
0.38 0.003 36.08
0 0 36.11
0.376 0.006 36.14
0 0 36.17
0 0 36.21
0 0 36.24
0 0 36.27
0 0 36.31
0.371 0.011 36.34
0.37 0.002 36.37
0.368 0.005 36.41
0.364 0.009 36.44
0.368 0.01 36.47
0.367 0.002 36.51
0.367 0.004 36.54
0 0 36.57
0 0 36.61
0 0 36.64
0.37 0.028 36.67
0.372 0.011 36.71
0.377 0.014 36.74
0.383 0.017 36.77
0.392 0.018 36.81
0 0 36.84
0 0 36.87
0.447 0.067 36.91
0 0 36.94
0 0 36.97
0 0 37.01
0 0 37.04
0 0 37.07
0 0 37.1
0 0 37.14
0 0 37.17
0 0 37.2
0 0 37.24
0 0 37.27
0 0 37.3
0 0 37.34
0 0 37.37
0 0 37.4
0 0 37.44
0 0 37.47
0 0 37.51
0 0 37.54
0 0 37.57
0 0 37.6
0 0 37.64
0 0 37.67
0 0 37.7
0 0 37.74
0 0 37.77
0 0 37.8
0 0 37.84
0 0 37.87
0 0 37.9
0 0 37.94
0 0 37.97
0 0 38.01
0 0 38.04
0 0 38.07
0 0 38.1
0 0 38.14
0 0 38.17
0 0 38.2
0 0 38.24
0 0 38.27
0 0 38.3
0 0 38.34
0 0 38.37
0 0 38.4
0 0 38.44
0 0 38.47
0 0 38.51
0 0 38.54
0 0 38.57
0 0 38.6
0 0 38.64
0 0 38.67
0 0 38.7
0 0 38.74
0 0 38.77
0 0 38.8
0 0 38.84
0 0 38.87
0 0 38.9
0 0 38.94
0.446 0.019 38.97
0.432 0.019 39.01
0.422 0.016 39.04
0 0 39.07
0.409 0.026 39.11
0.406 0.01 39.14
0.403 0.009 39.17
0.403 0.007 39.21
0.405 0.01 39.24
0.402 0.007 39.28
0.399 0.004 39.31
0.399 0.003 39.34
0.399 0.005 39.37
0.397 0.003 39.41
0.395 0.003 39.44
0.391 0.005 39.47
0.389 0.002 39.51
0.388 0.003 39.54
0.385 0.003 39.57
0.382 0.005 39.61
0.381 0.002 39.64
0.383 0.003 39.67
0.385 0.002 39.71
0.39 0.007 39.74
0.393 0.002 39.77
0.396 0.006 39.81
0.398 0.003 39.84
0.401 0.003 39.87
0.402 0.002 39.91
0.404 0.003 39.94
0.405 0.002 39.97
0.405 0.001 40.01
0.404 0.003 40.04
0.405 0.001 40.07
0.404 0.002 40.11
0.401 0.005 40.14
0.402 0.002 40.17
0.401 0.002 40.21
0.401 0.003 40.24
0.401 0.002 40.27
0.4 0.002 40.31
0.397 0.003 40.34
0.395 0.004 40.37
0.39 0.005 40.41
0.386 0.005 40.44
0.383 0.005 40.47
0.379 0.004 40.51
0.376 0.003 40.54
0.376 0.006 40.57
0.373 0.004 40.61
0.371 0.005 40.64
0.369 0.005 40.67
0.366 0.004 40.71
0.366 0.006 40.74
0.366 0.004 40.77
0.367 0.004 40.81
0.371 0.006 40.84
0.373 0.002 40.87
0.375 0.003 40.91
0.379 0.005 40.94
0.382 0.005 40.97
0.385 0.003 41.01
0.388 0.003 41.04
0.389 0.003 41.07
0.392 0.005 41.11
0.392 0.001 41.14
0.396 0.004 41.17
0.396 0.002 41.21
0.397 0.002 41.24
0.397 0.004 41.27
0.397 0.002 41.31
0.397 0.003 41.34
0.399 0.004 41.37
0.4 0.006 41.41
0.401 0.005 41.44
0.404 0.005 41.47
0.402 0.01 41.51
0.401 0.008 41.54
0 0 41.57
0.401 0.017 41.61
0.401 0.011 41.64
0.404 0.013 41.68
0.408 0.016 41.71
0.413 0.017 41.74
0 0 41.77
0.435 0.038 41.81
0 0 41.84
0 0 41.87
0 0 41.91
0 0 41.94
0 0 41.97
0 0 42.01
0 0 42.04
0 0 42.07
0 0 42.1
0 0 42.14
0 0 42.17
0 0 42.2
0 0 42.24
0 0 42.27
0 0 42.3
0 0 42.34
0 0 42.37
0 0 42.4
0 0 42.44
0 0 42.47
0 0 42.5
0 0 42.54
0 0 42.57
0 0 42.6
0 0 42.64
0 0 42.67
0 0 42.7
0 0 42.74
0 0 42.77
0 0 42.8
0 0 42.84
0.599 0.202 42.87
0.599 0.003 42.91
0 0 42.94
0 0 42.97
0 0 43.01
0 0 43.04
0 0 43.07
0 0 43.1
0 0 43.14
0 0 43.17
0 0 43.2
0 0 43.24
0 0 43.27
0 0 43.3
0 0 43.34
0 0 43.37
0.588 0.03 43.41
0 0 43.44
0 0 43.47
0 0 43.51
0 0 43.54
0 0 43.57
0 0 43.6
0 0 43.64
0 0 43.67
0 0 43.7
0 0 43.74
0 0 43.77
0 0 43.8
0 0 43.84
0 0 43.87
0 0 43.9
0 0 43.94
0 0 43.97
0 0 44.0
0 0 44.04
0 0 44.07
0 0 44.1
0 0 44.14
0 0 44.17
0 0 44.2
0 0 44.24
0 0 44.27
0 0 44.3
0 0 44.34
0 0 44.37
0 0 44.4
0 0 44.44
0 0 44.47
0 0 44.51
0 0 44.54
0 0 44.57
0 0 44.6
0 0 44.64
0 0 44.67
0 0 44.7
0 0 44.74
0 0 44.77
0 0 44.8
0 0 44.84
0 0 44.87
0 0 44.9
0 0 44.94
0 0 44.97
0 0 45.0
0 0 45.04
0 0 45.07
0 0 45.1
0 0 45.14
0 0 45.17
0 0 45.2
0 0 45.24
0 0 45.27
0 0 45.3
0 0 45.34
0 0 45.37
0 0 45.4
0 0 45.44
0 0 45.47
0 0 45.5
0 0 45.54
0 0 45.57
0 0 45.6
0 0 45.64
0 0 45.67
0 0 45.7
0 0 45.74
0 0 45.77
0 0 45.8
0 0 45.84
0 0 45.87
0 0 45.9
0 0 45.94
0 0 45.97
0 0 46.01
0 0 46.04
0 0 46.07
0 0 46.1
0 0 46.14
0 0 46.17
0 0 46.2
0 0 46.24
0 0 46.27
0 0 46.3
0 0 46.34
0 0 46.37
0 0 46.4
0 0 46.44
0 0 46.47
0 0 46.5
0 0 46.54
0 0 46.57
0 0 46.6
0 0 46.64
0 0 46.67
0 0 46.7
0 0 46.74
0 0 46.77
0 0 46.8
0 0 46.84
0 0 46.87
0 0 46.9
0 0 46.94
0 0 46.97
0 0 47.0
0 0 47.04
0 0 47.07
0 0 47.1
0 0 47.14
0 0 47.17
0 0 47.2
0 0 47.24
0 0 47.27
0 0 47.3
0 0 47.34
0 0 47.37
0 0 47.4
0 0 47.44
0 0 47.47
0 0 47.5
0 0 47.54
0 0 47.57
0 0 47.6
0 0 47.64
0 0 47.67
0 0 47.7
0 0 47.74
0 0 47.77
0 0 47.8
0 0 47.84
0 0 47.87
0 0 47.9
0 0 47.94
0 0 47.97
0 0 48.0
0 0 48.04
0 0 48.07
0 0 48.1
0 0 48.14
0 0 48.17
0 0 48.2
0 0 48.24
0 0 48.27
0 0 48.3
0 0 48.34
0 0 48.37
0 0 48.4
0 0 48.44
0 0 48.47
0 0 48.5
0 0 48.54
0 0 48.57
0 0 48.6
0 0 48.64
0 0 48.67
0 0 48.7
0 0 48.74
0 0 48.77
0 0 48.8
0 0 48.84
0 0 48.87
0 0 48.9
0 0 48.94
0 0 48.97
0 0 49.0
0 0 49.04
0 0 49.07
0 0 49.1
0 0 49.14
0 0 49.17
0 0 49.2
0 0 49.24
0 0 49.27
0 0 49.3
0 0 49.34
0 0 49.37
0 0 49.4
0 0 49.44
0 0 49.47
0 0 49.5
0 0 49.54
0 0 49.57
0 0 49.6
0 0 49.64
0 0 49.67
0 0 49.7
0 0 49.74
0 0 49.77
0 0 49.8
0 0 49.84
0 0 49.87
0 0 49.9
0 0 49.94
0 0 49.97
0 0 50.0
0 0 50.04
0 0 50.07
0 0 50.1
0 0 50.14
0 0 50.17
0 0 50.2
0 0 50.24
0 0 50.27
0 0 50.3
0 0 50.34
0 0 50.37
0 0 50.4
0 0 50.44
0 0 50.47
0 0 50.5
0 0 50.54
0 0 50.57
0 0 50.6
0 0 50.64
0 0 50.67
0 0 50.7
0 0 50.74
0 0 50.77
0 0 50.8
0 0 50.84
0 0 50.87
0 0 50.9
0 0 50.94
0 0 50.97
0 0 51.0
0 0 51.04
0 0 51.07
0 0 51.1
0 0 51.14
0 0 51.17
0 0 51.2
0 0 51.24
0 0 51.27
0 0 51.3
0 0 51.34
0 0 51.37
0 0 51.4
0 0 51.43
0 0 51.47
0 0 51.5
0 0 51.54
0 0 51.57
0 0 51.6
0 0 51.63
0 0 51.67
0 0 51.7
0 0 51.73
0 0 51.77
0 0 51.8
0 0 51.84
0 0 51.87
0 0 51.9
0 0 51.94
0 0 51.97
0 0 52.0
0 0 52.04
0 0 52.07
0 0 52.1
0.316 0.193 52.14
0.32 0.007 52.17
0 0 52.2
0 0 52.24
0 0 52.27
0.317 0.013 52.31
0 0 52.34
0 0 52.37
0.317 0.007 52.4
0 0 52.43
0 0 52.47
0 0 52.5
0 0 52.54
0 0 52.57
0 0 52.6
0 0 52.63
0 0 52.67
0.301 0.028 52.7
0.301 0.014 52.74
0 0 52.77
0 0 52.8
0 0 52.84
0 0 52.87
0 0 52.9
0 0 52.93
0 0 52.97
0 0 53.0
0 0 53.03
0 0 53.07
0 0 53.1
0 0 53.13
0 0 53.17
0 0 53.2
0 0 53.23
0 0 53.27
0 0 53.3
0 0 53.34
0 0 53.37
0 0 53.4
0 0 53.43
0 0 53.47
0 0 53.5
0 0 53.54
0 0 53.57
0 0 53.6
0 0 53.63
0 0 53.67
0 0 53.7
0 0 53.74
0 0 53.77
0 0 53.8
0 0 53.84
0 0 53.87
0 0 53.9
0 0 53.93
0.319 0.091 53.97
0 0 54.0
0 0 54.04
0 0 54.07
0.287 0.059 54.1
0.284 0.012 54.14
0 0 54.17
0.278 0.022 54.2
0.277 0.008 54.24
0.276 0.007 54.27
0.275 0.006 54.3
0.274 0.004 54.34
0.273 0.006 54.37
0.278 0.017 54.4
0.282 0.022 54.44
0.292 0.027 54.47
0 0 54.5
0.332 0.064 54.54
0.358 0.031 54.57
0 0 54.6
0 0 54.64
0 0 54.67
0 0 54.7
0 0 54.73
0 0 54.77
0 0 54.8
0 0 54.84
0 0 54.87
0 0 54.9
0 0 54.93
0 0 54.97
0 0 55.0
0 0 55.03
0 0 55.07
0 0 55.1
0 0 55.13
0 0 55.17
0 0 55.2
0 0 55.23
0 0 55.27
0 0 55.3
0 0 55.34
0 0 55.37
0 0 55.4
0 0 55.43
0 0 55.47
0 0 55.5
0 0 55.53
0 0 55.57
0 0 55.6
0 0 55.63
0 0 55.67
0 0 55.7
0 0 55.73
0 0 55.77
0 0 55.8
0 0 55.84
0 0 55.87
0.365 0.062 55.9
0.353 0.018 55.94
0 0 55.97
0.331 0.038 56.0
0.322 0.015 56.04
0 0 56.07
0.314 0.026 56.1
0.311 0.01 56.14
0.309 0.008 56.17
0.312 0.007 56.2
0.31 0.006 56.24
0.309 0.005 56.27
0.309 0.007 56.3
0.311 0.003 56.34
0.309 0.006 56.37
0.306 0.004 56.4
0.314 0.006 56.43
0.312 0.005 56.47
0.311 0.005 56.5
0.313 0.012 56.54
0.314 0.025 56.57
0.319 0.031 56.6
0.33 0.03 56.64
0.346 0.031 56.67
0.367 0.03 56.7
0.389 0.027 56.74
0 0 56.77
0 0 56.8
0 0 56.84
0 0 56.87
0 0 56.9
0 0 56.93
0 0 56.97
0 0 57.0
0 0 57.03
0 0 57.07
0 0 57.1
0 0 57.13
0 0 57.17
0 0 57.2
0 0 57.23
0 0 57.27
0 0 57.3
0 0 57.34
0 0 57.37
0 0 57.4
0 0 57.43
0 0 57.47
0 0 57.5
0 0 57.53
0 0 57.57
0 0 57.6
0 0 57.63
0 0 57.67
0 0 57.7
0 0 57.73
0 0 57.77
0 0 57.8
0 0 57.84
0 0 57.87
0 0 57.9
0 0 57.93
0 0 57.97
0 0 58.0
0 0 58.03
0 0 58.07
0 0 58.1
0 0 58.13
0 0 58.17
0 0 58.2
0 0 58.24
0 0 58.27
0.498 0.1 58.3
0.484 0.018 58.34
0 0 58.37
0 0 58.4
0 0 58.43
0.451 0.055 58.47
0.443 0.013 58.5
0.437 0.011 58.54
0.43 0.01 58.57
0.428 0.008 58.6
0.422 0.009 58.64
0.417 0.007 58.67
0.414 0.006 58.71
0.41 0.006 58.74
0.406 0.006 58.77
0.403 0.007 58.8
0.401 0.008 58.84
0.395 0.008 58.87
0.389 0.007 58.9
0.385 0.007 58.94
0.379 0.007 58.97
0.374 0.007 59.01
0.371 0.006 59.04
0.366 0.006 59.07
0.362 0.005 59.1
0.359 0.004 59.14
0.356 0.003 59.17
0.353 0.004 59.2
0.349 0.004 59.24
0.347 0.004 59.27
0.343 0.005 59.3
0.339 0.004 59.34
0 0 59.37
0.335 0.007 59.4
0 0 59.43
0 0 59.47
0 0 59.5
0.334 0.011 59.54
0.334 0.003 59.57
0.334 0.001 59.6
0.334 0.005 59.64
0.333 0.005 59.67
0.332 0.006 59.7
0.332 0.009 59.74
0.332 0.011 59.77
0.335 0.014 59.8
0.342 0.017 59.84
0.354 0.02 59.87
0.369 0.022 59.9
0.391 0.025 59.94
0.413 0.025 59.97
0.44 0.03 60.0
0.464 0.025 60.04
0 0 60.07
0 0 60.1
0 0 60.13
0 0 60.17
0 0 60.2
0 0 60.23
0 0 60.27
0 0 60.3
0 0 60.34
0 0 60.37
0 0 60.4
0 0 60.43
0 0 60.47
0 0 60.5
0 0 60.53
0 0 60.57
0 0 60.6
0 0 60.63
0 0 60.67
0 0 60.7
0 0 60.73
0 0 60.77
0 0 60.8
0 0 60.84
0 0 60.87
0 0 60.9
0 0 60.93
0 0 60.97
0 0 61.0
0 0 61.03
0 0 61.07
0 0 61.1
0 0 61.13
0 0 61.17
0 0 61.2
0 0 61.23
0 0 61.27
0 0 61.3
0 0 61.34
0 0 61.37
0 0 61.4
0 0 61.43
0 0 61.47
0 0 61.5
0 0 61.53
0 0 61.57
0 0 61.6
0 0 61.63
0 0 61.67
0 0 61.7
0 0 61.73
0 0 61.77
0 0 61.8
0 0 61.83
0 0 61.87
0 0 61.9
0 0 61.93
0 0 61.97
0 0 62.0
0 0 62.03
0.647 0.185 62.07
0 0 62.1
0 0 62.13
0 0 62.17
0 0 62.2
0 0 62.23
0 0 62.27
0 0 62.3
0 0 62.33
0 0 62.37
0.634 0.02 62.4
0 0 62.43
0 0 62.47
0 0 62.5
0 0 62.53
0 0 62.57
0 0 62.6
0 0 62.63
0 0 62.67
0 0 62.7
0 0 62.73
0 0 62.77
0 0 62.8
0 0 62.83
0 0 62.87
0 0 62.9
0 0 62.93
0.474 0.175 62.97
0.464 0.011 63.0
0 0 63.03
0.444 0.022 63.07
0.435 0.011 63.1
0.427 0.01 63.14
0.421 0.009 63.17
0.417 0.008 63.2
0.414 0.007 63.24
0 0 63.27
0.41 0.011 63.3
0.409 0.004 63.34
0.408 0.004 63.37
0.408 0.005 63.4
0.406 0.004 63.43
0.406 0.004 63.47
0.405 0.004 63.5
0.403 0.004 63.54
0.399 0.004 63.57
0.398 0.005 63.6
0.395 0.005 63.63
0.397 0.008 63.67
0.393 0.005 63.7
0.392 0.004 63.74
0.393 0.004 63.77
0.391 0.003 63.81
0.391 0.003 63.84
0.389 0.003 63.87
0.39 0.004 63.9
0.387 0.004 63.94
0.388 0.004 63.97
0.384 0.004 64.0
0.385 0.003 64.03
0.388 0.004 64.07
0.386 0.004 64.1
0.389 0.004 64.13
0.39 0.002 64.17
0.392 0.003 64.2
0.391 0.002 64.24
0.391 0.001 64.27
0.392 0.002 64.3
0.392 0.002 64.34
0.393 0.003 64.37
0.394 0.003 64.4
0.393 0.005 64.43
0.393 0.005 64.47
0.394 0.007 64.5
0.397 0.011 64.53
0.405 0.014 64.57
0.41 0.017 64.6
0.425 0.02 64.63
0.438 0.021 64.67
0.458 0.024 64.7
0 0 64.73
0 0 64.77
0 0 64.8
0 0 64.83
0 0 64.87
0 0 64.9
0 0 64.93
0 0 64.97
0 0 65.0
0 0 65.03
0 0 65.07
0 0 65.1
0 0 65.13
0 0 65.17
0 0 65.2
0 0 65.23
0 0 65.27
0 0 65.3
0 0 65.33
0 0 65.37
0 0 65.4
0 0 65.43
0 0 65.47
0 0 65.5
0 0 65.53
0 0 65.57
0 0 65.6
0 0 65.63
0 0 65.67
0 0 65.7
0 0 65.73
0 0 65.77
0 0 65.8
0 0 65.83
0 0 65.87
0 0 65.9
0 0 65.93
0 0 65.97
0 0 66.0
0 0 66.03
0 0 66.07
0 0 66.1
0 0 66.13
0 0 66.17
0.619 0.18 66.2
0 0 66.23
0 0 66.27
0 0 66.3
0.61 0.011 66.34
0 0 66.37
0.605 0.003 66.4
0 0 66.43
0 0 66.47
0.599 0.005 66.5
0.602 0.003 66.53
0.604 0.003 66.57
0.601 0.002 66.6
0.599 0.003 66.63
0.601 0.004 66.67
0.596 0.002 66.7
0.594 0.002 66.73
0.595 0.003 66.77
0 0 66.8
0.591 0.005 66.84
0.586 0.005 66.87
0.592 0.008 66.9
0 0 66.93
0.583 0.005 66.97
0.585 0.002 67.0
0.578 0.004 67.04
0 0 67.07
0 0 67.1
0.579 0.006 67.14
0.588 0.01 67.17
0.592 0.005 67.2
0 0 67.23
0.57 0.025 67.27
0.59 0.021 67.3
0.575 0.024 67.34
0 0 67.37
0 0 67.4
0 0 67.43
0 0 67.47
0 0 67.5
0 0 67.53
0 0 67.57
0 0 67.6
0 0 67.63
0 0 67.67
0 0 67.7
0 0 67.73
0 0 67.77
0 0 67.8
0 0 67.83
0 0 67.87
0 0 67.9
0 0 67.93
0 0 67.97
0 0 68.0
0 0 68.03
0 0 68.06
0 0 68.1
0 0 68.13
0 0 68.17
0 0 68.2
0 0 68.23
0 0 68.27
0 0 68.3
0 0 68.33
0 0 68.37
0 0 68.4
0 0 68.43
0 0 68.47
0 0 68.5
0 0 68.53
0 0 68.57
0 0 68.6
0 0 68.63
0 0 68.67
0 0 68.7
0 0 68.73
0 0 68.77
0 0 68.8
0 0 68.83
0 0 68.87
0 0 68.9
0 0 68.93
0 0 68.97
0 0 69.0
0 0 69.03
0 0 69.07
0 0 69.1
0 0 69.13
0 0 69.17
0 0 69.2
0 0 69.23
0 0 69.27
0 0 69.3
0 0 69.33
0 0 69.37
0 0 69.4
0 0 69.43
0 0 69.47
0 0 69.5
0 0 69.53
0 0 69.57
0 0 69.6
0 0 69.63
0 0 69.67
0 0 69.7
0 0 69.73
0 0 69.77
0 0 69.8
0 0 69.83
0 0 69.87
0 0 69.9
0 0 69.93
0 0 69.97
0 0 70.0
0 0 70.03
0 0 70.07
0 0 70.1
0 0 70.13
0 0 70.17
0 0 70.2
0 0 70.23
0 0 70.27
0 0 70.3
0 0 70.34
0 0 70.37
0 0 70.4
0 0 70.43
0 0 70.47
0 0 70.5
0 0 70.53
0 0 70.57
0 0 70.6
0 0 70.63
0 0 70.67
0 0 70.7
0 0 70.73
0 0 70.77
0 0 70.8
0 0 70.83
0 0 70.87
0 0 70.9
0 0 70.93
0 0 70.97
0 0 71.0
0 0 71.03
0 0 71.06
0 0 71.1
0 0 71.13
0 0 71.17
0 0 71.2
0 0 71.23
0 0 71.26
0 0 71.3
0 0 71.33
0 0 71.37
0 0 71.4
0 0 71.43
0 0 71.46
0 0 71.5
0 0 71.53
0 0 71.57
0 0 71.6
0 0 71.63
0 0 71.67
0 0 71.7
0 0 71.73
0 0 71.77
0 0 71.8
0 0 71.83
0 0 71.87
0 0 71.9
0 0 71.93
0 0 71.97
0 0 72.0
0 0 72.03
0 0 72.07
0 0 72.1
0 0 72.13
0 0 72.17
0 0 72.2
0 0 72.23
0 0 72.26
0 0 72.3
0 0 72.33
0 0 72.36
0 0 72.4
0 0 72.43
0 0 72.47
0 0 72.5
0 0 72.53
0 0 72.57
0 0 72.6
0 0 72.63
0 0 72.67
0 0 72.7
0 0 72.73
0 0 72.76
0 0 72.8
0 0 72.83
0 0 72.87
0 0 72.9
0 0 72.93
0 0 72.96
0 0 73.0
0 0 73.03
0 0 73.07
0 0 73.1
0.374 0.126 73.13
0 0 73.17
0 0 73.2
0 0 73.23
0 0 73.27
0 0 73.3
0.365 0.023 73.33
0.37 0.005 73.37
0.366 0.005 73.4
0.36 0.006 73.43
0.355 0.006 73.47
0.354 0.007 73.5
0.349 0.006 73.54
0.344 0.006 73.57
0.345 0.005 73.6
0.34 0.006 73.63
0.336 0.005 73.67
0.336 0.006 73.7
0.331 0.005 73.73
0.325 0.007 73.77
0.328 0.005 73.8
0.323 0.005 73.84
0.32 0.005 73.87
0.316 0.005 73.9
0.32 0.004 73.93
0.317 0.005 73.97
0.314 0.004 74.0
0.319 0.003 74.03
0.318 0.003 74.07
0.321 0.009 74.1
0.322 0.009 74.13
0.321 0.002 74.17
0.321 0.001 74.2
0.328 0.005 74.23
0.329 0.011 74.27
0.335 0.021 74.3
0.352 0.034 74.33
0.367 0.033 74.37
0 0 74.4
0.419 0.07 74.43
0.458 0.037 74.47
0 0 74.5
0 0 74.53
0 0 74.56
0 0 74.6
0 0 74.63
0 0 74.67
0 0 74.7
0 0 74.73
0 0 74.76
0 0 74.8
0 0 74.83
0 0 74.86
0 0 74.9
0 0 74.93
0 0 74.96
0 0 75.0
0 0 75.03
0 0 75.06
0 0 75.1
0 0 75.13
0 0 75.17
0 0 75.2
0 0 75.23
0 0 75.26
0 0 75.3
0 0 75.33
0 0 75.36
0 0 75.4
0 0 75.43
0 0 75.46
0 0 75.5
0 0 75.53
0 0 75.57
0 0 75.6
0 0 75.63
0 0 75.67
0 0 75.7
0 0 75.73
0 0 75.76
0 0 75.8
0 0 75.83
0 0 75.86
0 0 75.9
0.459 0.1 75.93
0.449 0.014 75.97
0 0 76.0
0.433 0.025 76.03
0.425 0.011 76.07
0.423 0.01 76.1
0.417 0.009 76.13
0.413 0.008 76.17
0.412 0.006 76.2
0.409 0.004 76.23
0.407 0.003 76.27
0.407 0.003 76.3
0.407 0.003 76.33
0.408 0.008 76.37
0.415 0.019 76.4
0.429 0.025 76.43
0.442 0.025 76.47
0.458 0.023 76.5
0 0 76.53
0.483 0.03 76.57
0 0 76.6
0 0 76.63
0.485 0.016 76.67
0.482 0.007 76.7
0 0 76.73
0.477 0.007 76.77
0.479 0.003 76.8
0 0 76.83
0 0 76.86
0.503 0.027 76.9
0 0 76.93
0 0 76.96
0 0 77.0
0.492 0.023 77.03
0 0 77.06
0 0 77.1
0.454 0.052 77.13
0.441 0.018 77.17
0.428 0.017 77.2
0.42 0.014 77.23
0.411 0.013 77.27
0.405 0.01 77.3
0.401 0.009 77.33
0.398 0.007 77.37
0.395 0.005 77.4
0.395 0.005 77.43
0.395 0.003 77.47
0.395 0.002 77.5
0.395 0.001 77.53
0.395 0.001 77.57
0.396 0.002 77.6
0.395 0.002 77.63
0.395 0.001 77.67
0.394 0.001 77.7
0.392 0.002 77.73
0.39 0.003 77.77
0.386 0.004 77.8
0.382 0.006 77.84
0.378 0.005 77.87
0.375 0.004 77.9
0.37 0.004 77.93
0.368 0.004 77.97
0.366 0.003 78.0
0.362 0.005 78.03
0.362 0.003 78.07
0.362 0.002 78.1
0.363 0.002 78.14
0.365 0.003 78.17
0.366 0.006 78.2
0.37 0.004 78.23
0.373 0.004 78.27
0.378 0.005 78.3
0.379 0.002 78.33
0.38 0.002 78.37
0.38 0.001 78.4
0.379 0.005 78.43
0.383 0.005 78.47
0.382 0.005 78.5
0.38 0.009 78.53
0.382 0.007 78.57
0.378 0.014 78.6
0.38 0.011 78.63
0.385 0.015 78.67
0.389 0.018 78.7
0 0 78.73
0 0 78.77
0 0 78.8
0 0 78.83
0 0 78.86
0 0 78.9
0 0 78.93
0 0 78.96
0 0 79.0
0 0 79.03
0 0 79.06
0 0 79.1
0 0 79.13
0 0 79.17
0 0 79.2
0 0 79.23
0 0 79.26
0 0 79.3
0 0 79.33
0 0 79.36
0 0 79.4
0 0 79.43
0 0 79.46
0 0 79.5
0 0 79.53
0 0 79.56
0 0 79.6
0 0 79.63
0 0 79.67
0 0 79.7
0 0 79.73
0 0 79.76
0 0 79.8
0 0 79.83
0 0 79.86
0 0 79.9
0 0 79.93
0 0 79.96
0 0 80.0
0 0 80.03
0 0 80.06
0 0 80.1
0 0 80.13
0 0 80.16
0 0 80.2
0 0 80.23
0 0 80.26
0 0 80.3
0 0 80.33
0 0 80.36
0 0 80.4
0 0 80.43
0 0 80.46
0 0 80.5
0 0 80.53
0 0 80.57
0 0 80.6
0 0 80.63
0.496 0.133 80.67
0.483 0.015 80.7
0.472 0.015 80.73
0 0 80.76
0.454 0.027 80.8
0 0 80.83
0.438 0.025 80.87
0.433 0.011 80.9
0 0 80.93
0.421 0.018 80.96
0.415 0.008 81.0
0 0 81.03
0 0 81.06
0.402 0.017 81.1
0 0 81.13
0 0 81.17
0 0 81.2
0.398 0.007 81.23
0.398 0.002 81.27
0 0 81.3
0.398 0.004 81.33
0.396 0.004 81.37
0.394 0.005 81.4
0.392 0.006 81.43
0 0 81.46
0.387 0.012 81.5
0.384 0.005 81.53
0.381 0.004 81.57
0.38 0.004 81.6
0.379 0.004 81.63
0.379 0.003 81.67
0.378 0.002 81.7
0.377 0.002 81.73
0.376 0.003 81.77
0.378 0.004 81.8
0.376 0.003 81.83
0 0 81.87
0.376 0.003 81.9
0.376 0.0 81.93
0.378 0.004 81.97
0.378 0.003 82.0
0.38 0.007 82.03
0.379 0.002 82.07
0.379 0.004 82.1
0.376 0.005 82.13
0.379 0.009 82.17
0.376 0.006 82.2
0.374 0.004 82.23
0.37 0.004 82.27
0.368 0.004 82.3
0.366 0.004 82.33
0.363 0.004 82.37
0.36 0.004 82.4
0.36 0.003 82.43
0.36 0.003 82.47
0.359 0.003 82.5
0.361 0.003 82.53
0.362 0.002 82.57
0.363 0.004 82.6
0.362 0.002 82.63
0.362 0.002 82.67
0.363 0.004 82.7
0.361 0.003 82.73
0.361 0.004 82.77
0.361 0.002 82.8
0.362 0.003 82.84
0.363 0.005 82.86
0.365 0.003 82.9
0.365 0.004 82.93
0.366 0.003 82.97
0.365 0.005 83.0
0.366 0.005 83.03
0.363 0.011 83.07
0.366 0.009 83.1
0.372 0.011 83.13
0 0 83.16
0 0 83.2
0 0 83.23
0 0 83.26
0 0 83.3
0 0 83.33
0 0 83.36
0 0 83.4
0 0 83.43
0 0 83.46
0 0 83.5
0 0 83.53
0 0 83.56
0 0 83.6
0 0 83.63
0 0 83.66
0 0 83.7
0 0 83.73
0 0 83.76
0 0 83.8
0 0 83.83
0 0 83.86
0 0 83.9
0 0 83.93
0 0 83.96
0 0 84.0
0 0 84.03
0 0 84.06
0 0 84.1
0 0 84.13
0 0 84.16
0 0 84.2
0 0 84.23
0 0 84.26
0 0 84.3
0 0 84.33
0 0 84.36
0 0 84.4
0 0 84.43
0 0 84.46
0 0 84.5
0 0 84.53
0 0 84.56
0 0 84.6
0 0 84.63
0 0 84.66
0 0 84.7
0 0 84.73
0 0 84.76
0 0 84.8
0.634 0.286 84.83
0 0 84.86
0.632 0.004 84.9
0 0 84.93
0.63 0.004 84.97
0 0 85.0
0 0 85.03
0.629 0.002 85.06
0 0 85.1
0.628 0.003 85.13
0 0 85.16
0 0 85.2
0 0 85.23
0.619 0.009 85.27
0 0 85.3
0.62 0.007 85.33
0 0 85.36
0 0 85.4
0 0 85.43
0 0 85.46
0 0 85.5
0 0 85.53
0 0 85.56
0 0 85.6
0 0 85.63
0 0 85.66
0 0 85.7
0 0 85.73
0 0 85.76
0 0 85.8
0 0 85.83
0 0 85.86
0.499 0.126 85.9
0 0 85.93
0 0 85.96
0.472 0.023 86.0
0.466 0.003 86.03
0 0 86.06
0 0 86.1
0 0 86.13
0 0 86.16
0 0 86.2
0 0 86.23
0 0 86.26
0 0 86.3
0 0 86.33
0 0 86.36
0 0 86.4
0 0 86.43
0 0 86.46
0 0 86.5
0 0 86.53
0 0 86.56
0 0 86.6
0 0 86.63
0 0 86.66
0 0 86.69
0 0 86.73
0 0 86.76
0 0 86.8
0 0 86.83
0 0 86.86
0 0 86.9
0 0 86.93
0 0 86.96
0 0 87.0
0 0 87.03
0 0 87.06
0 0 87.1
0 0 87.13
0 0 87.16
0 0 87.19
0 0 87.23
0 0 87.26
0 0 87.29
0 0 87.33
0 0 87.36
0 0 87.39
0 0 87.43
0 0 87.46
0 0 87.5
0 0 87.53
0 0 87.56
0 0 87.59
0 0 87.63
0 0 87.66
0 0 87.69
0 0 87.73
0 0 87.76
0 0 87.79
0 0 87.83
0 0 87.86
0 0 87.9
0 0 87.93
0 0 87.96
0 0 88.0
0 0 88.03
0 0 88.06
0 0 88.09
0 0 88.13
0 0 88.16
0 0 88.19
0 0 88.23
0 0 88.26
0 0 88.29
0 0 88.33
0 0 88.36
0 0 88.39
0 0 88.43
0 0 88.46
0 0 88.5
0 0 88.53
0 0 88.56
0 0 88.6
0 0 88.63
0 0 88.66
0 0 88.7
0 0 88.73
0 0 88.76
0 0 88.8
0 0 88.83
0 0 88.86
0 0 88.9
0 0 88.93
0 0 88.96
0 0 89.0
0 0 89.03
0 0 89.06
0 0 89.09
0 0 89.13
0 0 89.16
0 0 89.2
0 0 89.23
0 0 89.26
0 0 89.29
0 0 89.33
0 0 89.36
0 0 89.39
0 0 89.43
0 0 89.46
0 0 89.5
0 0 89.53
0 0 89.56
0 0 89.6
0 0 89.63
0 0 89.66
0 0 89.7
0 0 89.73
0 0 89.76
0 0 89.8
0 0 89.83
0 0 89.86
0 0 89.9
0 0 89.93
0 0 89.96
0 0 90.0
0 0 90.03
0 0 90.06
0 0 90.1
0 0 90.13
0 0 90.16
0 0 90.2
0 0 90.23
0 0 90.26
0 0 90.3
0 0 90.33
0 0 90.36
0 0 90.4
0 0 90.43
0 0 90.46
0 0 90.5
0 0 90.53
0 0 90.56
0 0 90.6
0 0 90.63
0 0 90.66
0 0 90.7
0 0 90.73
0 0 90.76
0 0 90.79
0 0 90.83
0 0 90.86
0 0 90.9
0 0 90.93
0 0 90.96
0 0 91.0
0 0 91.03
0 0 91.06
0 0 91.09
0 0 91.13
0 0 91.16
0 0 91.19
0 0 91.23
0 0 91.26
0 0 91.3
0 0 91.33
0 0 91.36
0 0 91.39
0 0 91.43
0 0 91.46
0 0 91.49
0 0 91.53
0 0 91.56
0 0 91.59
0 0 91.63
0 0 91.66
0 0 91.69
0 0 91.73
0 0 91.76
0 0 91.79
0 0 91.83
0 0 91.86
0 0 91.9
0 0 91.93
0 0 91.96
0 0 92.0
0 0 92.03
0 0 92.06
0 0 92.09
0 0 92.13
0 0 92.16
0 0 92.19
0 0 92.23
0 0 92.26
0 0 92.29
0 0 92.33
0 0 92.36
0 0 92.39
0 0 92.43
0 0 92.46
0 0 92.5
0 0 92.53
0 0 92.56
0 0 92.59
0 0 92.63
0 0 92.66
0 0 92.69
0 0 92.73
0 0 92.76
0 0 92.79
0 0 92.83
0 0 92.86
0 0 92.9
0 0 92.93
0 0 92.96
0 0 93.0
0 0 93.03
0 0 93.06
0 0 93.09
0 0 93.13
0 0 93.16
0 0 93.19
0 0 93.23
0 0 93.26
0 0 93.29
0 0 93.33
0 0 93.36
0 0 93.39
0 0 93.43
0 0 93.46
0 0 93.5
0 0 93.53
0 0 93.56
0 0 93.59
0 0 93.63
0 0 93.66
0 0 93.69
0 0 93.73
0 0 93.76
0 0 93.79
0 0 93.83
0 0 93.86
0 0 93.89
0 0 93.93
0 0 93.96
0 0 94.0
0 0 94.03
0 0 94.06
0 0 94.09
0 0 94.13
0 0 94.16
0 0 94.19
0 0 94.23
0 0 94.26
0 0 94.29
0 0 94.33
0 0 94.36
0 0 94.39
0 0 94.43
0 0 94.46
0 0 94.49
0 0 94.53
0 0 94.56
0 0 94.59
0 0 94.63
0 0 94.66
0 0 94.69
0 0 94.73
0 0 94.76
0 0 94.79
0 0 94.83
0 0 94.86
0 0 94.89
0 0 94.93
0 0 94.96
0 0 94.99
0 0 95.03
0 0 95.06
0 0 95.09
0 0 95.13
0 0 95.16
0 0 95.19
0 0 95.23
0 0 95.26
0 0 95.29
0 0 95.33
0 0 95.36
0 0 95.39
0 0 95.43
0 0 95.46
0 0 95.49
0 0 95.53
0 0 95.56
0 0 95.59
0 0 95.63
0 0 95.66
0 0 95.69
0 0 95.73
0 0 95.76
0 0 95.79
0 0 95.83
0 0 95.86
0 0 95.89
0 0 95.93
0 0 95.96
0 0 95.99
0 0 96.03
0 0 96.06
0 0 96.09
0 0 96.13
0 0 96.16
0.375 0.061 96.2
0 0 96.23
0 0 96.26
0 0 96.29
0 0 96.33
0 0 96.36
0 0 96.39
0 0 96.43
0 0 96.46
0.352 0.037 96.5
0.351 0.005 96.53
0.35 0.004 96.56
0.347 0.004 96.6
0 0 96.63
0 0 96.66
0.342 0.01 96.7
0.343 0.004 96.73
0.34 0.004 96.76
0.338 0.003 96.79
0.335 0.003 96.83
0.337 0.004 96.86
0.334 0.004 96.89
0 0 96.93
0 0 96.96
0.325 0.014 97.0
0.322 0.005 97.03
0.319 0.006 97.06
0.314 0.006 97.09
0.311 0.007 97.13
0.306 0.007 97.16
0.305 0.006 97.19
0.303 0.005 97.23
0.3 0.003 97.26
0.301 0.01 97.29
0.305 0.016 97.33
0.313 0.024 97.36
0.327 0.029 97.39
0 0 97.43
0 0 97.46
0 0 97.49
0 0 97.53
0 0 97.56
0 0 97.59
0 0 97.63
0 0 97.66
0 0 97.69
0 0 97.73
0 0 97.76
0 0 97.79
0 0 97.83
0 0 97.86
0 0 97.89
0 0 97.93
0 0 97.96
0 0 97.99
0 0 98.03
0 0 98.06
0 0 98.09
0 0 98.13
0 0 98.16
0 0 98.19
0 0 98.23
0 0 98.26
0 0 98.29
0 0 98.33
0 0 98.36
0 0 98.39
0 0 98.43
0 0 98.46
0 0 98.49
0 0 98.53
0 0 98.56
0 0 98.59
0 0 98.63
0 0 98.66
0 0 98.69
0 0 98.73
0 0 98.76
0 0 98.79
0 0 98.83
0 0 98.86
0 0 98.89
0 0 98.93
0 0 98.96
0 0 98.99
0 0 99.03
0 0 99.06
0 0 99.09
0 0 99.12
0 0 99.16
0 0 99.19
0 0 99.23
0 0 99.26
0 0 99.29
0 0 99.33
0 0 99.36
0 0 99.39
0 0 99.43
0 0 99.46
0 0 99.49
0 0 99.53
0 0 99.56
0 0 99.59
0 0 99.63
0 0 99.66
0 0 99.69
0 0 99.73
0 0 99.76
0 0 99.79
0 0 99.83
0 0 99.86
0 0 99.89
0 0 99.93
0 0 99.96
0 0 99.99
0 0 100.03
0 0 100.06
0 0 100.09
0 0 100.13
0 0 100.16
0 0 100.19
0 0 100.23
0 0 100.26
0 0 100.29
0.397 0.037 100.33
0.392 0.008 100.36
0.393 0.008 100.39
0.389 0.007 100.43
0.386 0.006 100.46
0.387 0.006 100.5
0.386 0.005 100.53
0.383 0.005 100.56
0.388 0.006 100.59
0.387 0.004 100.63
0.386 0.004 100.66
0.385 0.004 100.69
0.388 0.004 100.73
0.388 0.004 100.76
0.387 0.004 100.79
0.389 0.004 100.83
0.388 0.004 100.86
0.386 0.003 100.89
0.389 0.003 100.93
0.387 0.003 100.96
0.386 0.003 101.0
0.387 0.003 101.03
0.386 0.002 101.06
0.385 0.002 101.09
0.383 0.002 101.13
0.384 0.003 101.16
0.38 0.004 101.19
0.377 0.003 101.23
0.379 0.003 101.26
0.378 0.004 101.29
0.373 0.005 101.33
0.378 0.001 101.36
0.375 0.006 101.39
0.372 0.004 101.43
0.369 0.003 101.46
0.37 0.002 101.49
0.368 0.003 101.53
0.366 0.004 101.56
0.37 0.003 101.59
0.371 0.002 101.63
0.373 0.003 101.66
0.376 0.003 101.69
0.376 0.004 101.73
0.375 0.006 101.76
0.379 0.01 101.79
0.38 0.012 101.83
0.387 0.017 101.86
0.391 0.019 101.89
0.403 0.02 101.93
0 0 101.96
0.437 0.046 102.0
0 0 102.03
0 0 102.06
0 0 102.09
0 0 102.13
0 0 102.16
0 0 102.19
0 0 102.23
0 0 102.26
0 0 102.29
0 0 102.33
0 0 102.36
0 0 102.39
0 0 102.42
0 0 102.46
0 0 102.49
0 0 102.53
0 0 102.56
0 0 102.59
0 0 102.62
0 0 102.66
0 0 102.69
0 0 102.72
0 0 102.76
0 0 102.79
0 0 102.83
0 0 102.86
0 0 102.89
0 0 102.93
0 0 102.96
0.6 0.169 103.0
0 0 103.03
0.596 0.006 103.06
0 0 103.09
0 0 103.12
0 0 103.16
0.595 0.009 103.19
0 0 103.23
0.597 0.003 103.26
0 0 103.29
0 0 103.33
0 0 103.36
0 0 103.39
0.592 0.015 103.43
0.593 0.002 103.46
0.594 0.002 103.5
0 0 103.53
0.595 0.003 103.56
0 0 103.59
0.596 0.002 103.63
0 0 103.66
0.596 0.003 103.69
0.595 0.004 103.73
0 0 103.76
0.603 0.012 103.8
0 0 103.83
0 0 103.86
0 0 103.89
0 0 103.93
0 0 103.96
0 0 103.99
0 0 104.03
0 0 104.06
0 0 104.09
0 0 104.13
0 0 104.16
0 0 104.19
0 0 104.23
0.455 0.154 104.26
0.442 0.016 104.29
0 0 104.33
0.425 0.028 104.36
0.421 0.013 104.39
0.418 0.011 104.43
0.416 0.01 104.46
0.415 0.009 104.5
0 0 104.53
0.413 0.014 104.56
0.413 0.005 104.6
0.414 0.006 104.63
0.414 0.003 104.66
0.418 0.009 104.69
0.414 0.005 104.73
0.415 0.003 104.76
0.413 0.002 104.8
0.411 0.003 104.83
0.407 0.004 104.86
0.404 0.004 104.89
0.399 0.005 104.93
0.398 0.007 104.96
0.395 0.004 104.99
0.391 0.004 105.03
0.387 0.005 105.06
0.384 0.004 105.09
0.381 0.005 105.13
0.376 0.005 105.16
0.373 0.003 105.19
0.37 0.004 105.23
0.368 0.003 105.26
0.368 0.002 105.29
0.366 0.004 105.33
0.365 0.003 105.36
0.363 0.003 105.39
0.363 0.003 105.43
0.361 0.004 105.46
0.36 0.002 105.5
0.358 0.005 105.53
0.357 0.001 105.56
0.358 0.001 105.6
0.356 0.004 105.63
0.356 0.001 105.66
0.355 0.003 105.7
0.355 0.001 105.73
0.354 0.004 105.76
0.353 0.003 105.79
0.351 0.004 105.83
0.349 0.004 105.86
0.349 0.004 105.9
0.348 0.005 105.93
0.348 0.01 105.96
0.353 0.01 106.0
0.364 0.013 106.03
0.376 0.015 106.06
0 0 106.09
0 0 106.12
0 0 106.16
0 0 106.19
0 0 106.23
0 0 106.26
0 0 106.29
0 0 106.33
0 0 106.36
0 0 106.39
0 0 106.42
0 0 106.46
0 0 106.49
0 0 106.53
0 0 106.56
0 0 106.59
0 0 106.62
0 0 106.66
0 0 106.69
0 0 106.72
0 0 106.76
0 0 106.79
0 0 106.83
0 0 106.86
0 0 106.89
0 0 106.92
0 0 106.96
0 0 106.99
0 0 107.02
0 0 107.06
0 0 107.09
0 0 107.12
0 0 107.16
0 0 107.19
0 0 107.23
0 0 107.26
0 0 107.29
0 0 107.33
0 0 107.36
0 0 107.39
0 0 107.42
0 0 107.46
0 0 107.49
0 0 107.52
0.625 0.253 107.56
0.623 0.006 107.59
0 0 107.62
0.617 0.009 107.66
0 0 107.69
0 0 107.72
0.616 0.004 107.76
0 0 107.79
0 0 107.83
0 0 107.86
0.623 0.008 107.89
0.622 0.003 107.93
0 0 107.96
0 0 107.99
0 0 108.02
0.62 0.004 108.06
0 0 108.09
0.621 0.006 108.13
0 0 108.16
0 0 108.19
0.622 0.005 108.23
0 0 108.26
0.623 0.01 108.29
0 0 108.33
0 0 108.36
0 0 108.39
0 0 108.42
0 0 108.46
0 0 108.49
0 0 108.52
0 0 108.56
0 0 108.59
0 0 108.62
0 0 108.66
0 0 108.69
0.498 0.133 108.73
0.487 0.012 108.76
0.478 0.009 108.79
0.471 0.008 108.83
0 0 108.86
0 0 108.89
0.447 0.028 108.93
0.445 0.006 108.96
0 0 108.99
0.443 0.013 109.03
0 0 109.06
0.444 0.014 109.09
0.45 0.006 109.13
0 0 109.16
0 0 109.19
0.465 0.021 109.23
0 0 109.26
0 0 109.29
0 0 109.33
0 0 109.36
0 0 109.39
0 0 109.42
0 0 109.46
0 0 109.49
0 0 109.52
0 0 109.56
0.443 0.018 109.59
0.43 0.016 109.63
0.418 0.015 109.66
0.408 0.014 109.69
0.402 0.012 109.73
0.401 0.015 109.76
0.39 0.009 109.79
0.385 0.007 109.83
0.383 0.008 109.86
0.381 0.005 109.89
0.375 0.004 109.93
0.374 0.003 109.96
0.375 0.005 109.99
0.369 0.004 110.03
0.37 0.002 110.06
0.372 0.003 110.09
0.366 0.008 110.13
0.365 0.006 110.16
0.366 0.005 110.2
0.36 0.006 110.23
0.361 0.001 110.26
0.361 0.002 110.29
0.362 0.003 110.33
0.357 0.002 110.36
0.358 0.004 110.39
0.356 0.002 110.43
0.351 0.002 110.46
0.352 0.003 110.49
0.349 0.004 110.53
0.348 0.005 110.56
0.346 0.002 110.59
0.345 0.003 110.63
0.339 0.004 110.66
0.339 0.005 110.69
0.339 0.005 110.73
0.338 0.003 110.76
0.333 0.003 110.79
0.334 0.004 110.83
0.33 0.004 110.86
0.321 0.002 110.89
0.32 0.003 110.93
0.318 0.002 110.96
0.312 0.001 110.99
0.312 0.001 111.03
0.313 0.003 111.06
0.299 0.002 111.09
0.301 0.003 111.13
0.303 0.007 111.16
0.305 0.013 111.19
0.304 0.018 111.23
0.313 0.021 111.26
0.329 0.024 111.29
0.34 0.025 111.33
0.361 0.025 111.36
0.386 0.027 111.39
0 0 111.42
0 0 111.46
0 0 111.49
0 0 111.52
0 0 111.56
0 0 111.59
0 0 111.62
0 0 111.66
0 0 111.69
0 0 111.72
0 0 111.76
0 0 111.79
0 0 111.83
0 0 111.86
0 0 111.89
0 0 111.92
0 0 111.96
0 0 111.99
0 0 112.02
0 0 112.06
0 0 112.09
0 0 112.12
0 0 112.16
0 0 112.19
0 0 112.22
0 0 112.26
0 0 112.29
0 0 112.33
0 0 112.36
0 0 112.39
0 0 112.42
0 0 112.46
0 0 112.49
0 0 112.52
0 0 112.56
0 0 112.59
0 0 112.62
0 0 112.66
0 0 112.69
0 0 112.72
0 0 112.76
0 0 112.79
0 0 112.83
0 0 112.86
0 0 112.89
0 0 112.92
0 0 112.96
0 0 112.99
0 0 113.02
0 0 113.06
0 0 113.09
0 0 113.12
0 0 113.16
0 0 113.19
0 0 113.22
0 0 113.26
0 0 113.29
0 0 113.32
0 0 113.36
0 0 113.39
0 0 113.42
0 0 113.46
0 0 113.49
0 0 113.53
0 0 113.56
0 0 113.59
0 0 113.62
0 0 113.66
0 0 113.69
0 0 113.72
0 0 113.76
0 0 113.79
0 0 113.83
0 0 113.86
0 0 113.89
0 0 113.92
0 0 113.96
0 0 113.99
0 0 114.02
0 0 114.06
0 0 114.09
0 0 114.12
0 0 114.16
0 0 114.19
0 0 114.22
0 0 114.26
0 0 114.29
0 0 114.32
0 0 114.36
0 0 114.39
0 0 114.42
0 0 114.46
0 0 114.49
0 0 114.52
0 0 114.56
0 0 114.59
0 0 114.62
0 0 114.66
0 0 114.69
0 0 114.72
0 0 114.76
0 0 114.79
0 0 114.83
0 0 114.86
0 0 114.89
0 0 114.92
0 0 114.96
0 0 114.99
0 0 115.02
0 0 115.06
0 0 115.09
0 0 115.12
0 0 115.16
0 0 115.19
0 0 115.22
0 0 115.26
0 0 115.29
0 0 115.33
0 0 115.36
0 0 115.39
0 0 115.43
0 0 115.46
0.328 0.055 115.5
0.314 0.02 115.53
0.301 0.015 115.56
0.29 0.013 115.59
0 0 115.62
0.278 0.021 115.66
0.273 0.008 115.69
0.272 0.006 115.72
0.27 0.005 115.76
0.269 0.004 115.79
0.268 0.002 115.83
0 0 115.86
0.274 0.007 115.89
0.281 0.011 115.93
0 0 115.96
0 0 115.99
0 0 116.02
0.388 0.113 116.06
0 0 116.09
0 0 116.12
0 0 116.16
0 0 116.19
0 0 116.22
0 0 116.26
0 0 116.29
0 0 116.32
0 0 116.36
0 0 116.39
0 0 116.42
0 0 116.46
0 0 116.49
0 0 116.52
0 0 116.56
0 0 116.59
0 0 116.62
0 0 116.66
0 0 116.69
0 0 116.72
0 0 116.76
0 0 116.79
0 0 116.82
0 0 116.86
0 0 116.89
0 0 116.92
0 0 116.96
0 0 116.99
0 0 117.02
0 0 117.06
0 0 117.09
0 0 117.12
0 0 117.16
0 0 117.19
0 0 117.22
0 0 117.26
0 0 117.29
0 0 117.33
0 0 117.36
0.397 0.067 117.39
0.39 0.009 117.43
0.381 0.01 117.46
0.381 0.008 117.49
0.372 0.009 117.52
0.365 0.009 117.56
0.364 0.008 117.59
0.359 0.008 117.63
0.355 0.007 117.66
0 0 117.69
0.353 0.013 117.73
0.35 0.006 117.76
0.353 0.004 117.79
0.354 0.006 117.83
0.352 0.003 117.86
0.351 0.002 117.89
0.356 0.002 117.92
0.355 0.003 117.96
0.352 0.003 117.99
0.355 0.003 118.02
0.354 0.004 118.06
0.352 0.004 118.09
0.355 0.003 118.12
0.354 0.003 118.16
0.352 0.003 118.19
0.36 0.003 118.23
0.359 0.002 118.26
0.358 0.003 118.29
0.356 0.002 118.33
0.36 0.001 118.36
0.361 0.001 118.39
0.362 0.002 118.42
0.365 0.002 118.46
0.364 0.002 118.49
0.363 0.002 118.52
0.366 0.003 118.56
0.364 0.003 118.59
0.362 0.003 118.62
0.364 0.002 118.66
0.362 0.002 118.69
0.361 0.003 118.72
0.358 0.003 118.76
0.362 0.002 118.79
0.36 0.002 118.83
0.36 0.002 118.86
0.361 0.006 118.89
0.362 0.001 118.92
0.361 0.006 118.96
0.366 0.002 118.99
0.365 0.002 119.02
0.365 0.004 119.06
0.363 0.003 119.09
0.363 0.005 119.12
0.36 0.003 119.16
0.358 0.004 119.19
0.36 0.003 119.22
0.358 0.003 119.26
0.354 0.009 119.29
0.358 0.001 119.33
0.359 0.002 119.36
0.361 0.002 119.39
0.365 0.001 119.43
0.364 0.001 119.46
0.364 0.002 119.49
0.362 0.005 119.52
0.364 0.002 119.56
0.364 0.003 119.59
0.365 0.004 119.62
0.368 0.002 119.66
0.37 0.005 119.69
0.37 0.001 119.73
0.37 0.003 119.76
0.367 0.003 119.79
0.366 0.003 119.83
0.369 0.002 119.86
0.371 0.002 119.89
0.372 0.002 119.92
0.373 0.002 119.96
0.376 0.002 119.99
0.377 0.003 120.02
0.375 0.004 120.06
0.377 0.001 120.09
0.377 0.004 120.13
0.381 0.004 120.16
0.382 0.006 120.19
0.385 0.004 120.23
0.388 0.003 120.26
0.389 0.001 120.29
0.389 0.002 120.33
0.389 0.005 120.36
0.388 0.006 120.39
0.386 0.008 120.43
0.386 0.01 120.46
0.388 0.012 120.49
0.39 0.015 120.52
0.397 0.017 120.56
0.407 0.018 120.59
0 0 120.62
0 0 120.66
0 0 120.69
0 0 120.72
0 0 120.76
0 0 120.79
0 0 120.82
0 0 120.86
0 0 120.89
0 0 120.92
0 0 120.96
0 0 120.99
0 0 121.02
0 0 121.06
0 0 121.09
0 0 121.12
0 0 121.16
0 0 121.19
0 0 121.22
0 0 121.26
0 0 121.29
0 0 121.32
0 0 121.36
0 0 121.39
0 0 121.42
0 0 121.45
0 0 121.49
0 0 121.52
0 0 121.56
0 0 121.59
0 0 121.62
0 0 121.66
0 0 121.69
0 0 121.72
0 0 121.75
0 0 121.79
0 0 121.82
0 0 121.86
0 0 121.89
0 0 121.92
0 0 121.96
0 0 121.99
0 0 122.02
0 0 122.05
0 0 122.09
0 0 122.12
0 0 122.16
0 0 122.19
0 0 122.22
0 0 122.26
0 0 122.29
0 0 122.32
0 0 122.35
0 0 122.39
0 0 122.42
0 0 122.45
0 0 122.49
0 0 122.52
0 0 122.56
0 0 122.59
0 0 122.62
0 0 122.66
0 0 122.69
0 0 122.72
0 0 122.76
0 0 122.79
0 0 122.82
0 0 122.86
0 0 122.89
0 0 122.92
0 0 122.96
0 0 122.99
0 0 123.02
0 0 123.05
0 0 123.09
0 0 123.12
0 0 123.16
0 0 123.19
0 0 123.22
0 0 123.25
0 0 123.29
0 0 123.32
0 0 123.36
0 0 123.39
0 0 123.42
0 0 123.45
0 0 123.49
0 0 123.52
0 0 123.56
0 0 123.59
0 0 123.62
0 0 123.66
0 0 123.69
0 0 123.72
0 0 123.76
0 0 123.79
0 0 123.82
0 0 123.86
0 0 123.89
0 0 123.92
0 0 123.96
0 0 123.99
0 0 124.02
0 0 124.06
0 0 124.09
0 0 124.12
0 0 124.16
0 0 124.19
0 0 124.22
0 0 124.25
0 0 124.29
0 0 124.32
0 0 124.35
0 0 124.39
0 0 124.42
0.44 0.04 124.46
0 0 124.49
0.419 0.029 124.52
0.408 0.014 124.56
0.399 0.012 124.59
0.392 0.011 124.62
0.387 0.01 124.66
0.38 0.009 124.69
0.375 0.009 124.72
0.37 0.008 124.76
0.364 0.008 124.79
0.357 0.009 124.83
0.353 0.008 124.86
0.349 0.006 124.89
0 0 124.92
0.343 0.008 124.96
0.341 0.003 124.99
0.339 0.002 125.02
0.338 0.002 125.06
0.337 0.001 125.09
0.337 0.001 125.12
0.339 0.003 125.16
0.34 0.001 125.19
0.341 0.001 125.22
0.341 0.003 125.26
0.343 0.004 125.29
0.346 0.005 125.32
0.347 0.006 125.36
0.348 0.004 125.39
0.351 0.003 125.42
0.351 0.008 125.46
0.353 0.004 125.49
0.353 0.005 125.53
0.354 0.004 125.56
0.355 0.005 125.59
0.354 0.008 125.62
0.354 0.009 125.66
0.354 0.012 125.69
0.356 0.019 125.72
0.365 0.026 125.76
0.384 0.034 125.79
0 0 125.82
0 0 125.85
0 0 125.89
0 0 125.92
0 0 125.95
0 0 125.99
0 0 126.02
0 0 126.05
0 0 126.09
0 0 126.12
0 0 126.16
0 0 126.19
0 0 126.22
0 0 126.25
0 0 126.29
0 0 126.32
0 0 126.35
0 0 126.39
0 0 126.42
0 0 126.45
0 0 126.49
0 0 126.52
0 0 126.55
0 0 126.59
0 0 126.62
0 0 126.66
0 0 126.69
0 0 126.72
0 0 126.75
0 0 126.79
0 0 126.82
0 0 126.85
0 0 126.89
0 0 126.92
0 0 126.95
0 0 126.99
0 0 127.02
0 0 127.05
0 0 127.09
0 0 127.12
0 0 127.16
0 0 127.19
0 0 127.22
0 0 127.25
0 0 127.29
0 0 127.32
0 0 127.35
0 0 127.39
0 0 127.42
0 0 127.46
0 0 127.49
0 0 127.52
0 0 127.56
0 0 127.59
0 0 127.62
0 0 127.66
0 0 127.69
0.615 0.238 127.72
0.612 0.003 127.76
0.611 0.002 127.79
0.611 0.003 127.82
0 0 127.85
0 0 127.89
0 0 127.92
0 0 127.95
0 0 127.99
0.599 0.019 128.02
0.599 0.002 128.06
0 0 128.09
0 0 128.12
0 0 128.16
0 0 128.19
0.594 0.009 128.22
0 0 128.25
0.596 0.005 128.29
0.597 0.002 128.32
0 0 128.35
0.591 0.006 128.39
0.589 0.002 128.42
0.589 0.002 128.46
0.587 0.002 128.49
0.589 0.004 128.52
0 0 128.55
0 0 128.59
0 0 128.62
0.598 0.024 128.66
0 0 128.69
0 0 128.72
0.584 0.016 128.76
0 0 128.79
0 0 128.82
0.588 0.014 128.86
0 0 128.89
0.588 0.005 128.92
0 0 128.95
0 0 128.99
0 0 129.02
0.587 0.019 129.06
0.585 0.003 129.09
0.584 0.007 129.12
0.586 0.008 129.16
0 0 129.19
0 0 129.22
0 0 129.25
0 0 129.29
0 0 129.32
0 0 129.35
0 0 129.39
0 0 129.42
0 0 129.45
0 0 129.49
0 0 129.52
0 0 129.55
0 0 129.59
0 0 129.62
0 0 129.65
0 0 129.69
0 0 129.72
0 0 129.75
0 0 129.79
0 0 129.82
0 0 129.85
0 0 129.89
0 0 129.92
0 0 129.95
0 0 129.99
0 0 130.02
0 0 130.05
0 0 130.09
0 0 130.12
0 0 130.15
0 0 130.19
0 0 130.22
0 0 130.25
0 0 130.29
0 0 130.32
0 0 130.35
0 0 130.39
0 0 130.42
0 0 130.45
0 0 130.49
0 0 130.52
0 0 130.55
0 0 130.59
0 0 130.62
0 0 130.65
0 0 130.69
0 0 130.72
