0 0 3.52
0 0 3.55
0 0 3.59
0 0 3.62
0 0 3.65
0 0 3.69
0 0 3.72
0 0 3.75
0 0 3.78
0 0 3.82
0 0 3.85
0 0 3.88
0 0 3.92
0 0 3.95
0 0 3.98
0 0 4.02
0 0 4.05
0 0 4.08
0 0 4.12
0 0 4.15
0 0 4.18
0 0 4.22
0 0 4.25
0 0 4.28
0 0 4.32
0 0 4.35
0 0 4.38
0 0 4.41
0 0 4.45
0 0 4.48
0 0 4.52
0 0 4.55
0 0 4.58
0 0 4.62
0 0 4.65
0 0 4.68
0 0 4.71
0 0 4.75
0 0 4.78
0 0 4.81
0 0 4.85
0 0 4.88
0 0 4.91
0 0 4.95
0 0 4.98
0 0 5.02
0 0 5.05
0 0 5.08
0 0 5.12
0 0 5.15
0 0 5.18
0 0 5.21
0 0 5.25
0 0 5.28
0 0 5.31
0 0 5.35
0 0 5.38
0 0 5.42
0 0 5.45
0 0 5.48
0 0 5.52
0 0 5.55
0 0 5.58
0 0 5.61
0 0 5.65
0 0 5.68
0 0 5.75
0 0 5.77
0 0 5.8
0 0 5.82
0 0 5.85
0 0 5.88
0 0 5.92
0 0 5.95
0 0 5.98
0 0 6.02
0 0 6.05
0 0 6.08
0 0 6.12
0 0 6.15
0 0 6.18
0 0 6.22
0 0 6.25
0 0 6.28
0 0 6.32
0 0 6.35
0 0 6.38
0 0 6.41
0 0 6.45
0 0 6.48
0 0 6.52
0 0 6.55
0 0 6.58
0.313 0.501 6.62
0 0 6.65
0.285 0.033 6.68
0.279 0.016 6.72
0.269 0.014 6.75
0.259 0.014 6.78
0.252 0.012 6.82
0.251 0.011 6.85
0.248 0.01 6.88
0.247 0.009 6.92
0.249 0.008 6.95
0.251 0.007 6.98
0.253 0.006 7.02
0.258 0.005 7.05
0.259 0.004 7.08
0.259 0.003 7.12
0.26 0.004 7.15
0.259 0.003 7.18
0 0 7.21
0 0 7.25
0 0 7.28
0.25 0.017 7.31
0.248 0.005 7.35
0.247 0.005 7.38
0.243 0.005 7.41
0.241 0.005 7.45
0 0 7.48
0.238 0.009 7.52
0.236 0.004 7.55
0.236 0.004 7.58
0.234 0.004 7.62
0.233 0.005 7.65
0.231 0.005 7.68
0 0 7.71
0.231 0.008 7.75
0 0 7.78
0.229 0.008 7.81
0.228 0.002 7.85
0.225 0.005 7.88
0.226 0.004 7.92
0.223 0.009 7.95
0.223 0.01 7.98
0.227 0.014 8.02
0.228 0.017 8.05
0.231 0.02 8.08
0.242 0.021 8.12
0.26 0.025 8.15
0.276 0.021 8.18
0.298 0.024 8.21
0.322 0.024 8.25
0 0 8.28
0 0 8.31
0 0 8.35
0 0 8.38
0 0 8.41
0 0 8.44
0 0 8.48
0 0 8.51
0 0 8.55
0 0 8.58
0 0 8.61
0 0 8.65
0 0 8.68
0 0 8.71
0 0 8.75
0 0 8.78
0 0 8.81
0 0 8.85
0 0 8.88
0 0 8.91
0 0 8.95
0 0 8.98
0 0 9.01
0 0 9.05
0 0 9.08
0 0 9.11
0 0 9.15
0 0 9.18
0 0 9.21
0 0 9.25
0 0 9.28
0 0 9.31
0 0 9.35
0.486 0.175 9.38
0 0 9.41
0.484 0.007 9.45
0 0 9.48
0 0 9.51
0.481 0.014 9.55
0.485 0.007 9.58
0 0 9.61
0.478 0.008 9.65
0.482 0.005 9.68
0 0 9.71
0.481 0.004 9.75
0.482 0.003 9.78
0.486 0.003 9.81
0.483 0.005 9.85
0.483 0.003 9.88
0.488 0.003 9.91
0 0 9.95
0 0 9.98
0.49 0.005 10.02
0.497 0.005 10.05
0 0 10.08
0 0 10.11
0.497 0.005 10.15
0 0 10.18
0 0 10.21
0 0 10.25
0 0 10.28
0 0 10.31
0 0 10.35
0 0 10.38
0 0 10.41
0 0 10.45
0 0 10.48
0 0 10.51
0 0 10.55
0 0 10.58
0.371 0.157 10.61
0 0 10.64
0.342 0.038 10.68
0.328 0.02 10.72
0.317 0.02 10.75
0.309 0.018 10.78
0.309 0.015 10.81
0.306 0.012 10.85
0.306 0.01 10.88
0.305 0.008 10.92
0.304 0.005 10.95
0.304 0.004 10.98
0.307 0.003 11.02
0.307 0.003 11.05
0.308 0.002 11.08
0.311 0.005 11.11
0.314 0.003 11.15
0.315 0.001 11.18
0.315 0.001 11.21
0.318 0.001 11.25
0.319 0.004 11.28
0.316 0.004 11.31
0.323 0.003 11.35
0.32 0.004 11.38
0.316 0.005 11.42
0.317 0.005 11.45
0.311 0.007 11.48
0.305 0.007 11.52
0.304 0.008 11.55
0.3 0.008 11.58
0 0 11.61
0.295 0.013 11.65
0 0 11.68
0 0 11.71
0 0 11.75
0 0 11.78
0 0 11.82
0 0 11.85
0 0 11.88
0 0 11.91
0 0 11.95
0 0 11.98
0 0 12.02
0 0 12.05
0 0 12.08
0 0 12.11
0 0 12.15
0.293 0.03 12.18
0.294 0.006 12.22
0.295 0.005 12.25
0.297 0.006 12.28
0.303 0.004 12.32
0.306 0.004 12.35
0.31 0.004 12.38
0.317 0.005 12.41
0.322 0.005 12.45
0.325 0.003 12.48
0.325 0.001 12.52
0.328 0.002 12.55
0.328 0.0 12.58
0.327 0.003 12.61
0.331 0.002 12.65
0.33 0.003 12.68
0.327 0.003 12.71
0.327 0.005 12.75
0.324 0.003 12.78
0.323 0.004 12.81
0 0 12.85
0 0 12.88
0.322 0.017 12.92
0.324 0.005 12.95
0.327 0.004 12.98
0.329 0.007 13.02
0.327 0.004 13.05
0.327 0.004 13.08
0.326 0.006 13.11
0.326 0.004 13.15
0.331 0.006 13.18
0.331 0.008 13.22
0.334 0.004 13.25
0.337 0.006 13.28
0.34 0.003 13.32
0.341 0.005 13.35
0.343 0.003 13.38
0.344 0.002 13.41
0 0 13.45
0.342 0.003 13.48
0.342 0.004 13.52
0.341 0.004 13.55
0.34 0.002 13.58
0.339 0.002 13.61
0.338 0.003 13.65
0.338 0.003 13.68
0.339 0.005 13.71
0.34 0.004 13.75
0.34 0.005 13.78
0.341 0.006 13.81
0.343 0.007 13.85
0.344 0.006 13.88
0.345 0.007 13.92
0.349 0.011 13.95
0.35 0.009 13.98
0.352 0.011 14.02
0.356 0.01 14.05
0.36 0.012 14.08
0.364 0.011 14.11
0 0 14.15
0 0 14.18
0.379 0.031 14.21
0.383 0.009 14.25
0.389 0.009 14.28
0.395 0.01 14.31
0 0 14.35
0.417 0.025 14.38
0.433 0.018 14.41
0 0 14.44
0 0 14.48
0 0 14.51
0 0 14.54
0 0 14.58
0 0 14.61
0 0 14.64
0 0 14.68
0 0 14.71
0 0 14.74
0 0 14.78
0 0 14.81
0 0 14.85
0 0 14.88
0 0 14.91
0 0 14.94
0 0 14.98
0 0 15.01
0 0 15.04
0 0 15.08
0 0 15.11
0 0 15.15
0 0 15.18
0 0 15.21
0 0 15.25
0 0 15.28
0 0 15.31
0 0 15.35
0 0 15.38
0 0 15.41
0 0 15.44
0 0 15.48
0 0 15.51
0 0 15.54
0 0 15.58
0 0 15.61
0 0 15.64
0 0 15.68
0 0 15.71
0 0 15.74
0 0 15.78
0 0 15.81
0 0 15.85
0 0 15.88
0 0 15.91
0 0 15.95
0 0 15.98
0 0 16.01
0 0 16.04
0 0 16.08
0 0 16.11
0 0 16.14
0 0 16.18
0 0 16.21
0 0 16.24
0 0 16.28
0 0 16.31
0 0 16.35
0 0 16.38
0 0 16.41
0 0 16.44
0 0 16.48
0 0 16.51
0 0 16.55
0.467 0.033 16.58
0.441 0.03 16.61
0.423 0.024 16.65
0.405 0.025 16.68
0.394 0.02 16.71
0.389 0.017 16.75
0.382 0.016 16.78
0.378 0.011 16.81
0.377 0.007 16.85
0.376 0.005 16.88
0.374 0.007 16.91
0.372 0.004 16.95
0.372 0.004 16.98
0.37 0.003 17.02
0.369 0.006 17.05
0.366 0.003 17.08
0.365 0.004 17.11
0.362 0.003 17.15
0.362 0.005 17.18
0.36 0.003 17.21
0.357 0.004 17.25
0.356 0.005 17.28
0.354 0.002 17.31
0.351 0.003 17.35
0.351 0.005 17.38
0.348 0.004 17.41
0.345 0.003 17.45
0.339 0.007 17.48
0.336 0.003 17.51
0.331 0.009 17.55
0.328 0.005 17.58
0.327 0.002 17.61
0.327 0.005 17.65
0.327 0.005 17.68
0.327 0.007 17.71
0.33 0.006 17.75
0.334 0.006 17.78
0.338 0.007 17.81
0.342 0.007 17.85
0.347 0.006 17.88
0.352 0.007 17.91
0.36 0.009 17.95
0.367 0.009 17.98
0.371 0.006 18.02
0.376 0.007 18.05
0.38 0.007 18.08
0.385 0.007 18.11
0.39 0.007 18.15
0.396 0.008 18.18
0 0 18.21
0 0 18.24
0 0 18.28
0.436 0.046 18.31
0 0 18.35
0 0 18.38
0 0 18.41
0 0 18.44
0 0 18.48
0 0 18.51
0 0 18.54
0 0 18.58
0 0 18.61
0 0 18.64
0 0 18.68
0 0 18.71
0 0 18.74
0 0 18.78
0 0 18.81
0 0 18.84
0 0 18.88
0 0 18.91
0 0 18.94
0 0 18.98
0 0 19.01
0 0 19.04
0 0 19.08
0 0 19.11
0 0 19.14
0 0 19.18
0 0 19.21
0 0 19.24
0 0 19.28
0 0 19.31
0 0 19.34
0 0 19.38
0 0 19.41
0 0 19.44
0 0 19.48
0 0 19.51
0 0 19.54
0 0 19.58
0 0 19.61
0 0 19.65
0 0 19.68
0.605 0.178 19.71
0.603 0.002 19.74
0 0 19.78
0.599 0.009 19.81
0 0 19.85
0.605 0.007 19.88
0 0 19.91
0 0 19.94
0 0 19.98
0.598 0.007 20.01
0.597 0.004 20.05
0.596 0.005 20.08
0 0 20.11
0 0 20.14
0 0 20.18
0 0 20.21
0 0 20.25
0 0 20.28
0 0 20.31
0 0 20.35
0.469 0.142 20.38
0.445 0.024 20.41
0 0 20.44
0.409 0.039 20.48
0.39 0.021 20.51
0.379 0.018 20.54
0.367 0.016 20.58
0.36 0.012 20.61
0.355 0.01 20.65
0.349 0.008 20.68
0.346 0.006 20.71
0.341 0.005 20.75
0.339 0.004 20.78
0.336 0.004 20.81
0.33 0.004 20.85
0.327 0.004 20.88
0.326 0.003 20.91
0.324 0.003 20.95
0.322 0.005 20.98
0.319 0.003 21.01
0.316 0.004 21.05
0.308 0.003 21.08
0.307 0.003 21.11
0.304 0.004 21.15
0 0 21.18
0 0 21.21
0.296 0.009 21.25
0.292 0.003 21.28
0 0 21.31
0.287 0.008 21.35
0 0 21.38
0 0 21.41
0.281 0.008 21.45
0 0 21.48
0 0 21.51
0 0 21.54
0 0 21.58
0 0 21.61
0 0 21.64
0 0 21.68
0 0 21.71
0.265 0.009 21.75
0.264 0.005 21.78
0.262 0.011 21.81
0.26 0.009 21.85
0.264 0.009 21.88
0.269 0.011 21.91
0.271 0.008 21.95
0.275 0.006 21.98
0.28 0.006 22.01
0.28 0.006 22.05
0.284 0.004 22.08
0.287 0.004 22.11
0.285 0.003 22.15
0.285 0.002 22.18
0.287 0.003 22.21
0.29 0.004 22.25
0.288 0.006 22.28
0.298 0.013 22.31
0.309 0.012 22.35
0 0 22.38
0.33 0.036 22.41
0 0 22.44
0 0 22.48
0 0 22.51
0 0 22.54
0 0 22.58
0 0 22.61
0 0 22.64
0 0 22.68
0 0 22.71
0 0 22.74
0 0 22.78
0 0 22.81
0 0 22.84
0 0 22.88
0 0 22.91
0 0 22.94
0 0 22.98
0 0 23.01
0 0 23.04
0 0 23.08
0 0 23.11
0 0 23.14
0 0 23.18
0 0 23.21
0 0 23.24
0 0 23.28
0 0 23.31
0 0 23.34
0 0 23.38
0 0 23.41
0 0 23.44
0 0 23.48
0 0 23.51
0 0 23.54
0 0 23.58
0 0 23.61
0 0 23.64
0 0 23.68
0 0 23.71
0 0 23.74
0 0 23.78
0 0 23.81
0 0 23.84
0 0 23.88
0 0 23.91
0 0 23.94
0 0 23.98
0 0 24.01
0 0 24.04
0 0 24.08
0 0 24.11
0 0 24.14
0 0 24.18
0 0 24.21
0 0 24.24
0 0 24.28
0 0 24.31
0 0 24.34
0 0 24.38
0 0 24.41
0 0 24.44
0 0 24.48
0 0 24.51
0 0 24.54
0 0 24.58
0 0 24.61
0 0 24.64
0 0 24.68
0 0 24.71
0 0 24.74
0 0 24.78
0 0 24.81
0 0 24.84
0 0 24.88
0 0 24.91
0 0 24.94
0 0 24.98
0 0 25.01
0 0 25.04
0 0 25.08
0 0 25.11
0 0 25.14
0 0 25.18
0 0 25.21
0 0 25.24
0 0 25.28
0 0 25.31
0 0 25.35
0 0 25.38
0 0 25.41
0 0 25.44
0 0 25.48
0 0 25.51
0 0 25.54
0 0 25.58
0 0 25.61
0 0 25.64
0 0 25.68
0 0 25.71
0 0 25.74
0 0 25.78
0 0 25.81
0 0 25.84
0 0 25.88
0 0 25.91
0 0 25.94
0.321 0.114 25.98
0.305 0.016 26.01
0.293 0.012 26.04
0.28 0.013 26.08
0.273 0.01 26.11
0.264 0.011 26.15
0.252 0.013 26.18
0.248 0.009 26.21
0.243 0.009 26.25
0.237 0.01 26.28
0.23 0.009 26.31
0.23 0.006 26.35
0.228 0.005 26.38
0.224 0.006 26.41
0.221 0.006 26.45
0.219 0.004 26.48
0.217 0.004 26.51
0.216 0.003 26.55
0.212 0.004 26.58
0.211 0.002 26.61
0 0 26.64
0 0 26.68
0 0 26.71
0 0 26.75
0 0 26.78
0 0 26.81
0 0 26.85
0.215 0.013 26.88
0.215 0.001 26.91
0.215 0.001 26.94
0.215 0.001 26.98
0.217 0.001 27.01
0.215 0.002 27.04
0.214 0.002 27.08
0.216 0.0 27.11
0.216 0.0 27.14
0.214 0.002 27.18
0.215 0.003 27.21
0.215 0.001 27.25
0.213 0.002 27.28
0.217 0.003 27.31
0.216 0.002 27.35
0.217 0.001 27.38
0.22 0.002 27.41
0 0 27.44
0.223 0.003 27.48
0 0 27.51
0 0 27.54
0 0 27.58
0.228 0.002 27.61
0.229 0.002 27.65
0.23 0.002 27.68
0.229 0.001 27.71
0.231 0.002 27.74
0.232 0.003 27.78
0.232 0.001 27.81
0.231 0.001 27.85
0.235 0.002 27.88
0.235 0.001 27.91
0.236 0.003 27.94
0.241 0.002 27.98
0.241 0.002 28.01
0.24 0.001 28.04
0.243 0.001 28.08
0.244 0.003 28.11
0.241 0.003 28.14
0.247 0.003 28.18
0.246 0.002 28.21
0.247 0.002 28.24
0.245 0.003 28.28
0.254 0.002 28.31
0.254 0.001 28.35
0.252 0.003 28.38
0.258 0.001 28.41
0.257 0.004 28.44
0.256 0.005 28.48
0.262 0.002 28.51
0.262 0.002 28.54
0.261 0.005 28.58
0.266 0.003 28.61
0.267 0.002 28.64
0.266 0.004 28.68
0.27 0.004 28.71
0.27 0.002 28.74
0.27 0.002 28.78
0.27 0.004 28.81
0.277 0.002 28.85
0.278 0.003 28.88
0.278 0.005 28.91
0 0 28.94
0 0 28.98
0.29 0.018 29.01
0.301 0.007 29.04
0.307 0.008 29.08
0.313 0.008 29.11
0.32 0.008 29.14
0 0 29.18
0 0 29.21
0 0 29.24
0 0 29.28
0 0 29.31
0 0 29.34
0 0 29.38
0 0 29.41
0 0 29.44
0 0 29.48
0 0 29.51
0 0 29.54
0 0 29.58
0 0 29.61
0 0 29.64
0 0 29.68
0 0 29.71
0 0 29.74
0 0 29.77
0 0 29.81
0 0 29.84
0 0 29.87
0 0 29.91
0 0 29.94
0 0 29.97
0 0 30.01
0 0 30.04
0 0 30.08
0 0 30.11
0 0 30.14
0 0 30.18
0 0 30.21
0 0 30.24
0 0 30.28
0 0 30.31
0 0 30.34
0 0 30.37
0 0 30.41
0 0 30.44
0 0 30.48
0 0 30.51
0 0 30.54
0 0 30.58
0 0 30.61
0 0 30.64
0 0 30.68
0 0 30.71
0 0 30.74
0 0 30.77
0 0 30.81
0 0 30.84
0 0 30.87
0 0 30.91
0 0 30.94
0 0 30.97
0 0 31.01
0 0 31.04
0 0 31.08
0 0 31.11
0 0 31.14
0 0 31.18
0 0 31.21
0 0 31.24
0 0 31.27
0 0 31.31
0 0 31.34
0 0 31.38
0 0 31.41
0 0 31.44
0 0 31.47
0 0 31.51
0 0 31.54
0 0 31.58
0 0 31.61
0 0 31.64
0 0 31.68
0 0 31.71
0 0 31.74
0 0 31.78
0 0 31.81
0 0 31.84
0 0 31.87
0 0 31.91
0 0 31.94
0 0 31.97
0 0 32.01
0 0 32.04
0 0 32.08
0 0 32.11
0 0 32.14
0 0 32.18
0 0 32.21
0 0 32.24
0 0 32.27
0 0 32.31
0 0 32.34
0 0 32.37
0 0 32.41
0 0 32.44
0 0 32.47
0 0 32.51
0 0 32.54
0 0 32.58
0 0 32.61
0 0 32.64
0 0 32.68
0 0 32.71
0 0 32.74
0 0 32.77
0.466 0.095 32.81
0 0 32.84
0.424 0.045 32.88
0.405 0.021 32.91
0.39 0.019 32.94
0.375 0.021 32.98
0.364 0.02 33.01
0.356 0.013 33.04
0.352 0.01 33.08
0.349 0.009 33.11
0.346 0.006 33.15
0.346 0.005 33.18
0.346 0.003 33.21
0.347 0.003 33.24
0.349 0.004 33.28
0.351 0.003 33.31
0.353 0.004 33.35
0.355 0.004 33.38
0.355 0.003 33.41
0.354 0.002 33.44
0.353 0.002 33.48
0.353 0.001 33.51
0.354 0.001 33.54
0.355 0.001 33.58
0.357 0.002 33.61
0.359 0.004 33.64
0.361 0.003 33.68
0.363 0.002 33.71
0.365 0.004 33.74
0.365 0.002 33.78
0.367 0.002 33.81
0.366 0.002 33.85
0.367 0.002 33.88
0.369 0.002 33.91
0.369 0.002 33.94
0.367 0.002 33.98
0.366 0.002 34.01
0.364 0.004 34.04
0.364 0.003 34.08
0.362 0.003 34.11
0.36 0.001 34.14
0.359 0.001 34.18
0.357 0.005 34.21
0.356 0.003 34.24
0.355 0.003 34.28
0.354 0.005 34.31
0.354 0.001 34.34
0.354 0.001 34.38
0.354 0.001 34.41
0.356 0.004 34.44
0.358 0.006 34.48
0.36 0.003 34.51
0.361 0.004 34.54
0.362 0.006 34.58
0.362 0.005 34.61
0.361 0.004 34.64
0.357 0.004 34.68
0.355 0.005 34.71
0.352 0.004 34.74
0.349 0.004 34.78
0.346 0.006 34.81
0.344 0.004 34.85
0.345 0.003 34.88
0.345 0.003 34.91
0.345 0.002 34.95
0.345 0.003 34.98
0.344 0.003 35.01
0.342 0.003 35.04
0.341 0.003 35.08
0.34 0.003 35.11
0.338 0.004 35.14
0.337 0.004 35.18
0.336 0.005 35.21
0.335 0.003 35.24
0.335 0.004 35.28
0.336 0.003 35.31
0.338 0.005 35.34
0.34 0.003 35.38
0.341 0.004 35.41
0.345 0.006 35.44
0.349 0.007 35.48
0.353 0.007 35.51
0.359 0.009 35.54
0.364 0.009 35.58
0.371 0.011 35.61
0.378 0.012 35.64
0.387 0.014 35.68
0.396 0.012 35.71
0 0 35.74
0 0 35.77
0 0 35.81
0 0 35.84
0 0 35.87
0 0 35.91
0 0 35.94
0 0 35.97
0 0 36.01
0 0 36.04
0 0 36.07
0 0 36.11
0 0 36.14
0 0 36.18
0 0 36.21
0 0 36.24
0 0 36.27
0 0 36.31
0 0 36.34
0 0 36.37
0 0 36.41
0 0 36.44
0 0 36.47
0 0 36.51
0 0 36.54
0 0 36.57
0 0 36.61
0 0 36.64
0 0 36.67
0 0 36.71
0 0 36.74
0 0 36.77
0 0 36.81
0 0 36.84
0 0 36.87
0 0 36.91
0 0 36.94
0 0 36.97
0 0 37.01
0 0 37.04
0 0 37.07
0 0 37.11
0 0 37.14
0 0 37.18
0 0 37.21
0 0 37.24
0 0 37.27
0 0 37.31
0 0 37.34
0 0 37.37
0 0 37.41
0 0 37.44
0 0 37.47
0 0 37.51
0 0 37.54
0 0 37.57
0 0 37.61
0 0 37.64
0 0 37.67
0 0 37.71
0 0 37.74
0 0 37.77
0 0 37.81
0 0 37.84
0 0 37.87
0 0 37.91
0 0 37.94
0 0 37.97
0 0 38.01
0 0 38.04
0 0 38.07
0 0 38.11
0 0 38.14
0 0 38.18
0 0 38.21
0 0 38.24
0 0 38.27
0 0 38.31
0 0 38.34
0 0 38.37
0 0 38.41
0 0 38.44
0 0 38.47
0 0 38.51
0 0 38.54
0 0 38.58
0.482 0.098 38.61
0.468 0.017 38.64
0.451 0.02 38.68
0.437 0.017 38.71
0.422 0.018 38.74
0.41 0.016 38.78
0.397 0.016 38.81
0.388 0.012 38.84
0.38 0.011 38.88
0.371 0.012 38.91
0.364 0.01 38.94
0.359 0.009 38.98
0.354 0.008 39.01
0.35 0.007 39.04
0.347 0.007 39.08
0.344 0.006 39.11
0.341 0.006 39.14
0.339 0.005 39.18
0.338 0.006 39.21
0.337 0.004 39.25
0.338 0.004 39.28
0.338 0.006 39.31
0.337 0.002 39.35
0.336 0.003 39.38
0.335 0.003 39.41
0.334 0.001 39.44
0.334 0.003 39.48
0.335 0.001 39.51
0.333 0.005 39.54
0.331 0.002 39.58
0.328 0.006 39.61
0.326 0.005 39.64
0.324 0.003 39.68
0.322 0.003 39.71
0.321 0.004 39.74
0.321 0.0 39.78
0.323 0.002 39.81
0.324 0.003 39.85
0.325 0.002 39.88
0.328 0.003 39.91
0.331 0.004 39.94
0.335 0.005 39.98
0.339 0.005 40.01
0.344 0.006 40.04
0.346 0.004 40.08
0.349 0.005 40.11
0.351 0.002 40.14
0.352 0.002 40.18
0.351 0.002 40.21
0.352 0.001 40.24
0.352 0.0 40.28
0.35 0.002 40.31
0.35 0.001 40.34
0.352 0.002 40.38
0.351 0.004 40.41
0.35 0.001 40.44
0.349 0.002 40.48
0.346 0.002 40.51
0.345 0.002 40.54
0.343 0.002 40.58
0.343 0.002 40.61
0.338 0.004 40.64
0.337 0.002 40.68
0.337 0.004 40.71
0.333 0.003 40.74
0.333 0.003 40.78
0.333 0.002 40.81
0.329 0.004 40.85
0.329 0.004 40.88
0.33 0.004 40.91
0.327 0.006 40.94
0.328 0.006 40.98
0.33 0.007 41.01
0.333 0.008 41.04
0.332 0.008 41.07
0.335 0.009 41.11
0.338 0.008 41.14
0.338 0.008 41.18
0.343 0.009 41.21
0 0 41.24
0 0 41.27
0 0 41.31
0 0 41.34
0 0 41.38
0 0 41.41
0 0 41.44
0 0 41.47
0 0 41.51
0 0 41.54
0 0 41.57
0 0 41.61
0 0 41.64
0 0 41.68
0 0 41.71
0 0 41.74
0 0 41.77
0 0 41.81
0 0 41.84
0 0 41.87
0 0 41.91
0 0 41.94
0 0 41.97
0 0 42.01
0 0 42.04
0 0 42.07
0 0 42.11
0 0 42.14
0 0 42.17
0 0 42.21
0 0 42.24
0 0 42.27
0 0 42.31
0 0 42.34
0 0 42.37
0 0 42.41
0 0 42.44
0 0 42.47
0 0 42.51
0 0 42.54
0 0 42.57
0 0 42.61
0 0 42.64
0 0 42.67
0 0 42.71
0 0 42.74
0 0 42.77
0 0 42.81
0 0 42.84
0 0 42.87
0 0 42.91
0 0 42.94
0 0 42.97
0 0 43.01
0 0 43.04
0 0 43.07
0 0 43.11
0 0 43.14
0 0 43.17
0 0 43.21
0 0 43.24
0 0 43.27
0 0 43.31
0 0 43.34
0 0 43.37
0 0 43.41
0 0 43.44
0 0 43.47
0 0 43.51
0 0 43.54
0 0 43.57
0 0 43.61
0 0 43.64
0 0 43.67
0 0 43.71
0 0 43.74
0 0 43.77
0 0 43.81
0 0 43.84
0 0 43.87
0 0 43.91
0 0 43.94
0 0 43.97
0 0 44.01
0 0 44.04
0 0 44.07
0 0 44.11
0 0 44.14
0 0 44.17
0 0 44.21
0 0 44.24
0 0 44.27
0 0 44.31
0 0 44.34
0 0 44.37
0 0 44.41
0 0 44.44
0 0 44.47
0 0 44.51
0 0 44.54
0 0 44.57
0 0 44.61
0 0 44.64
0 0 44.67
0 0 44.71
0 0 44.74
0 0 44.77
0 0 44.81
0 0 44.84
0 0 44.87
0 0 44.91
0 0 44.94
0 0 44.97
0 0 45.01
0 0 45.04
0 0 45.07
0 0 45.11
0 0 45.14
0 0 45.17
0 0 45.21
0 0 45.24
0 0 45.27
0 0 45.31
0 0 45.34
0 0 45.37
0 0 45.41
0 0 45.44
0 0 45.47
0 0 45.51
0 0 45.54
0 0 45.57
0 0 45.61
0 0 45.64
0 0 45.67
0 0 45.71
0 0 45.74
0 0 45.77
0 0 45.81
0 0 45.84
0 0 45.87
0 0 45.91
0 0 45.94
0 0 45.97
0 0 46.01
0 0 46.04
0 0 46.07
0 0 46.11
0 0 46.14
0 0 46.17
0 0 46.21
0 0 46.24
0 0 46.27
0 0 46.31
0 0 46.34
0 0 46.37
0 0 46.41
0 0 46.44
0 0 46.47
0 0 46.51
0 0 46.54
0 0 46.57
0 0 46.61
0 0 46.64
0 0 46.67
0 0 46.71
0 0 46.74
0 0 46.77
0 0 46.81
0 0 46.84
0 0 46.87
0 0 46.91
0 0 46.94
0 0 46.97
0 0 47.01
0 0 47.04
0 0 47.07
0 0 47.11
0 0 47.14
0 0 47.17
0 0 47.21
0 0 47.24
0 0 47.27
0 0 47.3
0 0 47.34
0 0 47.37
0 0 47.41
0 0 47.44
0 0 47.47
0 0 47.51
0 0 47.54
0 0 47.57
0 0 47.61
0 0 47.64
0 0 47.68
0 0 47.7
0 0 47.74
0 0 47.77
0 0 47.81
0 0 47.84
0 0 47.87
0 0 47.91
0 0 47.94
0 0 47.97
0 0 48.01
0 0 48.04
0 0 48.07
0 0 48.1
0 0 48.14
0 0 48.17
0 0 48.21
0 0 48.24
0 0 48.27
0 0 48.31
0 0 48.34
0 0 48.37
0 0 48.41
0 0 48.44
0 0 48.47
0 0 48.51
0 0 48.54
0 0 48.57
0 0 48.61
0 0 48.64
0 0 48.67
0 0 48.7
0 0 48.74
0.233 0.121 48.77
0 0 48.81
0.217 0.018 48.84
0 0 48.87
0.202 0.022 48.91
0.192 0.011 48.94
0 0 48.97
0.18 0.02 49.01
0.173 0.009 49.04
0.178 0.009 49.07
0.176 0.007 49.11
0.173 0.007 49.14
0.172 0.006 49.17
0.178 0.005 49.21
0.177 0.005 49.24
0.177 0.004 49.27
0.183 0.004 49.31
0.183 0.004 49.34
0.184 0.003 49.37
0.189 0.002 49.41
0.191 0.003 49.44
0.191 0.001 49.47
0.197 0.001 49.51
0.197 0.002 49.54
0.198 0.003 49.57
0.195 0.004 49.61
0.2 0.003 49.64
0.198 0.003 49.67
0.195 0.004 49.71
0.2 0.002 49.74
0.198 0.003 49.77
0.198 0.003 49.81
0.203 0.004 49.84
0.202 0.005 49.87
0.201 0.006 49.91
0.209 0.004 49.94
0.211 0.003 49.97
0.213 0.003 50.01
0.213 0.002 50.04
0.217 0.003 50.07
0.216 0.003 50.11
0.214 0.004 50.14
0.217 0.002 50.17
0.216 0.003 50.21
0.214 0.003 50.24
0.216 0.005 50.27
0.215 0.003 50.31
0.214 0.004 50.34
0.221 0.004 50.37
0.221 0.006 50.41
0.221 0.007 50.44
0.228 0.015 50.47
0.235 0.013 50.51
0 0 50.54
0 0 50.57
0 0 50.6
0 0 50.64
0 0 50.67
0 0 50.7
0 0 50.74
0 0 50.77
0 0 50.8
0 0 50.84
0 0 50.87
0 0 50.9
0 0 50.94
0 0 50.97
0 0 51.01
0 0 51.04
0 0 51.07
0 0 51.1
0 0 51.14
0 0 51.17
0 0 51.2
0 0 51.24
0 0 51.27
0 0 51.3
0 0 51.34
0 0 51.37
0 0 51.4
0 0 51.44
0 0 51.47
0 0 51.51
0 0 51.54
0 0 51.57
0 0 51.6
0 0 51.64
0 0 51.67
0 0 51.7
0 0 51.74
0 0 51.77
0 0 51.8
0 0 51.84
0 0 51.87
0 0 51.9
0 0 51.94
0 0 51.97
0 0 52.01
0 0 52.04
0 0 52.07
0 0 52.1
0 0 52.14
0 0 52.17
0 0 52.2
0 0 52.24
0 0 52.27
0 0 52.3
0 0 52.34
0 0 52.37
0 0 52.4
0 0 52.44
0 0 52.47
0 0 52.51
0 0 52.54
0 0 52.57
0 0 52.6
0 0 52.64
0 0 52.67
0 0 52.7
0.325 0.105 52.74
0.313 0.018 52.77
0.304 0.017 52.81
0.297 0.016 52.84
0.291 0.014 52.87
0.29 0.011 52.91
0.289 0.008 52.94
0.285 0.007 52.97
0.284 0.005 53.01
0.284 0.004 53.04
0.284 0.003 53.07
0.283 0.002 53.11
0.282 0.002 53.14
0.282 0.001 53.17
0.281 0.001 53.21
0.279 0.002 53.24
0.279 0.003 53.27
0.276 0.004 53.31
0.273 0.005 53.34
0.27 0.006 53.37
0.266 0.007 53.41
0.261 0.007 53.44
0.259 0.008 53.47
0.253 0.008 53.51
0.251 0.007 53.54
0.248 0.006 53.58
0.248 0.005 53.61
0 0 53.64
0 0 53.67
0.251 0.011 53.71
0.252 0.005 53.74
0.248 0.008 53.77
0.246 0.006 53.81
0.243 0.004 53.84
0.239 0.005 53.87
0.232 0.01 53.91
0.23 0.009 53.94
0.226 0.012 53.97
0.225 0.014 54.01
0.232 0.017 54.04
0.241 0.02 54.07
0.262 0.027 54.11
0.292 0.031 54.14
0.324 0.034 54.18
0.357 0.035 54.21
0 0 54.24
0 0 54.27
0 0 54.3
0 0 54.34
0 0 54.37
0 0 54.4
0 0 54.44
0 0 54.47
0 0 54.5
0 0 54.54
0 0 54.57
0 0 54.61
0 0 54.64
0 0 54.67
0 0 54.7
0 0 54.74
0 0 54.77
0 0 54.8
0 0 54.84
0 0 54.87
0 0 54.9
0 0 54.94
0 0 54.97
0 0 55.01
0 0 55.04
0 0 55.07
0 0 55.1
0 0 55.14
0 0 55.17
0 0 55.2
0 0 55.24
0 0 55.27
0 0 55.3
0 0 55.34
0 0 55.37
0 0 55.4
0 0 55.44
0 0 55.47
0 0 55.5
0 0 55.54
0 0 55.57
0 0 55.6
0 0 55.64
0 0 55.67
0 0 55.71
0 0 55.74
0 0 55.77
0 0 55.8
0 0 55.84
0 0 55.87
0 0 55.9
0 0 55.94
0 0 55.97
0 0 56.01
0 0 56.04
0 0 56.07
0 0 56.11
0.432 0.019 56.14
0.424 0.014 56.17
0.422 0.009 56.21
0.416 0.011 56.24
0.409 0.015 56.27
0.409 0.01 56.31
0.405 0.006 56.34
0.399 0.008 56.37
0.398 0.005 56.41
0.395 0.004 56.44
0.393 0.004 56.47
0 0 56.51
0.399 0.012 56.54
0.406 0.008 56.57
0.411 0.007 56.61
0.41 0.003 56.64
0.405 0.006 56.67
0.398 0.008 56.71
0.395 0.006 56.74
0.394 0.002 56.77
0.397 0.004 56.81
0.401 0.003 56.84
0.403 0.002 56.87
0.406 0.003 56.91
0.41 0.004 56.94
0.417 0.006 56.97
0.423 0.007 57.01
0 0 57.04
0 0 57.07
0.434 0.012 57.11
0.435 0.005 57.14
0 0 57.17
0.433 0.008 57.21
0.428 0.005 57.24
0.423 0.006 57.27
0.416 0.009 57.31
0.408 0.01 57.34
0.399 0.013 57.37
0.391 0.014 57.41
0.384 0.015 57.44
0.376 0.013 57.47
0.371 0.011 57.51
0.366 0.008 57.54
0.361 0.006 57.57
0.358 0.005 57.61
0.355 0.004 57.64
0.354 0.003 57.67
0.352 0.004 57.71
0.35 0.004 57.74
0.347 0.004 57.77
0 0 57.81
0.34 0.009 57.84
0 0 57.88
0.334 0.01 57.91
0 0 57.94
0 0 57.97
0 0 58.01
0.326 0.012 58.04
0 0 58.07
0 0 58.1
0 0 58.14
0 0 58.17
0 0 58.21
0 0 58.24
0 0 58.27
0.315 0.022 58.31
0.317 0.008 58.34
0.321 0.011 58.37
0.329 0.014 58.41
0.341 0.017 58.44
0.357 0.021 58.47
0.377 0.026 58.51
0 0 58.54
0.416 0.047 58.57
0 0 58.61
0 0 58.64
0 0 58.67
0 0 58.7
0 0 58.74
0 0 58.77
0 0 58.8
0 0 58.84
0 0 58.87
0 0 58.9
0 0 58.94
0 0 58.97
0 0 59.0
0 0 59.04
0 0 59.07
0 0 59.1
0 0 59.14
0 0 59.17
0 0 59.2
0 0 59.24
0 0 59.27
0 0 59.3
0 0 59.34
0 0 59.37
0 0 59.4
0 0 59.44
0 0 59.47
0 0 59.5
0 0 59.54
0 0 59.57
0 0 59.6
0 0 59.64
0 0 59.67
0 0 59.7
0 0 59.74
0 0 59.77
0 0 59.8
0 0 59.84
0 0 59.87
0 0 59.9
0 0 59.94
0 0 59.97
0 0 60.0
0 0 60.04
0 0 60.07
0 0 60.1
0 0 60.14
0 0 60.17
0 0 60.2
0 0 60.24
0 0 60.27
0 0 60.3
0 0 60.34
0 0 60.37
0 0 60.4
0 0 60.44
0 0 60.47
0 0 60.5
0 0 60.54
0 0 60.57
0 0 60.6
0 0 60.64
0 0 60.67
0 0 60.7
0 0 60.74
0 0 60.77
0.441 0.029 60.81
0 0 60.84
0 0 60.87
0 0 60.9
0.395 0.07 60.94
0.391 0.012 60.97
0.385 0.01 61.01
0.383 0.007 61.04
0.382 0.006 61.07
0.38 0.003 61.11
0.379 0.002 61.14
0.376 0.003 61.17
0.373 0.005 61.2
0.374 0.002 61.24
0.375 0.002 61.27
0.377 0.002 61.3
0.375 0.003 61.34
0.376 0.001 61.37
0.377 0.003 61.41
0.378 0.004 61.44
0.38 0.004 61.47
0.38 0.002 61.51
0.377 0.004 61.54
0.376 0.001 61.57
0.375 0.003 61.61
0.375 0.002 61.64
0.377 0.003 61.67
0 0 61.7
0.377 0.003 61.74
0.377 0.001 61.77
0.377 0.001 61.81
0.375 0.006 61.84
0.376 0.002 61.87
0.374 0.003 61.91
0.372 0.003 61.94
0.372 0.001 61.97
0.372 0.001 62.01
0.369 0.003 62.04
0.37 0.005 62.07
0.369 0.004 62.11
0.367 0.004 62.14
0 0 62.17
0.361 0.01 62.21
0.357 0.006 62.24
0.353 0.005 62.27
0.349 0.005 62.31
0.345 0.006 62.34
0.34 0.006 62.37
0.334 0.006 62.41
0 0 62.44
0.329 0.009 62.47
0.327 0.004 62.51
0.324 0.007 62.54
0.324 0.004 62.57
0.325 0.008 62.61
0.324 0.006 62.64
0.322 0.006 62.67
0 0 62.7
0 0 62.74
0 0 62.77
0 0 62.8
0 0 62.84
0 0 62.87
0 0 62.9
0 0 62.94
0 0 62.97
0.31 0.02 63.01
0.311 0.002 63.04
0.306 0.011 63.07
0 0 63.1
0.303 0.017 63.14
0.306 0.01 63.17
0.309 0.015 63.21
0.316 0.017 63.24
0.329 0.018 63.27
0.349 0.021 63.31
0 0 63.34
0 0 63.37
0 0 63.4
0 0 63.44
0 0 63.47
0 0 63.51
0 0 63.54
0 0 63.57
0 0 63.6
0 0 63.64
0 0 63.67
0 0 63.7
0 0 63.74
0 0 63.77
0 0 63.8
0 0 63.84
0 0 63.87
0 0 63.9
0 0 63.94
0 0 63.97
0 0 64.0
0 0 64.04
0 0 64.07
0 0 64.1
0 0 64.14
0 0 64.17
0 0 64.2
0 0 64.24
0 0 64.27
0 0 64.3
0 0 64.34
0 0 64.37
0 0 64.4
0 0 64.44
0 0 64.47
0 0 64.5
0 0 64.54
0 0 64.57
0 0 64.6
0 0 64.64
0 0 64.67
0 0 64.7
0 0 64.74
0 0 64.77
0 0 64.8
0 0 64.84
0 0 64.87
0 0 64.9
0 0 64.94
0 0 64.97
0 0 65.0
0 0 65.04
0 0 65.07
0 0 65.1
0 0 65.14
0 0 65.17
0 0 65.2
0 0 65.24
0 0 65.27
0 0 65.3
0 0 65.34
0 0 65.37
0 0 65.4
0 0 65.44
0 0 65.47
0 0 65.5
0 0 65.54
0 0 65.57
0 0 65.6
0 0 65.64
0 0 65.67
0 0 65.7
0 0 65.74
0 0 65.77
0 0 65.8
0 0 65.84
0 0 65.87
0 0 65.9
0 0 65.94
0 0 65.97
0 0 66.0
0 0 66.04
0 0 66.07
0 0 66.1
0 0 66.14
0 0 66.17
0 0 66.2
0 0 66.24
0 0 66.27
0 0 66.3
0 0 66.34
0 0 66.37
0 0 66.4
0 0 66.44
0 0 66.47
0 0 66.5
0 0 66.54
0 0 66.57
0 0 66.6
0 0 66.64
0 0 66.67
0 0 66.7
0 0 66.74
0 0 66.77
0 0 66.8
0 0 66.84
0 0 66.87
0 0 66.9
0 0 66.94
0 0 66.97
0 0 67.0
0 0 67.04
0 0 67.07
0 0 67.1
0 0 67.14
0 0 67.17
0 0 67.2
0 0 67.24
0 0 67.27
0 0 67.3
0 0 67.34
0 0 67.37
0 0 67.4
0 0 67.44
0 0 67.47
0 0 67.5
0 0 67.54
0 0 67.57
0 0 67.6
0 0 67.64
0 0 67.67
0 0 67.7
0 0 67.74
0 0 67.77
0 0 67.8
0 0 67.84
0 0 67.87
0 0 67.9
0 0 67.94
0 0 67.97
0 0 68.0
0 0 68.04
0 0 68.07
0 0 68.1
0 0 68.14
0 0 68.17
0 0 68.2
0 0 68.24
0 0 68.27
0 0 68.3
0 0 68.34
0 0 68.37
0 0 68.4
0 0 68.44
0 0 68.47
