0.498 0.605 2.29
0.495 0.004 2.33
0.497 0.003 2.35
0.495 0.003 2.38
0.499 0.005 2.4
0.496 0.005 2.41
0.498 0.003 2.43
0.498 0.001 2.47
0.496 0.002 2.5
0.499 0.003 2.54
0.498 0.001 2.57
0.495 0.004 2.6
0.498 0.004 2.64
0.352 0.292 2.67
0.347 0.009 2.71
0.345 0.007 2.74
0.342 0.008 2.77
0.342 0.007 2.8
0.345 0.006 2.84
0.348 0.008 2.88
0.353 0.008 2.91
0.357 0.009 2.94
0.363 0.007 2.97
0.367 0.006 3.0
0.37 0.005 3.04
0.371 0.003 3.07
0.498 0.261 3.1
0.37 0.262 3.14
0.496 0.26 3.17
0.365 0.262 3.21
0.362 0.005 3.24
0.359 0.005 3.27
0.499 0.267 3.3
0.349 0.271 3.34
0.344 0.006 3.37
0.339 0.006 3.4
0.334 0.006 3.44
0.33 0.006 3.47
0.326 0.005 3.5
0.325 0.003 3.54
0.324 0.002 3.57
0.324 0.003 3.6
0.323 0.003 3.64
0.323 0.003 3.67
0.322 0.004 3.71
0.321 0.004 3.74
0.318 0.005 3.77
0.314 0.007 3.8
0.31 0.007 3.84
0.306 0.007 3.87
0.302 0.006 3.9
0.298 0.005 3.94
0.295 0.004 3.97
0.294 0.002 4.0
0.293 0.002 4.04
0.293 0.002 4.07
0.294 0.003 4.1
0.295 0.002 4.14
0.296 0.002 4.17
0.298 0.003 4.2
0.299 0.002 4.24
0.3 0.001 4.27
0.3 0.001 4.3
0.3 0.0 4.34
0.3 0.001 4.37
0.3 0.001 4.4
0.299 0.002 4.44
0.299 0.002 4.47
0.299 0.001 4.5
0.299 0.001 4.54
0.3 0.001 4.57
0.3 0.002 4.6
0.302 0.001 4.64
0.303 0.002 4.67
0.304 0.002 4.7
0.305 0.002 4.74
0.306 0.001 4.77
0.307 0.001 4.8
0.307 0.001 4.84
0.307 0.0 4.87
0.307 0.001 4.9
0.307 0.001 4.94
0.306 0.001 4.97
0.305 0.001 5.0
0.305 0.002 5.04
0.304 0.003 5.07
0.303 0.002 5.1
0.302 0.002 5.14
0.302 0.005 5.17
0.301 0.004 5.2
0.301 0.007 5.23
0.3 0.004 5.27
0.3 0.009 5.3
0.298 0.005 5.34
0 0 5.37
0.297 0.015 5.4
0.296 0.006 5.44
0.295 0.006 5.47
0.295 0.007 5.5
0.294 0.003 5.54
0.294 0.005 5.57
0.294 0.004 5.6
0.296 0.006 5.63
0.296 0.002 5.67
0.295 0.002 5.7
0.295 0.001 5.73
0.295 0.002 5.77
0.294 0.003 5.8
0.293 0.004 5.84
0.294 0.001 5.87
0.294 0.004 5.9
0.294 0.006 5.94
0.295 0.005 5.97
0.298 0.003 6.0
0.297 0.008 6.04
0.299 0.003 6.07
0.3 0.004 6.1
0.299 0.005 6.13
0.299 0.002 6.17
0.299 0.002 6.2
0.298 0.003 6.23
0.297 0.003 6.27
0.296 0.003 6.3
0.293 0.004 6.33
0.289 0.004 6.37
0.286 0.005 6.4
0.282 0.004 6.44
0.279 0.004 6.47
0.277 0.002 6.5
0.275 0.003 6.54
0.275 0.001 6.57
0.274 0.005 6.6
0.275 0.001 6.64
0.275 0.004 6.67
0.275 0.002 6.71
0.274 0.002 6.74
0.273 0.004 6.77
0.271 0.005 6.8
0.268 0.008 6.84
0.265 0.009 6.87
0.26 0.008 6.9
0.257 0.008 6.94
0.253 0.007 6.97
0.248 0.006 7.0
0.246 0.006 7.03
0.243 0.005 7.07
0.24 0.005 7.1
0.238 0.006 7.14
0.237 0.006 7.17
0.236 0.006 7.2
0.235 0.006 7.23
0.234 0.005 7.27
0.233 0.007 7.3
0.231 0.007 7.33
0.228 0.007 7.37
0.227 0.008 7.4
0.224 0.006 7.44
0.224 0.008 7.47
0.219 0.004 7.5
0.217 0.005 7.54
0.22 0.01 7.57
0.216 0.004 7.61
0.215 0.003 7.64
0.212 0.003 7.67
0.213 0.005 7.7
0.21 0.004 7.73
0.213 0.006 7.77
0.214 0.001 7.8
0.215 0.001 7.84
0.217 0.002 7.87
0.22 0.003 7.9
0.22 0.005 7.93
0.223 0.004 7.97
0.228 0.005 8.0
0.232 0.004 8.03
0.236 0.005 8.07
0.239 0.004 8.1
0.245 0.006 8.13
0.246 0.003 8.17
0.249 0.003 8.2
0.252 0.003 8.24
0.254 0.003 8.27
0.254 0.002 8.3
0.257 0.004 8.33
0.256 0.002 8.37
0.256 0.001 8.4
0.256 0.001 8.43
0.254 0.003 8.47
0.254 0.002 8.5
0.254 0.001 8.54
0.254 0.002 8.57
0.254 0.001 8.6
0.255 0.001 8.64
0.254 0.002 8.67
0.255 0.002 8.7
0.257 0.005 8.73
0.257 0.001 8.77
0.256 0.002 8.8
0.253 0.004 8.83
0.251 0.002 8.87
0.25 0.001 8.9
0.249 0.001 8.94
0.249 0.001 8.97
0.249 0.002 9.0
0.248 0.001 9.04
0.248 0.002 9.07
0.246 0.002 9.1
0.245 0.002 9.13
0.244 0.003 9.17
0.241 0.004 9.2
0.241 0.004 9.23
0.239 0.002 9.27
0.238 0.002 9.3
0.237 0.002 9.33
0.239 0.003 9.37
0.237 0.002 9.4
0.237 0.002 9.43
0.235 0.002 9.47
0.233 0.002 9.5
0.232 0.002 9.54
0.23 0.002 9.57
0.229 0.002 9.6
0.226 0.004 9.63
0.224 0.002 9.67
0.222 0.003 9.7
0.221 0.002 9.74
0.219 0.002 9.77
0.217 0.003 9.8
0.215 0.003 9.83
0.212 0.003 9.87
0.211 0.002 9.9
0.209 0.002 9.93
0.208 0.002 9.97
0.207 0.002 10.0
0.208 0.002 10.04
0.208 0.002 10.07
0.21 0.002 10.1
0.211 0.002 10.14
0.212 0.002 10.17
0.214 0.003 10.2
0.215 0.002 10.24
0.217 0.003 10.27
0.218 0.002 10.3
0.217 0.002 10.34
0.217 0.002 10.37
0.216 0.002 10.4
0.216 0.001 10.44
0.215 0.001 10.47
0.216 0.004 10.5
0.213 0.003 10.54
0.209 0.004 10.57
0.207 0.003 10.6
0.205 0.003 10.63
0.202 0.003 10.67
0.2 0.002 10.7
0.198 0.002 10.73
0.198 0.002 10.77
0 0 10.8
0.196 0.004 10.84
0.193 0.004 10.87
0.193 0.003 10.9
0.191 0.002 10.94
0.19 0.002 10.97
0.189 0.003 11.0
0.188 0.003 11.04
0.185 0.004 11.07
0.18 0.005 11.1
0.178 0.005 11.13
0.173 0.005 11.17
0.169 0.006 11.2
0.164 0.006 11.23
0.161 0.006 11.27
0.157 0.006 11.3
0.153 0.005 11.33
0.15 0.004 11.37
0.148 0.003 11.4
0.145 0.003 11.43
0.143 0.003 11.47
0.144 0.001 11.5
0 0 11.53
0.145 0.006 11.57
0.146 0.002 11.6
0.146 0.003 11.63
0.149 0.003 11.67
0.149 0.002 11.7
0.15 0.001 11.74
0.153 0.004 11.77
0.152 0.001 11.8
0.151 0.002 11.83
0.15 0.002 11.87
0.15 0.0 11.9
0.148 0.004 11.94
0.148 0.001 11.97
0.147 0.002 12.0
0.148 0.001 12.03
0.147 0.003 12.07
0.148 0.002 12.1
0.148 0.001 12.14
0.147 0.001 12.17
0.149 0.004 12.2
0.147 0.002 12.23
0.148 0.003 12.27
0.147 0.001 12.3
0.146 0.002 12.33
0.149 0.007 12.37
0.144 0.007 12.4
0.143 0.001 12.44
0.142 0.001 12.47
0.142 0.001 12.5
0.141 0.001 12.54
0.14 0.001 12.57
0.14 0.001 12.6
0.14 0.002 12.63
0.145 0.009 12.67
0.141 0.008 12.7
0.143 0.002 12.73
0.145 0.003 12.77
0.142 0.006 12.8
0.143 0.001 12.83
0.144 0.001 12.87
0.145 0.001 12.9
0.145 0.001 12.93
0.144 0.002 12.97
0.145 0.001 13.0
0.145 0.001 13.03
0.147 0.001 13.07
0.147 0.001 13.1
0.147 0.001 13.13
0.147 0.002 13.17
0.148 0.001 13.2
0.148 0.001 13.23
0.149 0.001 13.27
0.151 0.002 13.3
0.151 0.001 13.33
0.152 0.001 13.37
0.152 0.001 13.4
0.152 0.001 13.43
0.152 0.001 13.47
0.154 0.001 13.5
0.153 0.002 13.54
0.153 0.001 13.57
0.155 0.003 13.6
0.155 0.002 13.63
0.155 0.001 13.67
0.155 0.002 13.7
0.154 0.001 13.73
0.156 0.002 13.77
0.157 0.001 13.8
0.158 0.002 13.84
0.156 0.003 13.87
0.158 0.002 13.9
0.157 0.001 13.93
0.156 0.003 13.97
0.159 0.003 14.0
0.159 0.001 14.03
0.162 0.003 14.07
0.163 0.002 14.1
0.165 0.003 14.13
0.162 0.009 14.17
0.161 0.005 14.2
0.159 0.009 14.23
0.16 0.004 14.27
0.161 0.005 14.3
0.163 0.004 14.34
0.166 0.003 14.37
0.17 0.005 14.4
0.174 0.005 14.43
0.175 0.002 14.47
0.177 0.003 14.5
0.176 0.001 14.54
0.175 0.002 14.57
0.174 0.003 14.6
0.172 0.002 14.63
0.17 0.003 14.67
0.169 0.005 14.7
0.169 0.002 14.73
0.169 0.003 14.77
0.172 0.005 14.8
0.173 0.002 14.83
0.174 0.002 14.87
0.176 0.002 14.9
0.177 0.002 14.93
0.178 0.002 14.96
0.179 0.002 15.0
0.179 0.001 15.03
0.18 0.002 15.07
0.182 0.004 15.1
0.182 0.002 15.13
0.182 0.001 15.16
0.183 0.002 15.2
0.183 0.001 15.23
0.184 0.002 15.27
0.183 0.001 15.3
0.184 0.001 15.33
0.182 0.004 15.37
0.183 0.001 15.4
0.183 0.001 15.43
0.183 0.001 15.47
0.185 0.003 15.5
0.184 0.002 15.53
0.184 0.002 15.57
0.184 0.001 15.6
0.184 0.001 15.63
0.183 0.002 15.66
0.183 0.001 15.7
0.181 0.002 15.73
0.181 0.001 15.77
0.181 0.001 15.8
0.181 0.0 15.83
0.18 0.001 15.87
0.18 0.0 15.9
0.181 0.003 15.93
0.18 0.003 15.97
0.181 0.003 16.0
0.181 0.002 16.03
0.181 0.001 16.07
0.181 0.001 16.1
0.18 0.003 16.13
0.18 0.002 16.17
0.18 0.001 16.2
0.181 0.002 16.23
0.182 0.001 16.27
0.182 0.001 16.3
0.183 0.001 16.33
0.184 0.001 16.37
0.185 0.001 16.4
0.184 0.001 16.43
0.184 0.001 16.46
0.183 0.001 16.5
0.182 0.001 16.53
0.182 0.001 16.57
0.181 0.002 16.6
0.181 0.001 16.63
0.181 0.001 16.67
0.182 0.003 16.7
0.182 0.002 16.73
0.182 0.001 16.76
0.182 0.001 16.8
0.183 0.005 16.83
0.18 0.003 16.87
0.179 0.004 16.9
0.177 0.005 16.94
0.175 0.004 16.97
0.172 0.005 17.0
0.169 0.004 17.03
0.166 0.005 17.06
0.164 0.005 17.1
0.158 0.007 17.13
0.155 0.004 17.17
0.153 0.003 17.2
0.152 0.003 17.23
0.151 0.002 17.27
0.153 0.002 17.3
0.157 0.007 17.33
0.157 0.004 17.37
0.164 0.009 17.4
0.162 0.006 17.43
0.167 0.007 17.47
0.17 0.005 17.5
0.171 0.002 17.53
0.173 0.004 17.57
0.174 0.003 17.6
0.176 0.005 17.63
0.177 0.005 17.66
0.173 0.006 17.7
0.175 0.005 17.73
0.171 0.007 17.76
0.174 0.004 17.8
0.172 0.003 17.83
0.173 0.001 17.87
0.174 0.001 17.9
0.172 0.003 17.93
0.171 0.003 17.96
0.171 0.001 18.0
0.175 0.005 18.03
0.175 0.0 18.07
0.176 0.002 18.1
0.173 0.006 18.13
0.173 0.0 18.16
0.176 0.005 18.2
0.172 0.006 18.23
0.172 0.001 18.27
0.174 0.004 18.3
0.175 0.002 18.33
0.171 0.007 18.37
0.174 0.007 18.4
0.171 0.006 18.43
0.171 0.002 18.47
0.174 0.006 18.5
0.17 0.006 18.53
0.171 0.003 18.57
0.17 0.002 18.6
0.174 0.007 18.63
0.174 0.001 18.66
0.174 0.001 18.7
0.17 0.006 18.73
0.173 0.005 18.76
0.174 0.002 18.8
0.172 0.003 18.83
0.174 0.004 18.87
0.176 0.002 18.9
0.175 0.001 18.93
0.176 0.001 18.97
0.176 0.001 19.0
0.176 0.001 19.03
0.172 0.003 19.07
0.169 0.004 19.1
0.172 0.006 19.13
0.168 0.006 19.17
0.171 0.005 19.2
0.169 0.002 19.23
0.169 0.001 19.27
0.169 0.001 19.3
0.168 0.003 19.33
0.171 0.005 19.37
0.172 0.001 19.4
0.173 0.001 19.43
0.173 0.0 19.47
0.174 0.001 19.5
0.171 0.005 19.53
0.174 0.006 19.56
0.171 0.006 19.6
0.173 0.005 19.63
0.17 0.006 19.67
0.174 0.007 19.7
0.173 0.0 19.73
0.173 0.0 19.77
0.172 0.001 19.8
0.17 0.005 19.83
0.172 0.005 19.87
0.169 0.006 19.9
0.172 0.006 19.93
0.173 0.0 19.97
0.172 0.0 20.0
0.169 0.006 20.03
0.168 0.001 20.06
0.173 0.008 20.1
0.173 0.001 20.13
0.17 0.005 20.17
0.174 0.006 20.2
0.173 0.001 20.23
0.175 0.003 20.27
0.175 0.001 20.3
0.175 0.001 20.33
0.174 0.003 20.37
0.176 0.003 20.4
0.175 0.001 20.43
0.174 0.002 20.46
0.175 0.002 20.5
0.174 0.003 20.53
0.174 0.0 20.56
0.178 0.006 20.6
0.173 0.008 20.63
0.177 0.007 20.66
0.174 0.005 20.7
0.174 0.001 20.73
0.173 0.002 20.76
0.176 0.005 20.8
0.174 0.002 20.83
0.173 0.002 20.87
0.177 0.005 20.9
0.172 0.007 20.93
0.178 0.008 20.96
0.177 0.001 21.0
0.174 0.005 21.03
0.177 0.006 21.06
0.174 0.006 21.1
0.178 0.006 21.13
0.176 0.003 21.17
0.178 0.003 21.2
0.175 0.004 21.23
0.175 0.0 21.26
0.178 0.004 21.3
0.177 0.002 21.33
0.173 0.006 21.37
0.177 0.006 21.4
0.175 0.003 21.43
0.175 0.001 21.47
0.177 0.002 21.5
0.175 0.003 21.53
0.174 0.001 21.56
0.179 0.007 21.6
0.176 0.004 21.63
0.175 0.003 21.66
0.18 0.008 21.7
0.174 0.009 21.73
0.179 0.008 21.76
0.176 0.005 21.8
0.176 0.001 21.83
0.176 0.001 21.87
0.18 0.005 21.9
0.179 0.001 21.93
0.177 0.004 21.96
0.177 0.001 22.0
0.177 0.001 22.03
0.178 0.002 22.07
0.182 0.006 22.1
0.182 0.0 22.13
0.18 0.003 22.17
0.179 0.001 22.2
0.179 0.0 22.23
0.182 0.004 22.27
0.178 0.005 22.3
0.182 0.005 22.33
0.178 0.006 22.37
0.179 0.001 22.4
0.182 0.005 22.43
0.18 0.005 22.47
0.181 0.001 22.5
0.18 0.001 22.53
0.181 0.001 22.57
0.181 0.001 22.6
0.181 0.001 22.63
0.183 0.004 22.66
0.182 0.002 22.7
0.185 0.004 22.73
0.182 0.005 22.76
0.184 0.003 22.8
0.182 0.002 22.83
0.186 0.005 22.87
0.183 0.004 22.9
0.182 0.002 22.93
0.184 0.003 22.97
0.182 0.003 23.0
0.185 0.005 23.03
0 0 23.06
0.182 0.006 23.1
0.185 0.004 23.13
0.185 0.001 23.16
0.184 0.002 23.2
0.183 0.001 23.23
0.186 0.004 23.26
0.183 0.005 23.3
0.186 0.005 23.33
0.187 0.002 23.37
0.184 0.005 23.4
0.186 0.003 23.43
0.187 0.001 23.46
0.185 0.004 23.5
0.184 0.002 23.53
0.185 0.002 23.57
0.187 0.003 23.6
0.187 0.001 23.63
0.187 0.0 23.66
0.187 0.0 23.7
0.187 0.0 23.73
0.184 0.005 23.76
0.185 0.003 23.8
0.184 0.002 23.83
0.187 0.005 23.87
0.184 0.004 23.9
0.184 0.0 23.93
0.186 0.003 23.96
0 0 24.0
0.186 0.001 24.03
0.185 0.003 24.06
0.185 0.001 24.1
0.186 0.0 24.13
0.184 0.003 24.17
0.184 0.0 24.2
0.183 0.001 24.23
0.184 0.002 24.27
0.189 0.007 24.3
0.189 0.002 24.33
0.189 0.001 24.37
0.191 0.003 24.4
0.192 0.002 24.43
0.193 0.001 24.46
0.189 0.006 24.5
0.195 0.011 24.53
0.196 0.004 24.56
0.197 0.003 24.6
0.198 0.004 24.63
0.203 0.008 24.66
0.197 0.009 24.7
0 0 24.73
0 0 24.76
0 0 24.8
0 0 24.83
0.198 0.011 24.87
0.198 0.003 24.9
0 0 24.93
0 0 24.96
0 0 25.0
0 0 25.03
0 0 25.06
0 0 25.1
0 0 25.13
0 0 25.16
0 0 25.2
0 0 25.23
0 0 25.26
0 0 25.3
0 0 25.33
0 0 25.36
0 0 25.4
0 0 25.43
0 0 25.46
0 0 25.5
0 0 25.53
0 0 25.56
0 0 25.6
0 0 25.63
0 0 25.66
0.213 0.017 25.7
0.21 0.004 25.73
0.214 0.005 25.76
0 0 25.8
0 0 25.83
0 0 25.86
0 0 25.9
0 0 25.93
0 0 25.96
0 0 26.0
0 0 26.03
0 0 26.06
0 0 26.1
0 0 26.13
0 0 26.16
0 0 26.2
0 0 26.23
0 0 26.26
0 0 26.3
0 0 26.33
0 0 26.36
0 0 26.4
0 0 26.43
0 0 26.46
0 0 26.5
0 0 26.53
0.25 0.099 26.56
0 0 26.6
0 0 26.63
0 0 26.66
0 0 26.7
0.253 0.015 26.73
0.248 0.007 26.77
0 0 26.8
0.241 0.015 26.83
0 0 26.86
0.232 0.019 26.9
0 0 26.93
0.227 0.015 26.96
0.227 0.007 27.0
0.227 0.008 27.03
0.231 0.008 27.06
0.233 0.006 27.1
0.239 0.008 27.13
0.247 0.009 27.16
0.254 0.008 27.2
0.262 0.009 27.23
0.271 0.011 27.27
0.276 0.006 27.3
0.28 0.005 27.33
0.285 0.007 27.37
0.29 0.006 27.4
0.289 0.003 27.43
0.29 0.004 27.46
0.288 0.004 27.5
0.289 0.006 27.53
0.286 0.006 27.56
0.284 0.003 27.6
0.284 0.004 27.63
0.28 0.005 27.66
0.285 0.01 27.7
0 0 27.73
0.279 0.01 27.76
0.279 0.001 27.8
0.278 0.003 27.83
0.277 0.005 27.87
0.279 0.007 27.9
0.283 0.011 27.93
0.288 0.015 27.96
0 0 28.0
0.309 0.042 28.03
0.324 0.025 28.06
0.345 0.028 28.1
0.357 0.028 28.13
0.375 0.027 28.16
0.393 0.027 28.2
0 0 28.23
0 0 28.26
0 0 28.3
0 0 28.33
0 0 28.36
0 0 28.4
0 0 28.43
0 0 28.46
0 0 28.49
0 0 28.53
0 0 28.56
0 0 28.6
0 0 28.63
0 0 28.66
0 0 28.7
0 0 28.73
0 0 28.76
0 0 28.79
0 0 28.83
0 0 28.86
0 0 28.9
0 0 28.93
0 0 28.96
0 0 29.0
0 0 29.03
0 0 29.06
0 0 29.1
0 0 29.13
0 0 29.16
0 0 29.2
0 0 29.23
0 0 29.26
0 0 29.29
0 0 29.33
0 0 29.36
0 0 29.4
0 0 29.43
0 0 29.46
0 0 29.5
0 0 29.53
0 0 29.56
0 0 29.6
0 0 29.63
0 0 29.66
0.393 0.029 29.7
0.388 0.011 29.73
0.379 0.014 29.77
0.371 0.013 29.8
0.363 0.013 29.83
0.357 0.012 29.87
0.353 0.012 29.9
0.348 0.012 29.93
0.343 0.012 29.96
0.34 0.011 30.0
0.335 0.011 30.03
0.331 0.011 30.06
0.327 0.011 30.1
0.324 0.011 30.13
0.32 0.011 30.16
0.317 0.011 30.2
0.313 0.011 30.23
0.314 0.014 30.26
0.311 0.011 30.3
0.307 0.01 30.33
0.306 0.009 30.37
0.305 0.008 30.4
0.305 0.007 30.43
0.308 0.008 30.46
0.306 0.004 30.5
0.307 0.003 30.53
0.308 0.002 30.56
0.308 0.002 30.6
0.311 0.003 30.63
0.311 0.005 30.67
0.312 0.005 30.7
0.313 0.007 30.73
0.317 0.006 30.76
0.32 0.006 30.8
0.321 0.008 30.83
0.324 0.005 30.87
0.323 0.003 30.9
0.323 0.001 30.93
0.321 0.005 30.96
0.318 0.007 31.0
0.312 0.009 31.03
0.308 0.009 31.07
0.306 0.009 31.1
0.307 0.012 31.13
0.307 0.009 31.17
0.307 0.008 31.2
0.305 0.006 31.23
0.308 0.007 31.26
0.308 0.003 31.3
0.313 0.007 31.33
0.313 0.002 31.37
0.318 0.006 31.4
0.318 0.001 31.43
0.317 0.002 31.46
0.317 0.002 31.5
0.318 0.003 31.53
0.317 0.003 31.56
0.316 0.003 31.6
0.312 0.005 31.63
0.317 0.007 31.66
0.316 0.0 31.7
0 0 31.73
0.316 0.004 31.76
0.314 0.005 31.8
0.315 0.002 31.83
0.32 0.006 31.87
0.319 0.004 31.9
0.322 0.004 31.93
0.317 0.008 31.96
0.318 0.003 32.0
0.316 0.005 32.03
0.316 0.004 32.06
0.313 0.006 32.1
0.312 0.006 32.13
0.308 0.008 32.16
0.305 0.009 32.2
0.301 0.012 32.23
0.301 0.012 32.26
0.302 0.014 32.3
0.306 0.016 32.33
0.312 0.019 32.37
0.316 0.023 32.4
0.319 0.025 32.43
0.334 0.025 32.46
0.347 0.025 32.5
0.369 0.028 32.53
0.385 0.025 32.56
0.406 0.026 32.6
0.425 0.024 32.63
0 0 32.66
0.455 0.039 32.7
0 0 32.73
0 0 32.76
0 0 32.79
0 0 32.83
0 0 32.86
0 0 32.9
0 0 32.93
0.453 0.016 32.96
0 0 33.0
0.423 0.035 33.03
0.406 0.021 33.06
0.387 0.023 33.1
0.37 0.023 33.13
0.353 0.025 33.16
0.333 0.026 33.2
0.319 0.024 33.23
0.305 0.024 33.26
0.294 0.022 33.3
0.286 0.02 33.33
0.279 0.017 33.37
0.275 0.015 33.4
0 0 33.43
0.27 0.023 33.46
0.267 0.009 33.5
0.271 0.013 33.53
0.275 0.01 33.56
0.271 0.01 33.6
0 0 33.63
0.279 0.016 33.66
0 0 33.7
0 0 33.73
0 0 33.76
0 0 33.8
0 0 33.83
0.288 0.016 33.87
0 0 33.9
0 0 33.93
0.286 0.007 33.96
0.283 0.006 34.0
0.282 0.004 34.03
0.288 0.011 34.06
0.284 0.009 34.1
0 0 34.13
0.281 0.007 34.16
0.281 0.003 34.2
0.28 0.005 34.23
0.282 0.003 34.27
0.281 0.004 34.3
0.282 0.003 34.33
0.281 0.005 34.37
0.281 0.004 34.4
0.283 0.004 34.43
0.283 0.005 34.46
0.285 0.005 34.5
0.284 0.008 34.53
0.286 0.007 34.56
0.288 0.008 34.6
0.291 0.009 34.63
0.292 0.009 34.66
0.294 0.01 34.7
0.298 0.009 34.73
0.3 0.01 34.77
0.303 0.009 34.8
0.307 0.009 34.83
0.31 0.009 34.87
0.314 0.009 34.9
0.317 0.009 34.93
0.323 0.01 34.96
0.327 0.009 35.0
0.333 0.009 35.03
0.338 0.01 35.06
0.345 0.01 35.1
0.352 0.011 35.13
0.361 0.012 35.16
0.368 0.011 35.2
0.376 0.011 35.23
0.386 0.013 35.26
0.395 0.012 35.3
0 0 35.33
0.412 0.023 35.36
0 0 35.39
0 0 35.43
0.437 0.031 35.46
0 0 35.49
0.446 0.011 35.53
0.444 0.005 35.56
0.445 0.001 35.6
0.445 0.001 35.63
0.44 0.006 35.66
0.436 0.005 35.7
0.429 0.009 35.73
0.422 0.008 35.76
0 0 35.79
0.408 0.019 35.83
0.395 0.016 35.86
0.388 0.01 35.9
0.381 0.01 35.93
0.376 0.01 35.96
0.37 0.011 36.0
0.367 0.011 36.03
0.36 0.011 36.06
0.354 0.011 36.1
0.347 0.011 36.13
0.34 0.011 36.16
0.332 0.012 36.2
0.325 0.012 36.23
0.318 0.012 36.26
0.311 0.012 36.3
0.305 0.011 36.33
0.297 0.011 36.36
0.292 0.009 36.4
0.288 0.009 36.43
0.284 0.008 36.46
0.282 0.007 36.5
0.279 0.007 36.53
0.278 0.007 36.56
0.278 0.006 36.6
0.275 0.006 36.63
0.277 0.009 36.66
0 0 36.7
0.278 0.009 36.73
0.278 0.003 36.76
0.28 0.005 36.8
0.28 0.002 36.83
0.281 0.003 36.86
0.28 0.002 36.9
0.281 0.002 36.93
0.282 0.004 36.96
0 0 37.0
0.281 0.003 37.03
0.283 0.005 37.06
0.283 0.001 37.1
0.281 0.004 37.13
0.285 0.007 37.16
0.284 0.001 37.2
0.284 0.002 37.23
0.284 0.001 37.27
0.285 0.001 37.3
0.285 0.001 37.33
0.285 0.001 37.37
0.284 0.003 37.4
0.285 0.002 37.43
0 0 37.46
0.291 0.008 37.5
0 0 37.53
0.29 0.003 37.56
0 0 37.6
0 0 37.63
0.293 0.003 37.66
0.292 0.004 37.7
0 0 37.73
0 0 37.76
0 0 37.8
0.294 0.002 37.83
0 0 37.86
0.293 0.003 37.9
0.294 0.006 37.93
0.295 0.007 37.96
0.292 0.005 38.0
0.289 0.006 38.03
0.29 0.009 38.06
0.289 0.007 38.1
0.289 0.008 38.13
0.286 0.007 38.16
0.287 0.009 38.2
0.286 0.007 38.23
0.286 0.007 38.26
0.285 0.004 38.3
0.287 0.004 38.33
0.284 0.004 38.36
0.283 0.003 38.4
0.287 0.004 38.43
0.285 0.006 38.46
0.29 0.005 38.5
0.292 0.003 38.53
0.294 0.003 38.56
0.296 0.003 38.6
0.302 0.007 38.63
0.302 0.003 38.66
0.312 0.015 38.7
0.304 0.013 38.73
0.303 0.001 38.76
0.306 0.004 38.8
0.309 0.003 38.83
0.31 0.002 38.86
0 0 38.9
0.313 0.005 38.93
0.311 0.002 38.96
0.309 0.001 39.0
0.308 0.002 39.03
0.307 0.002 39.06
0.304 0.005 39.1
0.302 0.002 39.13
0.299 0.006 39.16
0.297 0.004 39.2
0.294 0.006 39.23
0.293 0.005 39.26
0.29 0.007 39.3
0.289 0.006 39.33
0.289 0.007 39.36
0.287 0.008 39.4
0.289 0.007 39.43
0.289 0.006 39.46
0.292 0.007 39.5
0.292 0.005 39.53
0.29 0.005 39.56
0.293 0.005 39.6
0.293 0.004 39.63
0.296 0.004 39.66
0.298 0.003 39.7
0.302 0.004 39.73
0.301 0.006 39.76
0.304 0.005 39.8
0.305 0.007 39.83
0.307 0.009 39.86
0.307 0.01 39.9
0.308 0.011 39.93
0.308 0.013 39.96
0.309 0.013 40.0
0.309 0.015 40.03
0.31 0.014 40.07
0.312 0.014 40.1
0.315 0.014 40.13
0.317 0.015 40.16
0.325 0.015 40.2
0.326 0.017 40.23
0.332 0.014 40.26
0.338 0.013 40.29
0.347 0.013 40.33
0.356 0.013 40.36
0.365 0.012 40.39
0.373 0.011 40.43
0.383 0.011 40.46
0.389 0.007 40.5
0.392 0.004 40.53
0.394 0.002 40.56
0 0 40.59
0.393 0.005 40.63
0.387 0.008 40.66
0.384 0.006 40.7
0.377 0.009 40.73
0.369 0.012 40.76
0.361 0.012 40.8
0.354 0.013 40.83
0.345 0.015 40.86
0.338 0.016 40.9
0.331 0.016 40.93
0.323 0.017 40.96
0.313 0.017 41.0
0.304 0.016 41.03
0.297 0.015 41.07
0.29 0.014 41.1
0.287 0.014 41.13
0.284 0.012 41.16
0.283 0.011 41.2
0.284 0.011 41.23
0.286 0.01 41.27
0.287 0.008 41.3
0.291 0.01 41.33
0.294 0.008 41.37
0.297 0.007 41.4
0.302 0.008 41.43
0.303 0.004 41.46
0.306 0.005 41.5
0.31 0.006 41.53
0.31 0.002 41.56
0.31 0.002 41.6
0.309 0.002 41.63
0 0 41.66
0.309 0.002 41.7
0.308 0.001 41.73
0.304 0.007 41.76
0.305 0.004 41.8
0.302 0.006 41.83
0.3 0.006 41.87
0.298 0.008 41.9
0.296 0.01 41.93
0.294 0.01 41.96
0.289 0.014 42.0
0.285 0.015 42.03
0.284 0.015 42.06
0.283 0.017 42.1
0.284 0.017 42.13
0.287 0.018 42.16
0.293 0.018 42.2
0.299 0.019 42.23
0.31 0.019 42.26
0.32 0.018 42.3
0.332 0.018 42.33
0.345 0.017 42.36
0.357 0.016 42.4
0.372 0.018 42.43
0 0 42.46
0 0 42.5
0.411 0.044 42.53
0 0 42.56
0 0 42.6
0 0 42.63
0 0 42.66
0 0 42.7
0 0 42.73
0.416 0.007 42.76
0 0 42.79
0.402 0.018 42.83
0.392 0.013 42.86
0.383 0.013 42.89
0.373 0.014 42.93
0.364 0.013 42.96
0.357 0.013 43.0
0.35 0.013 43.03
0.344 0.013 43.06
0.337 0.014 43.1
0.33 0.014 43.13
0.323 0.014 43.16
0.317 0.015 43.2
0.31 0.014 43.23
0.302 0.014 43.26
0.296 0.014 43.3
0.291 0.014 43.33
0 0 43.36
0.285 0.026 43.39
0.283 0.012 43.43
0.285 0.012 43.46
0.286 0.01 43.5
0.288 0.009 43.53
0.289 0.007 43.56
0.292 0.008 43.6
0.294 0.005 43.63
0.298 0.006 43.66
0.3 0.004 43.7
0.304 0.006 43.73
0.304 0.002 43.76
0 0 43.8
0.31 0.009 43.83
0.311 0.002 43.87
0.313 0.004 43.9
0.313 0.005 43.93
0.315 0.005 43.96
0.316 0.006 44.0
0.318 0.006 44.03
0.321 0.005 44.06
0.321 0.002 44.09
0.324 0.003 44.13
0.327 0.005 44.16
0.328 0.002 44.2
0.332 0.005 44.23
0.333 0.002 44.26
0.336 0.003 44.3
0.338 0.003 44.33
0.341 0.005 44.36
0.342 0.007 44.4
0.34 0.014 44.43
0 0 44.46
0.337 0.045 44.5
0.346 0.025 44.53
0.356 0.032 44.56
0.364 0.042 44.6
0 0 44.63
0 0 44.66
0 0 44.7
0 0 44.73
0 0 44.76
0 0 44.79
0 0 44.83
0 0 44.86
0 0 44.89
0 0 44.93
0 0 44.96
0 0 44.99
0 0 45.03
0 0 45.06
0 0 45.09
0 0 45.13
0 0 45.16
0 0 45.2
0 0 45.23
0 0 45.26
0 0 45.29
0 0 45.33
0 0 45.36
0 0 45.39
0 0 45.43
0 0 45.46
0 0 45.49
0 0 45.53
0 0 45.56
0 0 45.59
0 0 45.63
0 0 45.66
0 0 45.69
0 0 45.73
0 0 45.76
0 0 45.79
0 0 45.83
0 0 45.86
0 0 45.89
0 0 45.93
0 0 45.96
0 0 45.99
0 0 46.03
0 0 46.06
0.356 0.066 46.1
0.343 0.03 46.13
0.336 0.03 46.16
0.336 0.036 46.2
0.331 0.023 46.23
0.331 0.023 46.26
0.328 0.017 46.3
0.33 0.016 46.33
0.332 0.012 46.36
0.328 0.008 46.4
0.333 0.013 46.43
0.328 0.008 46.46
0.325 0.004 46.49
0.326 0.004 46.53
0.326 0.004 46.56
0.327 0.003 46.6
0.326 0.004 46.63
0.329 0.004 46.66
0.329 0.001 46.7
0.33 0.003 46.73
0.329 0.002 46.76
0.331 0.003 46.8
0.334 0.004 46.83
0.335 0.002 46.86
0.337 0.004 46.89
0.339 0.002 46.93
0.339 0.0 46.96
0.339 0.001 46.99
0.341 0.003 47.03
0.338 0.004 47.06
0.337 0.002 47.1
0.342 0.008 47.13
0.336 0.011 47.16
0.336 0.006 47.2
0.336 0.007 47.23
0.337 0.007 47.26
0.342 0.011 47.29
0.339 0.006 47.33
0.34 0.006 47.37
0.343 0.007 47.39
0.347 0.007 47.43
0.348 0.003 47.46
0.357 0.015 47.49
0.35 0.008 47.53
0.356 0.011 47.56
0.355 0.005 47.59
0.354 0.004 47.63
0.353 0.004 47.66
0.35 0.005 47.7
0.346 0.007 47.73
0.341 0.011 47.76
0.335 0.016 47.79
0.336 0.018 47.83
0.339 0.02 47.86
0.344 0.022 47.89
0.349 0.023 47.93
0.358 0.023 47.96
0.366 0.023 47.99
0.376 0.023 48.03
0.39 0.023 48.06
0.403 0.022 48.09
0.415 0.02 48.13
0.429 0.02 48.16
0.439 0.017 48.2
0 0 48.23
0 0 48.26
0 0 48.29
0 0 48.33
0 0 48.36
0 0 48.39
0 0 48.43
0 0 48.46
0 0 48.49
0 0 48.53
0 0 48.56
0 0 48.59
0 0 48.63
0 0 48.66
0 0 48.69
0 0 48.73
0 0 48.76
0 0 48.79
0 0 48.83
0 0 48.86
0 0 48.89
0 0 48.93
0 0 48.96
0 0 48.99
0 0 49.03
0 0 49.06
0 0 49.09
0 0 49.13
0 0 49.16
0 0 49.19
0 0 49.22
0 0 49.26
0 0 49.29
0 0 49.33
0 0 49.36
0 0 49.39
0 0 49.43
0.37 0.115 49.46
0.358 0.016 49.5
0.349 0.015 49.53
0.341 0.014 49.56
0.334 0.014 49.6
0.329 0.014 49.63
0.323 0.014 49.66
0.321 0.016 49.7
0.317 0.015 49.73
0.311 0.015 49.76
0.306 0.015 49.79
0.302 0.015 49.83
0.302 0.018 49.86
0.294 0.014 49.89
0.29 0.012 49.93
0.288 0.011 49.96
0.286 0.01 49.99
0.287 0.01 50.03
0.288 0.008 50.06
0.292 0.009 50.1
0.298 0.008 50.13
0.305 0.008 50.16
0.313 0.01 50.2
0.316 0.004 50.23
0.322 0.01 50.26
0.325 0.003 50.29
0.332 0.008 50.33
0.334 0.003 50.36
0.342 0.008 50.39
0.346 0.006 50.43
0.351 0.005 50.46
0.352 0.002 50.49
0.351 0.002 50.53
0.352 0.001 50.56
0.352 0.001 50.59
0.352 0.002 50.63
0.352 0.001 50.66
0.351 0.001 50.7
0.352 0.001 50.73
0.353 0.002 50.76
0.354 0.002 50.79
0.351 0.003 50.83
0.349 0.002 50.86
0.348 0.002 50.89
0.349 0.005 50.93
0.347 0.003 50.96
0.344 0.003 50.99
0.34 0.004 51.03
0.341 0.002 51.06
0.339 0.003 51.1
0.339 0.001 51.13
0.337 0.002 51.16
0.334 0.004 51.2
0.332 0.003 51.23
0.33 0.003 51.26
0.331 0.003 51.29
0.328 0.004 51.33
0.325 0.003 51.36
0.323 0.003 51.39
0.321 0.003 51.43
0.317 0.005 51.46
0.314 0.005 51.49
0.309 0.008 51.53
0.306 0.008 51.56
0.304 0.009 51.59
0.299 0.014 51.63
0.299 0.011 51.66
0.297 0.015 51.7
0.297 0.016 51.73
0.303 0.015 51.76
0.307 0.017 51.8
0.314 0.018 51.83
0.322 0.018 51.87
0.331 0.018 51.9
0.338 0.019 51.93
0 0 51.96
0 0 51.99
0.371 0.053 52.03
0.384 0.018 52.06
0 0 52.09
0.408 0.032 52.13
0 0 52.16
0 0 52.19
0 0 52.22
0 0 52.26
0 0 52.29
0 0 52.32
0 0 52.36
0 0 52.39
0 0 52.42
0 0 52.46
0 0 52.49
0 0 52.53
0 0 52.56
0 0 52.59
0 0 52.62
0 0 52.66
0 0 52.69
0 0 52.72
0 0 52.76
0 0 52.79
0 0 52.82
0 0 52.86
0 0 52.89
0 0 52.93
0 0 52.96
0 0 52.99
0 0 53.03
0 0 53.06
0 0 53.09
0 0 53.12
0 0 53.16
0 0 53.19
0.369 0.084 53.23
0.363 0.019 53.26
0 0 53.29
0.348 0.036 53.33
0.344 0.018 53.36
0.34 0.017 53.39
0.334 0.016 53.43
0.335 0.017 53.46
0.336 0.016 53.49
0.329 0.014 53.53
0.327 0.012 53.56
0.327 0.011 53.59
0.327 0.01 53.63
0.329 0.009 53.66
0.327 0.007 53.7
0.33 0.008 53.73
0.333 0.006 53.76
0.336 0.005 53.79
0.339 0.005 53.83
0.345 0.007 53.86
0.345 0.003 53.89
0.348 0.003 53.93
0.35 0.002 53.96
0.351 0.001 53.99
0.35 0.002 54.03
0.351 0.001 54.06
0.352 0.002 54.09
0.354 0.002 54.13
0.354 0.004 54.16
0.353 0.004 54.19
0.356 0.003 54.23
0.357 0.002 54.26
0.355 0.004 54.29
0.354 0.003 54.33
0.352 0.005 54.36
0.349 0.007 54.39
0.346 0.01 54.43
0.34 0.015 54.46
0.331 0.02 54.49
0.325 0.02 54.53
0.324 0.019 54.56
0.322 0.021 54.59
0.322 0.02 54.63
0.326 0.018 54.66
0.328 0.019 54.69
0.331 0.017 54.73
0.335 0.015 54.76
0.34 0.014 54.79
0.345 0.012 54.83
0.35 0.01 54.86
0.353 0.008 54.89
0.359 0.007 54.93
0.36 0.005 54.96
0.363 0.003 54.99
0.365 0.003 55.03
0.364 0.002 55.06
0.362 0.002 55.09
0.361 0.001 55.13
0.36 0.002 55.16
0.359 0.002 55.19
0.358 0.002 55.23
0.356 0.002 55.26
0.355 0.002 55.29
0.353 0.002 55.33
0.352 0.002 55.36
0.35 0.002 55.39
0.349 0.002 55.43
0.349 0.004 55.46
0.347 0.005 55.49
0 0 55.53
0.348 0.011 55.56
0.346 0.002 55.59
0.347 0.002 55.63
0.346 0.002 55.66
0.346 0.002 55.7
0.346 0.002 55.73
0 0 55.76
0 0 55.79
0 0 55.82
0.348 0.022 55.86
0.35 0.009 55.89
0.352 0.007 55.93
0 0 55.96
0 0 55.99
0 0 56.03
0 0 56.06
0 0 56.09
0.347 0.02 56.13
0 0 56.16
0 0 56.19
0.337 0.014 56.23
0.334 0.007 56.26
0.335 0.01 56.29
0.336 0.008 56.33
0.337 0.005 56.36
0.337 0.003 56.39
0.338 0.003 56.43
0 0 56.46
0.341 0.004 56.49
0 0 56.53
0 0 56.56
0 0 56.59
0 0 56.62
0 0 56.66
0.346 0.009 56.69
0.348 0.003 56.73
0.345 0.003 56.76
0 0 56.79
0 0 56.82
0.349 0.009 56.86
0.348 0.002 56.89
0.349 0.003 56.93
0.349 0.002 56.96
0 0 56.99
0.348 0.005 57.03
0.351 0.006 57.06
0.35 0.002 57.09
0.35 0.003 57.13
0.349 0.002 57.16
0.349 0.002 57.19
0.35 0.003 57.23
0.349 0.001 57.26
0.349 0.001 57.29
0.347 0.002 57.33
0.347 0.001 57.36
0.348 0.002 57.39
0.348 0.001 57.43
0.348 0.001 57.46
0.349 0.002 57.49
0.348 0.001 57.53
0.35 0.002 57.56
0.35 0.001 57.59
0.352 0.003 57.63
0.351 0.001 57.66
0.351 0.001 57.69
0.352 0.001 57.73
0.351 0.001 57.76
0.352 0.001 57.79
0.349 0.004 57.83
0.348 0.001 57.86
0.346 0.002 57.89
0.345 0.002 57.93
0.341 0.005 57.96
0.344 0.004 57.99
0.343 0.003 58.03
0.344 0.003 58.06
0.347 0.005 58.09
0.35 0.007 58.12
0.355 0.008 58.16
0.358 0.008 58.19
0.364 0.009 58.23
0 0 58.26
0.375 0.018 58.29
0 0 58.32
0 0 58.36
0.393 0.023 58.39
0.395 0.006 58.43
0.401 0.006 58.46
0 0 58.49
0 0 58.52
0 0 58.56
0 0 58.59
0 0 58.62
0 0 58.66
0 0 58.69
0 0 58.72
0 0 58.76
0 0 58.79
0 0 58.82
0.405 0.022 58.86
0 0 58.89
0.404 0.002 58.93
0 0 58.96
0 0 58.99
0 0 59.03
0 0 59.06
0 0 59.09
0 0 59.12
0 0 59.16
0.405 0.003 59.19
0.405 0.001 59.23
0 0 59.26
0.404 0.002 59.29
0 0 59.32
0 0 59.36
0.404 0.002 59.39
0 0 59.42
0.403 0.001 59.46
0.405 0.003 59.49
0 0 59.53
0 0 59.56
0.403 0.003 59.59
0.405 0.003 59.62
0.402 0.003 59.66
0 0 59.69
0 0 59.72
0 0 59.76
0.401 0.003 59.79
0 0 59.82
0.398 0.003 59.86
0.398 0.002 59.89
0.397 0.003 59.93
0.398 0.001 59.96
0.399 0.002 59.99
0.398 0.001 60.03
0.397 0.001 60.06
0.396 0.001 60.09
0.395 0.001 60.13
0.398 0.004 60.16
0.397 0.001 60.19
0.396 0.001 60.23
0.397 0.001 60.26
0.396 0.001 60.29
0.395 0.002 60.33
0 0 60.36
0.395 0.001 60.39
0.395 0.0 60.43
0.397 0.002 60.46
0.395 0.003 60.49
0.399 0.005 60.53
0.402 0.004 60.56
0.403 0.002 60.59
0.403 0.001 60.63
0.403 0.001 60.66
0 0 60.69
0.402 0.001 60.72
0.405 0.003 60.76
0 0 60.79
0.401 0.005 60.83
0.404 0.004 60.86
0.404 0.001 60.89
0 0 60.92
0 0 60.96
0.403 0.002 60.99
0.402 0.001 61.03
0.401 0.002 61.06
0.401 0.001 61.09
0.399 0.001 61.12
0 0 61.16
0.398 0.002 61.19
0 0 61.22
0.396 0.003 61.26
0 0 61.29
0.396 0.002 61.33
0 0 61.36
0.396 0.003 61.39
0.396 0.002 61.43
0.396 0.003 61.46
0.396 0.003 61.49
0.396 0.005 61.53
0.395 0.004 61.56
0.394 0.004 61.59
0.397 0.004 61.63
0.397 0.002 61.66
0.396 0.001 61.69
0.395 0.002 61.72
0.396 0.001 61.76
0.393 0.004 61.79
0.392 0.003 61.82
0.391 0.004 61.86
0.39 0.004 61.89
0.389 0.005 61.93
0.387 0.005 61.96
0.387 0.003 61.99
0.385 0.004 62.03
0.384 0.004 62.06
0.38 0.006 62.09
0.376 0.006 62.12
0.373 0.006 62.16
0.372 0.008 62.2
0.365 0.01 62.22
0.361 0.008 62.26
0.358 0.009 62.29
0.355 0.009 62.33
0.351 0.009 62.36
0.349 0.009 62.39
0.347 0.008 62.43
0.346 0.008 62.46
0.345 0.008 62.49
0.344 0.008 62.53
0.343 0.008 62.56
0.342 0.008 62.59
0.341 0.007 62.63
0.339 0.007 62.66
0.337 0.007 62.69
0.335 0.007 62.72
0.337 0.009 62.76
0.336 0.007 62.79
0.338 0.008 62.83
0.338 0.008 62.86
0.339 0.007 62.89
0.347 0.012 62.93
0.342 0.011 62.96
0.345 0.006 62.99
0.348 0.006 63.03
0.35 0.004 63.06
0.35 0.004 63.09
0.35 0.002 63.12
0.35 0.001 63.16
0.352 0.003 63.19
0.351 0.004 63.23
0.349 0.007 63.26
0.345 0.011 63.29
0.344 0.013 63.33
0.342 0.018 63.36
0.343 0.02 63.39
0.349 0.023 63.42
0.368 0.032 63.46
0.362 0.036 63.49
0.374 0.028 63.53
0.386 0.026 63.56
0.399 0.024 63.59
0.411 0.02 63.62
0.421 0.016 63.66
0.422 0.01 63.69
0.419 0.007 63.73
0.415 0.005 63.76
0.405 0.01 63.79
0.393 0.013 63.82
0.378 0.017 63.86
0.366 0.018 63.89
0.349 0.022 63.93
0.336 0.023 63.96
0.325 0.024 63.99
0.316 0.026 64.03
0.311 0.026 64.06
0.307 0.025 64.09
0.304 0.022 64.13
0.304 0.021 64.16
0.303 0.019 64.19
0.31 0.02 64.22
0.309 0.014 64.26
0.31 0.011 64.29
0.316 0.011 64.33
0.324 0.011 64.36
0.331 0.009 64.39
0.337 0.006 64.43
0.342 0.006 64.46
0.347 0.005 64.49
0.352 0.006 64.53
0.353 0.003 64.56
0.354 0.002 64.59
0.352 0.003 64.62
0.353 0.003 64.66
0.349 0.005 64.69
0.346 0.005 64.72
0.34 0.008 64.76
0.335 0.009 64.79
0.329 0.011 64.82
0.322 0.014 64.86
0.315 0.016 64.89
0.313 0.016 64.92
0.311 0.02 64.96
0.311 0.022 64.99
0.314 0.024 65.03
0.327 0.026 65.06
0.336 0.028 65.09
0.353 0.028 65.13
0.37 0.027 65.16
0.389 0.026 65.19
0.409 0.023 65.22
0.424 0.018 65.26
0 0 65.29
0.439 0.016 65.32
0 0 65.36
0.429 0.013 65.39
0 0 65.42
0.402 0.031 65.46
0.386 0.02 65.49
0.372 0.02 65.53
0.36 0.021 65.56
0.345 0.023 65.59
0.337 0.021 65.62
0.331 0.021 65.66
0.329 0.02 65.69
0.324 0.016 65.73
0.322 0.014 65.76
0.322 0.012 65.79
0.323 0.009 65.82
0.326 0.009 65.86
0.328 0.006 65.89
0.336 0.012 65.92
0.333 0.005 65.96
0.334 0.004 65.99
0.332 0.003 66.03
0.335 0.004 66.06
0.335 0.001 66.09
0.333 0.004 66.13
0.334 0.001 66.16
0.34 0.007 66.19
0.337 0.006 66.23
0.336 0.003 66.26
0.338 0.002 66.29
0.338 0.002 66.33
0.338 0.002 66.36
0.338 0.002 66.39
0.338 0.002 66.42
0.339 0.002 66.46
0.337 0.005 66.49
0.337 0.002 66.53
0.339 0.003 66.56
0.337 0.004 66.6
0.339 0.004 66.62
0.335 0.006 66.66
0.336 0.001 66.69
0.335 0.002 66.73
0.335 0.001 66.76
0.333 0.002 66.79
0.333 0.001 66.82
0.333 0.001 66.86
0.331 0.002 66.89
0.33 0.002 66.92
0.328 0.002 66.96
0.324 0.005 66.99
0.324 0.001 67.03
0.325 0.003 67.06
0.324 0.002 67.09
0.323 0.002 67.12
0.321 0.003 67.16
0.318 0.005 67.19
0.318 0.005 67.23
0.312 0.011 67.26
0.311 0.009 67.29
0.31 0.01 67.32
0.306 0.013 67.36
0.302 0.015 67.39
0.304 0.013 67.42
0.304 0.015 67.46
0.306 0.015 67.49
0.308 0.015 67.53
0.312 0.015 67.56
0.318 0.015 67.59
0.325 0.014 67.62
0.332 0.013 67.66
0.34 0.012 67.69
0.348 0.011 67.73
0.356 0.009 67.76
0 0 67.79
0.368 0.014 67.82
0.372 0.004 67.86
0.375 0.003 67.89
0.378 0.004 67.92
0.378 0.002 67.96
0.375 0.004 67.99
0.373 0.005 68.03
0.366 0.008 68.06
0 0 68.09
0.355 0.021 68.12
0.347 0.014 68.16
0.34 0.016 68.19
0.333 0.018 68.23
0.324 0.02 68.26
0.318 0.021 68.29
0.314 0.022 68.32
0.31 0.022 68.36
0.307 0.021 68.39
0.305 0.019 68.42
0.303 0.017 68.46
0.303 0.015 68.49
0.305 0.015 68.52
0.306 0.012 68.56
0.305 0.009 68.59
0.307 0.008 68.63
0.308 0.006 68.66
0.308 0.003 68.69
0.31 0.002 68.72
0.314 0.005 68.76
0.314 0.001 68.79
0.314 0.001 68.82
0.313 0.002 68.86
0.312 0.003 68.89
0.31 0.003 68.93
0.308 0.003 68.96
0.31 0.006 68.99
0.308 0.002 69.03
0.306 0.002 69.06
0 0 69.09
0.308 0.005 69.12
0.308 0.002 69.16
0.307 0.003 69.19
0.304 0.004 69.22
0.304 0.004 69.26
0.3 0.004 69.29
0.299 0.003 69.32
0.294 0.006 69.36
0.294 0.002 69.39
0.291 0.003 69.42
0.289 0.003 69.46
0.288 0.001 69.49
0.283 0.008 69.53
0.287 0.005 69.56
0.286 0.003 69.59
0.288 0.002 69.62
0.291 0.004 69.66
0.292 0.004 69.69
0.296 0.004 69.72
0.298 0.004 69.76
0.302 0.004 69.79
0.304 0.003 69.82
0.307 0.003 69.86
0.309 0.003 69.89
0.308 0.003 69.92
0.308 0.003 69.96
0.31 0.002 69.99
0.311 0.003 70.03
0.313 0.003 70.06
0.315 0.003 70.09
0.318 0.004 70.12
0.318 0.005 70.16
0.321 0.004 70.19
0.321 0.006 70.22
0.324 0.006 70.26
0.327 0.006 70.29
0.328 0.007 70.32
0.33 0.008 70.36
0.332 0.008 70.39
0.335 0.011 70.43
0.337 0.012 70.46
0.337 0.014 70.49
0.341 0.015 70.53
0.342 0.017 70.56
0.346 0.017 70.59
0 0 70.62
0.354 0.036 70.66
0.364 0.017 70.69
0.373 0.017 70.72
0.383 0.016 70.76
0.393 0.015 70.79
0.403 0.014 70.82
0.413 0.014 70.86
0.425 0.015 70.89
0.436 0.014 70.93
0.447 0.013 70.96
0.458 0.014 70.99
0.473 0.017 71.02
0 0 71.05
0.49 0.022 71.09
0 0 71.12
0 0 71.15
0 0 71.19
0 0 71.22
0 0 71.26
0 0 71.29
0 0 71.32
0 0 71.36
0 0 71.39
0 0 71.42
0 0 71.45
0 0 71.49
0 0 71.52
0 0 71.55
0 0 71.59
0 0 71.62
0 0 71.65
0 0 71.69
0 0 71.72
0 0 71.75
0 0 71.79
0 0 71.82
0 0 71.86
0 0 71.89
0 0 71.92
0 0 71.96
0 0 71.99
0 0 72.02
0 0 72.05
0 0 72.09
0 0 72.12
0 0 72.15
0 0 72.19
0 0 72.22
0 0 72.25
0 0 72.29
0 0 72.32
0 0 72.36
0 0 72.39
0 0 72.42
0 0 72.46
0 0 72.49
0 0 72.52
0 0 72.56
0 0 72.59
0 0 72.62
0 0 72.66
0 0 72.69
0 0 72.72
0 0 72.76
0 0 72.79
0 0 72.82
0 0 72.86
0 0 72.89
0 0 72.92
0 0 72.95
0 0 72.99
0 0 73.02
0 0 73.05
0 0 73.09
0 0 73.12
0 0 73.15
0 0 73.19
0 0 73.22
0 0 73.25
0 0 73.29
0 0 73.32
0 0 73.36
0 0 73.39
0 0 73.42
0 0 73.45
0 0 73.49
0 0 73.52
0 0 73.55
0 0 73.59
0.383 0.142 73.62
0.371 0.019 73.65
0.356 0.021 73.69
0.348 0.019 73.72
0.338 0.019 73.76
0.328 0.018 73.79
0 0 73.82
0.316 0.032 73.86
0.313 0.014 73.89
0.311 0.012 73.92
0.309 0.011 73.96
0.311 0.011 73.99
0.311 0.008 74.02
0.313 0.008 74.06
0.315 0.006 74.09
0.318 0.006 74.12
0.32 0.004 74.16
0.321 0.003 74.19
0.324 0.004 74.22
0.323 0.001 74.26
0.325 0.003 74.29
0.325 0.001 74.32
0.324 0.002 74.36
0.325 0.002 74.39
0.324 0.001 74.42
0.326 0.004 74.46
0.324 0.004 74.49
0.325 0.003 74.52
0.325 0.001 74.56
0.324 0.001 74.59
0.323 0.001 74.62
0.322 0.001 74.66
0.323 0.003 74.69
0.323 0.001 74.72
0.321 0.002 74.76
0.321 0.0 74.79
0.322 0.002 74.82
0.322 0.001 74.86
0.322 0.001 74.89
0.321 0.001 74.92
0.319 0.003 74.96
0.319 0.003 74.99
0.316 0.005 75.02
0.313 0.005 75.06
0.31 0.006 75.09
0.308 0.007 75.12
0.305 0.008 75.16
0.301 0.009 75.19
0.299 0.009 75.22
0.296 0.009 75.26
0.296 0.009 75.29
0.293 0.011 75.32
0.294 0.01 75.36
0.295 0.011 75.39
0.298 0.012 75.42
0.305 0.012 75.46
0.312 0.013 75.49
0.319 0.015 75.53
0.33 0.016 75.56
0.343 0.018 75.59
0.357 0.018 75.62
0.372 0.018 75.66
0.386 0.017 75.69
0.397 0.013 75.72
0.405 0.009 75.76
0.41 0.007 75.79
0.411 0.003 75.82
0 0 75.86
0.403 0.011 75.89
0.396 0.009 75.92
0.389 0.008 75.96
0.381 0.009 75.99
0.371 0.011 76.02
0.361 0.013 76.06
0.35 0.015 76.09
0.342 0.015 76.12
0.334 0.016 76.16
0.327 0.017 76.19
0.317 0.017 76.22
0.311 0.017 76.26
0.308 0.019 76.29
0.3 0.016 76.32
0.295 0.016 76.36
0.292 0.015 76.39
0.291 0.014 76.42
0.292 0.013 76.46
0.294 0.012 76.49
0 0 76.52
0 0 76.55
0 0 76.59
0.303 0.029 76.62
0.307 0.006 76.66
0 0 76.69
0.317 0.01 76.72
0.325 0.008 76.76
0.326 0.005 76.79
0.33 0.004 76.82
0.333 0.003 76.86
0.332 0.002 76.89
0.334 0.002 76.92
0.335 0.001 76.96
0.334 0.003 76.99
0.335 0.001 77.02
0 0 77.05
0.335 0.001 77.09
0.337 0.002 77.12
0.337 0.001 77.16
0.335 0.004 77.19
0.338 0.004 77.22
0.339 0.003 77.26
0.338 0.002 77.29
0.338 0.001 77.32
0.338 0.001 77.36
0.339 0.002 77.39
0.338 0.002 77.42
0.337 0.001 77.46
0.337 0.001 77.49
0.337 0.001 77.52
0.337 0.0 77.55
0.335 0.005 77.59
0.333 0.003 77.62
0.333 0.003 77.66
0.33 0.006 77.69
0.329 0.007 77.72
0.325 0.01 77.76
0.322 0.012 77.79
0.323 0.013 77.82
0.321 0.017 77.86
0.324 0.019 77.89
0.329 0.021 77.92
0.333 0.023 77.96
0.342 0.022 77.99
0.354 0.021 78.02
0.366 0.02 78.06
0.379 0.018 78.09
0.392 0.017 78.12
0 0 78.15
0.417 0.031 78.19
0 0 78.22
0 0 78.25
0 0 78.29
0 0 78.32
0 0 78.35
0 0 78.39
0 0 78.42
0 0 78.45
0 0 78.49
0 0 78.52
0 0 78.55
0 0 78.59
0.425 0.029 78.62
0 0 78.65
0 0 78.69
0 0 78.72
0 0 78.75
0.443 0.026 78.79
0 0 78.82
0 0 78.86
0 0 78.89
0 0 78.92
0 0 78.95
0 0 78.99
0 0 79.02
0 0 79.05
0 0 79.09
0 0 79.12
0 0 79.15
0 0 79.19
0 0 79.22
0 0 79.25
0 0 79.29
0 0 79.32
0 0 79.35
0 0 79.39
0 0 79.42
0 0 79.45
0 0 79.49
0 0 79.52
0 0 79.55
0 0 79.59
0 0 79.62
0 0 79.65
0 0 79.69
0 0 79.72
0 0 79.75
0 0 79.79
0 0 79.82
0 0 79.85
0 0 79.89
0 0 79.92
0 0 79.95
0 0 79.99
0 0 80.02
0 0 80.05
0 0 80.09
0 0 80.12
0 0 80.15
0 0 80.19
0 0 80.22
0 0 80.25
0 0 80.29
0 0 80.32
0 0 80.35
0 0 80.39
0 0 80.42
0 0 80.45
0 0 80.49
0 0 80.52
0 0 80.55
0 0 80.59
0 0 80.62
0 0 80.65
0 0 80.69
0 0 80.72
0 0 80.75
0.38 0.089 80.79
0.366 0.017 80.82
0.362 0.015 80.86
0.355 0.011 80.89
0.35 0.008 80.92
0 0 80.95
0.344 0.011 80.99
0.343 0.004 81.02
0.343 0.005 81.05
0.341 0.003 81.09
0.341 0.005 81.12
0.339 0.003 81.15
0.338 0.003 81.19
0 0 81.22
0 0 81.25
0.335 0.008 81.29
0 0 81.32
0.333 0.003 81.36
0.332 0.002 81.39
0.334 0.004 81.42
0.332 0.004 81.45
0.331 0.002 81.49
0.329 0.003 81.52
0.328 0.002 81.55
0.326 0.002 81.59
0.323 0.004 81.62
0.322 0.002 81.65
0.319 0.002 81.69
0.318 0.002 81.72
0.316 0.003 81.75
0.315 0.004 81.79
0.31 0.007 81.82
0.309 0.005 81.86
0.305 0.005 81.89
0.301 0.006 81.92
0.299 0.007 81.95
0.295 0.008 81.99
0.292 0.009 82.02
0.289 0.01 82.05
0.286 0.011 82.09
0.286 0.012 82.12
0.287 0.012 82.16
0.286 0.012 82.19
0 0 82.22
0.295 0.025 82.26
0.3 0.011 82.29
0.3 0.008 82.32
0 0 82.35
0.312 0.017 82.39
0.316 0.006 82.42
0.322 0.007 82.45
0.326 0.004 82.49
0.326 0.004 82.52
0.332 0.009 82.56
0.334 0.002 82.59
0.334 0.001 82.62
0.332 0.003 82.66
0 0 82.69
0.333 0.001 82.72
0.334 0.001 82.76
