0 0 6.65
0 0 6.69
0 0 6.72
0 0 6.75
0 0 6.78
0 0 6.82
0 0 6.85
0 0 6.88
0 0 6.92
0 0 6.95
0.479 0.381 6.99
0 0 7.02
0.448 0.037 7.05
0.436 0.016 7.08
0.426 0.014 7.12
0.418 0.012 7.15
0.411 0.009 7.18
0.405 0.008 7.22
0.4 0.007 7.25
0.396 0.006 7.28
0.394 0.005 7.32
0.392 0.004 7.35
0.391 0.004 7.39
0.391 0.003 7.42
0.391 0.003 7.45
0.392 0.004 7.48
0.393 0.003 7.52
0.393 0.002 7.55
0.392 0.003 7.59
0.391 0.004 7.62
0.39 0.003 7.65
0.389 0.003 7.69
0.388 0.003 7.72
0.386 0.003 7.76
0.385 0.002 7.79
0.384 0.002 7.82
0.385 0.002 7.85
0.385 0.002 7.89
0.385 0.001 7.92
0.384 0.005 7.95
0.384 0.001 7.99
0.384 0.001 8.02
0.382 0.001 8.05
0.381 0.002 8.09
0.379 0.001 8.12
0.379 0.003 8.15
0.378 0.001 8.19
0.378 0.001 8.22
0.379 0.003 8.25
0.379 0.005 8.29
0.381 0.007 8.32
0.384 0.009 8.35
0.386 0.014 8.39
0.392 0.017 8.42
0.401 0.019 8.45
0.412 0.019 8.49
0.428 0.02 8.52
0.443 0.018 8.55
0 0 8.58
0 0 8.62
0 0 8.65
0 0 8.69
0 0 8.72
0 0 8.75
0 0 8.78
0 0 8.81
0 0 8.85
0 0 8.88
0 0 8.91
0 0 8.95
0 0 8.98
0 0 9.02
0 0 9.05
0 0 9.08
0 0 9.11
0 0 9.15
0 0 9.18
0 0 9.21
0 0 9.25
0 0 9.28
0 0 9.31
0 0 9.35
0 0 9.38
0 0 9.41
0 0 9.45
0 0 9.48
0 0 9.51
0 0 9.55
0 0 9.58
0 0 9.61
0 0 9.65
0 0 9.68
0 0 9.71
0 0 9.75
0 0 9.78
0 0 9.81
0 0 9.85
0 0 9.88
0 0 9.91
0 0 9.95
0 0 9.98
0 0 10.01
0 0 10.05
0 0 10.08
0 0 10.11
0 0 10.15
0 0 10.18
0 0 10.21
0.664 0.277 10.26
0.655 0.009 10.28
0.66 0.006 10.32
0.66 0.003 10.35
0 0 10.38
0 0 10.41
0 0 10.45
0 0 10.48
0 0 10.52
0 0 10.55
0 0 10.58
0 0 10.62
0 0 10.65
0 0 10.68
0 0 10.72
0 0 10.75
0 0 10.78
0.495 0.192 10.82
0.472 0.025 10.85
0.454 0.02 10.88
0.439 0.019 10.92
0.423 0.02 10.95
0.412 0.015 10.98
0.403 0.013 11.02
0.395 0.011 11.05
0.389 0.01 11.08
0.382 0.009 11.12
0.377 0.008 11.15
0.372 0.008 11.19
0.366 0.007 11.22
0.361 0.007 11.25
0.356 0.007 11.28
0.35 0.007 11.32
0.344 0.006 11.35
0.341 0.007 11.38
0.337 0.006 11.42
0.334 0.005 11.45
0.332 0.004 11.48
0 0 11.52
0 0 11.55
0.331 0.012 11.58
0 0 11.61
0 0 11.65
0 0 11.68
0.331 0.006 11.72
0 0 11.75
0 0 11.78
0 0 11.81
0 0 11.85
0 0 11.88
0 0 11.92
0.33 0.004 11.95
0.332 0.013 11.98
0 0 12.02
0 0 12.05
0 0 12.08
0 0 12.11
0 0 12.15
0 0 12.18
0 0 12.21
0 0 12.25
0 0 12.28
0 0 12.31
0 0 12.35
0 0 12.38
0 0 12.41
0 0 12.45
0 0 12.48
0 0 12.51
0 0 12.55
0 0 12.58
0 0 12.61
0 0 12.65
0 0 12.68
0 0 12.71
0 0 12.75
0 0 12.78
0 0 12.81
0 0 12.85
0 0 12.88
0 0 12.91
0 0 12.95
0 0 12.98
0 0 13.01
0 0 13.05
0 0 13.08
0 0 13.11
0 0 13.15
0 0 13.18
0 0 13.21
0 0 13.25
0 0 13.28
0 0 13.31
0 0 13.35
0 0 13.38
0 0 13.41
0 0 13.45
0 0 13.48
0 0 13.52
0 0 13.55
0 0 13.58
0 0 13.61
0 0 13.65
0 0 13.68
0 0 13.71
0 0 13.75
0 0 13.78
0 0 13.81
0 0 13.85
0 0 13.88
0 0 13.91
0 0 13.95
0 0 13.98
0 0 14.02
0 0 14.05
0 0 14.08
0 0 14.11
0 0 14.15
0 0 14.18
0 0 14.21
0 0 14.25
0 0 14.28
0 0 14.31
0 0 14.35
0 0 14.38
0 0 14.41
0 0 14.45
0 0 14.48
0 0 14.51
0 0 14.55
0 0 14.58
0 0 14.61
0 0 14.65
0 0 14.68
0 0 14.71
0 0 14.75
0 0 14.78
0 0 14.81
0 0 14.85
0 0 14.88
0 0 14.91
0 0 14.95
0 0 14.98
0 0 15.01
0 0 15.05
0 0 15.08
0 0 15.11
0 0 15.15
0 0 15.18
0 0 15.21
0 0 15.25
0 0 15.28
0 0 15.31
0 0 15.35
0 0 15.38
0 0 15.41
0 0 15.45
0 0 15.48
0 0 15.51
0 0 15.55
0 0 15.58
0 0 15.61
0 0 15.65
0 0 15.68
0 0 15.71
0 0 15.75
0 0 15.78
0 0 15.81
0 0 15.85
0 0 15.88
0 0 15.91
0 0 15.95
0 0 15.98
0 0 16.02
0 0 16.05
0 0 16.08
0 0 16.11
0 0 16.15
0 0 16.18
0 0 16.21
0 0 16.25
0 0 16.28
0 0 16.31
0 0 16.35
0 0 16.38
0 0 16.41
0 0 16.45
0 0 16.48
0 0 16.51
0 0 16.55
0 0 16.58
0 0 16.61
0 0 16.65
0 0 16.68
0 0 16.71
0 0 16.75
0 0 16.78
0 0 16.81
0 0 16.85
0 0 16.88
0 0 16.91
0 0 16.95
0 0 16.98
0 0 17.02
0 0 17.05
0 0 17.08
0 0 17.11
0 0 17.15
0 0 17.18
0 0 17.21
0 0 17.25
0 0 17.28
0 0 17.31
0 0 17.35
0 0 17.38
0 0 17.41
0 0 17.45
0 0 17.48
0 0 17.51
0 0 17.55
0 0 17.58
0 0 17.61
0 0 17.65
0 0 17.68
0 0 17.71
0 0 17.75
0 0 17.78
0 0 17.81
0 0 17.85
0 0 17.88
0 0 17.91
0 0 17.95
0 0 17.98
0 0 18.01
0 0 18.05
0 0 18.08
0 0 18.11
0 0 18.15
0 0 18.18
0 0 18.21
0 0 18.25
0 0 18.28
0 0 18.31
0 0 18.35
0 0 18.38
0 0 18.41
0 0 18.45
0 0 18.48
0 0 18.51
0 0 18.55
0 0 18.58
0 0 18.61
0 0 18.65
0 0 18.68
0 0 18.71
0 0 18.75
0 0 18.78
0 0 18.81
0 0 18.85
0 0 18.88
0 0 18.91
0 0 18.95
0 0 18.98
0 0 19.02
0 0 19.05
0 0 19.08
0 0 19.11
0 0 19.15
0 0 19.18
0 0 19.21
0 0 19.25
0 0 19.28
0 0 19.31
0 0 19.35
0 0 19.38
0 0 19.41
0 0 19.45
0 0 19.48
0 0 19.51
0 0 19.55
0 0 19.58
0 0 19.61
0 0 19.65
0 0 19.68
0 0 19.71
0 0 19.75
0 0 19.78
0 0 19.81
0 0 19.85
0 0 19.88
0 0 19.91
0 0 19.95
0 0 19.98
0 0 20.01
0 0 20.04
0 0 20.08
0 0 20.11
0 0 20.15
0 0 20.18
0 0 20.21
0 0 20.25
0 0 20.28
0 0 20.31
0 0 20.35
0 0 20.38
0 0 20.41
0 0 20.45
0 0 20.48
0 0 20.51
0 0 20.54
0 0 20.58
0 0 20.61
0 0 20.65
0 0 20.68
0 0 20.71
0 0 20.75
0 0 20.78
0 0 20.81
0 0 20.85
0 0 20.88
0 0 20.91
0 0 20.95
0 0 20.98
0 0 21.02
0 0 21.05
0 0 21.08
0 0 21.11
0 0 21.15
0 0 21.18
0 0 21.21
0 0 21.25
0 0 21.28
0 0 21.31
0 0 21.35
0 0 21.38
0.398 0.166 21.41
0 0 21.45
0.398 0.014 21.48
0.395 0.007 21.52
0.392 0.006 21.55
0.394 0.006 21.58
0.39 0.006 21.62
0.387 0.005 21.65
0.385 0.005 21.68
0.388 0.003 21.71
0.386 0.003 21.75
0.383 0.004 21.78
0.385 0.004 21.81
0.38 0.006 21.85
0.374 0.007 21.88
0.372 0.007 21.91
0.365 0.008 21.95
0.357 0.008 21.98
0.356 0.008 22.02
0.349 0.008 22.05
0.344 0.007 22.08
0.338 0.007 22.12
0.345 0.006 22.15
0.341 0.005 22.18
0.337 0.005 22.21
0.339 0.005 22.25
0.336 0.005 22.28
0.334 0.005 22.32
0.338 0.004 22.35
0.337 0.003 22.38
0.337 0.002 22.41
0.341 0.001 22.45
0.341 0.001 22.48
0.341 0.001 22.52
0.34 0.002 22.55
0.345 0.001 22.58
0.344 0.002 22.62
0.343 0.001 22.65
0.347 0.003 22.68
0.347 0.008 22.71
0.35 0.016 22.75
0.361 0.026 22.78
0.376 0.039 22.81
0.399 0.041 22.85
0 0 22.88
0 0 22.91
0 0 22.94
0 0 22.98
0 0 23.01
0 0 23.05
0 0 23.08
0 0 23.11
0 0 23.14
0 0 23.18
0 0 23.21
0 0 23.25
0 0 23.28
0 0 23.31
0 0 23.35
0 0 23.38
0 0 23.41
0 0 23.45
0 0 23.48
0 0 23.51
0 0 23.54
0 0 23.58
0 0 23.61
0 0 23.64
0 0 23.68
0 0 23.71
0 0 23.74
0 0 23.78
0 0 23.81
0 0 23.85
0 0 23.88
0 0 23.91
0 0 23.94
0 0 23.98
0 0 24.01
0 0 24.04
0 0 24.08
0 0 24.11
0 0 24.14
0 0 24.18
0 0 24.21
0 0 24.25
0 0 24.28
0 0 24.31
0 0 24.35
0 0 24.38
0 0 24.41
0 0 24.44
0 0 24.48
0 0 24.51
0 0 24.55
0 0 24.58
0 0 24.61
0 0 24.64
0 0 24.68
0 0 24.71
0 0 24.74
0 0 24.78
0 0 24.81
0 0 24.85
0 0 24.88
0 0 24.91
0 0 24.94
0 0 24.98
0 0 25.01
0 0 25.04
0 0 25.08
0 0 25.11
0 0 25.14
0 0 25.18
0 0 25.21
0 0 25.25
0 0 25.28
0 0 25.31
0 0 25.35
0 0 25.38
0 0 25.41
0 0 25.45
0 0 25.48
0 0 25.51
0 0 25.54
0 0 25.58
0 0 25.61
0 0 25.64
0 0 25.68
0 0 25.71
0 0 25.74
0 0 25.78
0 0 25.81
0 0 25.85
0 0 25.88
0 0 25.91
0 0 25.94
0 0 25.98
0 0 26.02
0 0 26.04
0 0 26.08
0 0 26.11
0 0 26.14
0 0 26.18
0 0 26.21
0 0 26.24
0 0 26.28
0 0 26.31
0 0 26.35
0 0 26.38
0 0 26.41
0 0 26.45
0 0 26.48
0 0 26.51
0 0 26.54
0 0 26.58
0 0 26.61
0 0 26.64
0 0 26.68
0 0 26.71
0 0 26.74
0 0 26.78
0 0 26.81
0.508 0.094 26.85
0 0 26.88
0.498 0.016 26.91
0.493 0.008 26.95
0.487 0.008 26.98
0.481 0.007 27.02
0.474 0.008 27.05
0.467 0.008 27.08
0.459 0.008 27.11
0.452 0.008 27.15
0.445 0.008 27.18
0.438 0.008 27.21
0.43 0.008 27.25
0.424 0.007 27.28
0.419 0.006 27.31
0.416 0.005 27.35
0.413 0.003 27.38
0.411 0.004 27.41
0.408 0.004 27.45
0.404 0.005 27.48
0.397 0.006 27.52
0.39 0.008 27.55
0.382 0.008 27.58
0.376 0.007 27.61
0.373 0.007 27.65
0.371 0.006 27.68
0.371 0.007 27.71
0.371 0.006 27.75
0.372 0.005 27.78
0.372 0.004 27.81
0.371 0.003 27.85
0.37 0.003 27.88
0.369 0.002 27.92
0.37 0.002 27.95
0.371 0.001 27.98
0.372 0.001 28.02
0.373 0.001 28.05
0.374 0.002 28.08
0.376 0.002 28.11
0.376 0.001 28.15
0.376 0.0 28.18
0.375 0.0 28.21
0.375 0.001 28.25
0.374 0.001 28.28
0.373 0.001 28.31
0.372 0.001 28.35
0.371 0.002 28.38
0.37 0.002 28.41
0.37 0.002 28.45
0.37 0.003 28.48
0.371 0.002 28.52
0.371 0.002 28.55
0.372 0.002 28.58
0.372 0.002 28.62
0.373 0.003 28.65
0.373 0.003 28.68
0.374 0.005 28.71
0.374 0.007 28.75
0.376 0.01 28.78
0.379 0.013 28.81
0.384 0.016 28.85
0.393 0.019 28.88
0.406 0.021 28.91
0.422 0.022 28.95
0.441 0.023 28.98
0 0 29.01
0 0 29.05
0 0 29.08
0 0 29.11
0 0 29.14
0 0 29.18
0 0 29.21
0 0 29.24
0 0 29.28
0 0 29.31
0 0 29.35
0 0 29.38
0 0 29.41
0 0 29.44
0 0 29.48
0 0 29.51
0 0 29.54
0 0 29.58
0 0 29.61
0 0 29.64
0 0 29.68
0 0 29.71
0 0 29.74
0 0 29.78
0 0 29.81
0 0 29.85
0 0 29.88
0 0 29.91
0 0 29.94
0 0 29.98
0 0 30.01
0 0 30.04
0 0 30.08
0 0 30.11
0 0 30.14
0 0 30.18
0 0 30.21
0 0 30.24
0 0 30.28
0 0 30.31
0 0 30.35
0 0 30.38
0 0 30.41
0 0 30.44
0 0 30.48
0 0 30.51
0 0 30.54
0 0 30.58
0 0 30.61
0 0 30.64
0 0 30.68
0 0 30.71
0 0 30.74
0 0 30.78
0 0 30.81
0 0 30.84
0 0 30.88
0 0 30.91
0 0 30.94
0 0 30.98
0 0 31.01
0 0 31.04
0 0 31.08
0 0 31.11
0 0 31.14
0 0 31.18
0 0 31.21
0 0 31.25
0 0 31.28
0.518 0.09 31.31
0 0 31.35
0.481 0.041 31.38
0.464 0.019 31.41
0.445 0.023 31.45
0.43 0.02 31.48
0.417 0.017 31.51
0.407 0.016 31.55
0.399 0.015 31.58
0.394 0.012 31.61
0.39 0.01 31.65
0.387 0.008 31.68
0.385 0.007 31.71
0.384 0.006 31.75
0.383 0.005 31.78
0.383 0.004 31.81
0.382 0.004 31.85
0.382 0.004 31.88
0.382 0.004 31.91
0.382 0.004 31.95
0.381 0.004 31.98
0.381 0.003 32.01
0.38 0.003 32.05
0.378 0.003 32.08
0.378 0.003 32.11
0.379 0.003 32.15
0.379 0.002 32.18
0.38 0.002 32.21
0.381 0.002 32.25
0.383 0.002 32.28
0.385 0.003 32.31
0.388 0.003 32.35
0.389 0.002 32.38
0.39 0.001 32.41
0.39 0.002 32.45
0.389 0.001 32.48
0.387 0.002 32.52
0.386 0.002 32.55
0.385 0.002 32.58
0.383 0.003 32.61
0.381 0.005 32.65
0.379 0.007 32.68
0.376 0.008 32.71
0.372 0.011 32.75
0.369 0.014 32.78
0.367 0.016 32.81
0.368 0.018 32.85
0.374 0.019 32.88
0.382 0.02 32.91
0 0 32.94
0.411 0.043 32.98
0 0 33.01
0 0 33.04
0 0 33.08
0 0 33.11
0 0 33.14
0 0 33.18
0 0 33.21
0 0 33.24
0 0 33.28
0 0 33.31
0 0 33.34
0 0 33.38
0 0 33.41
0 0 33.44
0 0 33.48
0 0 33.51
0 0 33.54
0 0 33.58
0 0 33.61
0 0 33.64
0 0 33.68
0 0 33.71
0 0 33.74
0 0 33.78
0 0 33.81
0 0 33.84
0 0 33.88
0 0 33.91
0 0 33.94
0 0 33.98
0 0 34.01
0 0 34.04
0 0 34.08
0 0 34.11
0 0 34.14
0 0 34.18
0 0 34.21
0 0 34.24
0 0 34.28
0 0 34.31
0 0 34.34
0 0 34.38
0 0 34.41
0 0 34.44
0 0 34.48
0 0 34.51
0 0 34.54
0 0 34.58
0 0 34.61
0 0 34.64
0 0 34.68
0 0 34.71
0 0 34.74
0 0 34.78
0 0 34.81
0 0 34.84
0 0 34.88
0 0 34.91
0 0 34.94
0 0 34.98
0 0 35.01
0 0 35.04
0 0 35.08
0 0 35.11
0 0 35.14
0 0 35.18
0 0 35.21
0 0 35.24
0 0 35.28
0 0 35.31
0 0 35.34
0 0 35.38
0 0 35.41
0 0 35.44
0.432 0.137 35.48
0.42 0.007 35.51
0.416 0.006 35.54
0 0 35.58
0 0 35.61
0.401 0.016 35.64
0.4 0.004 35.68
0.401 0.004 35.71
0.396 0.003 35.75
0.402 0.006 35.78
0.408 0.008 35.81
0.41 0.012 35.84
0.42 0.012 35.88
0 0 35.91
0 0 35.94
0 0 35.98
0 0 36.01
0 0 36.04
0 0 36.08
0 0 36.11
0 0 36.14
0 0 36.18
0 0 36.21
0 0 36.24
0 0 36.28
0 0 36.31
0 0 36.34
0 0 36.38
0 0 36.41
0 0 36.44
0 0 36.48
0 0 36.51
0 0 36.54
0 0 36.58
0 0 36.61
0 0 36.64
0 0 36.68
0 0 36.71
0 0 36.74
0 0 36.78
0 0 36.81
0 0 36.84
0 0 36.88
0 0 36.91
0 0 36.94
0 0 36.98
0 0 37.01
0 0 37.04
0 0 37.08
0 0 37.11
0 0 37.14
0 0 37.18
0 0 37.21
0 0 37.24
0 0 37.28
0 0 37.31
0 0 37.34
0 0 37.38
0 0 37.41
0 0 37.44
0 0 37.48
0 0 37.51
0 0 37.54
0 0 37.58
0 0 37.61
0 0 37.64
0 0 37.68
0 0 37.71
0 0 37.74
0 0 37.78
0 0 37.81
0 0 37.85
0 0 37.88
0 0 37.91
0 0 37.94
0 0 37.98
0 0 38.01
0 0 38.04
0 0 38.08
0 0 38.11
0 0 38.14
0 0 38.18
0 0 38.21
0 0 38.24
0 0 38.28
0 0 38.31
0 0 38.34
0 0 38.38
0 0 38.41
0 0 38.44
0 0 38.48
0 0 38.51
0 0 38.54
0 0 38.58
0 0 38.61
0 0 38.64
0 0 38.68
0 0 38.71
0 0 38.74
0 0 38.78
0 0 38.81
0 0 38.84
0 0 38.88
0 0 38.91
0 0 38.94
0 0 38.98
0 0 39.01
0 0 39.04
0 0 39.08
0 0 39.11
0 0 39.14
0 0 39.18
0 0 39.21
0 0 39.24
0 0 39.28
0 0 39.31
0 0 39.35
0 0 39.38
0 0 39.41
0 0 39.44
0 0 39.48
0 0 39.51
0 0 39.54
0 0 39.58
0 0 39.61
0 0 39.64
0 0 39.68
0 0 39.71
0 0 39.74
0 0 39.78
0 0 39.81
0 0 39.85
0 0 39.88
0 0 39.91
0 0 39.94
0 0 39.98
0 0 40.01
0 0 40.04
0 0 40.08
0 0 40.11
0 0 40.14
0 0 40.18
0 0 40.21
0 0 40.24
0 0 40.28
0 0 40.31
0 0 40.34
0 0 40.38
0 0 40.41
0 0 40.44
0 0 40.48
0 0 40.51
0 0 40.54
0 0 40.58
0 0 40.61
0 0 40.64
0 0 40.68
0 0 40.71
0 0 40.74
0 0 40.78
0 0 40.81
0 0 40.84
0 0 40.88
0 0 40.91
0 0 40.94
0 0 40.98
0 0 41.01
0 0 41.04
0 0 41.08
0 0 41.11
0 0 41.14
0 0 41.18
0 0 41.21
0 0 41.24
0 0 41.28
0 0 41.31
0 0 41.34
0 0 41.38
0 0 41.41
0 0 41.44
0 0 41.48
0 0 41.51
0 0 41.54
0 0 41.58
0 0 41.61
0 0 41.64
0 0 41.68
0 0 41.71
0 0 41.74
0 0 41.77
0 0 41.81
0 0 41.84
0 0 41.87
0 0 41.91
0 0 41.94
0 0 41.97
0 0 42.01
0 0 42.04
0 0 42.08
0 0 42.11
0 0 42.14
0 0 42.18
0 0 42.21
0 0 42.24
0 0 42.28
0 0 42.31
0 0 42.34
0 0 42.37
0 0 42.41
0 0 42.44
0 0 42.47
0 0 42.51
0 0 42.54
0 0 42.58
0 0 42.61
0 0 42.64
0 0 42.68
0 0 42.71
0 0 42.74
0 0 42.77
0 0 42.81
0 0 42.84
0 0 42.87
0 0 42.91
0 0 42.94
0 0 42.97
0 0 43.01
0 0 43.04
0 0 43.07
0 0 43.11
0 0 43.14
0 0 43.18
0 0 43.21
0 0 43.24
0 0 43.27
0 0 43.31
0 0 43.34
0 0 43.37
0 0 43.41
0 0 43.44
0 0 43.47
0 0 43.51
0 0 43.54
0 0 43.57
0 0 43.61
0 0 43.64
0 0 43.67
0 0 43.71
0 0 43.74
0 0 43.77
0 0 43.81
0 0 43.84
0 0 43.87
0 0 43.91
0 0 43.94
0 0 43.97
0 0 44.01
0 0 44.04
0 0 44.07
0 0 44.11
0 0 44.14
0 0 44.18
0 0 44.21
0 0 44.24
0 0 44.27
0 0 44.31
0 0 44.34
0 0 44.37
0 0 44.41
0 0 44.44
0 0 44.47
0 0 44.51
0 0 44.54
0 0 44.58
0 0 44.61
0 0 44.64
0 0 44.68
0 0 44.71
0 0 44.74
0 0 44.77
0 0 44.81
0 0 44.84
0 0 44.87
0 0 44.91
0 0 44.94
0 0 44.97
0 0 45.01
0 0 45.04
0 0 45.08
0 0 45.11
0 0 45.14
0 0 45.17
0 0 45.21
0 0 45.24
0 0 45.28
0 0 45.31
0 0 45.34
0 0 45.38
0 0 45.41
0 0 45.44
0 0 45.47
0 0 45.51
0 0 45.54
0 0 45.57
0 0 45.61
0 0 45.64
0 0 45.68
0 0 45.71
0 0 45.74
0 0 45.78
0 0 45.81
0 0 45.84
0 0 45.87
0 0 45.91
0 0 45.94
0 0 45.98
0 0 46.01
0 0 46.04
0 0 46.07
0 0 46.11
0 0 46.14
0 0 46.18
0 0 46.21
0 0 46.24
0 0 46.28
0 0 46.31
0 0 46.34
0 0 46.38
0 0 46.41
0 0 46.44
0 0 46.48
0 0 46.51
0 0 46.54
0 0 46.58
0 0 46.61
0 0 46.64
0 0 46.68
0 0 46.71
0 0 46.74
0 0 46.77
0 0 46.81
0 0 46.84
0 0 46.87
0 0 46.91
0 0 46.94
0 0 46.97
0 0 47.01
0 0 47.04
0 0 47.07
0 0 47.11
0 0 47.14
0 0 47.18
0 0 47.21
0 0 47.24
0 0 47.27
0 0 47.31
0 0 47.34
0 0 47.38
0 0 47.41
0 0 47.44
0 0 47.48
0 0 47.51
0 0 47.54
0 0 47.58
0 0 47.61
0 0 47.64
0 0 47.68
0.444 0.045 47.71
0.443 0.008 47.74
0.437 0.008 47.78
0.431 0.007 47.81
0 0 47.84
0.427 0.016 47.88
0.42 0.008 47.91
0.418 0.008 47.94
0.411 0.008 47.98
0.405 0.01 48.01
0.404 0.008 48.05
0.399 0.009 48.08
0.394 0.007 48.11
0.389 0.007 48.15
0.389 0.007 48.18
0.385 0.006 48.21
0.38 0.006 48.25
0.38 0.006 48.28
0.377 0.004 48.31
0.375 0.003 48.35
0.377 0.004 48.38
0.375 0.008 48.41
0.372 0.007 48.45
0.371 0.005 48.48
0.366 0.005 48.52
0.361 0.007 48.55
0.357 0.007 48.58
0.357 0.007 48.61
0.354 0.007 48.64
0.351 0.007 48.68
0.352 0.007 48.71
0.351 0.005 48.75
0.35 0.005 48.78
0.353 0.004 48.81
0.35 0.004 48.85
0.348 0.004 48.88
0.347 0.004 48.91
0.349 0.003 48.94
0.349 0.003 48.98
0.348 0.002 49.01
0.35 0.003 49.04
0.348 0.004 49.08
0.346 0.002 49.11
0.35 0.002 49.14
0.351 0.002 49.18
0.353 0.002 49.21
0.354 0.001 49.24
0.357 0.002 49.28
0.359 0.002 49.31
0.361 0.002 49.35
0.366 0.004 49.38
0.366 0.01 49.41
0.365 0.019 49.44
0.368 0.027 49.48
0.377 0.034 49.51
0 0 49.54
0 0 49.58
0 0 49.61
0 0 49.64
0 0 49.67
0 0 49.71
0 0 49.74
0 0 49.77
0 0 49.81
0 0 49.84
0 0 49.87
0 0 49.91
0 0 49.94
0 0 49.97
0 0 50.01
0 0 50.04
0 0 50.07
0 0 50.11
0 0 50.14
0 0 50.18
0 0 50.21
0 0 50.24
0 0 50.27
0 0 50.3
0 0 50.34
0 0 50.37
0 0 50.4
0 0 50.44
0 0 50.47
0 0 50.51
0 0 50.54
0 0 50.57
0 0 50.61
0 0 50.64
0 0 50.67
0 0 50.71
0 0 50.74
0 0 50.77
0 0 50.81
0 0 50.84
0 0 50.87
0 0 50.91
0 0 50.94
0 0 50.97
0 0 51.01
0 0 51.04
0 0 51.07
0 0 51.11
0 0 51.14
0 0 51.17
0 0 51.21
0 0 51.24
0 0 51.27
0 0 51.31
0 0 51.34
0 0 51.37
0 0 51.41
0 0 51.44
0 0 51.47
0 0 51.51
0 0 51.54
0 0 51.57
0 0 51.61
0 0 51.64
0 0 51.67
0 0 51.71
0 0 51.74
0 0 51.77
0 0 51.81
0 0 51.84
0 0 51.87
0 0 51.91
0 0 51.94
0 0 51.97
0 0 52.01
0 0 52.04
0 0 52.07
0 0 52.11
0 0 52.14
0 0 52.18
0 0 52.21
0 0 52.24
0 0 52.27
0 0 52.31
0 0 52.34
0 0 52.37
0 0 52.41
0 0 52.44
0 0 52.47
0 0 52.51
0 0 52.54
0 0 52.57
0 0 52.61
0 0 52.64
0 0 52.68
0 0 52.71
0 0 52.74
0 0 52.77
0 0 52.81
0 0 52.84
0 0 52.87
0 0 52.91
0 0 52.94
0 0 52.97
0 0 53.01
0 0 53.04
0 0 53.07
0 0 53.11
0 0 53.14
0 0 53.18
0 0 53.21
0 0 53.24
0 0 53.27
0 0 53.31
0 0 53.34
0 0 53.37
0 0 53.41
0 0 53.44
0 0 53.47
0 0 53.51
0 0 53.54
0 0 53.57
0 0 53.61
0 0 53.64
0 0 53.67
0 0 53.71
0 0 53.74
0 0 53.77
0 0 53.81
0 0 53.84
0 0 53.87
0 0 53.91
0 0 53.94
0 0 53.97
0 0 54.01
0 0 54.04
0 0 54.07
0 0 54.11
0 0 54.14
0 0 54.17
0 0 54.21
0 0 54.24
0 0 54.27
0 0 54.31
0 0 54.34
0 0 54.37
0 0 54.41
0 0 54.44
0 0 54.47
0 0 54.51
0.518 0.15 54.54
0 0 54.57
0.488 0.031 54.61
0.473 0.015 54.64
0 0 54.67
0.45 0.025 54.71
0.441 0.011 54.74
0.433 0.01 54.78
0.424 0.01 54.81
0.417 0.009 54.84
0.408 0.01 54.88
0.399 0.009 54.91
0.391 0.01 54.94
0.383 0.009 54.97
0.374 0.009 55.01
0.368 0.008 55.04
0.363 0.006 55.07
0.357 0.006 55.11
0.351 0.006 55.14
0.346 0.006 55.18
0.341 0.005 55.21
0.338 0.004 55.24
0.336 0.003 55.27
0.337 0.004 55.31
0.337 0.003 55.34
0.339 0.003 55.37
0.341 0.002 55.41
0.342 0.001 55.44
0.342 0.001 55.47
0.342 0.001 55.51
0.343 0.002 55.54
0.343 0.005 55.57
0.345 0.003 55.61
0.346 0.005 55.64
0.349 0.003 55.68
0.351 0.002 55.71
0.352 0.002 55.74
0.353 0.002 55.77
0.354 0.003 55.81
0.357 0.008 55.84
0.36 0.009 55.88
0.364 0.009 55.91
0.37 0.007 55.94
0.376 0.007 55.97
0.384 0.008 56.01
0.393 0.009 56.04
0.401 0.01 56.07
0.411 0.013 56.11
0.427 0.021 56.14
0.435 0.015 56.18
0.435 0.008 56.21
0.43 0.007 56.24
0.423 0.012 56.27
0.417 0.011 56.31
0.413 0.006 56.34
0.413 0.002 56.37
0.416 0.007 56.41
0.422 0.011 56.44
0.433 0.016 56.47
0.447 0.017 56.51
0 0 56.54
0 0 56.57
0 0 56.61
0 0 56.64
0 0 56.67
0 0 56.71
0 0 56.74
0 0 56.77
0 0 56.8
0 0 56.84
0 0 56.87
0 0 56.91
0 0 56.94
0 0 56.97
0 0 57.01
0 0 57.04
0 0 57.07
0 0 57.11
0 0 57.14
0 0 57.17
0 0 57.21
0 0 57.24
0 0 57.27
0 0 57.3
0 0 57.34
0 0 57.37
0 0 57.4
0 0 57.44
0 0 57.47
0 0 57.51
0 0 57.54
0 0 57.57
0 0 57.6
0 0 57.64
0 0 57.67
0 0 57.7
0 0 57.74
0 0 57.77
0 0 57.8
0 0 57.84
0 0 57.87
0 0 57.91
0 0 57.94
0 0 57.97
0 0 58.01
0 0 58.04
0 0 58.07
0 0 58.1
0 0 58.14
0 0 58.17
0 0 58.2
0 0 58.24
0 0 58.27
0 0 58.3
0 0 58.34
0 0 58.37
0 0 58.4
0 0 58.44
0 0 58.47
0 0 58.51
0 0 58.54
0 0 58.57
0 0 58.6
0 0 58.64
0 0 58.67
0 0 58.71
0 0 58.74
0 0 58.77
0 0 58.8
0 0 58.84
0 0 58.87
0 0 58.91
0 0 58.94
0 0 58.97
0 0 59.01
0 0 59.04
0 0 59.07
0 0 59.1
0 0 59.14
0 0 59.18
0 0 59.2
0 0 59.24
0 0 59.27
0 0 59.3
0 0 59.34
0 0 59.37
0 0 59.4
0 0 59.44
0 0 59.47
0 0 59.51
0 0 59.54
0 0 59.57
0 0 59.6
0 0 59.64
0 0 59.67
0 0 59.7
0 0 59.74
0 0 59.77
0 0 59.8
0 0 59.84
0 0 59.87
0 0 59.91
0 0 59.94
0 0 59.97
0 0 60.01
0 0 60.04
0 0 60.07
0 0 60.11
0 0 60.14
0 0 60.17
0 0 60.21
0 0 60.24
0 0 60.27
0 0 60.31
0 0 60.34
0 0 60.37
0 0 60.41
0 0 60.44
0 0 60.47
0 0 60.51
0 0 60.54
0 0 60.57
0 0 60.6
0 0 60.64
0 0 60.67
0 0 60.7
0 0 60.74
0 0 60.77
0 0 60.8
0 0 60.84
0 0 60.87
0 0 60.91
0 0 60.94
0 0 60.97
0 0 61.01
0 0 61.04
0 0 61.07
0 0 61.11
0 0 61.14
0 0 61.17
0 0 61.21
0 0 61.24
0 0 61.27
0 0 61.31
0 0 61.34
0 0 61.37
0 0 61.4
0 0 61.44
0 0 61.47
0 0 61.51
0 0 61.54
0 0 61.57
0 0 61.6
0 0 61.64
0 0 61.67
0 0 61.71
0 0 61.74
0 0 61.77
0 0 61.81
0 0 61.84
0 0 61.87
0 0 61.91
0 0 61.94
0 0 61.97
0 0 62.01
0 0 62.04
0 0 62.07
0 0 62.11
0 0 62.14
0 0 62.17
0 0 62.21
0 0 62.24
0 0 62.27
0 0 62.3
0 0 62.34
0 0 62.37
0 0 62.4
0 0 62.44
0 0 62.47
0 0 62.51
0 0 62.54
0 0 62.57
0 0 62.6
0 0 62.64
0 0 62.67
0 0 62.71
0 0 62.74
0 0 62.77
0 0 62.81
0 0 62.84
0 0 62.87
0 0 62.9
0 0 62.94
0 0 62.97
0 0 63.01
0 0 63.04
0 0 63.07
0 0 63.1
0 0 63.14
0 0 63.17
0 0 63.21
0 0 63.24
0 0 63.27
0 0 63.3
0 0 63.34
0 0 63.37
0 0 63.4
0 0 63.44
0 0 63.47
0 0 63.51
0 0 63.54
0 0 63.57
0 0 63.6
0 0 63.64
0 0 63.67
0 0 63.7
0 0 63.74
0 0 63.77
0 0 63.8
0 0 63.84
0 0 63.87
0 0 63.91
0 0 63.94
0 0 63.97
0 0 64.01
0 0 64.04
0 0 64.07
0 0 64.1
0 0 64.14
0 0 64.17
0 0 64.2
0 0 64.24
0 0 64.27
0 0 64.31
0 0 64.34
0 0 64.37
0 0 64.4
0 0 64.44
0 0 64.47
0 0 64.51
0 0 64.54
0 0 64.57
0 0 64.6
0 0 64.64
0 0 64.67
0 0 64.7
0 0 64.74
0 0 64.77
0 0 64.8
0 0 64.84
0 0 64.87
0 0 64.9
0 0 64.94
0 0 64.97
0 0 65.0
0 0 65.04
0 0 65.07
0 0 65.1
0 0 65.14
0 0 65.17
0 0 65.2
0 0 65.24
0 0 65.27
0 0 65.3
0 0 65.34
0 0 65.37
0 0 65.4
0 0 65.44
0 0 65.47
0 0 65.51
0 0 65.54
0 0 65.57
0 0 65.6
0 0 65.64
0 0 65.67
0 0 65.7
0 0 65.74
0 0 65.77
0 0 65.8
0 0 65.84
0 0 65.87
0 0 65.9
0 0 65.94
0 0 65.97
0 0 66.01
0 0 66.04
0 0 66.07
0 0 66.1
0 0 66.14
0 0 66.17
0.487 0.063 66.2
0 0 66.24
0 0 66.27
0.444 0.052 66.31
0.438 0.014 66.34
0.429 0.013 66.37
0.419 0.014 66.41
0.416 0.01 66.44
0.409 0.009 66.47
0.4 0.009 66.51
0.396 0.009 66.54
0.389 0.008 66.57
0.383 0.008 66.61
0.382 0.007 66.64
0.377 0.007 66.67
0.374 0.007 66.71
0.372 0.006 66.74
0.373 0.006 66.77
0.372 0.004 66.81
0.371 0.003 66.84
0.371 0.003 66.87
0.37 0.001 66.91
0.37 0.001 66.94
0.374 0.003 66.97
0.375 0.001 67.01
0.376 0.003 67.04
0.377 0.002 67.07
0.383 0.003 67.11
0.382 0.001 67.14
0.382 0.001 67.17
0.383 0.002 67.21
0.381 0.002 67.24
0.381 0.002 67.27
0.383 0.004 67.31
0.384 0.006 67.34
0.386 0.008 67.38
0.389 0.01 67.41
0.393 0.013 67.44
0.397 0.015 67.47
0.403 0.017 67.51
0.412 0.017 67.54
0.42 0.016 67.57
0.429 0.015 67.61
0.44 0.014 67.64
0.45 0.015 67.67
0.464 0.017 67.71
0 0 67.74
0 0 67.77
0 0 67.8
0 0 67.84
0 0 67.87
0 0 67.9
0 0 67.94
0 0 67.97
0 0 68.0
0 0 68.04
0 0 68.07
0 0 68.1
0 0 68.14
0 0 68.17
0 0 68.2
0 0 68.24
0 0 68.27
0 0 68.3
0 0 68.34
0 0 68.37
0 0 68.4
0 0 68.44
0 0 68.47
0 0 68.51
0 0 68.54
0 0 68.57
0 0 68.6
0 0 68.64
0 0 68.67
0 0 68.7
0 0 68.74
0 0 68.77
0 0 68.8
0 0 68.84
0 0 68.87
0 0 68.9
0 0 68.94
0 0 68.97
0 0 69.0
0 0 69.04
0 0 69.07
0 0 69.1
0 0 69.14
0 0 69.17
0 0 69.2
0 0 69.24
0 0 69.27
0 0 69.3
0 0 69.34
0 0 69.37
0 0 69.4
0 0 69.44
0 0 69.47
0 0 69.5
0 0 69.54
0 0 69.57
0 0 69.6
0 0 69.64
0 0 69.67
0 0 69.7
0.49 0.025 69.74
0.474 0.021 69.77
0.459 0.021 69.81
0.446 0.019 69.84
0.435 0.017 69.87
0.426 0.015 69.91
0.418 0.013 69.94
0.413 0.011 69.97
0.408 0.008 70.01
0.403 0.007 70.04
0.398 0.006 70.07
0.395 0.006 70.11
0.392 0.004 70.14
0.391 0.004 70.17
0.39 0.004 70.21
0.39 0.002 70.24
0.389 0.001 70.27
0.389 0.001 70.31
0.389 0.001 70.34
0.388 0.001 70.37
0.389 0.001 70.4
0.39 0.001 70.44
0.391 0.002 70.47
0.392 0.002 70.51
0.391 0.001 70.54
0.39 0.003 70.57
0.389 0.001 70.61
0.39 0.001 70.64
0.391 0.002 70.67
0.391 0.001 70.71
0.392 0.001 70.74
0.393 0.001 70.77
0.393 0.001 70.8
0.393 0.002 70.84
0.394 0.002 70.87
0.394 0.003 70.91
0.395 0.003 70.94
0.396 0.004 70.97
0.396 0.007 71.01
0.398 0.006 71.04
0.4 0.008 71.07
0.404 0.011 71.11
0.409 0.014 71.14
0.418 0.016 71.17
0.429 0.018 71.2
0.443 0.02 71.24
0.459 0.021 71.27
0.477 0.022 71.31
0.498 0.023 71.34
0 0 71.37
0 0 71.4
0 0 71.44
0 0 71.47
0 0 71.5
0 0 71.54
0 0 71.57
0 0 71.6
0 0 71.64
0 0 71.67
0 0 71.7
0 0 71.74
0 0 71.77
0 0 71.8
0 0 71.84
0 0 71.87
0 0 71.9
0 0 71.94
0 0 71.97
0 0 72.0
0 0 72.04
0 0 72.07
0 0 72.1
0 0 72.14
0 0 72.17
0 0 72.2
0 0 72.24
0 0 72.27
0 0 72.3
0 0 72.34
0 0 72.37
0 0 72.4
0 0 72.43
0 0 72.47
0 0 72.5
0 0 72.54
0 0 72.57
0 0 72.6
0 0 72.63
0 0 72.67
0 0 72.7
0 0 72.74
0 0 72.77
0 0 72.8
0 0 72.84
0 0 72.87
0 0 72.9
0 0 72.94
0 0 72.97
0 0 73.0
0 0 73.04
0 0 73.07
0 0 73.1
0 0 73.14
0 0 73.17
0 0 73.2
0 0 73.24
0 0 73.27
0 0 73.3
0 0 73.34
0 0 73.37
0 0 73.4
0 0 73.44
0 0 73.47
0 0 73.5
0 0 73.54
0 0 73.57
0 0 73.6
0 0 73.64
0 0 73.67
0 0 73.7
0 0 73.74
0 0 73.77
0 0 73.8
0 0 73.84
0 0 73.87
0 0 73.9
0 0 73.94
0.428 0.095 73.97
0.414 0.019 74.01
0.404 0.014 74.04
0.398 0.012 74.07
0.394 0.007 74.11
0.393 0.004 74.14
0.394 0.003 74.17
0.396 0.003 74.2
0.398 0.003 74.24
0.398 0.003 74.27
0.398 0.003 74.3
0.398 0.004 74.34
0.395 0.003 74.37
0.392 0.004 74.4
0.388 0.005 74.44
0.384 0.005 74.47
0.381 0.005 74.51
0.379 0.005 74.54
0.377 0.004 74.57
0.376 0.003 74.61
0.375 0.003 74.64
0.376 0.002 74.67
0.377 0.002 74.71
0.378 0.001 74.74
0.379 0.002 74.77
0.38 0.001 74.81
0.381 0.002 74.84
0.382 0.003 74.87
0.383 0.002 74.9
0.385 0.002 74.94
0.386 0.002 74.97
0.387 0.001 75.01
0.387 0.002 75.04
0.387 0.0 75.07
0.387 0.002 75.1
0.387 0.001 75.14
0.386 0.002 75.17
0.386 0.003 75.21
0.385 0.004 75.24
0.384 0.004 75.27
0.383 0.005 75.3
0.382 0.004 75.34
0.381 0.003 75.37
0.381 0.003 75.4
0.381 0.004 75.44
0.382 0.006 75.47
0.384 0.009 75.51
0.387 0.011 75.54
0.392 0.014 75.57
0.4 0.016 75.6
0.411 0.018 75.64
0 0 75.67
0 0 75.7
0 0 75.74
0 0 75.77
0 0 75.8
0 0 75.84
0 0 75.87
0 0 75.9
0 0 75.94
0 0 75.97
0 0 76.0
0 0 76.03
0 0 76.07
0 0 76.1
0 0 76.13
0 0 76.17
0 0 76.2
0 0 76.24
0 0 76.27
0 0 76.3
0 0 76.34
0 0 76.37
0 0 76.4
0 0 76.44
0 0 76.47
0 0 76.5
0 0 76.53
0 0 76.57
0 0 76.6
0 0 76.63
0 0 76.67
0 0 76.7
0 0 76.73
0 0 76.77
0 0 76.8
0 0 76.84
0 0 76.87
0 0 76.9
0 0 76.93
0 0 76.97
0 0 77.0
0 0 77.04
0 0 77.07
0 0 77.1
0 0 77.13
0 0 77.17
0 0 77.2
0 0 77.24
0 0 77.27
0 0 77.3
0 0 77.34
0 0 77.37
0 0 77.4
0 0 77.43
0 0 77.47
0 0 77.5
0 0 77.54
0 0 77.57
0 0 77.6
0 0 77.63
0 0 77.67
0 0 77.7
0 0 77.73
0 0 77.77
0 0 77.8
0 0 77.84
0 0 77.87
0 0 77.9
0 0 77.93
0 0 77.97
0 0 78.0
0 0 78.04
0 0 78.07
0 0 78.1
0 0 78.13
0 0 78.17
0 0 78.2
0 0 78.23
0 0 78.27
0 0 78.3
0 0 78.34
0 0 78.37
0 0 78.4
0 0 78.43
0 0 78.47
0 0 78.5
0 0 78.53
0 0 78.57
0 0 78.6
0 0 78.63
0 0 78.67
0 0 78.7
0 0 78.73
0 0 78.77
0 0 78.8
0 0 78.84
0 0 78.87
0 0 78.9
0 0 78.93
0 0 78.97
0 0 79.0
0 0 79.03
0 0 79.07
0 0 79.1
0 0 79.13
0 0 79.17
0 0 79.2
0 0 79.24
0 0 79.27
0 0 79.3
0 0 79.34
0 0 79.37
0 0 79.4
0 0 79.43
0 0 79.47
0 0 79.5
0 0 79.53
0 0 79.57
0 0 79.6
0 0 79.63
0 0 79.67
0 0 79.7
0 0 79.73
0 0 79.77
0 0 79.8
0 0 79.84
0 0 79.87
0 0 79.9
0 0 79.93
0 0 79.97
0 0 80.0
0 0 80.03
0 0 80.07
0 0 80.1
0 0 80.13
0 0 80.17
0 0 80.2
0 0 80.23
0 0 80.27
0 0 80.3
0 0 80.34
0 0 80.37
0 0 80.4
0 0 80.43
0 0 80.47
0 0 80.5
0 0 80.53
0 0 80.57
0 0 80.6
0 0 80.63
0 0 80.67
0 0 80.7
0 0 80.73
0 0 80.77
0 0 80.8
0 0 80.84
0 0 80.87
0 0 80.9
0 0 80.93
0 0 80.97
0 0 81.0
0 0 81.03
0 0 81.07
0 0 81.1
0 0 81.13
0 0 81.17
0 0 81.2
0 0 81.23
0 0 81.27
0 0 81.3
0 0 81.34
0 0 81.37
0 0 81.4
0 0 81.44
0 0 81.47
0 0 81.5
0 0 81.53
0 0 81.57
0 0 81.6
0 0 81.63
0 0 81.67
0 0 81.7
0 0 81.73
0 0 81.77
0 0 81.8
0 0 81.84
0 0 81.87
0 0 81.9
0 0 81.94
0 0 81.97
0 0 82.0
0 0 82.04
0 0 82.07
0 0 82.1
0 0 82.14
0 0 82.17
0 0 82.2
0 0 82.23
0 0 82.27
0 0 82.3
0 0 82.34
0 0 82.37
0 0 82.4
0 0 82.43
0 0 82.47
0 0 82.5
0 0 82.53
0 0 82.57
0 0 82.6
0 0 82.63
0 0 82.67
0 0 82.7
0 0 82.73
0 0 82.77
0 0 82.8
0 0 82.84
0 0 82.87
0 0 82.9
0 0 82.93
0 0 82.97
0 0 83.0
0 0 83.03
0 0 83.07
0 0 83.1
0 0 83.14
0 0 83.17
0 0 83.2
0 0 83.24
0 0 83.27
0 0 83.3
0 0 83.33
0 0 83.37
0 0 83.4
0 0 83.43
0 0 83.47
0 0 83.5
0 0 83.53
0 0 83.57
0 0 83.6
0 0 83.63
0 0 83.67
0 0 83.7
0 0 83.73
0 0 83.77
0 0 83.8
0 0 83.84
0 0 83.87
0 0 83.9
0 0 83.93
0 0 83.97
0 0 84.0
0 0 84.03
0 0 84.07
0 0 84.1
0 0 84.13
0 0 84.17
0 0 84.2
0 0 84.23
0 0 84.27
0 0 84.3
0 0 84.34
0 0 84.37
0 0 84.4
0 0 84.43
0 0 84.47
0 0 84.5
0 0 84.53
0 0 84.57
0 0 84.6
0 0 84.63
0 0 84.67
0 0 84.7
0 0 84.73
0 0 84.77
0 0 84.8
0 0 84.84
0 0 84.87
0 0 84.9
0 0 84.93
0 0 84.97
0 0 85.0
0 0 85.03
0 0 85.07
0 0 85.1
0 0 85.13
0 0 85.17
0 0 85.2
0 0 85.23
0 0 85.27
0 0 85.3
0 0 85.33
0 0 85.37
0 0 85.4
0 0 85.43
0 0 85.47
0 0 85.5
0 0 85.53
0 0 85.57
0 0 85.6
0 0 85.63
0 0 85.67
0 0 85.7
0 0 85.73
0 0 85.77
0 0 85.8
0 0 85.83
0 0 85.87
0 0 85.9
0 0 85.93
0 0 85.97
0 0 86.0
0 0 86.03
0 0 86.07
0 0 86.1
0 0 86.13
0 0 86.17
0 0 86.2
0 0 86.23
0 0 86.27
0 0 86.3
0 0 86.33
0 0 86.37
0 0 86.4
0 0 86.43
0 0 86.47
0 0 86.5
0 0 86.53
0 0 86.57
0 0 86.6
0 0 86.63
0 0 86.67
0 0 86.7
0 0 86.73
0 0 86.77
0 0 86.8
0 0 86.83
0 0 86.87
0 0 86.9
0 0 86.93
0 0 86.97
0 0 87.0
0 0 87.03
0 0 87.07
0 0 87.1
0 0 87.13
0 0 87.17
0 0 87.2
0 0 87.23
0 0 87.27
0.323 0.065 87.3
0 0 87.34
0.316 0.02 87.37
0.312 0.008 87.4
0.308 0.007 87.44
0.305 0.006 87.47
0.303 0.006 87.5
0.3 0.005 87.54
0.297 0.004 87.57
0.298 0.002 87.6
0.297 0.001 87.64
0.299 0.002 87.67
0.302 0.003 87.7
0.304 0.001 87.74
0.305 0.003 87.77
0.309 0.011 87.8
0 0 87.83
0.328 0.048 87.87
0 0 87.9
0 0 87.93
0 0 87.97
0 0 88.0
0 0 88.03
0 0 88.07
0 0 88.1
0 0 88.13
0 0 88.17
0 0 88.2
0 0 88.23
0 0 88.27
0 0 88.3
0 0 88.33
0 0 88.37
0 0 88.4
0 0 88.43
0 0 88.47
0 0 88.5
0 0 88.53
0 0 88.57
0 0 88.6
0 0 88.63
0 0 88.67
0 0 88.7
0 0 88.73
0 0 88.77
0 0 88.8
0 0 88.83
0 0 88.86
0 0 88.9
0 0 88.93
0 0 88.96
0 0 89.0
0 0 89.03
0 0 89.07
0 0 89.1
0 0 89.13
0 0 89.17
0 0 89.2
0 0 89.23
0 0 89.27
0 0 89.3
0 0 89.33
0 0 89.37
0 0 89.4
0 0 89.43
0 0 89.47
0 0 89.5
0 0 89.53
0 0 89.57
0 0 89.6
0 0 89.63
0 0 89.67
0 0 89.7
0 0 89.73
0 0 89.77
0 0 89.8
0 0 89.83
0 0 89.86
0 0 89.9
0 0 89.93
0 0 89.97
0 0 90.0
0 0 90.03
0 0 90.06
0 0 90.1
0 0 90.13
0 0 90.17
0 0 90.2
0 0 90.23
0 0 90.27
0 0 90.3
0 0 90.33
0 0 90.37
0 0 90.4
0 0 90.43
0 0 90.47
0 0 90.5
0 0 90.53
0 0 90.57
0 0 90.6
0 0 90.63
0 0 90.67
0 0 90.7
0 0 90.73
0 0 90.77
0 0 90.8
0 0 90.83
0 0 90.87
0 0 90.9
0 0 90.93
0 0 90.97
0 0 91.0
0 0 91.03
0 0 91.07
0 0 91.1
0 0 91.13
0 0 91.17
0 0 91.2
0 0 91.23
0 0 91.27
0 0 91.3
0 0 91.33
0 0 91.37
0 0 91.4
0 0 91.43
0 0 91.47
0 0 91.5
0 0 91.53
0 0 91.57
0 0 91.6
0 0 91.63
0 0 91.67
0 0 91.7
0 0 91.73
0 0 91.77
0 0 91.8
0 0 91.83
0 0 91.87
0 0 91.9
0 0 91.93
0 0 91.97
0 0 92.0
0 0 92.03
0 0 92.07
0 0 92.1
0 0 92.13
0 0 92.17
0 0 92.2
0 0 92.23
0.497 0.069 92.27
0 0 92.3
0 0 92.33
0.472 0.039 92.37
0 0 92.4
0 0 92.43
0.451 0.031 92.47
0.442 0.01 92.51
0.436 0.011 92.53
0.426 0.012 92.57
0.416 0.012 92.6
0.405 0.013 92.64
0.398 0.012 92.67
0.389 0.012 92.7
0.382 0.011 92.73
0.381 0.01 92.77
0.376 0.008 92.8
0.373 0.007 92.84
0.374 0.005 92.87
0.374 0.004 92.9
0.376 0.004 92.94
0.38 0.003 92.97
0.38 0.001 93.0
0.38 0.002 93.03
0.379 0.001 93.07
0.381 0.001 93.1
0.382 0.002 93.14
0.383 0.002 93.17
0.385 0.002 93.2
0.385 0.001 93.24
0.385 0.001 93.27
0.386 0.002 93.3
0.385 0.005 93.34
0.383 0.008 93.37
0.381 0.011 93.4
0.381 0.013 93.43
0.382 0.016 93.47
0.387 0.018 93.5
0.398 0.021 93.53
0.41 0.021 93.57
0 0 93.6
0.447 0.045 93.63
0 0 93.67
0 0 93.7
0 0 93.73
0 0 93.77
0 0 93.8
0 0 93.83
0 0 93.87
0 0 93.9
0 0 93.93
0 0 93.97
0 0 94.0
0 0 94.03
0 0 94.07
0 0 94.1
0 0 94.13
0 0 94.17
0 0 94.2
0 0 94.23
0 0 94.27
0 0 94.3
0 0 94.33
0 0 94.37
0 0 94.4
0 0 94.43
0 0 94.47
0 0 94.5
0 0 94.53
0 0 94.57
0 0 94.6
0 0 94.63
0 0 94.67
0 0 94.7
0 0 94.73
0 0 94.77
0 0 94.8
0 0 94.84
0 0 94.87
0 0 94.9
0 0 94.93
0 0 94.97
0 0 95.0
0 0 95.03
0.609 0.174 95.07
0 0 95.1
0 0 95.13
0.615 0.008 95.17
0.614 0.002 95.2
0 0 95.23
0.614 0.005 95.27
0 0 95.3
0 0 95.33
0 0 95.37
0 0 95.4
0 0 95.43
0 0 95.47
0 0 95.5
0 0 95.53
0.617 0.016 95.57
0.599 0.028 95.6
0 0 95.63
0.598 0.009 95.67
0 0 95.7
0 0 95.73
0 0 95.76
0 0 95.8
0 0 95.83
0 0 95.86
0 0 95.9
0 0 95.93
0 0 95.97
0 0 96.0
0 0 96.03
0 0 96.06
0 0 96.1
0 0 96.13
0 0 96.17
0 0 96.2
0 0 96.23
0 0 96.26
0 0 96.3
0 0 96.33
0 0 96.36
0 0 96.4
0 0 96.43
0 0 96.46
0 0 96.5
0 0 96.53
0 0 96.56
0 0 96.6
0 0 96.63
0 0 96.67
0 0 96.7
0 0 96.73
0 0 96.77
0 0 96.8
0 0 96.83
0 0 96.87
0 0 96.9
0 0 96.93
0 0 96.97
0 0 97.0
0 0 97.03
0 0 97.06
0 0 97.1
0 0 97.13
0 0 97.17
0 0 97.2
0 0 97.23
0 0 97.26
0 0 97.3
0 0 97.33
0 0 97.36
0 0 97.4
0 0 97.43
0 0 97.46
0 0 97.5
0 0 97.53
0 0 97.57
0 0 97.6
0 0 97.63
0 0 97.67
0 0 97.7
0 0 97.73
0 0 97.76
0 0 97.8
0 0 97.83
0.459 0.156 97.87
0.446 0.015 97.9
0.434 0.013 97.93
0.424 0.012 97.97
0.415 0.01 98.0
0.406 0.009 98.03
0.398 0.008 98.07
0.393 0.006 98.1
0.388 0.005 98.13
0.384 0.004 98.17
0.38 0.004 98.2
0.378 0.003 98.24
0.375 0.003 98.27
0.373 0.003 98.3
0.372 0.002 98.34
0.372 0.002 98.37
0.371 0.002 98.4
0.372 0.002 98.43
0.372 0.002 98.47
0.373 0.002 98.5
0.371 0.001 98.54
0.371 0.002 98.57
0.369 0.002 98.6
0.368 0.001 98.63
0.366 0.002 98.67
0.363 0.003 98.7
0.359 0.004 98.74
0.357 0.002 98.77
0.357 0.001 98.8
0.357 0.001 98.84
0.356 0.001 98.87
0.357 0.002 98.9
0.356 0.002 98.93
0.354 0.003 98.97
0.354 0.001 99.0
0.354 0.001 99.03
0.355 0.002 99.07
0.357 0.001 99.1
0.358 0.001 99.13
0.358 0.001 99.17
0.359 0.001 99.2
0.36 0.002 99.23
0.36 0.001 99.27
0.36 0.0 99.3
0.36 0.001 99.34
0.359 0.001 99.37
0.359 0.001 99.4
0.359 0.003 99.43
0.36 0.002 99.47
0.361 0.001 99.5
0.362 0.001 99.53
0.362 0.001 99.57
0.364 0.002 99.6
0.364 0.003 99.63
0.365 0.002 99.67
0.367 0.002 99.7
0.368 0.002 99.73
0.368 0.0 99.77
0.366 0.002 99.8
0.363 0.003 99.84
0.362 0.003 99.87
0.36 0.003 99.9
0.357 0.003 99.93
0.355 0.002 99.97
0.355 0.001 100.0
0.354 0.002 100.03
0.356 0.004 100.07
0.359 0.006 100.1
0.363 0.009 100.13
0.369 0.011 100.17
0.377 0.014 100.2
0.388 0.018 100.23
0.403 0.022 100.27
0.423 0.025 100.3
0 0 100.33
0 0 100.37
0 0 100.4
0 0 100.43
0 0 100.46
0 0 100.5
0 0 100.53
0 0 100.57
0 0 100.6
0 0 100.63
0 0 100.67
0 0 100.7
0 0 100.73
0 0 100.76
0 0 100.8
0 0 100.83
0 0 100.86
0 0 100.9
0 0 100.93
0 0 100.96
0 0 101.0
0 0 101.03
0 0 101.06
0 0 101.1
0 0 101.13
0 0 101.16
0 0 101.2
0 0 101.23
0 0 101.26
0 0 101.3
0 0 101.33
0 0 101.36
0 0 101.4
0 0 101.43
0 0 101.46
0 0 101.5
0 0 101.53
0 0 101.56
0 0 101.6
0 0 101.63
0 0 101.66
0 0 101.7
0 0 101.73
0 0 101.76
0 0 101.8
0 0 101.83
0 0 101.86
0 0 101.9
0 0 101.93
0 0 101.96
0 0 102.0
0 0 102.03
0 0 102.06
0 0 102.1
0 0 102.13
0 0 102.17
0 0 102.2
0 0 102.23
0 0 102.26
0 0 102.3
0 0 102.33
0 0 102.36
0 0 102.4
0 0 102.43
0 0 102.46
0 0 102.5
0 0 102.53
0 0 102.56
0 0 102.6
0 0 102.63
0 0 102.66
0 0 102.7
0 0 102.73
0 0 102.76
0 0 102.8
0 0 102.83
0 0 102.87
0 0 102.9
0 0 102.93
0 0 102.96
0 0 103.0
0 0 103.03
0 0 103.06
0 0 103.1
0 0 103.13
0 0 103.17
0 0 103.2
0 0 103.23
0 0 103.26
0 0 103.3
0 0 103.33
0 0 103.36
0 0 103.4
0 0 103.43
0 0 103.46
0 0 103.5
0 0 103.53
0 0 103.56
0 0 103.6
0 0 103.63
0 0 103.67
0 0 103.7
0 0 103.73
0 0 103.76
0 0 103.8
0 0 103.83
0 0 103.86
0 0 103.9
0 0 103.93
0 0 103.96
0 0 104.0
0 0 104.03
0 0 104.06
0 0 104.1
0 0 104.13
0 0 104.17
0 0 104.2
0 0 104.23
0 0 104.26
0 0 104.3
0 0 104.33
0 0 104.36
0 0 104.4
0 0 104.43
0 0 104.46
0 0 104.5
0 0 104.53
0 0 104.57
0 0 104.6
0 0 104.63
0 0 104.66
0 0 104.7
0 0 104.73
0 0 104.76
0 0 104.8
0 0 104.83
0 0 104.86
0 0 104.9
0 0 104.93
0 0 104.96
0 0 105.0
0 0 105.03
0 0 105.06
0 0 105.1
0 0 105.13
0 0 105.17
0 0 105.2
0 0 105.23
0 0 105.26
0 0 105.3
0 0 105.33
0 0 105.36
0 0 105.4
0 0 105.43
0 0 105.46
0 0 105.5
0 0 105.53
0 0 105.56
0 0 105.6
0 0 105.63
0 0 105.67
0 0 105.7
0 0 105.73
0 0 105.76
0 0 105.8
0 0 105.83
0 0 105.87
0 0 105.9
0 0 105.93
0 0 105.96
0 0 106.0
0 0 106.03
0 0 106.06
0 0 106.1
0 0 106.13
0 0 106.16
0 0 106.2
0 0 106.23
0 0 106.26
0 0 106.3
0 0 106.33
0 0 106.36
0 0 106.4
0 0 106.43
0 0 106.46
0 0 106.5
0 0 106.53
0 0 106.56
0 0 106.6
0 0 106.63
0 0 106.66
0 0 106.7
0 0 106.73
0 0 106.76
0 0 106.8
0 0 106.83
0 0 106.86
0 0 106.9
0 0 106.93
0 0 106.96
0 0 107.0
0 0 107.03
0 0 107.06
0 0 107.1
0 0 107.13
0 0 107.16
0 0 107.2
0 0 107.23
0 0 107.26
0 0 107.3
0 0 107.33
0 0 107.36
0 0 107.4
0 0 107.43
0 0 107.46
0 0 107.5
0 0 107.53
0 0 107.56
0 0 107.6
0 0 107.63
0 0 107.66
0 0 107.7
0 0 107.73
0 0 107.76
0 0 107.8
0 0 107.83
0 0 107.86
0 0 107.9
0 0 107.93
0 0 107.96
0 0 108.0
0 0 108.03
0 0 108.06
0 0 108.1
0 0 108.13
0 0 108.16
0 0 108.2
0 0 108.23
0 0 108.26
0 0 108.3
0 0 108.33
0 0 108.36
0 0 108.4
0 0 108.43
0 0 108.46
0 0 108.5
0 0 108.53
0 0 108.56
0 0 108.6
0 0 108.63
0 0 108.66
0 0 108.7
0 0 108.73
0 0 108.76
0 0 108.8
0 0 108.83
0 0 108.86
0 0 108.9
0 0 108.93
0 0 108.96
0 0 109.0
0 0 109.03
0.418 0.064 109.07
0.402 0.018 109.1
0 0 109.13
0 0 109.17
0.368 0.048 109.2
0.357 0.015 109.23
0.347 0.012 109.27
0.345 0.011 109.3
0.338 0.01 109.33
0.33 0.009 109.37
0.33 0.009 109.4
0.326 0.007 109.43
0.322 0.006 109.47
0.325 0.005 109.5
0.324 0.004 109.53
0.321 0.004 109.57
0.32 0.004 109.6
0.324 0.003 109.63
0.322 0.004 109.67
0.321 0.003 109.7
0.33 0.003 109.73
0.33 0.002 109.77
0.33 0.002 109.8
0.335 0.002 109.83
0.336 0.013 109.87
0.344 0.028 109.9
0.364 0.036 109.93
0 0 109.96
0 0 110.0
0 0 110.03
0 0 110.06
0 0 110.1
0 0 110.13
0 0 110.16
0 0 110.2
0 0 110.23
0 0 110.26
0 0 110.3
0 0 110.33
0 0 110.36
0 0 110.4
0 0 110.43
0 0 110.46
0 0 110.5
0 0 110.53
0 0 110.56
0 0 110.6
0 0 110.63
0 0 110.66
0 0 110.7
0 0 110.73
0 0 110.76
0 0 110.8
0 0 110.83
0 0 110.86
0 0 110.9
0 0 110.93
0 0 110.96
0 0 111.0
0 0 111.03
0 0 111.06
0 0 111.1
0 0 111.13
0 0 111.16
0 0 111.2
0 0 111.23
0 0 111.26
0 0 111.3
0 0 111.33
0 0 111.36
0 0 111.4
0 0 111.43
0 0 111.46
0 0 111.5
0 0 111.53
0 0 111.56
0.559 0.16 111.6
0.551 0.011 111.63
0.542 0.011 111.67
0.538 0.007 111.7
0.531 0.009 111.73
0.525 0.008 111.76
0.521 0.007 111.8
0.516 0.007 111.83
0.511 0.007 111.87
0.505 0.007 111.9
0.5 0.006 111.93
0.493 0.009 111.97
0 0 112.0
0.482 0.017 112.03
0.478 0.01 112.07
0.476 0.003 112.1
0.473 0.006 112.13
0.47 0.003 112.17
0.466 0.005 112.2
0.46 0.006 112.23
0.455 0.007 112.27
0.448 0.008 112.3
0.442 0.009 112.33
0.436 0.008 112.37
0.431 0.007 112.4
0.427 0.006 112.44
0.424 0.006 112.47
0.421 0.005 112.5
0.418 0.005 112.53
0.416 0.005 112.57
0.414 0.004 112.6
0.412 0.007 112.63
0.41 0.005 112.67
0.407 0.005 112.7
0.404 0.005 112.73
0 0 112.76
0 0 112.8
0 0 112.83
0 0 112.86
0 0 112.9
0.404 0.006 112.93
0.408 0.005 112.96
0.413 0.008 113.0
0.417 0.007 113.03
0.419 0.007 113.07
0.422 0.006 113.1
0.424 0.008 113.13
0.426 0.004 113.17
0.427 0.004 113.2
0.428 0.004 113.23
0.431 0.002 113.26
0.432 0.002 113.3
0.434 0.002 113.33
0 0 113.36
0.435 0.002 113.4
0.436 0.001 113.43
0.436 0.001 113.47
0.435 0.002 113.5
0.433 0.003 113.53
0.433 0.003 113.57
0.434 0.001 113.6
0.435 0.001 113.63
0.435 0.002 113.67
0.436 0.002 113.7
0.436 0.002 113.73
0.436 0.002 113.76
0.435 0.002 113.8
0.433 0.003 113.83
0.431 0.003 113.87
0.428 0.003 113.9
0.425 0.003 113.93
0.421 0.004 113.96
0.417 0.004 114.0
0.413 0.005 114.03
0.409 0.005 114.07
0.405 0.005 114.1
0.402 0.005 114.13
0.399 0.004 114.17
0.398 0.005 114.2
0.396 0.004 114.23
0.395 0.003 114.26
0.394 0.001 114.3
0.393 0.001 114.33
0.392 0.003 114.36
0.392 0.001 114.4
0.393 0.002 114.43
0 0 114.46
0.399 0.006 114.5
0.402 0.004 114.53
0.405 0.004 114.56
0.407 0.003 114.6
0.406 0.004 114.63
0.404 0.004 114.66
0.401 0.005 114.7
0.397 0.004 114.73
0.395 0.003 114.76
0.393 0.004 114.8
0.392 0.003 114.83
0.391 0.003 114.87
0.39 0.002 114.9
0.389 0.002 114.93
0.388 0.002 114.97
0.388 0.001 115.0
0.39 0.002 115.03
0.391 0.002 115.06
0.393 0.002 115.1
0.395 0.003 115.13
0.397 0.002 115.16
0.398 0.001 115.2
0.4 0.002 115.23
0.402 0.003 115.26
0.404 0.003 115.3
0.407 0.002 115.33
0.409 0.003 115.36
0.412 0.003 115.4
0.414 0.005 115.43
0.417 0.003 115.46
0.42 0.003 115.5
0.423 0.004 115.53
0.427 0.006 115.57
0.43 0.004 115.6
0.433 0.004 115.63
0.435 0.004 115.67
0.437 0.004 115.7
0.439 0.003 115.73
0.44 0.002 115.77
0.441 0.002 115.8
0.443 0.002 115.83
0.445 0.002 115.86
0.447 0.002 115.9
0.447 0.003 115.93
0.448 0.002 115.96
0.449 0.001 116.0
0.448 0.002 116.03
0.446 0.002 116.06
0.443 0.005 116.1
0.439 0.004 116.13
0.434 0.005 116.17
0.428 0.007 116.2
0.421 0.007 116.23
0.415 0.007 116.26
0.409 0.006 116.3
0.404 0.005 116.33
0.4 0.005 116.36
0.398 0.004 116.4
0.395 0.004 116.43
0.392 0.003 116.46
0.389 0.003 116.5
0.387 0.002 116.53
0.386 0.001 116.56
0.385 0.001 116.6
0.385 0.001 116.63
0.386 0.001 116.66
0.386 0.002 116.7
0.385 0.002 116.73
0.385 0.002 116.76
0.384 0.002 116.8
0.383 0.001 116.83
0.383 0.004 116.86
0.383 0.003 116.9
0.382 0.002 116.93
0.382 0.002 116.96
0.383 0.002 117.0
0.384 0.003 117.03
0.384 0.004 117.06
0.383 0.001 117.1
0.381 0.004 117.13
0.379 0.002 117.16
0.377 0.002 117.2
0.376 0.002 117.23
0.377 0.001 117.26
0.377 0.002 117.3
0.376 0.004 117.33
0.374 0.005 117.36
0.373 0.004 117.4
0.371 0.004 117.43
0.369 0.003 117.46
0.369 0.002 117.5
0.369 0.002 117.53
0.37 0.002 117.56
0.37 0.003 117.6
0.371 0.002 117.63
0.373 0.003 117.67
0.375 0.003 117.7
0.377 0.003 117.73
0.379 0.004 117.76
0.382 0.003 117.8
0.384 0.003 117.83
0.385 0.002 117.86
0.386 0.002 117.9
0.388 0.003 117.93
0.389 0.002 117.96
0.391 0.002 118.0
0.392 0.002 118.03
0.394 0.002 118.06
0.397 0.003 118.1
0.399 0.005 118.13
0.401 0.002 118.16
0.402 0.002 118.2
0.403 0.001 118.23
0.403 0.002 118.26
0.404 0.002 118.3
0.406 0.002 118.33
0.407 0.003 118.36
0.41 0.003 118.4
0.41 0.001 118.43
0.411 0.001 118.46
0.411 0.001 118.5
0.412 0.002 118.53
0.411 0.001 118.56
0.41 0.002 118.6
0.408 0.002 118.63
0.407 0.001 118.66
0.408 0.001 118.7
0.408 0.003 118.73
0.406 0.003 118.76
0.404 0.005 118.8
0.403 0.004 118.83
0.402 0.002 118.86
0.402 0.003 118.9
0.402 0.004 118.93
0.402 0.002 118.96
0.404 0.002 119.0
0.404 0.001 119.03
0.405 0.001 119.07
0.405 0.001 119.1
0.405 0.002 119.13
0.405 0.002 119.16
0.406 0.002 119.2
0.407 0.003 119.23
0.409 0.002 119.26
0.41 0.002 119.3
0.411 0.002 119.33
0.413 0.002 119.36
0.414 0.002 119.4
0.416 0.002 119.43
0.417 0.002 119.46
0.418 0.002 119.5
0.42 0.002 119.53
0.421 0.002 119.57
0.421 0.004 119.6
0.423 0.001 119.63
0.423 0.004 119.66
0.425 0.002 119.7
0.426 0.002 119.73
0.427 0.002 119.76
0.429 0.002 119.8
0.431 0.002 119.83
0.433 0.002 119.86
0.434 0.003 119.9
0.436 0.003 119.93
0.438 0.003 119.96
0.439 0.002 120.0
0.441 0.002 120.03
0.444 0.003 120.06
0.446 0.004 120.1
0.45 0.004 120.13
0.453 0.003 120.16
0.454 0.004 120.2
0.458 0.004 120.23
0.46 0.003 120.26
0.462 0.003 120.3
0.463 0.003 120.33
0.464 0.003 120.36
0.463 0.004 120.4
0.462 0.002 120.43
0.463 0.002 120.46
0.464 0.001 120.5
0.464 0.003 120.53
0.467 0.005 120.56
0 0 120.59
0.471 0.015 120.63
0.471 0.009 120.66
0 0 120.69
0 0 120.73
0.481 0.032 120.76
0.489 0.013 120.8
0 0 120.83
0 0 120.86
0 0 120.89
0 0 120.93
0 0 120.96
0 0 120.99
0 0 121.03
0 0 121.06
0 0 121.09
0 0 121.13
0 0 121.16
0 0 121.19
0 0 121.23
0 0 121.26
0 0 121.29
0 0 121.33
0 0 121.36
0 0 121.39
0 0 121.43
0 0 121.46
0 0 121.49
0 0 121.53
0 0 121.56
0 0 121.59
0 0 121.63
0 0 121.66
0 0 121.69
0 0 121.73
0 0 121.76
0 0 121.79
0 0 121.83
0 0 121.86
0 0 121.89
0 0 121.93
0 0 121.96
0 0 121.99
0 0 122.03
0 0 122.06
0 0 122.09
0 0 122.13
0 0 122.16
0 0 122.19
0 0 122.23
0 0 122.26
0 0 122.29
0 0 122.33
0 0 122.36
0 0 122.39
0 0 122.43
0 0 122.46
0 0 122.49
0 0 122.53
0 0 122.56
0 0 122.59
0 0 122.63
0 0 122.66
0 0 122.69
0 0 122.73
0 0 122.76
0 0 122.79
0 0 122.83
0 0 122.86
0 0 122.89
0 0 122.93
0 0 122.96
0 0 123.0
0 0 123.03
0 0 123.06
0 0 123.09
0 0 123.13
0 0 123.16
0 0 123.19
0 0 123.23
0 0 123.26
0 0 123.29
0 0 123.33
0 0 123.36
0 0 123.39
0 0 123.43
0 0 123.46
0 0 123.49
0 0 123.53
0 0 123.56
0 0 123.59
0 0 123.63
0 0 123.66
0 0 123.69
0 0 123.73
0 0 123.76
