0 0 8.23
0 0 8.26
0 0 8.29
0 0 8.32
0 0 8.36
0 0 8.39
0 0 8.42
0 0 8.46
0 0 8.5
0 0 8.52
0 0 8.56
0 0 8.59
0 0 8.62
0 0 8.66
0 0 8.69
0 0 8.73
0 0 8.76
0 0 8.79
0 0 8.83
0 0 8.86
0 0 8.89
0 0 8.92
0 0 8.96
0 0 8.99
0 0 9.03
0 0 9.06
0 0 9.09
0 0 9.12
0 0 9.16
0 0 9.19
0 0 9.23
0 0 9.26
0 0 9.29
0 0 9.33
0 0 9.36
0 0 9.39
0 0 9.42
0 0 9.46
0 0 9.49
0 0 9.52
0 0 9.56
0 0 9.59
0 0 9.62
0 0 9.66
0 0 9.69
0 0 9.72
0 0 9.76
0 0 9.79
0 0 9.83
0 0 9.86
0 0 9.89
0 0 9.92
0 0 9.96
0 0 9.99
0 0 10.03
0 0 10.06
0 0 10.09
0 0 10.12
0 0 10.16
0 0 10.19
0 0 10.23
0 0 10.26
0 0 10.29
0 0 10.33
0 0 10.36
0 0 10.39
0 0 10.43
0 0 10.46
0 0 10.49
0 0 10.53
0 0 10.56
0 0 10.59
0 0 10.62
0 0 10.66
0 0 10.69
0 0 10.72
0 0 10.76
0 0 10.79
0 0 10.83
0 0 10.86
0 0 10.89
0 0 10.92
0 0 10.96
0 0 10.99
0 0 11.02
0 0 11.06
0 0 11.09
0 0 11.12
0 0 11.16
0 0 11.19
0 0 11.23
0 0 11.26
0 0 11.29
0 0 11.33
0 0 11.36
0 0 11.39
0 0 11.42
0 0 11.46
0 0 11.49
0.332 0.53 11.53
0 0 11.56
0.335 0.007 11.59
0.333 0.003 11.62
0.334 0.003 11.66
0.334 0.004 11.69
0.33 0.004 11.73
0.329 0.003 11.76
0.328 0.004 11.79
0.329 0.004 11.83
0.327 0.002 11.86
0.33 0.003 11.89
0.331 0.001 11.92
0.329 0.004 11.96
0.331 0.002 11.99
0.331 0.002 12.02
0.333 0.003 12.06
0.335 0.004 12.09
0.338 0.003 12.12
0.336 0.003 12.16
0.333 0.004 12.19
0.331 0.005 12.23
0.327 0.005 12.26
0.324 0.005 12.29
0.322 0.004 12.33
0.321 0.005 12.36
0.321 0.005 12.39
0.322 0.003 12.42
0.323 0.005 12.46
0.324 0.007 12.49
0.327 0.01 12.53
0.327 0.012 12.56
0.329 0.015 12.59
0.332 0.017 12.63
0.337 0.018 12.66
0.345 0.018 12.69
0.355 0.018 12.73
0.366 0.018 12.76
0.379 0.018 12.79
0.392 0.018 12.83
0.41 0.021 12.86
0.424 0.018 12.89
0.444 0.021 12.93
0.458 0.017 12.96
0.48 0.023 12.99
0.492 0.015 13.03
0.504 0.015 13.06
0.52 0.017 13.09
0 0 13.12
0 0 13.16
0 0 13.19
0 0 13.23
0 0 13.26
0 0 13.29
0 0 13.33
0 0 13.36
0 0 13.39
0 0 13.42
0 0 13.46
0 0 13.49
0 0 13.52
0 0 13.56
0 0 13.59
0 0 13.62
0 0 13.66
0 0 13.69
0 0 13.72
0 0 13.76
0 0 13.79
0 0 13.82
0 0 13.86
0 0 13.89
0 0 13.92
0 0 13.96
0 0 13.99
0 0 14.02
0 0 14.06
0 0 14.09
0 0 14.12
0 0 14.16
0 0 14.19
0 0 14.22
0 0 14.26
0 0 14.29
0 0 14.33
0 0 14.36
0 0 14.39
0 0 14.42
0 0 14.46
0 0 14.49
0 0 14.52
0 0 14.56
0 0 14.59
0 0 14.62
0 0 14.66
0 0 14.69
0 0 14.72
0 0 14.76
0 0 14.79
0 0 14.83
0 0 14.86
0 0 14.89
0 0 14.93
0 0 14.96
0 0 14.99
0 0 15.02
0 0 15.06
0 0 15.09
0 0 15.12
0 0 15.16
0 0 15.19
0 0 15.22
0 0 15.26
0 0 15.29
0 0 15.32
0 0 15.36
0 0 15.39
0 0 15.42
0 0 15.46
0 0 15.49
0 0 15.52
0 0 15.56
0 0 15.59
0 0 15.62
0 0 15.66
0 0 15.69
0 0 15.73
0 0 15.76
0 0 15.79
0 0 15.83
0 0 15.86
0 0 15.89
0 0 15.92
0 0 15.96
0 0 15.99
0 0 16.02
0 0 16.06
0 0 16.09
0 0 16.12
0 0 16.16
0 0 16.19
0 0 16.22
0 0 16.26
0 0 16.29
0 0 16.33
0 0 16.36
0 0 16.39
0 0 16.42
0 0 16.46
0 0 16.49
0 0 16.52
0 0 16.56
0 0 16.59
0 0 16.62
0 0 16.66
0 0 16.69
0 0 16.73
0 0 16.76
0 0 16.79
0 0 16.83
0 0 16.86
0.405 0.282 16.89
0.414 0.022 16.93
0.406 0.013 16.96
0.406 0.012 16.99
0.405 0.012 17.03
0.406 0.009 17.06
0.407 0.012 17.09
0.408 0.011 17.13
0.401 0.012 17.16
0.4 0.007 17.2
0.396 0.007 17.23
0.401 0.014 17.26
0.393 0.011 17.29
0.397 0.008 17.33
0.394 0.006 17.36
0.393 0.009 17.4
0.399 0.007 17.43
0.394 0.012 17.46
0 0 17.49
0.397 0.006 17.53
0.398 0.002 17.56
0.396 0.008 17.59
0.395 0.004 17.63
0.393 0.007 17.66
0.392 0.007 17.69
0.39 0.009 17.73
0.39 0.01 17.76
0.387 0.015 17.79
0.39 0.016 17.83
0.395 0.019 17.86
0.403 0.024 17.89
0.419 0.028 17.92
0.449 0.039 17.96
0.466 0.033 17.99
0.496 0.034 18.03
0.524 0.033 18.06
0.552 0.03 18.09
0 0 18.12
0 0 18.16
0 0 18.19
0 0 18.22
0 0 18.26
0 0 18.29
0 0 18.33
0 0 18.36
0 0 18.39
0 0 18.43
0 0 18.46
0.665 0.14 18.5
0 0 18.53
0.657 0.01 18.57
0 0 18.6
0 0 18.63
0.653 0.007 18.66
0 0 18.69
0.656 0.008 18.73
0.657 0.002 18.76
0 0 18.79
0 0 18.83
0.655 0.005 18.86
0 0 18.89
0 0 18.92
0 0 18.96
0 0 18.99
0 0 19.02
0 0 19.06
0 0 19.09
0.662 0.007 19.13
0 0 19.16
0 0 19.19
0 0 19.23
0 0 19.26
0 0 19.29
0 0 19.33
0 0 19.36
0 0 19.39
0 0 19.42
0 0 19.46
0 0 19.49
0 0 19.52
0 0 19.56
0.659 0.012 19.59
0 0 19.62
0 0 19.66
0 0 19.69
0 0 19.72
0 0 19.76
0.662 0.006 19.79
0 0 19.82
0 0 19.86
0 0 19.89
0.659 0.013 19.93
0 0 19.96
0.661 0.007 19.99
0.662 0.005 20.02
0 0 20.06
0.659 0.01 20.09
0.658 0.004 20.12
0.653 0.008 20.16
0.649 0.007 20.19
0 0 20.22
0.647 0.011 20.26
0.644 0.009 20.29
0.648 0.004 20.33
0.649 0.003 20.36
0.644 0.009 20.39
0 0 20.42
0 0 20.46
0 0 20.49
0 0 20.52
0 0 20.56
0 0 20.59
0.632 0.02 20.62
0.628 0.004 20.66
0.622 0.006 20.69
0.613 0.009 20.73
0 0 20.76
0.59 0.024 20.79
0.578 0.015 20.83
0.562 0.018 20.86
0.542 0.021 20.89
0.521 0.022 20.92
0.508 0.018 20.96
0.488 0.022 21.0
0.472 0.02 21.03
0.456 0.02 21.06
0.445 0.018 21.09
0.432 0.018 21.12
0.422 0.018 21.16
0.413 0.017 21.19
0.406 0.016 21.23
0.401 0.015 21.26
0.394 0.012 21.29
0.392 0.011 21.33
0.389 0.008 21.36
0.389 0.007 21.39
0.39 0.006 21.42
0.389 0.004 21.46
0.389 0.004 21.49
0.39 0.003 21.53
0 0 21.56
0.392 0.004 21.59
0.392 0.002 21.63
0.394 0.002 21.66
0.394 0.002 21.69
0 0 21.72
0 0 21.76
0.397 0.008 21.79
0.398 0.012 21.83
0.406 0.022 21.86
0 0 21.89
0 0 21.92
0 0 21.96
0 0 21.99
0 0 22.02
0.557 0.251 22.06
0.589 0.035 22.09
0.613 0.027 22.12
0 0 22.16
0 0 22.19
0 0 22.22
0 0 22.26
0 0 22.29
0 0 22.32
0 0 22.36
0 0 22.39
0 0 22.42
0 0 22.46
0 0 22.49
0 0 22.52
0 0 22.56
0 0 22.59
0 0 22.62
0 0 22.66
0.716 0.113 22.69
0.711 0.005 22.72
0 0 22.76
0.723 0.02 22.79
0 0 22.82
0 0 22.86
0 0 22.89
0.722 0.009 22.93
0 0 22.96
0 0 22.99
0 0 23.03
0 0 23.06
0 0 23.09
0 0 23.12
0 0 23.16
0 0 23.19
0 0 23.23
0.698 0.03 23.26
0.693 0.005 23.29
0 0 23.33
0 0 23.36
0.686 0.01 23.39
0 0 23.42
0.682 0.008 23.46
0 0 23.49
0.676 0.009 23.52
0 0 23.56
0 0 23.59
0.676 0.003 23.63
0.679 0.004 23.66
0.681 0.005 23.69
0.693 0.012 23.72
0.693 0.009 23.76
0.713 0.02 23.79
0 0 23.82
0 0 23.86
0 0 23.89
0 0 23.92
0 0 23.96
0 0 23.99
0 0 24.02
0 0 24.06
0 0 24.09
0 0 24.12
0.645 0.092 24.16
0.638 0.009 24.19
0.636 0.004 24.22
0 0 24.26
0 0 24.29
0.62 0.027 24.33
0.619 0.006 24.36
0.614 0.006 24.39
0.609 0.005 24.42
0 0 24.46
0.588 0.021 24.49
0 0 24.52
0 0 24.56
0.555 0.034 24.59
0.543 0.012 24.62
0 0 24.66
0.514 0.032 24.69
0.498 0.017 24.73
0.485 0.017 24.76
0.465 0.022 24.79
0.451 0.02 24.83
0.434 0.021 24.86
0.422 0.018 24.89
0.409 0.018 24.92
0.402 0.016 24.96
0.395 0.013 24.99
0.392 0.012 25.03
0.388 0.01 25.06
0.385 0.008 25.09
0.383 0.006 25.13
0.382 0.005 25.16
0.389 0.009 25.19
0.386 0.006 25.23
0.378 0.006 25.26
0.385 0.01 25.29
0.379 0.01 25.33
0.383 0.012 25.36
0.376 0.011 25.4
0.38 0.016 25.42
0.387 0.019 25.46
0.394 0.023 25.49
0.405 0.027 25.53
0.434 0.036 25.56
0.459 0.038 25.59
0 0 25.62
0.507 0.075 25.66
0.535 0.038 25.69
0.57 0.038 25.72
0 0 25.76
0 0 25.79
0 0 25.82
0 0 25.86
0 0 25.89
0 0 25.92
0 0 25.95
0 0 25.99
0 0 26.02
0 0 26.06
0 0 26.09
0 0 26.12
0 0 26.16
0 0 26.19
0 0 26.22
0 0 26.26
0 0 26.29
0 0 26.32
0 0 26.36
0 0 26.39
0 0 26.42
0 0 26.46
0 0 26.49
0 0 26.52
0 0 26.56
0 0 26.59
0 0 26.62
0 0 26.66
0 0 26.69
0 0 26.72
0 0 26.75
0 0 26.79
0 0 26.82
0 0 26.86
0 0 26.89
0 0 26.92
0 0 26.96
0 0 26.99
0 0 27.02
0 0 27.06
0 0 27.09
0 0 27.12
0 0 27.16
0 0 27.19
0 0 27.22
0 0 27.25
0 0 27.29
0 0 27.32
0 0 27.35
0 0 27.39
0 0 27.42
0 0 27.45
0 0 27.49
0 0 27.52
0 0 27.56
0 0 27.59
0 0 27.62
0 0 27.66
0 0 27.69
0 0 27.72
0 0 27.75
0 0 27.79
0 0 27.82
0 0 27.86
0 0 27.89
0 0 27.92
0 0 27.96
0 0 27.99
0 0 28.02
0 0 28.06
0 0 28.09
0 0 28.12
0 0 28.16
0 0 28.19
0 0 28.22
0 0 28.26
0 0 28.29
0 0 28.32
0 0 28.36
0 0 28.39
0 0 28.42
0 0 28.46
0 0 28.49
0 0 28.52
0 0 28.56
0 0 28.59
0 0 28.62
0 0 28.66
0 0 28.69
0 0 28.72
0 0 28.76
0 0 28.79
0 0 28.82
0 0 28.86
0 0 28.89
0 0 28.92
0 0 28.95
0 0 28.99
0 0 29.02
0 0 29.06
0 0 29.09
0 0 29.12
0 0 29.16
0 0 29.19
0 0 29.22
0 0 29.25
0 0 29.29
0 0 29.32
0 0 29.36
0 0 29.39
0 0 29.42
0 0 29.46
0 0 29.49
0 0 29.52
0 0 29.56
0 0 29.59
0 0 29.62
0 0 29.66
0 0 29.69
0 0 29.72
0 0 29.75
0 0 29.79
0 0 29.82
0 0 29.86
0 0 29.89
0 0 29.92
0 0 29.96
0 0 29.99
0 0 30.02
0 0 30.06
0 0 30.09
0 0 30.12
0 0 30.16
0 0 30.19
0 0 30.22
0 0 30.26
0 0 30.29
0 0 30.32
0 0 30.36
0 0 30.39
0 0 30.42
0 0 30.46
0 0 30.49
0 0 30.52
0 0 30.56
0 0 30.59
0 0 30.62
0 0 30.66
0 0 30.69
0 0 30.72
0 0 30.76
0 0 30.79
0 0 30.82
0 0 30.86
0 0 30.89
0 0 30.92
0 0 30.96
0 0 30.99
0 0 31.02
0 0 31.06
0 0 31.09
0 0 31.12
0 0 31.16
0 0 31.19
0 0 31.22
0 0 31.26
0 0 31.29
0 0 31.32
0 0 31.36
0 0 31.39
0 0 31.42
0 0 31.46
0 0 31.49
0 0 31.52
0 0 31.56
0 0 31.59
0 0 31.62
0 0 31.66
0 0 31.69
0 0 31.72
0 0 31.75
0 0 31.79
0 0 31.82
0 0 31.85
0 0 31.89
0 0 31.92
0 0 31.96
0 0 31.99
0 0 32.02
0 0 32.05
0 0 32.09
0 0 32.12
0 0 32.16
0 0 32.19
0 0 32.22
0 0 32.25
0 0 32.29
0 0 32.32
0 0 32.35
0 0 32.39
0 0 32.42
0 0 32.45
0 0 32.49
0 0 32.52
0 0 32.56
0 0 32.59
0 0 32.62
0 0 32.66
0 0 32.69
0 0 32.72
0 0 32.75
0 0 32.79
0 0 32.82
0 0 32.86
0 0 32.89
0 0 32.92
0 0 32.95
0 0 32.99
0 0 33.02
0 0 33.06
0 0 33.09
0 0 33.12
0 0 33.16
0 0 33.19
0 0 33.22
0 0 33.25
0 0 33.29
0 0 33.32
0 0 33.35
0 0 33.39
0 0 33.42
0 0 33.45
0 0 33.49
0 0 33.52
0 0 33.55
0 0 33.59
0 0 33.62
0 0 33.66
0 0 33.69
0 0 33.72
0 0 33.75
0 0 33.79
0 0 33.82
0 0 33.85
0 0 33.89
0.603 0.08 33.92
0.582 0.024 33.96
0 0 33.99
0.546 0.048 34.02
0.525 0.024 34.06
0.51 0.021 34.09
0.499 0.02 34.12
0.482 0.021 34.16
0.468 0.02 34.19
0.457 0.021 34.22
0 0 34.25
0.43 0.043 34.29
0.426 0.02 34.32
0.41 0.024 34.36
0.403 0.018 34.39
0.399 0.016 34.42
0.399 0.014 34.46
0.399 0.012 34.49
0.395 0.009 34.52
0.392 0.008 34.56
0.39 0.006 34.59
0.39 0.007 34.62
0.391 0.003 34.66
0.393 0.007 34.69
0.391 0.002 34.72
0.396 0.011 34.76
0.399 0.001 34.79
0.395 0.01 34.83
0.397 0.003 34.86
0.401 0.005 34.89
0.402 0.007 34.92
0.405 0.012 34.96
0.413 0.02 34.99
0.415 0.029 35.02
0.431 0.037 35.06
0 0 35.09
0 0 35.12
0 0 35.16
0 0 35.19
0 0 35.22
0.614 0.245 35.26
0 0 35.29
0 0 35.32
0 0 35.35
0 0 35.39
0 0 35.42
0 0 35.45
0 0 35.49
0 0 35.52
0 0 35.55
0 0 35.59
0 0 35.62
0 0 35.66
0 0 35.69
0 0 35.72
0 0 35.75
0 0 35.79
0 0 35.82
0 0 35.86
0 0 35.89
0 0 35.92
0 0 35.95
0 0 35.99
0.709 0.103 36.02
0.707 0.003 36.06
0 0 36.09
0 0 36.12
0 0 36.16
0 0 36.19
0 0 36.22
0 0 36.26
0 0 36.29
0 0 36.32
0 0 36.35
0 0 36.39
0 0 36.42
0 0 36.45
0 0 36.49
0 0 36.52
0 0 36.56
0 0 36.59
0 0 36.62
0 0 36.65
0 0 36.69
0 0 36.72
0 0 36.75
0 0 36.79
0 0 36.82
0 0 36.86
0 0 36.89
0 0 36.92
0 0 36.95
0 0 36.99
0 0 37.02
0 0 37.05
0 0 37.09
0 0 37.12
0 0 37.16
0 0 37.19
0 0 37.22
0 0 37.25
0 0 37.29
0 0 37.32
0 0 37.35
0 0 37.39
0 0 37.42
0 0 37.45
0 0 37.49
0 0 37.52
0 0 37.56
0 0 37.59
0 0 37.62
0 0 37.66
0 0 37.69
0 0 37.72
0 0 37.76
0 0 37.79
0.61 0.115 37.82
0 0 37.85
0.57 0.043 37.89
0.552 0.022 37.92
0.536 0.023 37.95
0.516 0.025 37.99
0.492 0.027 38.02
0.473 0.026 38.06
0.457 0.025 38.09
0.443 0.024 38.12
0.432 0.022 38.16
0.425 0.022 38.19
0.417 0.02 38.22
0.413 0.019 38.26
0.409 0.017 38.29
0.404 0.014 38.32
0.401 0.014 38.36
0.397 0.01 38.39
0.401 0.017 38.42
0.392 0.01 38.46
0.391 0.007 38.49
0.388 0.005 38.52
0.385 0.005 38.56
0 0 38.59
0.379 0.008 38.62
0.375 0.003 38.66
0.373 0.002 38.69
0.372 0.002 38.72
0.372 0.002 38.76
0.37 0.002 38.79
0.368 0.002 38.82
0.367 0.003 38.86
0.366 0.004 38.89
0.365 0.001 38.92
0.36 0.006 38.96
0.357 0.007 38.99
0.353 0.012 39.02
0.353 0.017 39.05
0.357 0.027 39.09
0 0 39.12
0 0 39.16
0 0 39.19
0 0 39.22
0 0 39.26
0 0 39.29
0.549 0.332 39.32
0.581 0.034 39.35
0.608 0.028 39.39
0.624 0.02 39.42
0.66 0.039 39.45
0.675 0.015 39.49
0 0 39.52
0 0 39.55
0 0 39.59
0 0 39.62
0 0 39.66
0 0 39.69
0 0 39.72
0 0 39.75
0 0 39.79
0 0 39.82
0 0 39.85
0 0 39.89
0 0 39.92
0 0 39.95
0 0 39.99
0 0 40.02
0 0 40.05
0 0 40.09
0 0 40.12
0 0 40.15
0 0 40.19
0.709 0.075 40.22
0 0 40.25
0 0 40.29
0 0 40.32
0 0 40.35
0 0 40.39
0 0 40.42
0 0 40.45
0 0 40.49
0 0 40.52
0 0 40.55
0 0 40.59
0 0 40.62
0 0 40.65
0.637 0.078 40.69
0.63 0.007 40.72
0.631 0.006 40.75
0.63 0.003 40.79
0.633 0.004 40.82
0.634 0.004 40.85
0.64 0.006 40.89
0.642 0.005 40.92
0.645 0.003 40.95
0.651 0.006 40.99
0.65 0.004 41.02
0.653 0.003 41.06
0.654 0.003 41.09
0 0 41.12
0.659 0.004 41.16
0 0 41.19
0 0 41.22
0 0 41.25
0.659 0.009 41.29
0 0 41.32
0 0 41.35
0 0 41.39
0 0 41.42
0 0 41.45
0 0 41.49
0 0 41.52
0 0 41.55
0 0 41.58
0 0 41.62
0.587 0.075 41.66
0.578 0.009 41.69
0.568 0.011 41.72
0.561 0.009 41.75
0.554 0.009 41.79
0.546 0.011 41.82
0.539 0.011 41.85
0.528 0.014 41.89
0.521 0.013 41.92
0.509 0.014 41.96
0.497 0.015 41.99
0.484 0.016 42.02
0.473 0.015 42.06
0.464 0.016 42.09
0.451 0.017 42.12
0.439 0.017 42.16
0.43 0.017 42.19
0.426 0.021 42.22
0.411 0.02 42.26
0.405 0.016 42.29
0.398 0.014 42.32
0.392 0.012 42.35
0.389 0.011 42.39
0.386 0.009 42.42
0.382 0.008 42.45
0.382 0.006 42.49
0.383 0.004 42.52
0.387 0.007 42.56
0.386 0.005 42.59
0.392 0.006 42.62
0.394 0.002 42.66
0.392 0.003 42.69
0.391 0.003 42.72
0.388 0.005 42.76
0.387 0.003 42.79
0.384 0.005 42.82
0.385 0.001 42.85
0.384 0.005 42.89
0.383 0.011 42.92
0.389 0.018 42.95
0.398 0.028 42.99
0 0 43.02
0 0 43.05
0 0 43.09
0 0 43.12
0 0 43.16
0.557 0.253 43.19
0.581 0.03 43.22
0.609 0.029 43.25
0.632 0.024 43.29
0 0 43.32
0.664 0.034 43.35
0.68 0.016 43.39
0.687 0.008 43.42
0.68 0.014 43.45
0 0 43.49
0 0 43.52
0 0 43.55
0 0 43.58
0 0 43.62
0 0 43.65
0 0 43.69
0.695 0.028 43.72
0 0 43.75
0.684 0.014 43.79
0 0 43.82
0.675 0.011 43.85
0 0 43.89
0.662 0.012 43.92
0.663 0.008 43.96
0 0 43.99
0 0 44.02
0 0 44.05
0 0 44.09
0 0 44.12
0 0 44.15
0 0 44.19
0 0 44.22
0 0 44.25
0 0 44.28
0.65 0.019 44.32
0 0 44.35
0 0 44.39
0 0 44.42
0 0 44.45
0.654 0.01 44.49
0.655 0.002 44.52
0 0 44.55
0 0 44.59
0.641 0.017 44.62
0 0 44.65
0 0 44.69
0 0 44.72
0 0 44.75
0 0 44.78
0 0 44.82
0 0 44.85
0 0 44.89
0 0 44.92
0 0 44.95
0 0 44.99
0.635 0.035 45.02
0.639 0.007 45.05
0.637 0.003 45.09
0.637 0.009 45.12
0 0 45.15
0.632 0.006 45.19
0 0 45.22
0.627 0.003 45.25
0.627 0.002 45.29
0 0 45.32
0.619 0.008 45.35
0 0 45.39
0.629 0.011 45.42
0.621 0.013 45.45
0 0 45.49
0 0 45.52
0.631 0.018 45.55
0.626 0.006 45.59
0.626 0.008 45.62
0 0 45.65
0.619 0.018 45.69
0 0 45.72
0.618 0.013 45.75
0 0 45.79
0.607 0.007 45.82
0.605 0.004 45.85
0.609 0.011 45.89
0 0 45.92
0.604 0.009 45.95
0.601 0.004 45.99
0.603 0.004 46.02
0.606 0.004 46.05
0 0 46.09
0 0 46.12
0.622 0.025 46.15
0 0 46.18
0 0 46.22
0 0 46.25
0 0 46.29
0 0 46.32
0 0 46.35
0 0 46.38
0 0 46.42
0 0 46.45
0 0 46.49
0 0 46.52
0 0 46.55
0 0 46.59
0 0 46.62
0 0 46.65
0 0 46.68
0 0 46.72
0 0 46.75
0 0 46.78
0 0 46.82
0 0 46.85
0 0 46.89
0 0 46.92
0 0 46.95
0 0 46.99
0 0 47.02
0 0 47.05
0 0 47.08
0 0 47.12
0 0 47.15
0 0 47.18
0 0 47.22
0 0 47.25
0 0 47.28
0 0 47.32
0 0 47.35
0 0 47.38
0 0 47.42
0 0 47.45
0 0 47.49
0 0 47.52
0 0 47.55
0 0 47.58
0 0 47.62
0 0 47.65
0 0 47.68
0 0 47.72
0 0 47.75
0 0 47.79
0 0 47.82
0 0 47.85
0 0 47.88
0 0 47.92
0 0 47.95
0 0 47.99
0 0 48.02
0 0 48.05
0 0 48.08
0 0 48.12
0 0 48.15
0 0 48.18
0 0 48.22
0 0 48.25
0 0 48.28
0 0 48.32
0 0 48.35
0 0 48.38
0 0 48.42
0 0 48.45
0 0 48.49
0 0 48.52
0 0 48.55
0 0 48.58
0 0 48.62
0 0 48.65
0 0 48.68
0 0 48.72
0 0 48.75
0 0 48.78
0 0 48.82
0 0 48.85
0 0 48.88
0 0 48.92
0 0 48.95
0 0 48.99
0 0 49.02
0 0 49.05
0 0 49.08
0 0 49.12
0 0 49.15
0 0 49.18
0 0 49.22
0 0 49.25
0 0 49.28
0 0 49.32
0 0 49.35
0 0 49.38
0 0 49.42
0 0 49.45
0 0 49.49
0 0 49.52
0 0 49.55
0 0 49.58
0 0 49.62
0 0 49.65
0 0 49.68
0 0 49.72
0 0 49.75
0 0 49.78
0 0 49.82
0 0 49.85
0 0 49.88
0 0 49.92
0 0 49.95
0 0 49.99
0 0 50.02
0 0 50.05
0 0 50.08
0 0 50.12
0 0 50.15
0 0 50.18
0 0 50.22
0 0 50.25
0 0 50.28
0 0 50.32
0 0 50.35
0 0 50.38
0 0 50.42
0 0 50.45
0 0 50.49
0 0 50.52
0 0 50.55
0 0 50.58
0 0 50.62
0 0 50.65
0 0 50.68
0 0 50.72
0 0 50.75
0 0 50.78
0 0 50.82
0 0 50.85
0 0 50.89
0 0 50.92
0 0 50.95
0 0 50.99
0 0 51.02
0 0 51.05
0 0 51.08
0 0 51.12
0 0 51.15
0 0 51.18
0 0 51.22
0 0 51.25
0 0 51.28
0 0 51.32
0 0 51.35
0 0 51.38
0 0 51.42
0 0 51.45
0 0 51.49
0 0 51.52
0 0 51.55
0 0 51.58
0 0 51.62
0 0 51.65
0 0 51.68
0 0 51.72
0 0 51.75
0 0 51.78
0 0 51.82
0 0 51.85
0 0 51.88
0 0 51.92
0 0 51.95
0 0 51.99
0 0 52.02
0 0 52.05
0 0 52.08
0 0 52.12
0 0 52.15
0 0 52.18
0 0 52.22
0 0 52.25
0 0 52.29
0 0 52.32
0 0 52.35
0 0 52.39
0 0 52.42
0 0 52.45
0 0 52.49
0 0 52.52
0 0 52.55
0 0 52.59
0 0 52.62
0 0 52.65
0 0 52.68
0 0 52.72
0 0 52.75
0 0 52.78
0 0 52.82
0 0 52.85
0 0 52.88
0 0 52.92
0 0 52.95
0 0 52.98
0 0 53.02
0 0 53.05
0 0 53.08
0 0 53.12
0 0 53.15
0 0 53.18
0 0 53.22
0 0 53.25
0 0 53.28
0 0 53.32
0 0 53.35
0 0 53.38
0 0 53.42
0 0 53.45
0 0 53.48
0 0 53.52
0 0 53.55
0 0 53.58
0 0 53.62
0 0 53.65
0 0 53.68
0 0 53.72
0 0 53.75
0 0 53.78
0 0 53.82
0 0 53.85
0 0 53.88
0 0 53.92
0 0 53.95
0 0 53.98
0 0 54.02
0 0 54.05
0 0 54.08
0 0 54.12
0 0 54.15
0 0 54.18
0 0 54.22
0 0 54.25
0 0 54.28
0 0 54.32
0 0 54.35
0 0 54.38
0 0 54.42
0 0 54.45
0 0 54.49
0 0 54.52
0 0 54.55
0 0 54.58
0 0 54.62
0 0 54.65
0 0 54.68
0 0 54.72
0 0 54.75
0 0 54.78
0 0 54.82
0 0 54.85
0 0 54.88
0 0 54.92
0 0 54.95
0 0 54.98
0 0 55.02
0 0 55.05
0 0 55.08
0 0 55.12
0 0 55.15
0 0 55.18
0 0 55.22
0 0 55.25
0 0 55.28
0 0 55.32
0 0 55.35
0 0 55.38
0 0 55.42
0 0 55.45
0 0 55.48
0 0 55.52
0 0 55.55
0 0 55.58
0 0 55.62
0 0 55.65
0 0 55.68
0 0 55.72
0 0 55.75
0 0 55.78
0 0 55.82
0 0 55.85
0 0 55.88
0 0 55.92
0 0 55.95
0 0 55.98
0 0 56.02
0 0 56.05
0 0 56.08
0 0 56.12
0 0 56.15
0 0 56.18
0 0 56.22
0 0 56.25
0 0 56.28
0 0 56.32
0 0 56.35
0 0 56.38
0 0 56.42
0 0 56.45
0 0 56.48
0 0 56.52
0 0 56.55
0 0 56.59
0 0 56.62
0 0 56.65
0 0 56.68
0 0 56.72
0 0 56.75
0 0 56.78
0 0 56.82
0 0 56.85
0 0 56.88
0 0 56.92
0 0 56.95
0 0 56.98
0 0 57.02
0 0 57.05
0 0 57.08
0 0 57.12
0 0 57.15
0 0 57.18
0 0 57.22
0 0 57.25
0 0 57.28
0 0 57.32
0 0 57.35
0 0 57.38
0 0 57.42
0 0 57.45
0 0 57.48
0 0 57.52
0 0 57.55
0 0 57.58
0 0 57.62
0 0 57.65
0 0 57.68
0 0 57.72
0 0 57.75
0 0 57.78
0 0 57.82
0 0 57.85
0 0 57.88
0 0 57.92
0 0 57.95
0 0 57.98
0 0 58.02
0 0 58.05
0 0 58.08
0 0 58.12
0 0 58.15
0 0 58.18
0 0 58.22
0 0 58.25
0 0 58.28
0 0 58.32
0 0 58.35
0 0 58.38
0 0 58.42
0 0 58.45
0 0 58.48
0 0 58.52
0 0 58.55
0 0 58.58
0 0 58.62
0 0 58.65
0 0 58.68
0 0 58.72
0 0 58.75
0 0 58.79
0 0 58.82
0 0 58.85
0 0 58.89
0 0 58.92
0 0 58.95
0 0 58.99
0 0 59.02
0 0 59.05
0 0 59.08
0 0 59.12
0 0 59.15
0 0 59.18
0 0 59.22
0 0 59.25
0 0 59.28
0 0 59.32
0 0 59.35
0 0 59.38
0.39 0.281 59.42
0.383 0.016 59.45
0.385 0.016 59.49
0.384 0.012 59.52
0.384 0.009 59.56
0.389 0.009 59.59
0.39 0.007 59.62
0.395 0.01 59.65
0.392 0.008 59.69
0.393 0.001 59.72
0.392 0.003 59.75
0.396 0.005 59.79
0.398 0.007 59.82
0.4 0.012 59.85
0.414 0.022 59.88
0.425 0.024 59.92
0.439 0.03 59.95
0 0 59.98
0.486 0.071 60.02
0 0 60.05
0 0 60.08
0 0 60.12
0 0 60.15
0 0 60.18
0 0 60.22
0 0 60.25
0 0 60.28
0 0 60.32
0 0 60.35
0 0 60.38
0 0 60.42
0 0 60.45
0 0 60.48
0 0 60.52
0 0 60.55
0 0 60.58
0 0 60.62
0 0 60.65
0 0 60.68
0 0 60.72
0 0 60.75
0 0 60.78
0 0 60.82
0 0 60.85
0 0 60.88
0.686 0.182 60.92
0 0 60.95
0 0 60.98
0.677 0.011 61.02
0 0 61.05
0.675 0.003 61.09
0.676 0.004 61.12
0.68 0.004 61.15
0.674 0.01 61.18
0 0 61.22
0.679 0.006 61.25
0 0 61.28
0 0 61.32
0 0 61.35
0 0 61.38
0 0 61.42
0.639 0.048 61.45
0 0 61.48
0.608 0.033 61.52
0.596 0.014 61.55
0.579 0.018 61.58
0.564 0.018 61.62
0.545 0.023 61.65
0.533 0.021 61.69
0.516 0.026 61.72
0.5 0.024 61.75
0.488 0.022 61.79
0.477 0.02 61.82
0.468 0.018 61.85
0.458 0.017 61.88
0.449 0.015 61.92
0.443 0.012 61.95
0.439 0.011 61.99
0.436 0.008 62.02
0.433 0.007 62.05
0.434 0.007 62.09
0.433 0.004 62.12
0.435 0.007 62.15
0.439 0.009 62.18
0.436 0.004 62.22
0.44 0.009 62.25
0.435 0.008 62.28
0.435 0.004 62.32
0.433 0.002 62.35
0.432 0.003 62.38
0.432 0.003 62.42
0.43 0.003 62.45
0.426 0.004 62.49
0.428 0.004 62.52
0.423 0.009 62.55
0.419 0.007 62.59
0.418 0.004 62.62
0.418 0.004 62.65
0.419 0.005 62.69
0.421 0.007 62.72
0.424 0.009 62.75
0.427 0.014 62.78
0.433 0.018 62.82
0.44 0.022 62.85
0.456 0.026 62.89
0.471 0.029 62.92
0.488 0.031 62.95
0.51 0.032 62.99
0.533 0.032 63.02
0.553 0.03 63.05
0 0 63.08
0 0 63.12
0 0 63.15
0 0 63.18
0 0 63.22
0 0 63.25
0 0 63.28
0 0 63.32
0 0 63.35
0 0 63.38
0 0 63.42
0 0 63.45
0 0 63.48
0 0 63.51
0 0 63.55
0 0 63.58
0 0 63.62
0 0 63.65
0 0 63.68
0 0 63.72
0 0 63.75
0 0 63.78
0 0 63.82
0 0 63.85
0 0 63.88
0.648 0.115 63.92
0.651 0.014 63.95
0.619 0.036 63.99
0.611 0.012 64.02
0.583 0.031 64.05
0.561 0.024 64.08
0.541 0.023 64.12
0.518 0.025 64.15
0.496 0.025 64.18
0.471 0.029 64.22
0.455 0.022 64.25
0.438 0.023 64.28
0.429 0.019 64.32
0.418 0.018 64.35
0.411 0.015 64.38
0.408 0.014 64.42
0.403 0.011 64.45
0.401 0.009 64.49
0.401 0.009 64.52
0.398 0.007 64.55
0.397 0.006 64.59
0.397 0.006 64.62
0.395 0.005 64.65
0.394 0.005 64.68
0.389 0.005 64.72
0.387 0.004 64.75
0.385 0.003 64.78
0.383 0.003 64.82
0.379 0.004 64.85
0.379 0.001 64.89
0.379 0.002 64.92
0.377 0.003 64.95
0.374 0.006 64.99
0.373 0.003 65.02
0 0 65.05
0.376 0.017 65.09
0.384 0.015 65.12
0.398 0.022 65.15
0.416 0.028 65.19
0 0 65.22
0 0 65.25
0 0 65.28
0 0 65.32
0 0 65.35
0 0 65.38
0 0 65.41
0 0 65.45
0 0 65.48
0 0 65.51
0 0 65.55
0 0 65.58
0 0 65.62
0 0 65.65
0 0 65.68
0 0 65.72
0 0 65.75
0 0 65.78
0 0 65.82
0 0 65.85
0 0 65.88
0 0 65.91
0 0 65.95
0 0 65.98
0 0 66.01
0 0 66.05
0 0 66.08
0 0 66.12
0 0 66.15
0 0 66.18
0 0 66.22
0 0 66.25
0 0 66.28
0 0 66.32
0 0 66.35
0 0 66.38
0 0 66.41
0 0 66.45
0 0 66.48
0 0 66.51
0 0 66.55
0 0 66.58
0 0 66.61
0 0 66.65
0 0 66.68
0.712 0.354 66.72
0 0 66.75
0 0 66.78
0 0 66.82
0.702 0.016 66.85
0 0 66.88
0 0 66.91
0 0 66.95
0.699 0.009 66.98
0 0 67.01
0.699 0.002 67.05
0 0 67.08
0.704 0.006 67.12
0.706 0.002 67.15
0 0 67.18
0.701 0.005 67.22
0.7 0.002 67.25
0.699 0.002 67.28
0 0 67.32
0.696 0.005 67.35
0 0 67.38
0.685 0.018 67.42
0.675 0.012 67.45
0.681 0.008 67.48
0 0 67.51
0.697 0.018 67.55
0 0 67.58
0 0 67.61
0.724 0.036 67.65
0.729 0.009 67.68
0 0 67.72
0 0 67.75
0.735 0.024 67.78
0.742 0.013 67.82
0.742 0.007 67.85
0.74 0.006 67.88
0 0 67.91
0.743 0.015 67.95
0 0 67.98
0.744 0.013 68.02
0.741 0.005 68.05
0 0 68.08
0.738 0.005 68.12
0.737 0.0 68.15
0.742 0.005 68.18
0.747 0.005 68.22
0 0 68.25
0 0 68.28
0 0 68.32
0 0 68.35
0 0 68.38
0 0 68.42
0 0 68.45
0 0 68.48
0 0 68.51
0 0 68.55
0 0 68.58
0 0 68.61
0 0 68.65
0 0 68.68
0 0 68.71
0 0 68.75
0 0 68.78
0 0 68.82
0 0 68.85
0 0 68.88
0 0 68.91
0 0 68.95
0 0 68.98
0 0 69.01
0 0 69.05
0 0 69.08
0 0 69.11
0 0 69.15
0 0 69.18
0 0 69.21
0 0 69.25
0 0 69.28
0 0 69.32
0 0 69.35
0 0 69.38
0 0 69.41
0 0 69.45
0 0 69.48
0 0 69.52
0 0 69.55
0 0 69.58
0 0 69.61
0 0 69.65
0 0 69.68
0 0 69.71
0 0 69.75
0 0 69.78
0 0 69.81
0 0 69.85
0 0 69.88
0 0 69.91
0 0 69.95
0 0 69.98
0 0 70.01
0 0 70.05
0 0 70.08
0 0 70.11
0 0 70.15
0 0 70.18
0 0 70.22
0 0 70.25
0 0 70.28
0 0 70.32
0 0 70.35
0 0 70.38
0 0 70.41
0 0 70.45
0 0 70.48
0 0 70.51
0 0 70.55
0 0 70.58
