0 0 7.47
0 0 7.51
0 0 7.54
0 0 7.58
0 0 7.61
0 0 7.64
0 0 7.67
0 0 7.71
0 0 7.74
0 0 7.77
0 0 7.81
0 0 7.84
0 0 7.87
0 0 7.91
0 0 7.94
0 0 7.97
0 0 8.01
0 0 8.04
0 0 8.07
0 0 8.11
0 0 8.14
0 0 8.17
0 0 8.21
0 0 8.24
0 0 8.27
0 0 8.31
0 0 8.34
0 0 8.37
0 0 8.41
0 0 8.44
0 0 8.47
0 0 8.51
0 0 8.54
0 0 8.57
0 0 8.61
0 0 8.64
0 0 8.68
0 0 8.71
0 0 8.74
0 0 8.77
0 0 8.81
0 0 8.84
0 0 8.88
0 0 8.91
0 0 8.94
0 0 8.97
0 0 9.01
0 0 9.04
0 0 9.08
0 0 9.11
0 0 9.14
0 0 9.17
0 0 9.21
0 0 9.24
0 0 9.27
0 0 9.31
0 0 9.34
0 0 9.37
0 0 9.41
0 0 9.44
0 0 9.48
0 0 9.51
0 0 9.54
0 0 9.58
0 0 9.61
0 0 9.64
0 0 9.68
0 0 9.71
0 0 9.74
0 0 9.77
0 0 9.81
0 0 9.84
0 0 9.87
0 0 9.91
0 0 9.94
0 0 9.97
0 0 10.01
0 0 10.04
0 0 10.07
0 0 10.11
0 0 10.14
0 0 10.17
0 0 10.21
0 0 10.24
0 0 10.27
0 0 10.31
0 0 10.34
0 0 10.37
0 0 10.41
0 0 10.44
0 0 10.47
0 0 10.51
0 0 10.54
0 0 10.57
0 0 10.61
0 0 10.64
0 0 10.68
0 0 10.71
0 0 10.74
0 0 10.77
0 0 10.81
0 0 10.84
0 0 10.87
0 0 10.91
0 0 10.94
0.474 0.415 10.98
0.457 0.022 11.01
0 0 11.04
0.423 0.045 11.07
0.407 0.02 11.11
0.394 0.017 11.14
0.383 0.014 11.18
0.375 0.012 11.21
0.37 0.009 11.24
0.366 0.006 11.27
0.364 0.005 11.31
0.364 0.003 11.34
0.366 0.005 11.38
0.366 0.002 11.41
0.366 0.001 11.44
0.367 0.001 11.48
0.368 0.003 11.51
0.371 0.004 11.54
0.375 0.005 11.58
0.374 0.01 11.61
0.375 0.008 11.64
0.376 0.007 11.68
0.376 0.004 11.71
0.372 0.007 11.74
0.368 0.009 11.78
0.365 0.007 11.81
0.358 0.008 11.84
0.355 0.006 11.88
0.354 0.004 11.91
0.353 0.004 11.94
0.353 0.003 11.97
0.356 0.003 12.01
0.357 0.004 12.04
0.359 0.005 12.08
0.362 0.004 12.11
0.365 0.003 12.14
0.365 0.002 12.18
0 0 12.21
0.367 0.006 12.24
0.365 0.002 12.28
0.365 0.005 12.31
0.364 0.003 12.34
0.363 0.004 12.38
0.363 0.003 12.41
0 0 12.44
0.362 0.004 12.48
0 0 12.51
0.362 0.003 12.54
0.362 0.001 12.58
0 0 12.61
0 0 12.64
0.359 0.007 12.68
0 0 12.71
0 0 12.74
0.349 0.01 12.78
0.346 0.004 12.81
0.345 0.002 12.84
0.346 0.005 12.88
0.346 0.003 12.91
0.348 0.007 12.94
0.349 0.002 12.98
0.349 0.0 13.01
0 0 13.04
0.35 0.002 13.08
0.351 0.003 13.11
0.351 0.006 13.14
0.352 0.009 13.18
0.356 0.012 13.21
0.358 0.017 13.24
0.366 0.018 13.28
0.376 0.021 13.31
0.389 0.021 13.34
0 0 13.37
0 0 13.41
0 0 13.44
0 0 13.47
0 0 13.51
0 0 13.54
0 0 13.57
0 0 13.61
0 0 13.64
0 0 13.67
0 0 13.7
0 0 13.74
0 0 13.77
0 0 13.81
0 0 13.84
0 0 13.87
0 0 13.91
0 0 13.94
0 0 13.97
0 0 14.01
0 0 14.04
0 0 14.07
0 0 14.11
0 0 14.14
0 0 14.17
0 0 14.21
0 0 14.24
0 0 14.27
0 0 14.3
0 0 14.34
0 0 14.37
0 0 14.41
0 0 14.44
0 0 14.47
0 0 14.51
0 0 14.54
0 0 14.57
0 0 14.61
0 0 14.64
0 0 14.67
0 0 14.71
0 0 14.74
0 0 14.77
0 0 14.81
0 0 14.84
0 0 14.87
0 0 14.91
0 0 14.94
0 0 14.97
0 0 15.01
0 0 15.04
0 0 15.07
0 0 15.1
0 0 15.14
0 0 15.17
0 0 15.21
0 0 15.24
0 0 15.27
0 0 15.31
0 0 15.34
0 0 15.37
0 0 15.41
0 0 15.44
0 0 15.47
0 0 15.51
0 0 15.54
0 0 15.57
0 0 15.6
0 0 15.64
0 0 15.67
0 0 15.7
0 0 15.74
0 0 15.77
0 0 15.8
0 0 15.84
0 0 15.87
0 0 15.9
0 0 15.94
0 0 15.97
0 0 16.01
0 0 16.04
0 0 16.07
0 0 16.1
0 0 16.14
0 0 16.17
0 0 16.2
0 0 16.24
0 0 16.27
0 0 16.3
0 0 16.34
0 0 16.37
0 0 16.4
0 0 16.44
0 0 16.47
0 0 16.51
0 0 16.54
0 0 16.57
0 0 16.6
0 0 16.64
0 0 16.67
0 0 16.71
0 0 16.74
0 0 16.77
0 0 16.8
0 0 16.84
0 0 16.87
0 0 16.91
0 0 16.94
0 0 16.97
0 0 17.01
0 0 17.04
0 0 17.07
0 0 17.1
0 0 17.14
0 0 17.17
0 0 17.2
0 0 17.24
0 0 17.27
0 0 17.3
0 0 17.34
0 0 17.37
0 0 17.4
0 0 17.44
0 0 17.47
0 0 17.51
0 0 17.54
0 0 17.57
0 0 17.61
0 0 17.64
0 0 17.67
0 0 17.7
0 0 17.74
0 0 17.77
0 0 17.81
0 0 17.84
0 0 17.87
0 0 17.9
0 0 17.94
0 0 17.97
0 0 18.01
0 0 18.04
0 0 18.07
0 0 18.1
0 0 18.14
0 0 18.17
0 0 18.21
0 0 18.24
0 0 18.27
0 0 18.31
0 0 18.34
0 0 18.37
0 0 18.4
0 0 18.44
0 0 18.47
0 0 18.51
0 0 18.54
0 0 18.57
0 0 18.6
0 0 18.64
0 0 18.68
0 0 18.71
0 0 18.74
0 0 18.77
0 0 18.8
0 0 18.84
0 0 18.87
0 0 18.91
0 0 18.94
0 0 18.97
0 0 19.01
0 0 19.04
0 0 19.07
0 0 19.1
0 0 19.14
0 0 19.17
0 0 19.2
0 0 19.24
0 0 19.27
0 0 19.31
0 0 19.34
0 0 19.37
0 0 19.4
0 0 19.44
0 0 19.47
0 0 19.51
0 0 19.54
0 0 19.57
0 0 19.61
0 0 19.64
0 0 19.67
0 0 19.7
0 0 19.74
0 0 19.77
0 0 19.81
0 0 19.84
0 0 19.87
0 0 19.91
0 0 19.94
0 0 19.97
0 0 20.01
0 0 20.04
0 0 20.07
0 0 20.1
0 0 20.14
0 0 20.17
0 0 20.21
0 0 20.24
0 0 20.27
0 0 20.31
0 0 20.34
0 0 20.37
0 0 20.4
0 0 20.44
0 0 20.47
0 0 20.51
0 0 20.54
0 0 20.57
0 0 20.61
0 0 20.64
0 0 20.67
0 0 20.71
0.416 0.206 20.74
0.41 0.007 20.77
0 0 20.81
0 0 20.84
0 0 20.87
0 0 20.9
0 0 20.94
0 0 20.97
0 0 21.01
0 0 21.04
0 0 21.07
0 0 21.1
0 0 21.14
0 0 21.17
0 0 21.21
0 0 21.24
0 0 21.27
0 0 21.31
0 0 21.34
0 0 21.37
0 0 21.4
0 0 21.44
0 0 21.47
0 0 21.51
0 0 21.54
0 0 21.57
0 0 21.61
0 0 21.64
0 0 21.67
0 0 21.7
0 0 21.74
0 0 21.77
0 0 21.81
0 0 21.84
0 0 21.87
0 0 21.9
0 0 21.94
0 0 21.97
0 0 22.01
0 0 22.04
0 0 22.07
0 0 22.1
0 0 22.14
0 0 22.17
0 0 22.2
0 0 22.24
0 0 22.27
0 0 22.3
0 0 22.34
0 0 22.37
0 0 22.4
0 0 22.44
0 0 22.47
0 0 22.51
0 0 22.54
0 0 22.57
0 0 22.6
0 0 22.64
0 0 22.67
0 0 22.7
0 0 22.74
0 0 22.77
0 0 22.81
0 0 22.84
0 0 22.87
0 0 22.91
0 0 22.94
0 0 22.97
0 0 23.01
0 0 23.04
0.37 0.12 23.07
0.355 0.024 23.11
0.339 0.02 23.14
0 0 23.17
0 0 23.21
0.303 0.056 23.24
0.293 0.016 23.27
0.29 0.014 23.31
0.281 0.012 23.34
0.275 0.01 23.37
0 0 23.41
0 0 23.44
0 0 23.47
0 0 23.51
0.275 0.028 23.54
0 0 23.57
0 0 23.61
0.279 0.008 23.64
0 0 23.67
0 0 23.7
0 0 23.74
0 0 23.77
0 0 23.81
0 0 23.84
0 0 23.87
0 0 23.91
0.285 0.012 23.94
0 0 23.97
0 0 24.01
0 0 24.04
0 0 24.07
0 0 24.11
0 0 24.14
0 0 24.17
0 0 24.2
0 0 24.24
0 0 24.27
0 0 24.3
0 0 24.34
0 0 24.37
0 0 24.4
0 0 24.44
0 0 24.47
0 0 24.51
0 0 24.54
0 0 24.57
0 0 24.6
0 0 24.64
0 0 24.67
0 0 24.7
0 0 24.74
0 0 24.77
0 0 24.8
0 0 24.84
0 0 24.87
0 0 24.9
0 0 24.94
0 0 24.97
0 0 25.0
0 0 25.04
0 0 25.07
0 0 25.1
0 0 25.14
0 0 25.17
0 0 25.2
0 0 25.24
0 0 25.27
0 0 25.3
0 0 25.34
0 0 25.37
0 0 25.4
0 0 25.44
0 0 25.47
0 0 25.5
0 0 25.54
0 0 25.57
0 0 25.6
0 0 25.64
0 0 25.67
0 0 25.7
0 0 25.74
0 0 25.77
0 0 25.8
0 0 25.84
0 0 25.87
0 0 25.9
0 0 25.94
0 0 25.97
0 0 26.0
0 0 26.04
0 0 26.07
0 0 26.1
0 0 26.14
0 0 26.17
0 0 26.2
0 0 26.24
0 0 26.27
0 0 26.3
0 0 26.34
0 0 26.37
0 0 26.4
0 0 26.44
0 0 26.47
0 0 26.5
0 0 26.54
0 0 26.57
0 0 26.6
0 0 26.64
0 0 26.67
0 0 26.7
0 0 26.74
0 0 26.77
0 0 26.8
0 0 26.84
0 0 26.87
0 0 26.91
0 0 26.94
0 0 26.97
0 0 27.01
0 0 27.04
0 0 27.07
0.402 0.097 27.11
0.393 0.015 27.14
0.386 0.013 27.17
0 0 27.2
0.374 0.019 27.24
0 0 27.27
0 0 27.3
0 0 27.34
0 0 27.37
0 0 27.4
0 0 27.44
0 0 27.47
0 0 27.5
0 0 27.54
0 0 27.57
0 0 27.6
0 0 27.64
0 0 27.67
0 0 27.7
0 0 27.74
0 0 27.77
0 0 27.8
0 0 27.84
0 0 27.87
0 0 27.9
0 0 27.94
0 0 27.97
0 0 28.01
0 0 28.04
0 0 28.07
0 0 28.1
0 0 28.14
0.365 0.03 28.17
0 0 28.2
0.368 0.006 28.24
0 0 28.27
0.372 0.004 28.31
0 0 28.34
0.372 0.004 28.37
0.373 0.005 28.4
0 0 28.44
0 0 28.47
0 0 28.51
0 0 28.54
0.379 0.019 28.57
0.381 0.004 28.61
0 0 28.64
0 0 28.67
0.382 0.001 28.71
0.381 0.001 28.74
0 0 28.77
0.379 0.009 28.81
0.379 0.001 28.84
0.38 0.005 28.87
0.381 0.003 28.91
0.379 0.003 28.94
0.378 0.003 28.97
0.376 0.002 29.01
0.377 0.002 29.04
0.378 0.002 29.07
0.381 0.004 29.1
0.384 0.005 29.14
0.387 0.005 29.17
0.389 0.006 29.21
0.39 0.005 29.24
0.389 0.005 29.27
0.388 0.003 29.31
0.386 0.002 29.34
0.384 0.002 29.37
0.384 0.003 29.41
0.384 0.003 29.44
0.385 0.006 29.47
0.386 0.004 29.51
0.386 0.005 29.54
0.385 0.005 29.57
0.382 0.003 29.6
0.378 0.005 29.64
0.377 0.008 29.67
0.376 0.002 29.71
0.374 0.002 29.74
0 0 29.77
0 0 29.8
0.372 0.014 29.84
0.369 0.006 29.87
0.366 0.005 29.91
0.364 0.002 29.94
0 0 29.97
0.365 0.007 30.01
0.367 0.005 30.04
0 0 30.07
0.366 0.004 30.1
0.364 0.002 30.14
0 0 30.17
0 0 30.21
0 0 30.24
0 0 30.27
0.366 0.005 30.31
0.368 0.003 30.34
0.369 0.003 30.37
0 0 30.4
0.372 0.006 30.44
0 0 30.47
0.375 0.012 30.51
0.378 0.009 30.54
0.382 0.012 30.57
0.39 0.012 30.61
0.397 0.013 30.64
0.403 0.008 30.67
0.407 0.005 30.71
0.408 0.003 30.74
0.408 0.003 30.77
0.405 0.005 30.81
0.401 0.008 30.84
0.397 0.008 30.87
0.393 0.009 30.91
0.389 0.007 30.94
0.386 0.006 30.97
0.384 0.004 31.01
0.381 0.003 31.04
0.379 0.002 31.07
0.378 0.003 31.11
0.376 0.003 31.14
0.373 0.003 31.18
0.371 0.003 31.21
0.371 0.002 31.24
0.372 0.004 31.28
0.373 0.004 31.31
0.374 0.004 31.34
0.375 0.005 31.38
0.375 0.002 31.4
0 0 31.44
0.372 0.009 31.47
0.37 0.004 31.51
0.369 0.005 31.54
0.367 0.002 31.57
0.366 0.002 31.6
0 0 31.64
0 0 31.67
0 0 31.7
0 0 31.74
0 0 31.77
0.358 0.016 31.8
0 0 31.84
0.355 0.003 31.87
0.353 0.004 31.91
0 0 31.94
0 0 31.97
0 0 32.01
0.355 0.026 32.04
0 0 32.07
0 0 32.11
0.362 0.051 32.14
0 0 32.17
0 0 32.2
0 0 32.24
0 0 32.27
0 0 32.3
0 0 32.34
0 0 32.37
0 0 32.4
0 0 32.43
0 0 32.47
0 0 32.5
0 0 32.54
0 0 32.57
0 0 32.6
0 0 32.63
0 0 32.67
0 0 32.7
0 0 32.74
0 0 32.77
0 0 32.8
0 0 32.84
0 0 32.87
0 0 32.9
0 0 32.94
0 0 32.97
0 0 33.0
0 0 33.04
0 0 33.07
0 0 33.1
0 0 33.13
0 0 33.17
0 0 33.2
0 0 33.24
0 0 33.27
0 0 33.3
0 0 33.34
0 0 33.37
0 0 33.4
0 0 33.44
0 0 33.47
0 0 33.5
0 0 33.53
0 0 33.57
0 0 33.6
0 0 33.63
0 0 33.67
0 0 33.7
0 0 33.74
0 0 33.77
0 0 33.8
0 0 33.84
0 0 33.87
0 0 33.9
0 0 33.93
0 0 33.97
0 0 34.0
0 0 34.03
0 0 34.07
0 0 34.1
0 0 34.13
0 0 34.17
0 0 34.2
0 0 34.24
0 0 34.27
0 0 34.3
0 0 34.34
0 0 34.37
0 0 34.4
0 0 34.43
0 0 34.47
0 0 34.5
0 0 34.54
0 0 34.57
0 0 34.6
0 0 34.63
0 0 34.67
0 0 34.7
0 0 34.74
0 0 34.77
0 0 34.8
0 0 34.84
0 0 34.87
0 0 34.9
0 0 34.93
0 0 34.97
0 0 35.0
0 0 35.04
0 0 35.07
0 0 35.1
0 0 35.13
0 0 35.17
0 0 35.2
0 0 35.24
0 0 35.27
0 0 35.3
0 0 35.34
0 0 35.37
0 0 35.4
0 0 35.44
0 0 35.47
0 0 35.5
0 0 35.54
0 0 35.57
0 0 35.6
0 0 35.64
0 0 35.67
0 0 35.7
0 0 35.73
0 0 35.77
0 0 35.8
0 0 35.84
0 0 35.87
0 0 35.9
0 0 35.93
0 0 35.97
0 0 36.0
0 0 36.04
0 0 36.07
0 0 36.1
0 0 36.13
0 0 36.17
0 0 36.2
0 0 36.24
0 0 36.27
0 0 36.3
0 0 36.34
0 0 36.37
0 0 36.4
0 0 36.43
0 0 36.47
0 0 36.5
0 0 36.53
0 0 36.57
0 0 36.6
0.461 0.159 36.64
0 0 36.67
0 0 36.7
0.461 0.016 36.74
0 0 36.77
0.463 0.006 36.8
0.455 0.006 36.84
0.45 0.008 36.87
0 0 36.9
0.44 0.012 36.94
0 0 36.97
0 0 37.0
0 0 37.04
0 0 37.07
0 0 37.1
0 0 37.13
0 0 37.17
0 0 37.2
0 0 37.24
0 0 37.27
0 0 37.3
0.441 0.017 37.34
0 0 37.37
0 0 37.4
0 0 37.43
0 0 37.47
0 0 37.5
0 0 37.53
0 0 37.57
0 0 37.6
0 0 37.64
0 0 37.67
0 0 37.7
0 0 37.73
0 0 37.77
0 0 37.8
0 0 37.83
0 0 37.87
0 0 37.9
0 0 37.93
0 0 37.97
0 0 38.0
0 0 38.03
0 0 38.07
0 0 38.1
0 0 38.13
0 0 38.17
0 0 38.2
0 0 38.23
0 0 38.27
0 0 38.3
0 0 38.33
0 0 38.37
0 0 38.4
0 0 38.43
0 0 38.47
0 0 38.5
0 0 38.53
0 0 38.57
0 0 38.6
0 0 38.63
0 0 38.67
0 0 38.7
0 0 38.73
0 0 38.77
0 0 38.8
0 0 38.83
0 0 38.87
0 0 38.9
0 0 38.93
0 0 38.97
0 0 39.0
0 0 39.03
0 0 39.07
0 0 39.1
0 0 39.13
0 0 39.17
0 0 39.2
0 0 39.23
0 0 39.27
0 0 39.3
0 0 39.33
0 0 39.37
0 0 39.4
0 0 39.43
0 0 39.47
0 0 39.5
0 0 39.53
0 0 39.57
0 0 39.6
0 0 39.63
0 0 39.67
0 0 39.7
0 0 39.73
0 0 39.77
0 0 39.8
0 0 39.83
0 0 39.87
0 0 39.9
0 0 39.93
0 0 39.97
0 0 40.0
0 0 40.03
0 0 40.07
0 0 40.1
0 0 40.13
0 0 40.17
0 0 40.2
0 0 40.24
0 0 40.27
0 0 40.3
0 0 40.34
0 0 40.37
0 0 40.4
0 0 40.43
0 0 40.47
0 0 40.5
0 0 40.53
0 0 40.57
0 0 40.6
0 0 40.63
0 0 40.67
0 0 40.7
0 0 40.73
0 0 40.77
0 0 40.8
0 0 40.83
0 0 40.87
0 0 40.9
0 0 40.93
0 0 40.97
0 0 41.0
0 0 41.03
0 0 41.07
0 0 41.1
0 0 41.13
0 0 41.17
0 0 41.2
0 0 41.23
0 0 41.27
0 0 41.3
0 0 41.33
0 0 41.37
0 0 41.4
0 0 41.43
0 0 41.47
0 0 41.5
0 0 41.53
0 0 41.57
0 0 41.6
0 0 41.63
0 0 41.67
0 0 41.7
0 0 41.73
0 0 41.77
0 0 41.8
0 0 41.84
0 0 41.87
0 0 41.9
0 0 41.93
0 0 41.97
0 0 42.0
0 0 42.03
0 0 42.07
0 0 42.1
0 0 42.13
0 0 42.17
0 0 42.2
0 0 42.23
0 0 42.27
0 0 42.3
0 0 42.33
0 0 42.37
0 0 42.4
0 0 42.43
0 0 42.47
0 0 42.5
0 0 42.53
0 0 42.57
0 0 42.6
0 0 42.63
0 0 42.67
0 0 42.7
0 0 42.73
0 0 42.77
0 0 42.8
0 0 42.84
0 0 42.87
0.422 0.12 42.9
0.42 0.014 42.94
0.409 0.014 42.97
0.399 0.012 43.0
0.389 0.013 43.04
0.384 0.013 43.07
0.374 0.014 43.1
0.365 0.014 43.13
0.361 0.014 43.17
0.353 0.014 43.2
0.346 0.013 43.24
0.346 0.012 43.27
0.341 0.009 43.3
0.338 0.008 43.34
0.34 0.006 43.37
0.339 0.004 43.4
0.34 0.003 43.44
0.341 0.002 43.47
0.344 0.001 43.5
0.345 0.001 43.54
0.345 0.001 43.57
0.348 0.001 43.6
0.348 0.001 43.64
0.346 0.002 43.67
0.35 0.0 43.7
0.35 0.001 43.74
0.352 0.001 43.77
0.356 0.003 43.8
0.358 0.003 43.84
0.358 0.006 43.87
0.358 0.006 43.9
0.361 0.008 43.94
0.361 0.01 43.97
0.364 0.012 44.0
0.37 0.014 44.04
0.376 0.016 44.07
0.385 0.018 44.1
0.402 0.022 44.14
0.419 0.023 44.17
0 0 44.2
0.469 0.054 44.24
0 0 44.27
0 0 44.3
0 0 44.33
0 0 44.37
0 0 44.4
0 0 44.43
0 0 44.47
0 0 44.5
0 0 44.53
0 0 44.57
0 0 44.6
0 0 44.63
0 0 44.67
0 0 44.7
0 0 44.73
0 0 44.77
0 0 44.8
0 0 44.83
0 0 44.87
0 0 44.9
0 0 44.93
0 0 44.97
0 0 45.0
0 0 45.03
0 0 45.07
0 0 45.1
0 0 45.13
0 0 45.17
0 0 45.2
0 0 45.23
0 0 45.27
0 0 45.3
0 0 45.34
0 0 45.37
0 0 45.4
0 0 45.43
0 0 45.47
0 0 45.5
0 0 45.53
0 0 45.57
0 0 45.6
0 0 45.63
0 0 45.67
0 0 45.7
0 0 45.73
0 0 45.77
0 0 45.8
0 0 45.83
0 0 45.87
0 0 45.9
0 0 45.93
0 0 45.97
0 0 46.0
0 0 46.03
0 0 46.07
0 0 46.1
0 0 46.13
0 0 46.17
0 0 46.2
0 0 46.23
0 0 46.27
0.482 0.033 46.3
0 0 46.33
0.44 0.054 46.37
0.425 0.023 46.4
0.412 0.02 46.44
0.402 0.019 46.47
0.394 0.016 46.51
0.388 0.013 46.54
0.383 0.01 46.57
0.38 0.008 46.6
0 0 46.63
0.373 0.012 46.67
0.37 0.005 46.7
0.367 0.004 46.74
0.366 0.004 46.77
0 0 46.8
0 0 46.83
0 0 46.87
0 0 46.9
0 0 46.93
0 0 46.97
0 0 47.0
0 0 47.03
0 0 47.07
0 0 47.1
0 0 47.14
0 0 47.17
0 0 47.2
0 0 47.24
0 0 47.27
0 0 47.3
0 0 47.34
0 0 47.37
0 0 47.4
0 0 47.43
0 0 47.47
0 0 47.5
0 0 47.53
0 0 47.57
0 0 47.6
0 0 47.63
0 0 47.67
0 0 47.7
0 0 47.73
0 0 47.77
0 0 47.8
0 0 47.83
0 0 47.87
0 0 47.9
0 0 47.93
0 0 47.97
0 0 48.0
0.402 0.143 48.04
0 0 48.07
0 0 48.1
0.439 0.043 48.14
0.451 0.015 48.17
0.463 0.012 48.2
0.469 0.009 48.24
0.473 0.006 48.27
0.476 0.003 48.3
0.478 0.002 48.34
0.477 0.003 48.37
0.478 0.002 48.4
0.48 0.002 48.44
0 0 48.47
0.48 0.005 48.5
0 0 48.53
0.475 0.01 48.57
0 0 48.6
0.469 0.013 48.63
0.468 0.007 48.67
0.469 0.007 48.7
0 0 48.73
0.478 0.013 48.77
0 0 48.8
0 0 48.83
0 0 48.87
0 0 48.9
0 0 48.93
0 0 48.97
0 0 49.0
0 0 49.03
0 0 49.07
0 0 49.1
0 0 49.13
0 0 49.17
0.545 0.09 49.2
0.536 0.01 49.23
0.528 0.01 49.27
0 0 49.3
0.524 0.019 49.33
0.527 0.007 49.37
0.536 0.009 49.4
0.552 0.016 49.43
0 0 49.47
0 0 49.5
0 0 49.53
0 0 49.57
0 0 49.6
0 0 49.63
0 0 49.67
0 0 49.7
0 0 49.73
0 0 49.77
0 0 49.8
0 0 49.83
0 0 49.87
0 0 49.9
0 0 49.93
0 0 49.96
0 0 50.0
0 0 50.03
0 0 50.07
0 0 50.1
0 0 50.13
0 0 50.17
0 0 50.2
0 0 50.23
0 0 50.27
0 0 50.3
0 0 50.33
0 0 50.36
0 0 50.4
0 0 50.43
0 0 50.46
0 0 50.5
0 0 50.53
0 0 50.57
0 0 50.6
0 0 50.63
0 0 50.67
0 0 50.7
0 0 50.73
0 0 50.76
0 0 50.8
0 0 50.83
0 0 50.87
0 0 50.9
0 0 50.93
0 0 50.96
0 0 51.0
0 0 51.03
0 0 51.06
0 0 51.1
0 0 51.13
0 0 51.17
0 0 51.2
0 0 51.23
0 0 51.26
0 0 51.3
0 0 51.33
0 0 51.36
0 0 51.4
0 0 51.43
0 0 51.47
0 0 51.5
0 0 51.53
0 0 51.57
0 0 51.6
0 0 51.63
0 0 51.67
0 0 51.7
0 0 51.73
0 0 51.76
0 0 51.8
0 0 51.83
0 0 51.86
0 0 51.9
0 0 51.93
0 0 51.97
0 0 52.0
0 0 52.03
0 0 52.06
0 0 52.1
0 0 52.13
0 0 52.17
0 0 52.2
0 0 52.23
0 0 52.26
0 0 52.3
0 0 52.33
0 0 52.36
0 0 52.4
0 0 52.43
0 0 52.46
0 0 52.5
0 0 52.53
0 0 52.56
0 0 52.6
0 0 52.63
0 0 52.67
0 0 52.7
0 0 52.73
0 0 52.76
0 0 52.8
0 0 52.83
0 0 52.87
0 0 52.9
0 0 52.93
0 0 52.96
0 0 53.0
0 0 53.03
0 0 53.06
0 0 53.1
0 0 53.13
0 0 53.17
0 0 53.2
0 0 53.23
0 0 53.26
0 0 53.3
0 0 53.33
0 0 53.36
0 0 53.4
0 0 53.43
0 0 53.47
0 0 53.5
0 0 53.53
0 0 53.57
0 0 53.6
0 0 53.63
0 0 53.67
0 0 53.7
0 0 53.73
0 0 53.76
0 0 53.8
0 0 53.83
0 0 53.86
0 0 53.9
0 0 53.93
0 0 53.97
0 0 54.0
0 0 54.03
0 0 54.07
0 0 54.1
0 0 54.13
0 0 54.17
0 0 54.2
0 0 54.23
0 0 54.26
0 0 54.3
0 0 54.33
0 0 54.36
0 0 54.4
0 0 54.43
0 0 54.46
0 0 54.5
0 0 54.53
0 0 54.56
0 0 54.6
0 0 54.63
0 0 54.67
0 0 54.7
0 0 54.73
0 0 54.77
0 0 54.8
0 0 54.83
0 0 54.87
0 0 54.9
0 0 54.93
0 0 54.96
0 0 55.0
0 0 55.03
0 0 55.06
0 0 55.1
0 0 55.13
0 0 55.17
0 0 55.2
0 0 55.23
0 0 55.26
0 0 55.3
0 0 55.33
0 0 55.37
0 0 55.4
0 0 55.43
0 0 55.46
0 0 55.5
0 0 55.53
0 0 55.57
0 0 55.6
0 0 55.63
0 0 55.67
0 0 55.7
0 0 55.73
0 0 55.77
0 0 55.8
0 0 55.83
0 0 55.86
0 0 55.9
0 0 55.93
0 0 55.97
0 0 56.0
0 0 56.03
0 0 56.06
0 0 56.1
0 0 56.13
0 0 56.17
0 0 56.2
0 0 56.23
0 0 56.27
0 0 56.3
0 0 56.33
0 0 56.37
0 0 56.4
0 0 56.43
0 0 56.47
0 0 56.5
0 0 56.53
0 0 56.57
0 0 56.6
0 0 56.63
0 0 56.67
0 0 56.7
0 0 56.73
0 0 56.76
0 0 56.8
0 0 56.83
0 0 56.86
0 0 56.9
0 0 56.93
0 0 56.96
0 0 57.0
0 0 57.03
0 0 57.06
0 0 57.1
0 0 57.13
0 0 57.17
0 0 57.2
0 0 57.23
0 0 57.26
0 0 57.3
0 0 57.33
0 0 57.37
0 0 57.4
0 0 57.43
0 0 57.46
0 0 57.5
0 0 57.53
0 0 57.57
0 0 57.6
0 0 57.63
0 0 57.67
0 0 57.7
0 0 57.73
0 0 57.77
0 0 57.8
0 0 57.83
0 0 57.86
0 0 57.9
0 0 57.93
0 0 57.96
0 0 58.0
0 0 58.03
0 0 58.06
0 0 58.1
0 0 58.13
0 0 58.17
0 0 58.2
0 0 58.23
0 0 58.26
0 0 58.3
0 0 58.33
0 0 58.36
0 0 58.4
0 0 58.43
0 0 58.46
0 0 58.5
0 0 58.53
0 0 58.57
0 0 58.6
0 0 58.63
0 0 58.67
0 0 58.7
0 0 58.73
0 0 58.76
0 0 58.8
0 0 58.83
0 0 58.86
0 0 58.9
0 0 58.93
0 0 58.96
0 0 59.0
0 0 59.03
0 0 59.06
0 0 59.1
0 0 59.13
0 0 59.17
0 0 59.2
0 0 59.23
0 0 59.26
0 0 59.3
0 0 59.33
0 0 59.36
0 0 59.4
0 0 59.43
0 0 59.46
0 0 59.5
0 0 59.53
0 0 59.56
0 0 59.6
0 0 59.63
0 0 59.66
0 0 59.7
0 0 59.73
0 0 59.76
0 0 59.8
0 0 59.83
0 0 59.86
0 0 59.9
0 0 59.93
0 0 59.96
0 0 60.0
0 0 60.03
0 0 60.06
0.375 0.142 60.1
0 0 60.13
0.358 0.023 60.17
0.348 0.011 60.2
0.343 0.011 60.23
0 0 60.26
0.324 0.022 60.3
0.321 0.01 60.34
0.313 0.01 60.37
0.304 0.01 60.4
0.297 0.009 60.43
0.296 0.009 60.47
0.291 0.008 60.5
0.286 0.008 60.53
0.289 0.008 60.57
0.284 0.007 60.6
0.28 0.007 60.63
0.283 0.007 60.67
0.281 0.006 60.7
0.281 0.005 60.73
0 0 60.76
0.287 0.005 60.8
0.289 0.003 60.84
0.292 0.004 60.87
0.299 0.002 60.9
0.301 0.003 60.93
0.301 0.002 60.97
0.313 0.003 61.0
0.312 0.005 61.03
0.311 0.004 61.07
0.316 0.005 61.1
0.315 0.005 61.13
0.315 0.001 61.17
0.321 0.002 61.2
0.323 0.002 61.23
0.326 0.003 61.27
0.328 0.002 61.3
0.334 0.002 61.33
0.334 0.001 61.37
0.333 0.001 61.4
0.336 0.002 61.43
0.335 0.002 61.47
0.334 0.002 61.5
0.337 0.001 61.53
0.336 0.001 61.57
0.335 0.001 61.6
0.334 0.002 61.63
0 0 61.67
0.335 0.003 61.7
0 0 61.73
0 0 61.76
0.339 0.002 61.8
0.339 0.002 61.83
0.343 0.003 61.87
0 0 61.9
0.345 0.002 61.93
0.348 0.005 61.97
0.349 0.001 62.0
0.349 0.001 62.03
0.348 0.003 62.07
0.349 0.003 62.1
0.347 0.003 62.13
0.344 0.003 62.17
0.344 0.002 62.2
0.343 0.003 62.23
0.344 0.003 62.27
0.351 0.005 62.3
0.353 0.006 62.33
0.355 0.003 62.36
0 0 62.4
0.356 0.001 62.43
0.357 0.0 62.47
0 0 62.5
0.357 0.004 62.53
0.358 0.001 62.57
0.358 0.004 62.6
0.361 0.003 62.63
0.364 0.003 62.67
0.367 0.003 62.7
0.371 0.003 62.73
0.374 0.003 62.77
0.375 0.002 62.8
0.377 0.002 62.83
0.377 0.001 62.87
0.377 0.001 62.9
0.377 0.002 62.93
0.378 0.002 62.97
0.377 0.003 63.0
0.376 0.004 63.03
0.377 0.003 63.06
0.379 0.004 63.1
0.38 0.003 63.13
0.382 0.003 63.17
0.383 0.002 63.2
0.383 0.002 63.23
0.384 0.001 63.26
0.383 0.001 63.3
0.383 0.002 63.33
0.382 0.002 63.37
0.381 0.001 63.4
0.382 0.001 63.43
0.384 0.004 63.47
0.382 0.004 63.5
0.381 0.002 63.53
0.382 0.003 63.57
0.382 0.001 63.6
0.382 0.002 63.63
0.381 0.003 63.67
0.38 0.003 63.7
0.379 0.002 63.73
0.379 0.002 63.76
0.378 0.002 63.8
0.378 0.002 63.83
0.378 0.001 63.86
0.379 0.003 63.9
0.38 0.001 63.93
0.38 0.001 63.97
0.38 0.0 64.0
0.379 0.001 64.03
0.378 0.002 64.06
0.378 0.002 64.1
0.378 0.002 64.13
0.379 0.003 64.17
0.378 0.001 64.2
0.377 0.001 64.23
0.377 0.001 64.26
0.377 0.002 64.3
0.378 0.004 64.33
0.38 0.006 64.37
0.383 0.008 64.4
0.389 0.011 64.43
0.397 0.014 64.46
0.406 0.016 64.5
0.419 0.019 64.53
0.433 0.019 64.57
0.45 0.022 64.6
0.466 0.021 64.63
0.482 0.02 64.66
0.498 0.018 64.7
0.513 0.017 64.73
0 0 64.76
0.54 0.031 64.8
0 0 64.83
0 0 64.86
0 0 64.9
0 0 64.93
0 0 64.96
0 0 65.0
0 0 65.03
0 0 65.06
0 0 65.1
0 0 65.13
0 0 65.16
0 0 65.19
0 0 65.23
0 0 65.26
0 0 65.3
0 0 65.33
0 0 65.36
0 0 65.39
0 0 65.43
0 0 65.46
0 0 65.5
0 0 65.53
0 0 65.56
0 0 65.6
0 0 65.63
0 0 65.66
0 0 65.69
0 0 65.73
0 0 65.76
0 0 65.79
0 0 65.83
0 0 65.86
0 0 65.9
0 0 65.93
0 0 65.96
0 0 66.0
0 0 66.03
0 0 66.06
0 0 66.09
0 0 66.13
0 0 66.16
0 0 66.2
0 0 66.23
0 0 66.26
0 0 66.29
0 0 66.33
0 0 66.36
0 0 66.39
0 0 66.43
0 0 66.46
0 0 66.5
0 0 66.53
0 0 66.56
0 0 66.6
0 0 66.63
0 0 66.66
0 0 66.7
0 0 66.73
0 0 66.76
0 0 66.8
0 0 66.83
0 0 66.86
0 0 66.9
0 0 66.93
0 0 66.96
0 0 67.0
0 0 67.03
0 0 67.06
0 0 67.1
0 0 67.13
0.527 0.03 67.17
0 0 67.2
0 0 67.23
0.521 0.01 67.26
0.521 0.002 67.3
0 0 67.33
0.516 0.007 67.36
0.513 0.003 67.4
0.509 0.004 67.43
0.505 0.004 67.46
0.501 0.005 67.5
0.495 0.006 67.53
0.49 0.006 67.57
0.485 0.006 67.6
0.479 0.007 67.63
0.473 0.007 67.67
0.466 0.008 67.7
0.457 0.01 67.73
0.449 0.01 67.77
0.441 0.01 67.8
0.434 0.01 67.83
0.427 0.009 67.86
0.422 0.008 67.9
0.418 0.007 67.93
0.414 0.007 67.96
0.409 0.006 68.0
0.405 0.006 68.03
0.399 0.007 68.07
0.394 0.008 68.1
0.389 0.008 68.13
0.383 0.008 68.17
0.377 0.008 68.2
0 0 68.23
0.371 0.011 68.27
0 0 68.3
0 0 68.33
0.365 0.008 68.36
0 0 68.4
0.367 0.006 68.43
0 0 68.46
0.367 0.005 68.5
0.368 0.001 68.53
0.369 0.004 68.56
0.371 0.004 68.6
0.372 0.006 68.63
0.371 0.009 68.67
0.371 0.011 68.7
0.372 0.013 68.73
0.375 0.015 68.77
0.381 0.017 68.8
0.39 0.018 68.83
0.402 0.019 68.87
0.417 0.019 68.9
0.434 0.02 68.93
0.452 0.02 68.97
0.472 0.02 69.0
0.493 0.023 69.03
0 0 69.06
0 0 69.1
0 0 69.13
0 0 69.16
0 0 69.19
0 0 69.23
0 0 69.26
0 0 69.29
0 0 69.33
0 0 69.36
0 0 69.4
0 0 69.43
0 0 69.46
0 0 69.5
0 0 69.53
0 0 69.56
0 0 69.59
0 0 69.63
0 0 69.66
0 0 69.69
0 0 69.73
0 0 69.76
0 0 69.79
0 0 69.83
0 0 69.86
0 0 69.9
0 0 69.93
0 0 69.96
0 0 70.0
0 0 70.03
0 0 70.06
0 0 70.09
0 0 70.13
0 0 70.16
0 0 70.19
0 0 70.23
0 0 70.26
0 0 70.29
0 0 70.33
0 0 70.36
0 0 70.39
0 0 70.43
0 0 70.46
0 0 70.5
0 0 70.53
0 0 70.56
0 0 70.59
0 0 70.63
0 0 70.66
0 0 70.69
0 0 70.73
0 0 70.76
0 0 70.79
0 0 70.83
0 0 70.86
0 0 70.9
0 0 70.93
0 0 70.96
0 0 71.0
0 0 71.03
0.508 0.026 71.06
0.49 0.021 71.1
0.473 0.02 71.13
0.457 0.02 71.17
0.444 0.019 71.2
0.431 0.019 71.23
0.42 0.018 71.26
0.411 0.016 71.3
0.404 0.015 71.33
0.398 0.013 71.36
0.392 0.011 71.4
0.388 0.01 71.43
0.385 0.008 71.46
0.382 0.006 71.5
0.381 0.005 71.53
0.379 0.005 71.56
0.377 0.003 71.6
0.376 0.003 71.63
0.374 0.002 71.66
0.373 0.001 71.7
0.373 0.001 71.73
0.373 0.003 71.76
0.371 0.001 71.8
0.372 0.001 71.83
0.371 0.0 71.86
0.369 0.001 71.9
0.368 0.002 71.93
0.367 0.002 71.96
0.366 0.002 72.0
0.367 0.004 72.03
0.369 0.006 72.06
0.369 0.009 72.1
0.371 0.01 72.13
0.375 0.011 72.17
0.379 0.015 72.2
0.384 0.013 72.23
0.39 0.015 72.26
0.399 0.014 72.3
0.407 0.014 72.33
0.417 0.014 72.36
0.427 0.014 72.4
0.433 0.014 72.43
0.444 0.013 72.46
0 0 72.5
0.461 0.025 72.53
0 0 72.56
0 0 72.59
0 0 72.63
0 0 72.66
0 0 72.69
0 0 72.73
0 0 72.76
0 0 72.79
0 0 72.83
0 0 72.86
0 0 72.9
0 0 72.93
0 0 72.96
0 0 73.0
0 0 73.03
0 0 73.06
0 0 73.09
0 0 73.13
0 0 73.16
0 0 73.19
0 0 73.23
0 0 73.26
0 0 73.29
0 0 73.33
0 0 73.36
0 0 73.39
0 0 73.43
0 0 73.46
0 0 73.5
0 0 73.53
0 0 73.56
0 0 73.59
0 0 73.63
0 0 73.66
0 0 73.69
0 0 73.73
0 0 73.76
0 0 73.79
0 0 73.83
0 0 73.86
0 0 73.9
0 0 73.93
0 0 73.96
0 0 74.0
0 0 74.03
0 0 74.06
0 0 74.09
0 0 74.13
0 0 74.16
0 0 74.19
0 0 74.23
0 0 74.26
0 0 74.29
0 0 74.33
0 0 74.36
0 0 74.39
0 0 74.43
0 0 74.46
0 0 74.5
0 0 74.53
0 0 74.56
0 0 74.59
0 0 74.63
0 0 74.66
0 0 74.69
0 0 74.73
0 0 74.76
0 0 74.79
0 0 74.83
0 0 74.86
0 0 74.89
0 0 74.93
0 0 74.96
0 0 75.0
0 0 75.03
0 0 75.06
0 0 75.09
0 0 75.13
0 0 75.16
0 0 75.19
0 0 75.23
0 0 75.26
0 0 75.29
0 0 75.33
0 0 75.36
0 0 75.39
0 0 75.43
0 0 75.46
0 0 75.49
0 0 75.53
0 0 75.56
0 0 75.59
0 0 75.63
0 0 75.66
0 0 75.69
0 0 75.73
0 0 75.76
0 0 75.79
0 0 75.83
0 0 75.86
0 0 75.89
0 0 75.93
0 0 75.96
0 0 76.0
0 0 76.03
0 0 76.06
0 0 76.09
0 0 76.13
0 0 76.16
0 0 76.2
0 0 76.23
0 0 76.26
0 0 76.29
0 0 76.33
0 0 76.36
0 0 76.39
0 0 76.43
0 0 76.46
0 0 76.5
0 0 76.53
0 0 76.56
0 0 76.59
0 0 76.63
0 0 76.66
0 0 76.69
0 0 76.73
0 0 76.76
0 0 76.79
0 0 76.83
0 0 76.86
0 0 76.9
0 0 76.93
0 0 76.96
0 0 77.0
0 0 77.03
0 0 77.06
0 0 77.09
0 0 77.13
0 0 77.16
0 0 77.19
0 0 77.23
0 0 77.26
0 0 77.29
0 0 77.33
0 0 77.36
0 0 77.4
0 0 77.43
0 0 77.46
0 0 77.5
0 0 77.53
0 0 77.56
0 0 77.6
0 0 77.63
0 0 77.66
0 0 77.69
0 0 77.73
0 0 77.76
0 0 77.79
0 0 77.83
0 0 77.86
0 0 77.89
0 0 77.93
0 0 77.96
0 0 78.0
0 0 78.03
0 0 78.06
0 0 78.09
0 0 78.13
0 0 78.16
0 0 78.19
0 0 78.23
0 0 78.26
0 0 78.29
0 0 78.33
0 0 78.36
0 0 78.39
0 0 78.43
0 0 78.46
0 0 78.49
0 0 78.53
0 0 78.56
0 0 78.59
0 0 78.63
0 0 78.66
0 0 78.69
0 0 78.73
0 0 78.76
0 0 78.79
0 0 78.83
0 0 78.86
0 0 78.89
0 0 78.93
0 0 78.96
0 0 78.99
0 0 79.03
0 0 79.06
0 0 79.09
0 0 79.13
0 0 79.16
0 0 79.19
0 0 79.23
0 0 79.26
0 0 79.29
0 0 79.33
0 0 79.36
0 0 79.39
0 0 79.43
0 0 79.46
0 0 79.5
0 0 79.53
0 0 79.56
0 0 79.59
0 0 79.63
0 0 79.66
0 0 79.69
0 0 79.73
0 0 79.76
0 0 79.79
0 0 79.83
0 0 79.86
0 0 79.89
0 0 79.93
0 0 79.96
0 0 80.0
0 0 80.03
0 0 80.06
0 0 80.09
0 0 80.13
0 0 80.16
0 0 80.19
0 0 80.23
0 0 80.26
0 0 80.29
0 0 80.33
0 0 80.36
0 0 80.39
0 0 80.43
0 0 80.46
0 0 80.49
0 0 80.53
0 0 80.56
0 0 80.59
0 0 80.63
0 0 80.66
0 0 80.69
0 0 80.73
0 0 80.76
0 0 80.79
0 0 80.83
0 0 80.86
0 0 80.89
0 0 80.93
0 0 80.96
0 0 80.99
0 0 81.03
0 0 81.06
0 0 81.09
0 0 81.13
0 0 81.16
0 0 81.19
0 0 81.23
0 0 81.26
0 0 81.29
0 0 81.33
0 0 81.36
0 0 81.39
0 0 81.43
0 0 81.46
0 0 81.49
0 0 81.53
0 0 81.56
0 0 81.59
0 0 81.62
0 0 81.66
0 0 81.69
0 0 81.73
0 0 81.76
0 0 81.79
0 0 81.83
0 0 81.86
0 0 81.89
0 0 81.92
0 0 81.96
0 0 81.99
0 0 82.02
0 0 82.06
0 0 82.09
0 0 82.13
0 0 82.16
0 0 82.19
0 0 82.23
0 0 82.26
0 0 82.29
0 0 82.33
0 0 82.36
0 0 82.39
0 0 82.42
0 0 82.46
0 0 82.49
0 0 82.53
0 0 82.56
0 0 82.59
0 0 82.63
0 0 82.66
0 0 82.69
0 0 82.73
0.353 0.039 82.76
0.337 0.019 82.79
0.325 0.019 82.83
0.312 0.019 82.86
0.299 0.019 82.89
0.289 0.018 82.93
0.28 0.018 82.96
0.271 0.017 83.0
0.266 0.016 83.03
0.262 0.014 83.06
0.259 0.013 83.09
0.259 0.011 83.13
0.262 0.01 83.16
0.264 0.009 83.19
0.267 0.007 83.23
0.271 0.005 83.26
0.272 0.002 83.29
0.273 0.002 83.33
0.274 0.002 83.36
0.274 0.003 83.39
0.274 0.003 83.43
0.276 0.002 83.46
0.277 0.002 83.5
0.278 0.002 83.53
0.279 0.002 83.56
0.281 0.002 83.6
0.282 0.001 83.63
0.284 0.002 83.66
0.285 0.002 83.7
0.286 0.001 83.73
0.285 0.001 83.76
0.283 0.002 83.8
0.283 0.002 83.83
0.281 0.003 83.86
0.28 0.002 83.9
0.278 0.004 83.93
0.276 0.004 83.96
0.276 0.001 84.0
0.277 0.002 84.03
0.277 0.002 84.06
0.277 0.002 84.1
0.278 0.001 84.13
0.278 0.001 84.16
0.277 0.003 84.19
0.275 0.003 84.23
0.273 0.005 84.26
0.27 0.003 84.29
0.27 0.002 84.33
0.271 0.002 84.36
0.273 0.003 84.39
0.273 0.001 84.43
0.273 0.001 84.46
0.273 0.001 84.5
0.275 0.001 84.53
0.276 0.001 84.56
0.276 0.002 84.6
0.277 0.001 84.63
0.278 0.001 84.66
0.278 0.001 84.7
0.278 0.001 84.73
0.278 0.001 84.76
0.277 0.001 84.79
0.279 0.002 84.83
0.28 0.002 84.86
0.282 0.002 84.9
0.284 0.003 84.93
0.287 0.002 84.96
0.289 0.002 85.0
0.288 0.001 85.03
0.289 0.001 85.06
0.289 0.001 85.09
0.289 0.001 85.13
0.292 0.004 85.16
0.292 0.002 85.2
0.293 0.003 85.23
0.293 0.002 85.26
0.293 0.002 85.3
0.294 0.003 85.33
0.294 0.002 85.36
0.297 0.002 85.4
0.296 0.001 85.43
0.296 0.0 85.46
0.297 0.001 85.5
0.296 0.002 85.53
0.295 0.001 85.56
0.297 0.003 85.59
0.299 0.003 85.63
0.3 0.004 85.66
0.301 0.002 85.7
0.303 0.002 85.73
0.301 0.003 85.76
0.3 0.003 85.79
0.3 0.004 85.83
0.296 0.006 85.86
0.294 0.005 85.9
0.294 0.003 85.93
0.291 0.003 85.96
0.29 0.002 86.0
0.292 0.001 86.03
0.292 0.001 86.06
0.292 0.001 86.09
0.292 0.002 86.13
0.296 0.002 86.16
0.297 0.004 86.19
0.3 0.003 86.23
0.306 0.003 86.26
0.307 0.002 86.3
0.307 0.003 86.33
0.311 0.001 86.36
0.311 0.002 86.39
0.313 0.003 86.43
0.319 0.003 86.46
0.32 0.003 86.5
0.318 0.004 86.53
0.313 0.005 86.56
0.314 0.003 86.6
0.314 0.003 86.63
0.314 0.003 86.66
0.321 0.005 86.7
0.318 0.003 86.73
0.316 0.003 86.76
0.318 0.003 86.8
0.317 0.002 86.83
0.317 0.001 86.86
0.323 0.002 86.9
0.326 0.004 86.93
0.329 0.003 86.96
0.331 0.003 87.0
0.338 0.004 87.03
0.341 0.003 87.06
0.343 0.003 87.1
0.346 0.003 87.13
0.345 0.003 87.16
0.342 0.003 87.19
0.344 0.002 87.23
0.342 0.002 87.26
0.341 0.002 87.29
0.342 0.002 87.33
0.34 0.004 87.36
0.338 0.003 87.39
0.335 0.003 87.43
0.337 0.002 87.46
0.337 0.001 87.5
0.338 0.003 87.53
0.343 0.002 87.56
0.344 0.002 87.59
0.344 0.002 87.63
0.348 0.002 87.66
0.349 0.003 87.69
0.351 0.003 87.73
0.356 0.004 87.76
0.361 0.005 87.79
0.364 0.004 87.83
0.366 0.004 87.86
0.373 0.004 87.89
0.376 0.003 87.93
0.378 0.003 87.96
0.384 0.004 88.0
0 0 88.03
0 0 88.06
0.399 0.011 88.09
0.402 0.003 88.13
0.405 0.003 88.16
0.41 0.003 88.19
0.411 0.003 88.23
0.413 0.002 88.26
0.414 0.003 88.29
0.416 0.004 88.33
0.416 0.006 88.36
0.418 0.01 88.39
0.422 0.013 88.43
0.427 0.018 88.46
0.435 0.021 88.5
0.449 0.023 88.53
0.464 0.024 88.56
0 0 88.59
0.508 0.055 88.63
0 0 88.66
0 0 88.69
0 0 88.73
0 0 88.76
0 0 88.79
0 0 88.83
0 0 88.86
0 0 88.89
0 0 88.93
0 0 88.96
0 0 88.99
0 0 89.02
0 0 89.06
0 0 89.09
0 0 89.12
0 0 89.16
0 0 89.19
0 0 89.23
0 0 89.26
0 0 89.29
0 0 89.33
0 0 89.36
0 0 89.39
0 0 89.42
0 0 89.46
0 0 89.49
0 0 89.53
0 0 89.56
0 0 89.59
0 0 89.62
0 0 89.66
0 0 89.69
0 0 89.72
0 0 89.76
0 0 89.79
0 0 89.83
0 0 89.86
0 0 89.89
0 0 89.92
0 0 89.96
0 0 89.99
0 0 90.02
0 0 90.06
0 0 90.09
0 0 90.12
0 0 90.16
0 0 90.19
0 0 90.22
0 0 90.26
0 0 90.29
0 0 90.33
0 0 90.36
0 0 90.39
0.636 0.157 90.43
0 0 90.46
0 0 90.49
0 0 90.52
0 0 90.56
0 0 90.59
0 0 90.62
0 0 90.66
0 0 90.69
0 0 90.72
0 0 90.76
0 0 90.79
0 0 90.83
0 0 90.86
0 0 90.89
0 0 90.92
0.509 0.164 90.96
0 0 90.99
0.478 0.034 91.03
0.463 0.017 91.06
0.449 0.018 91.09
0.436 0.017 91.13
0.424 0.017 91.16
0.414 0.016 91.19
0.403 0.014 91.23
0.397 0.013 91.26
0 0 91.29
0.384 0.022 91.33
0.38 0.01 91.36
0.376 0.008 91.39
0.372 0.006 91.43
0.371 0.007 91.46
0.37 0.004 91.49
0.369 0.003 91.53
0.367 0.003 91.56
0.367 0.002 91.59
0.366 0.001 91.63
0.365 0.001 91.66
0.365 0.001 91.69
0.365 0.001 91.73
0.364 0.001 91.76
0.365 0.002 91.79
0.366 0.001 91.83
0.365 0.001 91.86
0.365 0.002 91.89
0.364 0.002 91.93
0.361 0.002 91.96
0.359 0.002 92.0
0.357 0.003 92.03
0.357 0.0 92.06
0.355 0.002 92.09
0.356 0.003 92.13
0.358 0.002 92.16
0.358 0.003 92.19
0.359 0.002 92.23
0.36 0.002 92.26
0.359 0.003 92.29
0.361 0.004 92.33
0.364 0.005 92.36
0.366 0.007 92.39
0.365 0.004 92.43
0.366 0.004 92.46
0.369 0.005 92.49
0.37 0.005 92.53
0.372 0.004 92.56
0 0 92.59
0 0 92.63
0 0 92.66
0 0 92.69
0.381 0.016 92.73
0.384 0.006 92.76
0.386 0.003 92.79
0.388 0.004 92.83
0.389 0.006 92.86
0.392 0.006 92.89
0.397 0.005 92.93
0 0 92.96
0.402 0.01 92.99
0 0 93.03
0 0 93.06
0 0 93.09
0 0 93.12
0 0 93.16
0 0 93.19
0 0 93.22
0 0 93.26
0.406 0.018 93.29
0.401 0.005 93.33
0.396 0.006 93.36
0.39 0.007 93.39
0.386 0.005 93.43
0.383 0.004 93.46
0.379 0.004 93.49
0.377 0.003 93.53
0.374 0.003 93.56
0.372 0.002 93.59
0.37 0.002 93.63
0.369 0.001 93.66
0.369 0.003 93.69
0.369 0.003 93.73
0.368 0.003 93.76
0.365 0.004 93.79
0.364 0.007 93.83
0.361 0.005 93.86
0.359 0.007 93.89
0.356 0.005 93.93
0.354 0.005 93.96
0.351 0.004 94.0
0.348 0.003 94.03
0.345 0.004 94.06
0.342 0.005 94.09
0.338 0.005 94.13
0.336 0.004 94.16
0.333 0.003 94.19
0.331 0.002 94.23
0.33 0.002 94.26
0.33 0.002 94.29
0.33 0.002 94.33
0.331 0.002 94.36
0.331 0.001 94.39
0.331 0.002 94.43
0.331 0.002 94.46
0.332 0.002 94.49
0.332 0.003 94.53
0.332 0.002 94.56
0.334 0.005 94.6
0.337 0.008 94.63
0.34 0.012 94.66
0.346 0.007 94.69
0.354 0.008 94.73
0.361 0.008 94.76
0.368 0.007 94.79
0.374 0.008 94.83
0.382 0.009 94.86
0.389 0.008 94.89
0.397 0.01 94.93
0.405 0.011 94.96
0.413 0.011 94.99
0.425 0.015 95.03
0.437 0.015 95.06
0.452 0.018 95.09
0 0 95.12
0 0 95.16
0 0 95.19
0 0 95.22
0 0 95.26
0 0 95.29
0 0 95.32
0 0 95.36
0 0 95.39
0 0 95.42
0 0 95.46
0 0 95.49
0 0 95.52
0 0 95.56
0 0 95.59
0 0 95.62
0 0 95.66
0 0 95.69
0 0 95.72
0 0 95.76
0 0 95.79
0 0 95.83
0 0 95.86
0 0 95.89
0 0 95.92
0 0 95.96
0 0 95.99
0 0 96.02
0 0 96.06
0 0 96.09
0 0 96.12
0 0 96.16
0 0 96.19
0 0 96.22
0 0 96.26
0 0 96.29
0 0 96.33
0 0 96.36
0 0 96.39
0 0 96.42
0 0 96.46
0 0 96.49
0 0 96.52
0 0 96.56
0 0 96.59
0 0 96.62
0 0 96.66
0 0 96.69
0 0 96.72
0 0 96.76
0 0 96.79
0 0 96.82
0 0 96.86
0 0 96.89
0 0 96.92
0 0 96.96
0 0 96.99
0 0 97.02
0 0 97.06
0 0 97.09
0 0 97.12
0 0 97.16
0 0 97.19
0 0 97.22
0 0 97.26
0 0 97.29
0 0 97.32
0 0 97.36
0 0 97.39
0 0 97.42
0 0 97.46
0 0 97.49
0 0 97.52
0 0 97.56
0 0 97.59
0 0 97.62
0 0 97.66
0 0 97.69
0 0 97.72
0 0 97.76
0 0 97.79
0 0 97.82
0 0 97.86
0 0 97.89
0 0 97.92
0 0 97.96
0 0 97.99
0 0 98.02
0 0 98.06
0 0 98.09
0 0 98.12
0 0 98.16
0 0 98.19
0 0 98.22
0 0 98.26
0 0 98.29
0 0 98.33
0 0 98.36
0 0 98.39
0 0 98.43
0 0 98.46
0 0 98.49
0 0 98.52
0 0 98.56
0 0 98.59
0 0 98.62
0 0 98.66
0 0 98.69
0 0 98.72
0 0 98.76
0 0 98.79
0 0 98.82
0 0 98.86
0 0 98.89
0 0 98.92
0 0 98.96
0 0 98.99
0 0 99.02
0 0 99.06
0 0 99.09
0 0 99.12
0 0 99.16
0 0 99.19
0 0 99.22
0 0 99.26
0 0 99.29
0 0 99.32
0 0 99.36
0 0 99.39
0 0 99.42
0 0 99.46
0 0 99.49
0 0 99.52
0 0 99.56
0 0 99.59
0 0 99.62
0 0 99.66
0 0 99.69
0 0 99.72
0 0 99.76
0 0 99.79
0 0 99.83
0 0 99.86
0 0 99.89
0 0 99.92
0 0 99.96
0 0 99.99
0 0 100.02
0 0 100.06
0 0 100.09
0 0 100.12
0 0 100.16
0 0 100.19
0 0 100.22
0 0 100.26
0 0 100.29
0 0 100.32
0 0 100.36
0 0 100.39
0 0 100.42
0 0 100.46
0 0 100.49
0 0 100.52
0 0 100.56
0 0 100.59
0 0 100.62
0 0 100.66
0 0 100.69
0 0 100.72
0 0 100.76
0 0 100.79
0 0 100.82
0 0 100.86
0 0 100.89
0 0 100.92
0 0 100.96
0 0 100.99
0 0 101.02
0 0 101.06
0 0 101.09
0 0 101.12
0 0 101.16
0 0 101.19
0 0 101.22
0 0 101.26
0 0 101.29
0 0 101.32
0 0 101.36
0 0 101.39
0 0 101.42
0 0 101.46
0 0 101.49
0 0 101.52
0 0 101.56
0 0 101.59
0 0 101.62
0 0 101.66
0 0 101.69
0 0 101.72
0 0 101.76
0 0 101.79
0 0 101.82
0 0 101.86
0 0 101.89
0 0 101.92
0 0 101.96
0 0 101.99
0 0 102.02
0 0 102.06
0 0 102.09
0 0 102.12
0 0 102.16
0 0 102.19
0 0 102.22
0 0 102.26
0 0 102.29
0 0 102.32
0 0 102.36
0 0 102.39
0 0 102.42
0 0 102.46
0 0 102.49
0 0 102.52
0 0 102.56
0 0 102.59
0 0 102.62
0 0 102.66
0 0 102.69
0 0 102.72
0 0 102.76
0 0 102.79
0 0 102.82
0 0 102.86
0 0 102.89
0 0 102.92
0 0 102.96
0 0 102.99
0 0 103.02
0 0 103.06
0 0 103.09
0 0 103.12
0 0 103.16
0 0 103.19
0 0 103.22
0 0 103.26
0 0 103.29
0 0 103.32
0 0 103.36
0 0 103.39
0 0 103.42
0 0 103.46
0 0 103.49
0 0 103.52
0 0 103.56
0 0 103.59
0 0 103.62
0 0 103.66
0 0 103.69
0 0 103.72
0 0 103.76
0 0 103.79
0 0 103.82
0 0 103.85
0 0 103.89
0 0 103.92
0 0 103.96
0 0 103.99
0 0 104.02
0 0 104.06
0 0 104.09
0 0 104.12
0 0 104.16
0 0 104.19
0 0 104.22
0 0 104.26
0 0 104.29
0 0 104.32
0 0 104.36
0 0 104.39
0 0 104.42
0.406 0.029 104.46
0.393 0.015 104.49
0.386 0.014 104.53
0.375 0.013 104.56
0.366 0.012 104.59
0.357 0.012 104.63
0.354 0.011 104.66
0.347 0.011 104.69
0.339 0.011 104.72
0.342 0.01 104.76
0.336 0.01 104.79
0 0 104.83
0.332 0.019 104.86
0.329 0.008 104.89
0.328 0.007 104.92
0.333 0.006 104.96
0.332 0.005 104.99
0.331 0.002 105.02
0.33 0.004 105.06
0.333 0.003 105.09
0.333 0.003 105.12
0.333 0.002 105.16
0.336 0.002 105.19
0.333 0.003 105.22
0.33 0.004 105.26
0.331 0.005 105.29
0.328 0.006 105.33
0.326 0.005 105.36
0.329 0.004 105.39
0.327 0.004 105.42
0.326 0.002 105.46
0.326 0.002 105.49
0.332 0.002 105.52
0.336 0.005 105.56
0.342 0.006 105.59
0.351 0.006 105.62
0.357 0.006 105.66
0.36 0.004 105.69
0.366 0.003 105.73
0.367 0.002 105.76
0.368 0.005 105.79
0.368 0.001 105.83
0.372 0.001 105.86
0.372 0.001 105.89
0.372 0.002 105.92
0.375 0.001 105.96
0.375 0.002 105.99
0.375 0.001 106.02
0.381 0.004 106.06
0.382 0.006 106.09
0.385 0.005 106.12
0.387 0.007 106.16
0.388 0.006 106.19
0.387 0.004 106.22
0.385 0.006 106.26
0.382 0.008 106.29
0.377 0.007 106.32
0.372 0.006 106.36
0.369 0.005 106.39
0.365 0.004 106.42
0.363 0.003 106.46
0.364 0.005 106.49
0.366 0.005 106.52
0.368 0.005 106.56
0.371 0.004 106.59
0.372 0.002 106.63
0.374 0.005 106.66
0.381 0.007 106.69
0.388 0.009 106.72
0.394 0.007 106.76
0.395 0.002 106.79
0.395 0.002 106.83
0.393 0.002 106.86
0.392 0.001 106.89
0.392 0.001 106.92
0.391 0.002 106.96
0.391 0.002 106.99
0.391 0.002 107.02
0.391 0.003 107.06
0.39 0.003 107.09
0.388 0.005 107.12
0.385 0.004 107.16
0.382 0.007 107.19
0.379 0.007 107.22
0.377 0.007 107.26
0.375 0.006 107.29
0.373 0.005 107.33
0.371 0.006 107.36
0.369 0.002 107.39
0.369 0.003 107.42
0.369 0.001 107.46
0.37 0.002 107.49
0.372 0.004 107.52
0.374 0.003 107.56
0.375 0.002 107.59
0.375 0.001 107.62
0.374 0.001 107.66
0.375 0.003 107.69
0.376 0.002 107.72
0.377 0.004 107.76
0.377 0.004 107.79
0.374 0.004 107.83
0.369 0.004 107.86
0.367 0.004 107.89
0.365 0.003 107.92
0.366 0.005 107.96
0.366 0.006 107.99
0.364 0.005 108.02
0.362 0.003 108.06
0.36 0.002 108.09
0.36 0.001 108.12
0.36 0.001 108.16
0.361 0.002 108.19
0.362 0.004 108.22
0.363 0.002 108.26
0.364 0.002 108.29
0.364 0.002 108.33
0.364 0.002 108.36
0.364 0.003 108.39
0.363 0.001 108.42
0.362 0.004 108.46
0.362 0.002 108.49
0.362 0.004 108.52
0.364 0.003 108.56
0.368 0.004 108.59
0.371 0.005 108.62
0.376 0.005 108.66
0.381 0.009 108.69
0.387 0.008 108.72
0.393 0.009 108.76
0.399 0.008 108.79
0.405 0.006 108.82
0.409 0.005 108.86
0.412 0.006 108.89
0.416 0.005 108.92
0.418 0.005 108.96
0.422 0.005 108.99
0.425 0.006 109.02
0.429 0.006 109.06
0 0 109.09
0.437 0.015 109.12
0.44 0.008 109.16
0.445 0.009 109.19
0.45 0.011 109.22
0.456 0.01 109.26
0.464 0.01 109.29
0 0 109.32
0 0 109.35
0 0 109.39
0 0 109.42
0 0 109.45
0 0 109.49
0 0 109.52
0 0 109.56
0 0 109.59
0 0 109.62
0 0 109.66
0 0 109.69
0 0 109.72
0 0 109.75
0 0 109.79
0 0 109.82
0 0 109.85
0 0 109.89
0 0 109.92
0 0 109.95
0 0 109.99
0 0 110.02
0 0 110.05
0 0 110.09
0 0 110.12
0 0 110.16
0 0 110.19
0 0 110.22
0 0 110.25
0 0 110.29
0 0 110.32
0 0 110.35
0 0 110.39
0 0 110.42
0 0 110.45
0 0 110.49
0 0 110.52
0 0 110.56
0 0 110.59
0 0 110.62
0 0 110.65
0 0 110.69
0 0 110.72
0 0 110.75
0 0 110.79
0 0 110.82
0 0 110.85
0 0 110.89
0 0 110.92
0 0 110.95
0 0 110.99
0 0 111.02
0 0 111.05
0 0 111.09
0 0 111.12
0 0 111.16
0 0 111.19
0 0 111.22
0 0 111.25
0 0 111.29
0 0 111.32
0 0 111.35
0 0 111.39
0 0 111.42
0 0 111.45
0 0 111.49
0 0 111.52
0 0 111.55
0 0 111.59
0 0 111.62
0 0 111.65
0 0 111.69
0 0 111.72
0 0 111.75
0 0 111.79
0 0 111.82
0 0 111.85
0 0 111.89
0 0 111.92
0 0 111.95
0 0 111.99
0 0 112.02
0 0 112.05
0 0 112.09
0.553 0.102 112.12
0.55 0.005 112.16
0.546 0.006 112.19
0 0 112.22
0 0 112.25
0 0 112.29
0.535 0.016 112.32
0 0 112.35
0.527 0.011 112.39
0.524 0.005 112.42
0 0 112.45
0.515 0.012 112.49
0.512 0.006 112.52
0.509 0.006 112.56
0.506 0.005 112.59
0.502 0.005 112.62
0.498 0.005 112.66
0.493 0.005 112.69
0.488 0.005 112.72
0.482 0.007 112.76
0.476 0.008 112.79
0.468 0.008 112.82
0.457 0.011 112.86
0.447 0.011 112.89
0.434 0.013 112.92
0.422 0.014 112.96
0.41 0.014 112.99
0.398 0.014 113.02
0.387 0.013 113.06
0.377 0.013 113.09
0.366 0.013 113.12
0.357 0.011 113.16
0.352 0.009 113.19
0.349 0.007 113.22
0.349 0.007 113.26
0.35 0.002 113.29
0.349 0.001 113.33
0.35 0.001 113.36
0.352 0.003 113.39
0.354 0.003 113.42
0.357 0.003 113.46
0.359 0.003 113.49
0.363 0.004 113.52
0.366 0.004 113.56
0.37 0.004 113.59
0.373 0.004 113.62
0.374 0.002 113.66
0.373 0.003 113.69
0.369 0.004 113.72
0.367 0.005 113.76
0.366 0.004 113.79
0.364 0.004 113.82
0.359 0.005 113.86
0.357 0.004 113.89
0.358 0.004 113.92
0.357 0.004 113.96
0.358 0.002 113.99
0.359 0.004 114.02
0.363 0.005 114.06
0.366 0.005 114.09
0.368 0.002 114.12
0.369 0.002 114.16
0.369 0.0 114.19
0.368 0.001 114.23
0.367 0.001 114.26
0.366 0.002 114.29
0.365 0.002 114.32
0.362 0.004 114.36
0.36 0.005 114.39
0.359 0.005 114.42
0.358 0.006 114.46
0.357 0.005 114.49
0.356 0.005 114.52
0.355 0.004 114.56
0.356 0.002 114.59
0.357 0.003 114.62
0.356 0.002 114.66
0.354 0.002 114.69
0.353 0.002 114.72
0.351 0.002 114.76
0.35 0.002 114.79
0.349 0.001 114.82
0.349 0.001 114.86
0.35 0.002 114.89
0.351 0.003 114.92
0.353 0.005 114.96
0.357 0.008 114.99
0.36 0.011 115.02
0.366 0.014 115.06
0.373 0.017 115.09
0.384 0.02 115.12
0.397 0.021 115.16
0.415 0.023 115.19
0 0 115.22
0 0 115.25
0.479 0.074 115.29
0 0 115.32
0 0 115.35
0 0 115.39
0 0 115.42
0 0 115.45
0 0 115.49
0 0 115.52
0 0 115.55
0 0 115.59
0 0 115.62
0 0 115.65
0 0 115.69
0 0 115.72
0 0 115.75
0 0 115.79
0 0 115.82
0 0 115.85
0 0 115.89
0 0 115.92
0 0 115.95
0 0 115.99
0 0 116.02
0 0 116.05
0 0 116.09
0 0 116.12
0 0 116.15
0 0 116.19
0 0 116.22
0 0 116.25
0 0 116.29
0 0 116.32
0 0 116.35
0 0 116.39
