0 0 32.54
0 0 32.58
0 0 32.61
0 0 32.64
0 0 32.68
0 0 32.71
0 0 32.74
0 0 32.78
0 0 32.81
0 0 32.84
0 0 32.88
0 0 32.91
0 0 32.94
0 0 32.98
0 0 33.01
0 0 33.04
0 0 33.08
0 0 33.11
0 0 33.14
0 0 33.18
0 0 33.21
0 0 33.24
0 0 33.28
0 0 33.31
0 0 33.35
0 0 33.38
0 0 33.41
0 0 33.44
0 0 33.48
0 0 33.51
0 0 33.54
0 0 33.58
0 0 33.61
0 0 33.64
0 0 33.68
0 0 33.71
0 0 33.74
0 0 33.78
0 0 33.81
0 0 33.84
0 0 33.88
0 0 33.91
0 0 33.94
0 0 33.98
0 0 34.01
0 0 34.04
0 0 34.08
0 0 34.11
0 0 34.14
0 0 34.18
0 0 34.21
0 0 34.24
0 0 34.28
0 0 34.31
0 0 34.35
0 0 34.38
0 0 34.41
0 0 34.44
0 0 34.48
0 0 34.51
0 0 34.54
0 0 34.58
0 0 34.61
0 0 34.64
0 0 34.68
0 0 34.71
0 0 34.74
0 0 34.78
0 0 34.81
0 0 34.84
0 0 34.88
0 0 34.91
0 0 34.94
0 0 34.98
0 0 35.01
0 0 35.04
0 0 35.08
0 0 35.11
0 0 35.14
0 0 35.18
0 0 35.21
0 0 35.24
0 0 35.28
0 0 35.31
0 0 35.34
0 0 35.38
0 0 35.41
0 0 35.45
0 0 35.48
0 0 35.51
0 0 35.55
0 0 35.58
0 0 35.61
0.449 0.138 35.65
0.434 0.017 35.68
0.427 0.017 35.71
0.415 0.018 35.75
0.403 0.02 35.78
0.397 0.022 35.81
0.386 0.024 35.85
0.381 0.027 35.88
0.378 0.026 35.91
0.365 0.025 35.95
0.354 0.023 35.98
0.347 0.021 36.01
0.348 0.018 36.05
0.339 0.017 36.08
0.339 0.015 36.11
0.338 0.011 36.15
0.34 0.011 36.18
0.339 0.005 36.21
0.335 0.01 36.25
0.332 0.004 36.28
0.33 0.003 36.31
0.327 0.003 36.35
0.335 0.003 36.38
0.336 0.002 36.41
0.328 0.013 36.45
0.335 0.004 36.48
0.332 0.008 36.51
0.333 0.007 36.54
0.336 0.013 36.58
0.336 0.013 36.61
0.338 0.014 36.64
0.348 0.016 36.68
0.354 0.018 36.71
0.363 0.02 36.74
0.375 0.023 36.78
0.395 0.026 36.81
0.41 0.028 36.85
0.426 0.029 36.88
0.452 0.029 36.91
0.472 0.027 36.95
0 0 36.98
0 0 37.01
0 0 37.04
0 0 37.08
0 0 37.11
0 0 37.14
0 0 37.18
0 0 37.21
0 0 37.24
0 0 37.28
0 0 37.31
0 0 37.34
0 0 37.38
0 0 37.41
0 0 37.44
0 0 37.48
0 0 37.51
0 0 37.54
0 0 37.58
0 0 37.61
0 0 37.64
0 0 37.68
0 0 37.71
0 0 37.74
0 0 37.78
0 0 37.81
0 0 37.84
0 0 37.88
0 0 37.91
0 0 37.94
0 0 37.98
0 0 38.01
0 0 38.04
0 0 38.08
0 0 38.11
0 0 38.14
0 0 38.18
0 0 38.21
0 0 38.24
0 0 38.28
0 0 38.31
0 0 38.34
0 0 38.38
0 0 38.41
0 0 38.44
0 0 38.48
0 0 38.51
0 0 38.54
0 0 38.58
0 0 38.61
0 0 38.64
0 0 38.68
0 0 38.71
0 0 38.74
0 0 38.78
0 0 38.81
0 0 38.84
0 0 38.88
0 0 38.91
0 0 38.94
0 0 38.98
0.593 0.068 39.01
0.566 0.029 39.04
0.546 0.027 39.08
0.528 0.029 39.11
0.507 0.031 39.14
0.482 0.034 39.18
0.465 0.029 39.21
0.455 0.028 39.25
0.442 0.025 39.28
0.435 0.022 39.31
0.428 0.019 39.35
0.418 0.016 39.38
0.41 0.013 39.41
0.405 0.01 39.44
0.4 0.008 39.48
0.397 0.006 39.52
0.395 0.005 39.55
0.395 0.005 39.58
0.396 0.003 39.61
0 0 39.64
0.398 0.005 39.68
0.399 0.006 39.71
0.4 0.007 39.74
0.403 0.006 39.78
0.404 0.009 39.81
0.407 0.011 39.85
0.408 0.014 39.88
0.409 0.018 39.91
0.416 0.022 39.94
0.42 0.026 39.98
0.435 0.029 40.01
0.455 0.033 40.04
0.476 0.034 40.08
0.492 0.034 40.11
0.525 0.038 40.14
0.56 0.039 40.18
0 0 40.21
0.624 0.067 40.24
0 0 40.28
0 0 40.31
0 0 40.34
0 0 40.38
0 0 40.41
0 0 40.44
0 0 40.48
0 0 40.51
0 0 40.55
0 0 40.58
0 0 40.61
0 0 40.64
0 0 40.68
0 0 40.71
0 0 40.74
0.727 0.118 40.78
0 0 40.81
0 0 40.84
0 0 40.87
0 0 40.91
0 0 40.94
0 0 40.98
0 0 41.01
0 0 41.04
0 0 41.07
0 0 41.11
0 0 41.14
0 0 41.18
0 0 41.21
0 0 41.24
0 0 41.28
0 0 41.31
0 0 41.34
0.728 0.04 41.38
0 0 41.41
0 0 41.44
0 0 41.48
0 0 41.51
0 0 41.54
0 0 41.58
0 0 41.61
0 0 41.64
0 0 41.68
0 0 41.71
0 0 41.74
0 0 41.78
0 0 41.81
0 0 41.84
0 0 41.87
0 0 41.91
0 0 41.94
0 0 41.97
0 0 42.01
0 0 42.04
0 0 42.07
0 0 42.11
0 0 42.14
0 0 42.18
0 0 42.21
0 0 42.24
0 0 42.27
0 0 42.31
0 0 42.34
0 0 42.37
0 0 42.41
0 0 42.44
0 0 42.47
0 0 42.51
0.747 0.029 42.54
0 0 42.58
0 0 42.61
0 0 42.64
0 0 42.68
0 0 42.71
0 0 42.74
0.737 0.014 42.78
0.733 0.005 42.81
0 0 42.84
0.737 0.004 42.88
0 0 42.91
0.727 0.011 42.94
0 0 42.97
0.715 0.016 43.01
0 0 43.04
0 0 43.07
0 0 43.11
0 0 43.14
0 0 43.18
0.733 0.02 43.21
0 0 43.24
0 0 43.27
0.736 0.007 43.31
0 0 43.34
0 0 43.37
0 0 43.41
0 0 43.44
0 0 43.47
0 0 43.51
0 0 43.54
0 0 43.58
0 0 43.61
0 0 43.64
0 0 43.68
0 0 43.71
0 0 43.74
0 0 43.78
0 0 43.81
0 0 43.84
0 0 43.88
0 0 43.91
0 0 43.94
0 0 43.98
0 0 44.01
0 0 44.04
0 0 44.08
0 0 44.11
0 0 44.14
0 0 44.18
0 0 44.21
0 0 44.24
0 0 44.28
0 0 44.31
0 0 44.34
0.649 0.094 44.38
0.623 0.025 44.41
0.604 0.021 44.44
0.578 0.027 44.48
0.562 0.024 44.51
0.536 0.028 44.54
0.518 0.027 44.58
0.494 0.029 44.61
0.473 0.028 44.64
0.464 0.031 44.68
0.439 0.033 44.71
0.425 0.027 44.74
0.417 0.026 44.78
0.407 0.023 44.81
0.401 0.02 44.85
0.399 0.018 44.88
0.394 0.015 44.91
0.39 0.013 44.95
0.387 0.011 44.98
0.387 0.009 45.01
0.385 0.006 45.04
0.385 0.005 45.08
0.385 0.003 45.11
0.383 0.003 45.14
0.384 0.001 45.18
0.386 0.005 45.21
0.388 0.004 45.25
0 0 45.28
0.39 0.013 45.31
0.393 0.007 45.34
0 0 45.38
0.392 0.023 45.41
0.393 0.017 45.44
0.396 0.02 45.48
0.411 0.029 45.52
0.406 0.034 45.55
0.421 0.028 45.58
0.422 0.03 45.61
0.433 0.023 45.64
0.445 0.021 45.68
0.457 0.02 45.71
0.468 0.019 45.74
0.476 0.018 45.78
0.485 0.017 45.81
0.503 0.02 45.84
0.51 0.017 45.88
0.528 0.02 45.91
0.551 0.024 45.94
0.566 0.017 45.98
0.592 0.027 46.01
0.612 0.021 46.04
0 0 46.07
0 0 46.11
0 0 46.14
0 0 46.18
0 0 46.21
0 0 46.24
0 0 46.27
0 0 46.31
0 0 46.34
0 0 46.37
0 0 46.41
0 0 46.44
0 0 46.47
0 0 46.51
0 0 46.54
0 0 46.57
0 0 46.61
0 0 46.64
0 0 46.68
0 0 46.71
0 0 46.74
0 0 46.77
0 0 46.81
0 0 46.84
0 0 46.87
0 0 46.91
0 0 46.94
0 0 46.97
0 0 47.01
0 0 47.04
0 0 47.08
0 0 47.11
0 0 47.14
0 0 47.18
0 0 47.21
0 0 47.24
0 0 47.27
0 0 47.31
0 0 47.34
0 0 47.38
0 0 47.41
0 0 47.44
0 0 47.47
0 0 47.51
0 0 47.54
0 0 47.58
0 0 47.61
0 0 47.64
0 0 47.68
0 0 47.71
0 0 47.74
0 0 47.77
0 0 47.81
0 0 47.84
0 0 47.87
0 0 47.91
0 0 47.94
0 0 47.97
0 0 48.01
0 0 48.04
0 0 48.07
0 0 48.11
0 0 48.14
0 0 48.18
0 0 48.21
0 0 48.24
0 0 48.27
0 0 48.31
0 0 48.34
0 0 48.37
0 0 48.41
0 0 48.44
0 0 48.47
0 0 48.51
0 0 48.54
0 0 48.57
0 0 48.61
0 0 48.64
0 0 48.68
0 0 48.71
0 0 48.74
0 0 48.77
0 0 48.81
0 0 48.84
0 0 48.87
0 0 48.91
0 0 48.94
0 0 48.97
0 0 49.01
0 0 49.04
0 0 49.07
0 0 49.11
0 0 49.14
0 0 49.18
0 0 49.21
0 0 49.24
0 0 49.28
0 0 49.31
0 0 49.34
0 0 49.37
0 0 49.41
0 0 49.44
0 0 49.48
0 0 49.51
0 0 49.54
0 0 49.58
0 0 49.61
0 0 49.64
0 0 49.67
0 0 49.71
0 0 49.74
0 0 49.77
0 0 49.81
0 0 49.84
0 0 49.87
0 0 49.91
0 0 49.94
0 0 49.97
0 0 50.01
0 0 50.04
0 0 50.08
0 0 50.11
0 0 50.14
0 0 50.18
0 0 50.21
0 0 50.24
0 0 50.28
0 0 50.31
0 0 50.34
0 0 50.37
0 0 50.41
0 0 50.44
0 0 50.47
0 0 50.51
0 0 50.54
0 0 50.57
0 0 50.61
0 0 50.64
0 0 50.67
0 0 50.71
0 0 50.74
0 0 50.77
0 0 50.81
0 0 50.84
0 0 50.87
0 0 50.91
0 0 50.94
0 0 50.97
0 0 51.01
0 0 51.04
0 0 51.07
0 0 51.11
0 0 51.14
0 0 51.17
0 0 51.21
0 0 51.24
0 0 51.27
0 0 51.31
0 0 51.34
0 0 51.37
0 0 51.41
0 0 51.44
0 0 51.47
0 0 51.51
0 0 51.54
0 0 51.57
0 0 51.61
0 0 51.64
0 0 51.67
0 0 51.71
0 0 51.74
0 0 51.77
0 0 51.81
0 0 51.84
0 0 51.87
0 0 51.91
0 0 51.94
0 0 51.97
0 0 52.01
0 0 52.04
0 0 52.07
0 0 52.11
0 0 52.14
0 0 52.18
0 0 52.21
0 0 52.24
0 0 52.27
0 0 52.31
0 0 52.34
0 0 52.37
0 0 52.41
0 0 52.44
0 0 52.47
0 0 52.51
0 0 52.54
0 0 52.57
0 0 52.61
0 0 52.64
0 0 52.67
0 0 52.71
0 0 52.74
0 0 52.77
0 0 52.81
0 0 52.84
0 0 52.87
0 0 52.91
0 0 52.94
0 0 52.97
0 0 53.01
0 0 53.04
0 0 53.07
0 0 53.11
0 0 53.14
0 0 53.17
0 0 53.21
0 0 53.24
0 0 53.27
0 0 53.31
0 0 53.34
0 0 53.37
0 0 53.41
0.617 0.15 53.44
0 0 53.47
0 0 53.51
0 0 53.54
0 0 53.58
0 0 53.61
0 0 53.64
0 0 53.67
0 0 53.71
0 0 53.74
0 0 53.77
0 0 53.81
0 0 53.84
0 0 53.87
0 0 53.91
0 0 53.94
0 0 53.97
0 0 54.01
0 0 54.04
0 0 54.07
0 0 54.11
