0 0 10.98
0.827 0.005 11.03
0 0 11.04
0.831 0.007 11.08
0.827 0.008 11.12
0.829 0.003 11.14
0.833 0.003 11.17
0 0 11.19
0 0 11.23
0.849 0.017 11.27
0 0 11.3
0 0 11.35
0 0 11.38
0 0 11.41
0.896 0.039 11.44
0 0 11.46
0 0 11.5
0.908 0.021 11.53
0 0 11.56
0.941 0.03 11.6
0 0 11.9
0 0 11.92
0.963 0.018 11.95
0 0 11.99
0 0 12.01
0 0 12.04
0 0 12.08
0 0 12.1
0 0 12.13
0 0 12.16
0 0 12.19
0 0 12.22
0 0 12.25
0 0 12.28
0 0 12.31
0 0 12.33
0 0 12.36
0 0 12.38
0 0 12.41
0 0 12.43
0 0 12.45
0 0 12.48
0 0 12.51
0 0 12.54
0 0 12.57
0 0 12.6
0 0 12.62
0 0 12.65
0 0 12.68
0.863 0.133 12.72
0 0 12.74
0 0 12.77
0.806 0.06 12.81
0.773 0.034 12.84
0.761 0.013 12.87
0.741 0.023 12.9
0.72 0.021 12.93
0 0 12.96
0.686 0.035 12.98
0.672 0.014 13.02
0.654 0.019 13.04
0.645 0.01 13.07
0 0 13.1
0 0 13.13
0.614 0.041 13.16
0 0 13.18
0.595 0.03 13.23
0.583 0.018 13.25
0 0 13.28
0.558 0.039 13.32
0.549 0.02 13.35
0.536 0.018 13.38
0 0 13.4
0.526 0.027 13.44
0 0 13.46
0 0 13.49
0 0 13.52
0 0 13.54
0 0 13.57
0 0 13.59
0 0 13.64
0 0 13.67
0 0 13.7
0 0 13.73
0.532 0.018 13.76
0 0 13.81
0 0 13.84
0.553 0.021 13.87
0.551 0.005 13.91
0 0 13.93
0 0 13.96
0.557 0.006 14.0
0.554 0.005 14.03
0.554 0.002 14.07
0 0 14.1
0.56 0.003 14.14
0.558 0.004 14.18
0.552 0.008 14.21
0.551 0.003 14.25
0.552 0.003 14.28
0.552 0.002 14.31
0 0 14.33
0.55 0.005 14.37
0.556 0.008 14.4
0.557 0.004 14.43
0.555 0.004 14.46
0.556 0.005 14.5
0.558 0.005 14.54
0.557 0.004 14.57
0.559 0.006 14.62
0.561 0.003 14.65
0.566 0.007 14.68
0.563 0.006 14.71
0.567 0.006 14.75
0.57 0.003 14.78
0.572 0.002 14.81
0.569 0.004 14.84
0.573 0.005 14.87
0.571 0.003 14.9
0.572 0.001 14.93
0.569 0.003 14.97
0.567 0.003 15.0
0 0 15.03
0.565 0.008 15.07
0.563 0.006 15.1
0 0 15.13
0.559 0.014 15.17
0 0 15.2
0 0 15.23
0 0 15.26
0 0 15.29
0 0 15.34
0 0 15.37
0 0 15.4
0 0 15.43
0 0 15.46
0 0 15.5
0.542 0.025 15.53
0 0 15.56
0.55 0.008 15.6
0.553 0.003 15.63
0.552 0.002 15.66
0 0 15.7
0.556 0.005 15.73
0 0 15.76
0 0 15.8
0 0 15.83
0 0 15.86
0.568 0.013 15.9
0 0 15.93
0 0 15.96
0.575 0.01 16.01
0.58 0.007 16.05
0.577 0.003 16.07
0.578 0.004 16.1
0.578 0.005 16.13
0.579 0.005 16.17
0 0 16.2
0.576 0.008 16.23
0.579 0.007 16.27
0.574 0.005 16.3
0 0 16.35
0.574 0.006 16.39
0.569 0.007 16.42
0.57 0.002 16.45
0 0 16.48
0 0 16.51
0.569 0.002 16.54
0.568 0.002 16.58
0.563 0.005 16.61
0.563 0.004 16.64
0.556 0.011 16.67
0.555 0.006 16.7
0 0 16.73
0 0 16.76
0 0 16.79
0 0 16.83
0 0 16.86
0.531 0.025 16.9
0 0 16.93
0 0 16.97
0 0 17.01
0 0 17.04
0 0 17.07
0 0 17.12
0 0 17.14
0 0 17.17
0 0 17.2
0 0 17.23
0 0 17.26
0 0 17.29
0.53 0.013 17.33
0 0 17.36
0.527 0.004 17.4
0 0 17.43
0 0 17.46
0 0 17.5
0.526 0.008 17.53
0 0 17.56
0 0 17.6
0 0 17.63
0 0 17.66
0 0 17.7
0 0 17.73
0 0 17.76
0 0 17.8
0 0 17.83
0 0 17.86
0 0 17.9
0 0 17.93
0 0 17.96
0 0 18.0
0 0 18.03
0 0 18.08
0 0 18.1
0 0 18.14
0 0 18.17
0 0 18.2
0 0 18.25
0 0 18.28
0 0 18.31
0.506 0.02 18.35
0 0 18.37
0.522 0.02 18.41
0 0 18.45
0.522 0.011 18.48
0.531 0.009 18.51
0.532 0.007 18.55
0.53 0.005 18.58
0.533 0.004 18.61
0.532 0.005 18.64
0.529 0.006 18.68
0.52 0.005 18.71
0.516 0.004 18.74
0.511 0.006 18.79
0 0 18.81
0 0 18.84
0 0 18.89
0 0 18.92
0 0 18.94
0 0 18.97
0 0 19.0
0 0 19.04
0 0 19.08
0 0 19.11
0 0 19.14
0.492 0.019 19.17
0.498 0.008 19.21
0.493 0.004 19.24
0.497 0.008 19.27
0.497 0.004 19.3
0 0 19.33
0 0 19.36
0.493 0.016 19.4
0 0 19.43
0 0 19.47
0 0 19.49
0 0 19.53
0.483 0.02 19.56
0.483 0.003 19.61
0.489 0.006 19.64
0.489 0.005 19.68
0.497 0.008 19.72
0.507 0.01 19.75
0.512 0.01 19.78
0.523 0.013 19.81
0.539 0.017 19.85
0.546 0.013 19.88
0.564 0.022 19.91
0.576 0.015 19.94
0.588 0.015 19.97
0.595 0.017 20.0
0.612 0.017 20.03
0.619 0.011 20.06
0.63 0.012 20.13
0.638 0.013 20.15
0.646 0.009 20.19
0.657 0.016 20.22
0.665 0.01 20.25
0.678 0.014 20.28
0.683 0.007 20.31
0.685 0.008 20.34
0.695 0.012 20.38
0.704 0.01 20.41
0.703 0.005 20.44
0.71 0.009 20.46
0.721 0.011 20.5
0.727 0.006 20.53
0.73 0.008 20.56
0.735 0.005 20.59
0.74 0.006 20.63
0.74 0.005 20.66
0.743 0.004 20.7
0.75 0.007 20.73
0.749 0.004 20.77
0.748 0.001 20.8
0.753 0.006 20.83
0.764 0.011 20.86
0.752 0.008 20.9
0.754 0.003 20.93
0.761 0.007 20.98
0.756 0.002 21.02
0.763 0.007 21.05
0.758 0.005 21.08
0.758 0.008 21.12
0.756 0.002 21.16
0.761 0.006 21.19
0.761 0.004 21.22
0.762 0.001 21.26
0.766 0.003 21.29
0.758 0.004 21.31
0.762 0.004 21.35
0.77 0.009 21.38
0.769 0.003 21.41
0.766 0.004 21.43
0.767 0.005 21.46
0.775 0.012 21.51
0.765 0.008 21.54
0.769 0.008 21.57
0.765 0.006 21.6
0.773 0.01 21.63
0.778 0.01 21.66
0.763 0.015 21.7
0.762 0.001 21.73
0.761 0.002 21.76
0.763 0.002 21.8
0.764 0.002 21.83
0.763 0.003 21.87
0.764 0.001 21.9
0.765 0.002 21.93
0.764 0.003 21.98
0.762 0.002 22.01
0.757 0.005 22.04
0.764 0.007 22.07
0.759 0.002 22.1
0 0 22.13
0.762 0.006 22.16
0.755 0.005 22.2
0.757 0.003 22.23
0 0 22.26
0 0 22.31
0 0 22.34
0.752 0.008 22.37
0.749 0.004 22.4
0.748 0.003 22.43
0.751 0.004 22.48
0.751 0.002 22.5
0 0 22.53
0.758 0.01 22.56
0 0 22.59
0 0 22.63
0 0 22.66
0.736 0.021 22.71
0.734 0.004 22.74
0 0 22.76
0 0 22.8
0.733 0.007 22.83
0.729 0.003 22.86
0.726 0.003 22.91
0.728 0.003 22.94
0 0 22.96
0 0 22.99
0 0 23.04
0.704 0.021 23.08
0 0 23.12
0 0 23.16
0.693 0.013 23.19
0.685 0.008 23.22
0 0 23.25
0.686 0.004 23.27
0 0 23.29
0.695 0.009 23.33
0 0 23.36
0.697 0.006 23.4
0.701 0.004 23.44
0 0 23.47
0.702 0.005 23.5
0 0 23.53
0.695 0.009 23.58
0 0 23.6
0 0 23.63
0 0 23.66
0 0 23.7
0 0 23.73
0 0 23.76
0 0 23.8
0 0 23.84
0 0 23.87
0 0 23.9
0 0 23.93
0 0 23.96
0 0 24.0
0 0 24.03
0 0 24.08
0 0 24.1
0 0 24.13
0 0 24.17
0 0 24.2
0 0 24.23
0 0 24.26
0 0 24.29
0 0 24.33
0 0 24.36
0 0 24.39
0 0 24.45
0 0 24.49
0 0 24.52
0 0 24.55
0 0 24.58
0 0 24.6
0 0 24.63
0 0 24.66
0 0 24.69
0 0 24.73
0 0 24.76
0 0 24.79
0 0 24.83
0 0 24.86
0 0 24.89
0 0 24.93
0 0 24.96
0 0 25.0
0 0 25.03
0 0 25.06
0 0 25.1
0 0 25.14
0 0 25.17
0 0 25.19
0 0 25.23
0 0 25.29
0 0 25.31
0 0 25.34
0 0 25.37
0 0 25.4
0 0 25.45
0 0 25.49
0 0 25.53
0 0 25.56
0 0 25.59
0 0 25.62
0 0 25.65
0 0 25.68
0 0 25.7
0 0 25.73
0 0 25.76
0 0 25.79
0.631 0.066 25.83
0 0 25.86
0.64 0.009 25.92
0 0 25.95
0.627 0.013 25.99
0.632 0.006 26.02
0.629 0.004 26.05
0.627 0.001 26.08
0.628 0.001 26.11
0.637 0.01 26.14
0.625 0.012 26.17
0.629 0.005 26.21
0.627 0.003 26.24
0.629 0.002 26.27
0.629 0.001 26.3
0.631 0.002 26.33
0.631 0.001 26.41
0.631 0.001 26.44
0.628 0.002 26.47
0.629 0.002 26.5
0.628 0.002 26.53
0.631 0.003 26.56
0.634 0.003 26.59
0.627 0.004 26.62
0.629 0.002 26.66
0.631 0.001 26.68
0 0 26.71
0 0 26.75
0.626 0.004 26.78
0 0 26.8
0.63 0.006 26.86
0.64 0.01 26.89
0.626 0.014 26.92
0.626 0.001 26.95
0.626 0.0 26.98
0.625 0.001 27.01
0.625 0.002 27.05
0.625 0.0 27.08
0.624 0.002 27.11
0.623 0.0 27.15
0.623 0.001 27.19
0.622 0.001 27.22
0.625 0.003 27.25
0.626 0.003 27.28
0.623 0.003 27.32
0.622 0.001 27.35
0.623 0.003 27.4
0.621 0.002 27.42
0.62 0.001 27.45
0.623 0.006 27.48
0.621 0.002 27.52
0.622 0.001 27.55
0.622 0.001 27.58
0.62 0.001 27.61
0.619 0.001 27.64
0.623 0.004 27.67
0.623 0.001 27.73
0.619 0.004 27.76
0.62 0.002 27.8
0.619 0.005 27.82
0.617 0.003 27.86
0.617 0.001 27.89
0.614 0.001 27.92
0.613 0.001 27.95
0.613 0.001 27.98
0.615 0.002 28.02
0.609 0.001 28.04
0.606 0.004 28.07
0.607 0.001 28.11
0.606 0.001 28.14
0.604 0.001 28.17
0.603 0.001 28.2
0.601 0.002 28.23
0.602 0.003 28.26
0.601 0.001 28.3
0.605 0.004 28.33
0.598 0.005 28.36
0.603 0.005 28.4
0.601 0.003 28.43
0.599 0.002 28.46
0.599 0.003 28.5
0.6 0.001 28.53
0.599 0.002 28.56
0.609 0.014 28.59
0.615 0.006 28.63
0.597 0.019 28.66
0.614 0.021 28.7
0.595 0.019 28.74
0.596 0.001 28.77
0.594 0.0 28.81
0.595 0.002 28.84
0.592 0.004 28.87
0.597 0.011 28.92
0.589 0.009 28.95
0.587 0.002 28.98
0.589 0.002 29.01
0.606 0.019 29.04
0.588 0.02 29.07
0.603 0.017 29.1
0.586 0.013 29.14
0.583 0.002 29.17
0.587 0.004 29.2
0.579 0.007 29.25
0.581 0.003 29.28
0.584 0.004 29.31
0.6 0.02 29.34
0.579 0.023 29.37
0.584 0.006 29.4
0.582 0.002 29.43
0.581 0.002 29.46
0.586 0.005 29.49
0.585 0.002 29.53
0.588 0.006 29.56
0 0 29.59
0 0 29.62
0.591 0.007 29.66
0.589 0.001 29.7
0.591 0.003 29.73
0.593 0.002 29.76
0.596 0.006 29.8
0.598 0.002 29.83
0.597 0.001 29.86
0.604 0.01 29.89
0.603 0.001 29.93
0.606 0.004 29.96
0.604 0.001 30.0
0.612 0.009 30.04
0.606 0.006 30.07
0.606 0.006 30.11
0.608 0.002 30.14
0.608 0.002 30.17
0.611 0.003 30.22
0.604 0.004 30.26
0.611 0.009 30.28
0 0 30.3
0.614 0.006 30.34
0.608 0.006 30.37
0 0 30.4
0.612 0.007 30.43
0.615 0.004 30.46
0 0 30.49
0.617 0.002 30.53
0 0 30.56
0.611 0.004 30.59
0 0 30.63
0 0 30.66
0.609 0.004 30.71
0 0 30.74
0 0 30.76
0 0 30.85
0 0 30.88
0 0 30.91
0 0 30.93
0 0 30.96
0.61 0.01 30.98
0 0 31.0
0 0 31.04
0.615 0.005 31.07
0 0 31.1
0.616 0.004 31.13
0 0 31.16
0.615 0.002 31.19
0 0 31.22
0 0 31.26
0.625 0.01 31.3
0 0 31.33
0.621 0.002 31.36
0 0 31.4
0.615 0.005 31.43
0 0 31.46
0.633 0.021 31.49
0.629 0.006 31.54
0 0 31.57
0.643 0.019 31.62
0.644 0.006 31.64
0 0 31.67
0 0 31.69
0.652 0.012 31.73
0 0 31.76
0 0 31.79
0 0 31.82
0.664 0.019 31.86
0.675 0.012 31.89
0.673 0.006 31.94
0 0 31.97
0.689 0.019 32.0
0.705 0.017 32.03
0 0 32.06
0 0 32.09
0 0 32.12
0.746 0.044 32.16
0.738 0.016 32.19
0 0 32.22
0 0 32.26
0 0 32.31
0 0 32.35
0 0 32.37
0 0 32.4
0 0 32.43
0 0 32.47
0 0 32.5
0 0 32.53
0 0 32.56
0 0 32.59
0 0 32.62
0 0 32.66
0 0 32.69
0 0 32.73
0 0 32.78
0 0 32.81
0 0 32.84
0 0 32.87
0 0 32.89
0 0 32.92
0 0 32.96
0 0 32.99
0 0 33.03
0 0 33.06
0 0 33.09
0 0 33.12
0 0 33.16
0 0 33.19
0 0 33.22
0 0 33.26
0 0 33.3
0 0 33.32
0 0 33.36
0 0 33.39
0 0 33.43
0 0 33.46
0 0 33.49
0 0 33.53
0 0 33.58
0 0 33.6
0 0 33.63
0 0 33.66
0 0 33.69
0 0 33.73
0 0 33.76
0 0 33.8
0 0 33.82
0 0 33.88
0 0 33.91
0 0 33.93
0 0 33.96
0 0 33.99
0 0 34.02
0 0 34.06
0 0 34.09
0 0 34.12
0 0 34.16
0 0 34.21
0 0 34.24
0 0 34.27
0 0 34.3
0 0 34.33
0 0 34.36
0 0 34.4
0 0 34.43
0 0 34.46
0 0 34.49
0 0 34.52
0 0 34.56
0 0 34.59
0 0 34.62
0 0 34.66
0 0 34.69
0 0 34.73
0 0 34.76
0 0 34.8
0 0 34.83
0 0 34.86
0 0 34.9
0 0 34.93
0 0 34.96
0 0 35.0
0 0 35.03
0 0 35.07
0 0 35.1
0 0 35.14
0 0 35.19
0 0 35.21
0 0 35.23
0 0 35.26
0 0 35.3
0 0 35.33
0 0 35.36
0 0 35.39
0 0 35.43
0 0 35.46
0 0 35.49
0 0 35.53
0 0 35.56
0 0 35.59
0 0 35.63
0 0 35.66
0 0 35.71
0 0 35.73
0 0 35.76
0 0 35.79
0 0 35.82
0 0 35.87
0 0 35.9
0 0 35.95
0 0 35.98
0 0 36.01
0 0 36.05
0 0 36.08
0 0 36.11
0 0 36.14
0 0 36.17
0 0 36.19
0 0 36.24
0 0 36.26
0 0 36.32
0 0 36.36
0 0 36.39
0 0 36.42
0 0 36.45
0 0 36.48
0 0 36.51
0 0 36.54
0 0 36.57
0 0 36.62
0 0 36.65
0 0 36.68
0 0 36.7
0 0 36.73
0 0 36.76
0 0 36.79
0 0 36.82
0 0 36.86
0 0 36.89
0 0 36.93
0 0 36.96
0 0 37.0
0 0 37.03
0 0 37.06
0 0 37.09
0 0 37.13
0 0 37.16
0 0 37.19
0 0 37.22
0 0 37.26
0 0 37.3
0 0 37.33
0 0 37.36
0 0 37.39
0 0 37.43
0 0 37.46
0 0 37.49
0 0 37.53
0 0 37.56
0 0 37.6
0 0 37.64
0 0 37.67
0 0 37.7
0 0 37.73
0 0 37.76
0 0 37.79
0 0 37.83
0 0 37.86
0 0 37.89
0 0 37.96
0 0 37.98
0 0 38.01
0 0 38.05
0 0 38.08
0 0 38.1
0 0 38.14
0 0 38.17
0 0 38.2
0 0 38.25
0 0 38.27
0 0 38.29
0 0 38.33
0 0 38.36
0 0 38.39
0 0 38.42
0 0 38.46
0 0 38.52
0 0 38.54
0 0 38.57
0 0 38.61
0 0 38.64
0 0 38.67
0 0 38.7
0 0 38.72
0 0 38.76
0 0 38.79
0 0 38.82
0 0 38.86
0 0 38.91
0 0 38.93
0 0 38.96
0 0 38.99
0 0 39.03
0 0 39.06
0 0 39.09
0 0 39.12
0 0 39.16
0 0 39.19
0 0 39.22
0 0 39.26
0 0 39.29
0 0 39.32
0 0 39.36
0 0 39.39
0 0 39.43
0 0 39.46
0 0 39.49
0 0 39.52
0 0 39.56
0 0 39.59
0 0 39.62
0 0 39.66
0.65 0.248 39.69
0.638 0.014 39.73
0 0 39.76
0.623 0.025 39.79
0.611 0.014 39.83
0 0 39.86
0.595 0.025 39.89
0.582 0.014 39.93
0.575 0.013 39.96
0.562 0.014 39.99
0.55 0.014 40.03
0.542 0.014 40.06
0 0 40.09
0.522 0.022 40.13
0.51 0.014 40.16
0.507 0.01 40.19
0.497 0.01 40.23
0.492 0.007 40.26
0.491 0.007 40.29
0.484 0.008 40.34
0.478 0.006 40.39
0.475 0.009 40.42
0.47 0.007 40.46
0.465 0.007 40.49
0.464 0.008 40.51
0.461 0.004 40.54
0.456 0.006 40.57
0.458 0.004 40.61
0.453 0.006 40.64
0.447 0.006 40.67
0.441 0.008 40.7
0.438 0.012 40.74
0.436 0.006 40.76
0.429 0.009 40.8
0.43 0.006 40.83
0.425 0.007 40.86
0.421 0.006 40.89
0.416 0.007 40.93
0.423 0.005 40.96
0.42 0.005 40.99
0.418 0.004 41.03
0.414 0.005 41.06
0.414 0.007 41.09
0.408 0.006 41.13
0 0 41.16
0.413 0.006 41.21
0.411 0.003 41.24
0.416 0.002 41.26
0.415 0.002 41.3
0.416 0.002 41.33
0 0 41.36
0.422 0.003 41.43
0.423 0.003 41.46
0.429 0.002 41.48
0.429 0.003 41.52
0.428 0.004 41.55
0.43 0.006 41.57
0.437 0.006 41.61
0.437 0.005 41.64
0.434 0.006 41.67
0 0 41.7
0.438 0.002 41.74
0.44 0.004 41.77
0.439 0.001 41.8
0.441 0.005 41.85
0.442 0.002 41.88
0 0 41.9
0.45 0.004 41.93
0.448 0.003 41.97
0.449 0.004 42.01
0.461 0.012 42.03
0 0 42.06
0 0 42.1
0 0 42.12
0 0 42.16
0 0 42.19
0 0 42.22
0.476 0.015 42.26
0 0 42.29
0 0 42.33
0 0 42.37
0.483 0.006 42.39
0 0 42.42
0 0 42.46
0.474 0.027 42.49
0 0 42.52
0.471 0.01 42.56
0 0 42.59
0 0 42.64
0 0 42.66
0 0 42.69
0 0 42.72
0 0 42.76
0 0 42.82
0.492 0.014 42.85
0 0 42.89
0.505 0.012 42.91
0.501 0.006 42.94
0 0 42.97
0.504 0.003 43.0
0.505 0.004 43.04
0.509 0.004 43.07
0.51 0.002 43.1
0.511 0.01 43.13
0 0 43.16
0.513 0.003 43.2
0.517 0.005 43.25
0.514 0.005 43.27
0.519 0.008 43.3
0.519 0.001 43.34
0.529 0.005 43.37
0.53 0.004 43.4
0.528 0.003 43.43
0.529 0.003 43.46
0 0 43.49
0.53 0.005 43.53
0.537 0.011 43.56
0.539 0.002 43.59
0.537 0.002 43.63
0.539 0.003 43.66
0.542 0.001 43.69
0.541 0.001 43.72
0.544 0.004 43.76
0.546 0.001 43.79
0.55 0.005 43.82
0.549 0.001 43.86
0.553 0.002 43.9
0.551 0.004 43.96
0.553 0.003 43.99
0.555 0.001 44.02
0 0 44.04
0.557 0.003 44.07
0.558 0.002 44.1
0.561 0.002 44.13
0.568 0.008 44.16
0 0 44.21
0.576 0.007 44.24
0 0 44.26
0.584 0.008 44.3
0.59 0.004 44.33
0 0 44.36
0.595 0.006 44.39
0 0 44.43
0.601 0.004 44.46
0.61 0.012 44.49
0.608 0.002 44.53
0.606 0.003 44.56
0.605 0.001 44.6
0.607 0.002 44.63
0 0 44.7
0.605 0.007 44.74
0 0 44.76
0.613 0.009 44.8
0 0 44.83
0.607 0.015 44.85
0.612 0.006 44.87
0.611 0.007 44.91
0.609 0.007 44.94
0.612 0.006 44.97
0.613 0.005 45.0
0.616 0.005 45.03
0.616 0.005 45.06
0.617 0.004 45.09
0.616 0.005 45.12
0.618 0.003 45.16
0.622 0.004 45.19
0.625 0.002 45.22
0.625 0.001 45.27
0.629 0.004 45.3
0.632 0.004 45.32
0.638 0.008 45.37
0 0 45.4
0.639 0.007 45.43
0.641 0.004 45.46
0.646 0.007 45.49
0.646 0.004 45.53
0.645 0.004 45.56
0.65 0.008 45.59
0.652 0.004 45.63
0.653 0.003 45.66
0.658 0.007 45.69
0.662 0.005 45.73
0.665 0.003 45.76
0.668 0.005 45.79
0.674 0.006 45.82
0.678 0.004 45.86
0.689 0.013 45.89
0.691 0.003 45.92
0.7 0.01 45.96
0.704 0.005 46.0
0.712 0.009 46.03
0.719 0.007 46.06
0.728 0.009 46.09
0.734 0.006 46.12
0.743 0.009 46.16
0.752 0.009 46.19
0.761 0.01 46.23
0.773 0.012 46.27
0.785 0.014 46.3
0.801 0.016 46.33
0.819 0.019 46.36
0.837 0.02 46.39
0.85 0.018 46.42
0.87 0.021 46.46
0.88 0.012 46.49
0 0 46.52
0.903 0.024 46.56
0.902 0.002 46.59
0.899 0.002 46.62
0.905 0.007 46.66
0.909 0.004 46.69
0 0 46.72
0.915 0.008 46.76
0.918 0.003 46.81
0.915 0.004 46.84
0.919 0.005 46.87
0.915 0.006 46.9
0.921 0.007 46.94
0.918 0.001 46.97
0.919 0.001 47.0
0.919 0.001 47.03
0.917 0.001 47.06
0.92 0.003 47.12
0.918 0.002 47.15
0 0 47.18
0 0 47.21
0.923 0.008 47.25
0.921 0.003 47.28
0 0 47.31
0.923 0.002 47.33
0.937 0.015 47.36
0 0 47.39
0.926 0.012 47.43
0.916 0.012 47.46
0.921 0.008 47.5
0 0 47.54
0.925 0.004 47.58
0.926 0.003 47.61
0.933 0.008 47.64
0.925 0.009 47.67
0 0 47.7
0 0 47.73
0 0 47.76
0.921 0.002 47.79
0 0 47.83
0.926 0.008 47.89
0 0 47.92
0.925 0.002 47.95
0 0 47.98
0.909 0.017 48.01
0.909 0.007 48.05
0.908 0.002 48.08
0.903 0.005 48.11
0.907 0.005 48.14
0.897 0.007 48.16
0.897 0.001 48.2
0.901 0.005 48.23
0.891 0.009 48.26
0.875 0.018 48.29
0 0 48.34
0.819 0.058 48.37
0 0 48.4
0.762 0.057 48.43
0.732 0.03 48.46
0 0 48.49
0 0 48.52
0 0 48.55
0.651 0.075 48.6
0 0 48.63
0 0 48.66
0.584 0.061 48.69
0 0 48.72
0.563 0.026 48.76
0 0 48.79
0 0 48.83
0 0 48.86
0.545 0.021 48.9
0.546 0.006 48.93
0 0 48.96
0.548 0.009 49.0
0.552 0.008 49.02
0.554 0.005 49.06
0.554 0.007 49.1
0 0 49.16
0.555 0.01 49.2
0.563 0.008 49.23
0.558 0.006 49.26
0.566 0.008 49.28
0.571 0.006 49.3
0.582 0.013 49.32
0 0 49.36
0 0 49.42
0 0 49.46
0.604 0.045 49.48
0 0 49.5
0 0 49.53
0 0 49.56
0 0 49.6
0 0 49.63
0 0 49.66
0 0 49.69
0 0 49.72
0 0 49.77
0 0 49.82
0 0 49.85
0 0 49.88
0 0 49.91
0.687 0.176 49.94
0 0 49.97
0 0 49.99
0.704 0.068 50.04
0 0 50.07
0.731 0.052 50.1
0.741 0.026 50.13
0.768 0.036 50.16
0.781 0.022 50.19
0.817 0.042 50.22
0.859 0.048 50.26
0.891 0.037 50.29
0.914 0.029 50.32
0.956 0.05 50.36
0 0 50.39
0 0 50.42
0 0 50.45
0 0 50.49
0 0 50.52
0 0 50.58
0 0 50.62
0 0 50.64
0 0 50.67
0 0 50.71
0 0 50.74
0 0 50.77
0 0 50.8
0 0 50.82
0 0 50.85
0 0 50.89
0 0 50.92
0 0 50.95
0 0 50.99
0 0 51.02
0 0 51.05
0 0 51.09
0 0 51.15
0 0 51.17
0 0 51.2
0 0 51.24
0 0 51.27
0 0 51.3
0 0 51.33
0 0 51.36
0 0 51.39
0 0 51.43
0 0 51.45
0 0 51.49
0 0 51.52
0 0 51.55
0 0 51.59
0 0 51.62
0 0 51.66
0 0 51.69
0 0 51.72
0 0 51.75
0 0 51.79
0 0 51.82
0 0 51.85
0 0 51.89
0 0 51.92
0 0 51.95
0 0 51.99
0 0 52.02
0 0 52.05
0 0 52.09
0 0 52.15
0 0 52.18
0 0 52.2
0 0 52.23
0 0 52.27
0 0 52.32
0 0 52.34
0.827 0.284 52.37
0 0 52.39
0 0 52.43
0.756 0.083 52.46
0.739 0.019 52.49
0.71 0.027 52.52
0.701 0.01 52.56
0.69 0.012 52.59
0.678 0.011 52.63
0.674 0.009 52.66
0.665 0.013 52.7
0.655 0.014 52.72
0.653 0.007 52.76
0.641 0.016 52.79
0.636 0.011 52.83
0.624 0.014 52.87
0.616 0.012 52.9
0.606 0.013 52.93
0.594 0.012 52.96
0.583 0.013 52.99
0.568 0.017 53.02
0.557 0.012 53.06
0.546 0.012 53.09
0.537 0.01 53.12
0.526 0.012 53.15
0.51 0.008 53.19
0 0 53.22
0 0 53.25
0 0 53.29
0 0 53.32
0 0 53.35
0 0 53.39
0 0 53.43
0 0 53.45
0 0 53.49
0 0 53.55
0 0 53.57
0 0 53.6
0 0 53.63
0 0 53.65
0 0 53.69
0 0 53.72
0 0 53.75
0 0 53.8
0 0 53.83
0 0 53.86
0 0 53.89
0 0 53.92
0 0 53.95
0 0 53.99
0 0 54.02
0 0 54.05
0 0 54.09
0 0 54.12
0 0 54.15
0 0 54.19
0 0 54.22
0 0 54.25
0 0 54.29
0 0 54.32
0 0 54.36
0 0 54.39
0 0 54.43
0 0 54.46
0 0 54.49
0 0 54.52
0 0 54.55
0.563 0.084 54.6
0.574 0.012 54.63
0.584 0.01 54.66
0.591 0.007 54.71
0.597 0.008 54.74
0.606 0.008 54.77
0 0 54.8
0.602 0.004 54.83
0.597 0.006 54.86
0.592 0.006 54.9
0.582 0.01 54.93
0.577 0.006 54.96
0.565 0.013 54.99
0.552 0.013 55.02
0 0 55.05
0 0 55.08
0 0 55.12
0 0 55.15
0 0 55.19
0 0 55.22
0 0 55.25
0 0 55.28
0 0 55.32
0 0 55.36
0 0 55.43
0 0 55.47
0 0 55.49
0 0 55.52
0 0 55.54
0 0 55.57
0 0 55.59
0 0 55.62
0 0 55.66
0 0 55.69
0 0 55.72
0 0 55.75
0.333 0.248 55.79
0.336 0.01 55.82
0 0 55.86
0.34 0.018 55.89
0.344 0.009 55.92
0.347 0.008 55.96
0.346 0.006 56.01
0.347 0.005 56.05
0.354 0.008 56.08
0.356 0.003 56.11
0.356 0.001 56.14
0.361 0.005 56.17
0 0 56.2
0.358 0.002 56.25
0.357 0.002 56.28
0.357 0.001 56.32
0.354 0.003 56.34
0.353 0.002 56.37
0 0 56.4
0.347 0.005 56.43
0 0 56.48
0.341 0.008 56.52
0.336 0.007 56.54
0.336 0.006 56.58
0.337 0.006 56.6
0.334 0.004 56.64
0.333 0.002 56.67
0.331 0.002 56.7
0.333 0.003 56.73
0.332 0.002 56.76
0.337 0.005 56.79
0.336 0.003 56.82
0.335 0.002 56.86
0.335 0.002 56.89
0.34 0.005 56.93
0.339 0.002 56.98
0 0 57.01
0.341 0.004 57.05
0 0 57.08
0.339 0.002 57.11
0.343 0.005 57.14
0.347 0.006 57.17
0 0 57.2
0.352 0.01 57.23
0.352 0.005 57.26
0.353 0.005 57.29
0.348 0.007 57.32
0.352 0.004 57.36
0.347 0.004 57.39
0.348 0.002 57.43
0.346 0.002 57.46
0.344 0.002 57.5
0.34 0.004 57.53
0.343 0.005 57.56
0.338 0.005 57.59
0.334 0.004 57.62
0.339 0.008 57.66
0 0 57.69
0.331 0.008 57.73
0 0 57.76
0 0 57.79
0 0 57.84
0 0 57.87
0 0 57.9
0 0 57.93
0.329 0.003 57.97
0.338 0.009 58.0
0 0 58.03
0.334 0.005 58.06
0 0 58.09
0.329 0.007 58.12
0.333 0.006 58.16
0.335 0.002 58.19
0.331 0.004 58.22
0.334 0.003 58.26
0 0 58.29
0 0 58.32
0.332 0.005 58.36
0.327 0.004 58.39
0.338 0.011 58.43
0.345 0.008 58.46
0.351 0.009 58.49
0.36 0.009 58.53
0.365 0.005 58.56
0.363 0.002 58.59
0.364 0.001 58.62
0.364 0.001 58.65
0.36 0.004 58.7
0.357 0.002 58.73
0.355 0.002 58.76
0.351 0.006 58.79
0.343 0.005 58.82
0.341 0.005 58.86
0.338 0.006 58.89
0 0 58.92
0.339 0.013 58.95
0.341 0.008 58.99
0.345 0.01 59.02
0.345 0.01 59.06
0.353 0.013 59.09
0.353 0.008 59.13
0.357 0.01 59.18
0.369 0.014 59.22
0.372 0.008 59.25
0.379 0.008 59.28
0.39 0.012 59.31
0.396 0.007 59.34
0.406 0.014 59.37
0.414 0.009 59.42
0.425 0.011 59.45
0.431 0.012 59.48
0.444 0.013 59.51
0.457 0.014 59.55
0.472 0.018 59.58
0.48 0.01 59.6
0.494 0.013 59.64
0.51 0.016 59.67
0.511 0.006 59.71
0.52 0.009 59.73
0.529 0.01 59.76
0.533 0.006 59.81
0.532 0.003 59.84
0.538 0.006 59.87
0.541 0.006 59.9
0.539 0.002 59.95
0.539 0.001 59.99
0.539 0.003 60.01
0 0 60.04
0.541 0.003 60.08
0.544 0.004 60.1
0.541 0.001 60.13
0.537 0.004 60.17
0.541 0.004 60.22
0.538 0.001 60.24
0 0 60.27
0 0 60.29
0.541 0.003 60.32
0.537 0.002 60.36
0.545 0.009 60.39
0 0 60.42
0 0 60.45
0.537 0.006 60.49
0 0 60.52
0.537 0.002 60.57
0.537 0.0 60.6
0.54 0.003 60.62
0 0 60.65
0.533 0.002 60.69
0 0 60.73
0.532 0.002 60.75
0 0 60.79
0.523 0.007 60.82
0.52 0.003 60.87
0.515 0.003 60.9
0.505 0.011 60.93
0.491 0.015 60.96
0.472 0.02 60.99
0.457 0.014 61.02
0.44 0.017 61.07
0.417 0.02 61.09
0.399 0.018 61.12
0.382 0.017 61.15
0.363 0.019 61.19
0.345 0.017 61.22
0.331 0.014 61.25
0.318 0.015 61.29
0.304 0.014 61.32
0.294 0.014 61.37
0.287 0.014 61.41
0.278 0.013 61.43
0.275 0.01 61.47
0.27 0.01 61.5
0.267 0.008 61.53
0.265 0.007 61.56
0.261 0.007 61.6
0.257 0.006 61.63
0.255 0.006 61.66
0.25 0.007 61.69
0.252 0.005 61.72
0.251 0.004 61.75
0.253 0.002 61.82
0.252 0.0 61.85
0.248 0.005 61.88
0.251 0.004 61.92
0.252 0.003 61.96
0 0 61.98
0.251 0.007 62.02
0.25 0.007 62.05
0.243 0.007 62.08
0.243 0.008 62.11
0.24 0.005 62.14
0.236 0.004 62.17
0 0 62.2
0.231 0.009 62.23
0.236 0.006 62.26
0.233 0.003 62.3
0.231 0.003 62.33
0.23 0.003 62.36
0.233 0.006 62.39
0.231 0.001 62.42
0 0 62.45
0.23 0.002 62.49
0.232 0.005 62.52
0.231 0.002 62.55
0.233 0.004 62.59
0.234 0.002 62.62
0 0 62.65
0.232 0.007 62.69
0.237 0.006 62.72
0.235 0.008 62.76
0.232 0.007 62.79
0.233 0.001 62.82
0.234 0.005 62.86
0.233 0.001 62.89
0.233 0.002 62.92
0.231 0.004 62.95
0.23 0.005 62.99
0.23 0.005 63.05
0.229 0.005 63.08
0.23 0.004 63.11
0.231 0.003 63.14
0.23 0.004 63.17
0.235 0.007 63.2
0.236 0.004 63.23
0.239 0.004 63.26
0.24 0.003 63.29
0.242 0.004 63.34
0.244 0.003 63.37
0.246 0.005 63.4
0.247 0.003 63.44
0.249 0.003 63.47
0 0 63.49
0.247 0.007 63.55
0.246 0.002 63.58
0.244 0.006 63.61
0.244 0.001 63.63
0.246 0.003 63.67
0.245 0.004 63.7
0.243 0.009 63.73
0.246 0.004 63.76
0.248 0.004 63.8
0.248 0.006 63.82
0.247 0.006 63.88
0.248 0.007 63.91
0.248 0.007 63.95
0.246 0.007 63.98
0.245 0.007 64.01
0.244 0.004 64.04
0.247 0.012 64.06
0.248 0.006 64.09
0 0 64.12
0.252 0.004 64.16
0.253 0.002 64.19
0.254 0.002 64.25
0.257 0.003 64.28
0.257 0.005 64.31
0.259 0.003 64.34
0.261 0.004 64.37
0.264 0.004 64.4
0.269 0.01 64.43
0.268 0.003 64.46
0.27 0.006 64.49
0.272 0.007 64.52
0.274 0.006 64.55
0.271 0.005 64.59
0.269 0.002 64.62
0.271 0.003 64.66
0.269 0.003 64.69
0.27 0.002 64.73
0.271 0.003 64.76
0.27 0.002 64.79
0.271 0.006 64.82
0.268 0.005 64.86
0 0 64.89
0.272 0.011 64.94
0 0 64.98
0.297 0.04 65.01
0.31 0.018 65.04
0.327 0.021 65.07
0.357 0.036 65.1
0.377 0.022 65.13
0.407 0.034 65.16
0.438 0.035 65.2
0.47 0.036 65.23
0.503 0.036 65.28
0.525 0.025 65.31
0.548 0.026 65.34
0.566 0.022 65.37
0 0 65.4
0 0 65.42
0.606 0.061 65.47
0 0 65.49
0.629 0.052 65.52
0.657 0.045 65.56
0 0 65.59
0 0 65.62
0 0 65.65
0 0 65.69
0 0 65.72
0 0 65.76
0 0 65.79
0 0 65.82
0 0 65.85
0 0 65.88
0 0 65.92
0 0 65.95
0 0 65.99
0 0 66.02
0 0 66.05
0 0 66.08
0 0 66.12
0 0 66.15
0 0 66.19
0 0 66.22
0 0 66.25
0 0 66.28
0 0 66.32
0 0 66.37
0 0 66.39
0 0 66.42
0 0 66.45
0 0 66.48
0 0 66.52
0 0 66.55
0 0 66.58
0 0 66.62
0 0 66.65
0 0 66.69
0 0 66.72
0 0 66.75
0 0 66.78
0 0 66.82
0 0 66.85
0 0 66.88
0 0 66.92
0 0 66.95
0 0 67.01
0 0 67.05
0 0 67.08
0 0 67.11
0 0 67.14
0 0 67.17
0 0 67.19
0 0 67.24
0 0 67.27
0 0 67.3
0 0 67.33
0 0 67.36
0 0 67.39
0 0 67.42
0 0 67.45
0 0 67.49
0 0 67.52
0 0 67.55
0 0 67.58
0 0 67.62
0 0 67.65
0 0 67.69
0 0 67.72
0 0 67.77
0 0 67.8
0 0 67.83
0 0 67.86
0 0 67.89
0 0 67.94
0 0 67.97
0 0 68.0
0 0 68.03
0 0 68.06
0 0 68.09
0 0 68.12
0 0 68.15
0 0 68.19
0 0 68.22
0 0 68.25
0 0 68.28
0 0 68.33
0 0 68.36
0 0 68.39
0 0 68.42
0 0 68.45
0 0 68.48
0 0 68.52
0 0 68.55
0 0 68.58
0 0 68.62
0 0 68.65
0 0 68.71
0 0 68.73
0 0 68.76
0 0 68.81
0 0 68.84
0 0 68.87
0 0 68.9
0 0 68.92
0 0 68.95
0 0 68.99
0 0 69.02
0 0 69.05
0 0 69.08
0 0 69.12
0 0 69.15
0 0 69.19
0 0 69.22
0 0 69.25
0 0 69.29
0 0 69.35
0 0 69.37
0 0 69.4
0 0 69.43
0 0 69.45
0 0 69.48
0 0 69.52
0 0 69.55
0 0 69.59
0 0 69.62
0 0 69.65
0 0 69.68
0 0 69.72
0 0 69.75
0 0 69.78
0 0 69.82
0 0 69.85
0 0 69.88
0 0 69.93
0 0 69.95
0 0 70.0
0 0 70.02
0 0 70.05
0 0 70.09
0 0 70.12
0 0 70.15
0 0 70.18
0 0 70.22
0 0 70.25
0 0 70.28
