0 0 2.31
0 0 2.38
0 0 2.39
0 0 2.42
0 0 2.43
0 0 2.44
0 0 2.46
0 0 2.47
0 0 2.5
0 0 2.54
0 0 2.57
0 0 2.6
0 0 2.64
0 0 2.67
0 0 2.7
0 0 2.74
0 0 2.77
0 0 2.82
0 0 2.84
0 0 2.87
0 0 2.9
0 0 2.94
0 0 2.97
0 0 3.01
0 0 3.05
0 0 3.09
0 0 3.12
0 0 3.15
0 0 3.17
0 0 3.21
0 0 3.26
0 0 3.29
0 0 3.32
0 0 3.35
0 0 3.38
0 0 3.4
0 0 3.44
0 0 3.47
0 0 3.51
0 0 3.54
0 0 3.58
0 0 3.61
0 0 3.64
0 0 3.67
0 0 3.71
0 0 3.74
0 0 3.77
0 0 3.82
0 0 3.84
0 0 3.89
0 0 3.93
0 0 3.95
0 0 4.0
0 0 4.03
0 0 4.04
0 0 4.07
0 0 4.11
0 0 4.14
0 0 4.17
0 0 4.21
0 0 4.24
0 0 4.27
0 0 4.31
0 0 4.34
0 0 4.37
0 0 4.41
0 0 4.44
0 0 4.47
0 0 4.5
0 0 4.54
0 0 4.57
0 0 4.61
0 0 4.64
0 0 4.67
0 0 4.71
0 0 4.74
0 0 4.77
0 0 4.82
0 0 4.85
0 0 4.88
0 0 4.9
0 0 4.94
0 0 5.0
0 0 5.02
0 0 5.05
0 0 5.07
0 0 5.11
0 0 5.14
0 0 5.17
0 0 5.21
0 0 5.24
0 0 5.28
0 0 5.31
0 0 5.34
0 0 5.37
0 0 5.41
0 0 5.44
0 0 5.47
0 0 5.51
0 0 5.54
0 0 5.58
0 0 5.61
0 0 5.67
0 0 5.69
0 0 5.72
0 0 5.75
0 0 5.79
0 0 5.82
0 0 5.85
0 0 5.87
0 0 5.91
0 0 5.94
0 0 5.97
0 0 6.01
0 0 6.04
0 0 6.07
0 0 6.11
0 0 6.17
0 0 6.19
0 0 6.21
0.522 39.985 6.24
0.512 0.486 6.27
0.498 0.63 6.31
0.49 0.427 6.34
0.483 0.427 6.38
0.469 0.47 6.41
0.456 0.737 6.44
0.447 0.619 6.49
0.437 0.362 6.52
0.427 0.669 6.55
0.421 0.711 6.58
0.414 0.645 6.61
0.403 0.656 6.64
0.401 0.615 6.67
0.395 0.445 6.71
0 0 6.74
0.387 0.568 6.78
0.382 0.17 6.81
0.379 0.159 6.84
0.378 0.196 6.88
0.374 0.105 6.91
0.372 0.214 6.94
0.369 0.118 6.97
0.37 0.32 7.01
0.366 0.143 7.04
0.366 0.203 7.08
0.365 0.152 7.11
0.361 0.219 7.14
0.356 0.124 7.18
0.356 0.249 7.21
0.354 0.168 7.24
0.353 0.173 7.27
0.349 0.134 7.3
0.347 0.111 7.34
0.345 0.092 7.37
0.344 0.087 7.41
0.339 0.11 7.44
0.339 0.162 7.47
0.338 0.078 7.5
0.332 0.129 7.54
0.332 0.092 7.58
0.331 0.047 7.61
0.33 0.064 7.64
0.327 0.056 7.67
0.328 0.114 7.71
0.326 0.05 7.74
0.326 0.07 7.77
0.325 0.039 7.81
0.328 0.2 7.84
0 0 7.87
0.329 0.169 7.91
0.329 0.07 7.94
0.327 0.147 7.97
0.326 0.088 8.01
0.324 0.061 8.04
0.324 0.151 8.07
0.323 0.146 8.11
0.32 0.115 8.14
0.319 0.052 8.18
0.319 0.099 8.21
0.317 0.027 8.24
0.319 0.145 8.28
0.316 0.051 8.31
0.316 0.099 8.35
0 0 8.37
0.316 0.126 8.4
0.314 0.024 8.44
0.313 0.035 8.48
0 0 8.51
0.314 0.236 8.54
0.314 0.048 8.58
0 0 8.61
0.312 0.165 8.64
0.311 0.055 8.67
0 0 8.7
0.309 0.183 8.74
0.309 0.082 8.77
0.309 0.083 8.81
0.309 0.166 8.84
0.307 0.19 8.87
0.306 0.143 8.9
0.305 0.157 8.94
0.304 0.177 8.97
0.303 0.123 9.0
0.302 0.301 9.04
0.301 0.129 9.08
0.301 0.213 9.11
0.303 0.246 9.14
0.302 0.27 9.17
0.306 0.305 9.21
0.308 0.237 9.24
0.308 0.533 9.27
0.313 0.611 9.31
0.312 0.486 9.34
0.321 0.615 9.37
0.326 0.423 9.42
0.323 0.263 9.45
0.328 0.425 9.48
0.335 0.677 9.5
0.339 0.557 9.54
0.342 0.29 9.57
0.342 0.242 9.61
0.344 0.101 9.65
0.35 0.41 9.68
0.351 0.248 9.71
0.351 0.24 9.74
0.352 0.176 9.77
0.355 0.225 9.82
0.357 0.099 9.85
0.362 0.477 9.88
0.366 0.344 9.96
0.375 0.608 10.04
0.382 0.376 10.14
0 0 10.27
0 0 10.31
0.39 0.468 10.34
0.392 0.15 10.37
0 0 10.45
0.391 0.322 10.48
0.394 0.139 10.6
0.399 0.353 10.71
0 0 10.77
0.402 0.221 10.8
0.402 0.024 10.91
0.403 0.213 11.04
0 0 11.07
0.405 0.126 11.14
0.407 0.08 11.24
0 0 11.27
0.407 0.108 11.37
0.414 0.344 11.47
0 0 11.57
0 0 11.6
0 0 11.64
0.41 1.119 11.67
0.413 0.079 11.71
0.413 0.046 11.8
0.407 0.484 11.9
0.396 0.569 12.01
0.384 0.347 12.11
0.372 0.613 12.21
0 0 12.34
0.36 1.629 12.38
0.362 0.225 12.44
0.368 0.448 12.54
0.37 0.053 12.67
0.373 0.081 12.77
0 0 12.87
0 0 12.9
0.374 0.021 12.94
0.375 0.017 12.97
0.384 0.496 13.11
0 0 13.21
0.38 0.359 13.24
0 0 13.27
0.38 0.065 13.31
0.383 0.104 13.41
0 0 13.48
0.385 0.055 13.54
0.386 0.009 13.64
0.387 0.027 13.74
0.389 0.021 13.87
0.391 0.093 13.97
0.393 0.056 14.07
0.396 0.089 14.17
0.399 0.111 14.27
0.398 0.252 14.41
0.398 0.034 14.5
0.398 0.207 14.61
0 0 14.7
0.4 0.073 14.74
0 0 14.77
0.406 0.235 14.84
0.402 0.267 14.94
0.403 0.035 15.04
0.402 0.134 15.17
0.396 0.664 15.28
0.39 0.485 15.38
0.376 0.682 15.5
0.374 0.297 15.59
0 0 15.71
0.349 1.741 15.75
0.339 0.773 15.81
0 0 15.9
0.321 2.537 15.94
0.313 0.939 16.04
0.306 0.766 16.14
0 0 16.17
0.298 1.338 16.27
0.294 0.575 16.37
0 0 16.42
0.288 1.133 16.47
0 0 16.5
0.281 0.586 16.57
0 0 16.7
0.28 1.272 16.74
0.279 0.152 16.8
0.286 0.657 16.9
0 0 16.94
0 0 16.97
0 0 17.0
0 0 17.04
0 0 17.07
0.29 0.674 17.11
0 0 17.13
0.289 0.283 17.17
0 0 17.2
0 0 17.23
0 0 17.27
0 0 17.3
0 0 17.33
0 0 17.37
0 0 17.41
0 0 17.44
0 0 17.47
0 0 17.5
0 0 17.54
0 0 17.57
0 0 17.6
0 0 17.64
0 0 17.67
0 0 17.7
0 0 17.74
0 0 17.77
0 0 17.8
0 0 17.83
0 0 17.87
0 0 17.9
0 0 17.94
0 0 17.97
0 0 18.0
0 0 18.04
0 0 18.07
0 0 18.1
0 0 18.13
0 0 18.17
0 0 18.2
0 0 18.24
0 0 18.27
0 0 18.3
0 0 18.34
0 0 18.37
0 0 18.4
0 0 18.44
0 0 18.47
0 0 18.51
0 0 18.54
0 0 18.57
0 0 18.6
0 0 18.64
0 0 18.68
0 0 18.71
0 0 18.73
0 0 18.77
0 0 18.8
0 0 18.83
0 0 18.87
0 0 18.9
0 0 18.93
0 0 18.97
0 0 19.0
0 0 19.04
0 0 19.08
0 0 19.1
0 0 19.14
0 0 19.17
0 0 19.2
0 0 19.24
0 0 19.27
0 0 19.3
0 0 19.34
0 0 19.37
0 0 19.4
0 0 19.43
0 0 19.47
0 0 19.5
0 0 19.54
0 0 19.57
0 0 19.6
0 0 19.63
0 0 19.67
0 0 19.7
0 0 19.73
0 0 19.77
0 0 19.8
0 0 19.83
0 0 19.87
0 0 19.9
0 0 19.94
0 0 19.97
0 0 20.0
0 0 20.03
0 0 20.07
0 0 20.1
0 0 20.13
0 0 20.17
0 0 20.2
0 0 20.24
0.239 2.521 20.28
0.237 0.295 20.3
0.24 0.221 20.34
0.24 0.149 20.37
0.24 0.191 20.4
0.239 0.154 20.43
0.239 0.143 20.47
0.241 0.093 20.5
0.24 0.274 20.54
0.242 0.143 20.57
0.242 0.231 20.6
0 0 20.64
0.249 0.299 20.68
0.251 0.258 20.7
0.254 0.357 20.74
0.261 0.394 20.77
0.267 0.332 20.8
0.271 0.357 20.84
0.276 0.316 20.87
0.282 0.234 20.9
0.287 0.536 20.94
0.291 0.41 20.97
0.298 0.31 21.01
0.304 0.259 21.04
0.31 0.27 21.07
0.315 0.196 21.11
0.321 0.318 21.14
0.325 0.283 21.18
0.331 0.235 21.22
0.335 0.284 21.25
0.34 0.343 21.28
0.345 0.224 21.31
0.35 0.238 21.34
0.353 0.185 21.37
0.358 0.279 21.4
0.361 0.117 21.44
0.366 0.177 21.47
0.37 0.172 21.5
0.373 0.086 21.54
0.374 0.201 21.57
0.377 0.064 21.6
0.379 0.39 21.68
0.39 0.955 21.78
0.401 0.543 21.87
0.417 0.733 22.0
0.424 0.375 22.1
0 0 22.13
0.428 0.168 22.2
0.433 0.239 22.3
0.438 0.113 22.44
0.444 0.196 22.54
0.445 0.038 22.64
0 0 22.73
0.449 0.286 22.77
0 0 22.87
0.451 0.016 22.9
0 0 22.97
0.454 0.101 23.0
0.455 0.072 23.07
0.457 0.009 23.18
0.461 0.189 23.3
0.463 0.098 23.4
0.462 0.319 23.54
0.466 0.181 23.63
0.469 0.14 23.75
0.472 0.09 23.84
0.475 0.089 23.94
0.474 0.195 24.07
0 0 24.17
0.474 0.138 24.21
0.475 0.057 24.27
0 0 24.4
0.479 0.123 24.43
0.479 0.127 24.5
0.481 0.059 24.6
0.483 0.084 24.7
0 0 24.8
0.486 0.12 24.83
0 0 24.9
0.488 0.168 24.94
0 0 25.04
0.489 0.086 25.07
0.491 0.038 25.14
0 0 25.24
0 0 25.27
0.491 0.079 25.3
0.492 0.068 25.37
0.496 0.164 25.47
0 0 25.53
0.494 0.327 25.57
0.496 0.059 25.71
0.496 0.135 25.8
0.497 0.073 25.9
0 0 25.97
0.494 0.408 26.0
0 0 26.04
0 0 26.1
0.494 0.088 26.13
0 0 26.2
0.493 0.163 26.23
0 0 26.27
0.492 0.117 26.33
0.488 0.412 26.44
0.48 0.315 26.57
0.474 0.641 26.67
0.466 0.427 26.77
0 0 26.8
0 0 26.84
0.457 0.33 26.87
0 0 26.9
0 0 26.94
0.435 0.924 27.0
0.416 1.053 27.1
0.395 0.991 27.2
0.373 1.072 27.3
0 0 27.33
0 0 27.37
0 0 27.44
0 0 27.47
0 0 27.5
0.319 2.177 27.54
0.318 0.55 27.57
0 0 27.6
0.313 0.888 27.63
0 0 27.67
0 0 27.7
0 0 27.73
0 0 27.77
0 0 27.8
0 0 27.83
0 0 27.87
0 0 27.9
0 0 27.94
0 0 27.97
0 0 28.0
0 0 28.03
0 0 28.07
0 0 28.1
0 0 28.13
0 0 28.17
0 0 28.2
0 0 28.23
0 0 28.27
0 0 28.3
0 0 28.33
0 0 28.37
0 0 28.4
0 0 28.43
0 0 28.47
0 0 28.5
0 0 28.53
0 0 28.57
0 0 28.6
0 0 28.63
0 0 28.67
0 0 28.7
0 0 28.74
0 0 28.77
0 0 28.8
0 0 28.83
0 0 28.87
0 0 28.9
0 0 28.93
0 0 28.97
0 0 29.0
0 0 29.03
0 0 29.07
0 0 29.1
