0 0 2.26
0.356 0.73 2.33
0.354 0.004 2.37
0.353 0.002 2.4
0.353 0.0 2.43
0.352 0.002 2.46
0.351 0.002 2.49
0.351 0.0 2.52
0.351 0.001 2.55
0.351 0.002 2.58
0.347 0.005 2.62
0.345 0.003 2.64
0 0 2.67
0.341 0.006 2.69
0.337 0.005 2.72
0.334 0.006 2.76
0.332 0.006 2.78
0.326 0.008 2.8
0 0 2.83
0 0 2.84
0.317 0.025 2.88
0.315 0.01 2.91
0.312 0.01 2.94
0 0 2.97
0 0 3.01
0 0 3.04
0.306 0.039 3.08
0 0 3.11
0 0 3.14
0.306 0.03 3.18
0 0 3.21
0.298 0.02 3.26
0 0 3.28
0 0 3.31
0 0 3.35
0 0 3.39
0 0 3.42
0 0 3.44
0 0 3.47
0 0 3.51
0 0 3.54
0 0 3.58
0 0 3.61
0 0 3.64
0 0 3.68
0 0 3.71
0 0 3.76
0 0 3.8
0 0 3.83
0 0 3.85
0 0 3.87
0 0 3.91
0 0 3.94
0 0 3.98
0 0 4.01
0 0 4.04
0 0 4.07
0 0 4.11
0 0 4.14
0 0 4.18
0 0 4.21
0 0 4.24
0 0 4.28
0 0 4.31
0 0 4.35
0 0 4.39
0 0 4.42
0 0 4.44
0 0 4.49
0 0 4.51
0 0 4.56
0 0 4.59
0 0 4.63
0 0 4.66
0 0 4.69
0 0 4.71
0 0 4.74
0 0 4.78
0 0 4.81
0 0 4.84
0 0 4.88
0 0 4.91
0 0 4.96
0.395 0.136 4.99
0.399 0.008 5.03
0 0 5.05
0.412 0.013 5.09
0.417 0.006 5.12
0 0 5.15
0.433 0.016 5.18
0.434 0.003 5.21
0.442 0.009 5.25
0 0 5.28
0.449 0.008 5.31
0.455 0.008 5.36
0 0 5.38
0 0 5.41
0.463 0.01 5.45
0 0 5.48
0.469 0.006 5.53
0.47 0.002 5.58
0 0 5.59
0 0 5.63
0 0 5.66
0.467 0.005 5.69
0 0 5.72
0.475 0.007 5.75
0 0 5.78
0.475 0.002 5.82
0 0 5.84
0.476 0.003 5.88
0 0 5.91
0.476 0.002 5.95
0.474 0.002 5.98
0.475 0.003 6.02
0 0 6.04
0 0 6.09
0 0 6.12
0 0 6.15
0 0 6.18
0 0 6.21
0 0 6.26
0 0 6.27
0.473 0.008 6.31
0.473 0.001 6.35
0.474 0.001 6.38
0.469 0.007 6.42
0.469 0.001 6.44
0.467 0.004 6.48
0.466 0.005 6.51
0.465 0.006 6.55
0.47 0.004 6.59
0.472 0.002 6.62
0.472 0.001 6.65
0 0 6.68
0.476 0.003 6.71
0.478 0.003 6.75
0.476 0.002 6.78
0.478 0.001 6.81
0 0 6.84
0.476 0.004 6.88
0.476 0.002 6.91
0.477 0.001 6.95
0 0 6.98
0.479 0.002 7.01
0.48 0.0 7.06
0 0 7.09
0.482 0.004 7.11
0.477 0.008 7.14
0.477 0.002 7.18
0.475 0.004 7.21
0 0 7.24
0 0 7.28
0.466 0.018 7.31
0 0 7.34
0.456 0.022 7.39
0.455 0.01 7.42
0.449 0.013 7.46
0 0 7.48
0.444 0.017 7.51
0 0 7.54
0.443 0.011 7.58
0 0 7.61
0 0 7.64
0 0 7.68
0.448 0.011 7.71
0.448 0.002 7.74
0.448 0.001 7.78
0 0 7.81
0 0 7.84
0.449 0.005 7.88
0 0 7.91
0 0 7.96
0 0 7.97
0.448 0.004 8.01
0 0 8.04
0 0 8.08
0 0 8.11
0 0 8.15
0 0 8.19
0 0 8.21
0 0 8.27
0 0 8.3
0 0 8.32
0 0 8.34
0.455 0.008 8.38
0 0 8.41
0 0 8.44
0 0 8.48
0 0 8.51
0.455 0.005 8.55
0 0 8.59
0 0 8.62
0 0 8.66
0 0 8.7
0 0 8.72
0.46 0.002 8.74
0 0 8.78
0.461 0.002 8.81
0 0 8.84
0 0 8.87
0.464 0.002 8.91
0.465 0.001 8.94
0 0 8.98
0.466 0.003 9.01
0.462 0.004 9.04
0.461 0.004 9.07
0.458 0.006 9.11
0 0 9.14
0.449 0.017 9.21
0.444 0.011 9.23
0.438 0.012 9.26
0.431 0.013 9.3
0.424 0.013 9.33
0.415 0.014 9.36
0.413 0.017 9.39
0.404 0.014 9.43
0.4 0.015 9.45
0.392 0.013 9.48
0 0 9.51
0 0 9.54
0 0 9.57
0.396 0.053 9.61
0.391 0.007 9.65
0 0 9.68
0.391 0.011 9.71
0.394 0.004 9.75
0 0 9.77
0 0 9.81
0 0 9.84
0 0 9.87
0 0 9.91
0 0 9.94
0 0 9.97
0.404 0.03 10.01
0 0 10.04
0.402 0.004 10.08
0 0 10.11
0 0 10.15
0 0 10.18
0 0 10.22
0 0 10.26
0 0 10.29
0 0 10.33
0 0 10.35
0 0 10.38
0 0 10.41
0 0 10.44
0 0 10.49
0 0 10.51
0 0 10.54
0 0 10.58
0 0 10.61
0 0 10.64
0 0 10.67
0 0 10.71
0 0 10.75
0 0 10.79
0 0 10.81
0 0 10.84
0 0 10.87
0 0 10.91
0 0 10.94
0 0 10.98
0 0 11.01
0 0 11.04
0 0 11.07
0 0 11.11
0 0 11.14
0 0 11.18
0.413 0.147 11.21
0 0 11.24
0 0 11.31
0.437 0.037 11.34
0 0 11.37
0.453 0.023 11.39
0 0 11.41
0 0 11.44
0 0 11.47
0 0 11.51
0 0 11.54
0.484 0.053 11.58
0.489 0.007 11.61
0.498 0.01 11.64
0.502 0.006 11.68
0.506 0.005 11.71
0 0 11.75
0.513 0.009 11.77
0 0 11.83
0 0 11.85
0 0 11.87
0 0 11.91
0.529 0.016 11.95
0.528 0.004 11.98
0 0 12.02
0 0 12.04
0.525 0.008 12.08
0 0 12.11
0.524 0.002 12.14
0 0 12.18
0 0 12.21
0 0 12.24
0.518 0.012 12.28
0.515 0.008 12.31
0.508 0.014 12.35
0 0 12.37
0.499 0.018 12.41
0.494 0.014 12.44
0.491 0.014 12.49
0 0 12.51
0 0 12.54
0.498 0.033 12.58
0.503 0.009 12.61
0.507 0.006 12.65
0.512 0.006 12.68
0.516 0.006 12.71
0 0 12.74
0.523 0.007 12.78
0.524 0.003 12.81
0 0 12.84
0.524 0.001 12.88
0 0 12.91
0.525 0.002 12.94
0.526 0.001 12.98
0.526 0.0 13.03
0 0 13.04
0.523 0.005 13.08
0 0 13.13
0.526 0.006 13.16
0.527 0.001 13.19
0.523 0.005 13.22
0 0 13.24
0.524 0.0 13.27
0 0 13.31
0 0 13.34
0.526 0.003 13.38
0 0 13.41
0.525 0.001 13.45
0.525 0.0 13.48
0 0 13.51
0.523 0.003 13.55
0.524 0.002 13.58
0.525 0.0 13.61
0 0 13.64
0.526 0.003 13.68
0 0 13.71
0 0 13.74
0 0 13.77
0 0 13.81
0 0 13.84
0 0 13.88
0 0 13.91
0.519 0.006 13.94
0 0 13.97
0.517 0.002 14.01
0 0 14.04
0.514 0.002 14.07
0.512 0.003 14.11
0.509 0.003 14.14
0.508 0.004 14.18
0.503 0.006 14.21
0.5 0.006 14.24
0 0 14.27
0.491 0.011 14.31
0.483 0.007 14.34
0.479 0.008 14.38
0.471 0.009 14.41
0.463 0.01 14.44
0.458 0.012 14.48
0.449 0.012 14.51
0.44 0.014 14.55
0 0 14.57
0.428 0.03 14.61
0.426 0.018 14.64
0 0 14.67
0 0 14.71
0 0 14.74
0 0 14.78
0 0 14.81
0 0 14.84
0 0 14.89
0 0 14.92
0 0 14.95
0 0 14.97
0 0 15.01
0 0 15.04
0 0 15.08
0 0 15.11
0 0 15.14
0 0 15.18
0 0 15.21
0 0 15.24
0 0 15.27
0 0 15.31
0 0 15.34
0 0 15.37
0 0 15.41
0 0 15.44
0 0 15.47
0 0 15.51
0 0 15.54
0 0 15.58
0 0 15.61
0 0 15.64
0 0 15.67
0 0 15.71
0 0 15.74
0 0 15.77
0 0 15.81
0 0 15.85
0 0 15.88
0 0 15.91
0 0 15.94
0 0 15.97
0 0 16.01
0 0 16.04
0 0 16.07
0 0 16.11
0 0 16.14
0 0 16.19
0 0 16.22
0 0 16.24
0 0 16.28
0 0 16.31
0.415 0.116 16.35
0.415 0.011 16.38
0.399 0.027 16.41
0.4 0.014 16.44
0.398 0.018 16.48
0.394 0.019 16.51
0.398 0.014 16.55
0.399 0.017 16.58
0.402 0.015 16.61
0.409 0.014 16.64
0.412 0.016 16.68
0.416 0.015 16.71
0.419 0.014 16.75
0.429 0.013 16.78
0.434 0.013 16.82
0.44 0.012 16.86
0.446 0.011 16.89
0.453 0.01 16.92
0.458 0.009 16.95
0.47 0.012 16.98
0.47 0.01 17.03
0.472 0.006 17.06
0.476 0.005 17.09
0.48 0.005 17.12
0.483 0.004 17.14
0.484 0.004 17.18
0.487 0.004 17.21
0.49 0.003 17.24
0.487 0.006 17.27
0.491 0.004 17.31
0.492 0.002 17.34
0.489 0.005 17.41
0.488 0.004 17.45
0.486 0.001 17.48
0.482 0.005 17.51
0.474 0.011 17.54
0.469 0.007 17.57
0.462 0.009 17.6
0.458 0.009 17.63
0.454 0.01 17.65
0.451 0.01 17.68
0.448 0.01 17.71
0.445 0.009 17.76
0.447 0.01 17.79
0 0 17.81
0 0 17.84
0 0 17.87
0.446 0.023 17.91
0 0 17.94
0.446 0.006 17.98
0 0 18.01
0.446 0.006 18.05
0 0 18.08
0 0 18.11
0.452 0.01 18.15
0.451 0.002 18.18
0 0 18.21
0.451 0.003 18.25
0 0 18.28
0.45 0.003 18.31
0.449 0.001 18.34
0.448 0.003 18.37
0.448 0.0 18.41
0 0 18.44
0 0 18.47
0 0 18.51
0.45 0.006 18.54
0.445 0.002 18.58
0.448 0.004 18.61
0 0 18.65
0.443 0.006 18.68
0.443 0.0 18.71
0.446 0.005 18.76
0 0 18.79
0.442 0.004 18.82
0 0 18.85
0 0 18.87
0 0 18.91
0.429 0.014 18.94
0 0 18.97
0.419 0.015 19.02
0.413 0.01 19.06
0 0 19.08
0.4 0.024 19.11
0 0 19.16
0 0 19.18
0 0 19.21
0 0 19.24
0 0 19.27
0 0 19.33
0 0 19.35
0 0 19.37
0 0 19.41
0 0 19.44
0 0 19.47
0 0 19.51
0 0 19.54
0 0 19.58
0 0 19.61
0 0 19.64
0 0 19.68
0 0 19.72
0 0 19.75
0 0 19.77
0 0 19.81
0 0 19.84
0 0 19.87
0 0 19.91
0 0 19.94
0 0 19.97
0 0 20.01
0 0 20.05
0 0 20.08
0 0 20.11
0 0 20.14
0 0 20.17
0 0 20.21
0 0 20.24
0 0 20.27
0 0 20.31
0 0 20.34
0 0 20.41
0 0 20.43
0 0 20.45
0 0 20.48
0 0 20.51
0 0 20.54
0 0 20.57
0 0 20.62
0 0 20.65
0 0 20.68
0 0 20.73
0 0 20.74
0 0 20.77
0 0 20.81
0 0 20.84
0 0 20.87
0 0 20.91
0 0 20.94
0.403 0.128 20.98
0 0 21.01
0.406 0.025 21.06
0 0 21.07
0 0 21.11
0 0 21.14
0 0 21.17
0 0 21.21
0 0 21.24
0 0 21.28
0 0 21.3
0 0 21.34
0 0 21.37
0 0 21.41
0.41 0.101 21.44
0.414 0.006 21.48
0.413 0.008 21.51
0.41 0.013 21.54
0.408 0.011 21.58
0.404 0.01 21.61
0 0 21.65
0 0 21.69
0.391 0.029 21.71
0.387 0.012 21.74
0.385 0.011 21.77
0.38 0.011 21.84
0.374 0.009 21.87
0.372 0.007 21.9
0.369 0.007 21.93
0.366 0.007 21.96
0.365 0.006 21.99
