0.437 0.573 2.27
0.436 0.002 2.34
0.435 0.002 2.36
0.435 0.001 2.39
0.435 0.002 2.4
0.436 0.001 2.43
0.436 0.002 2.44
0.436 0.002 2.46
0.436 0.003 2.49
0.437 0.002 2.51
0.437 0.001 2.54
0.436 0.0 2.58
0.435 0.0 2.61
0 0 2.64
0.433 0.002 2.68
0 0 2.71
0 0 2.74
0.429 0.005 2.78
0.431 0.004 2.82
0 0 2.85
0.431 0.004 2.88
0.43 0.002 2.92
0 0 2.96
0.427 0.002 2.98
0.425 0.001 3.01
0 0 3.04
0.42 0.002 3.08
0 0 3.11
0 0 3.16
0.414 0.003 3.2
0.413 0.003 3.23
0.412 0.003 3.26
0 0 3.29
0.409 0.007 3.32
0.407 0.004 3.35
0.408 0.005 3.38
0.408 0.004 3.43
0.408 0.004 3.46
0.409 0.004 3.49
0.41 0.004 3.52
0.408 0.003 3.55
0.408 0.003 3.58
0.408 0.004 3.62
0.406 0.003 3.65
0.405 0.003 3.68
0.403 0.002 3.71
0.401 0.003 3.76
0.401 0.005 3.79
0.4 0.004 3.82
0.399 0.003 3.85
0.399 0.004 3.88
0.397 0.003 3.91
0.396 0.003 3.95
0.393 0.004 3.99
0.391 0.003 4.02
0.391 0.004 4.05
0.389 0.003 4.08
0.389 0.003 4.11
0 0 4.14
0.387 0.005 4.18
0.387 0.003 4.21
0.387 0.003 4.25
0.387 0.003 4.29
0.386 0.003 4.32
0.383 0.003 4.35
0.385 0.006 4.38
0.386 0.004 4.43
0 0 4.45
0.386 0.006 4.48
0.388 0.004 4.52
0 0 4.55
0.391 0.007 4.58
0.393 0.004 4.61
0 0 4.64
0 0 4.68
0.394 0.008 4.72
0.392 0.004 4.75
0 0 4.78
0.393 0.01 4.82
0.393 0.005 4.85
0.391 0.005 4.88
0.391 0.005 4.91
0.393 0.006 4.95
0.395 0.01 4.98
0 0 5.01
0.399 0.012 5.05
0 0 5.08
0.401 0.013 5.12
0.405 0.008 5.15
0.407 0.009 5.18
0.408 0.004 5.22
0.41 0.005 5.25
0.412 0.004 5.28
0.413 0.006 5.31
0.414 0.002 5.35
0.417 0.005 5.38
0.417 0.004 5.41
0.414 0.005 5.44
0.413 0.002 5.48
0.412 0.002 5.51
0 0 5.54
0.409 0.005 5.59
0 0 5.62
0.403 0.005 5.65
0 0 5.68
0.403 0.003 5.71
0.402 0.001 5.74
0.403 0.002 5.78
0.405 0.002 5.81
0.404 0.001 5.85
0.404 0.002 5.88
0.402 0.002 5.91
0.402 0.005 5.94
0 0 5.97
0 0 6.02
0.398 0.006 6.05
0 0 6.08
0 0 6.14
0.393 0.005 6.16
0.392 0.001 6.18
0 0 6.21
0 0 6.24
0.39 0.002 6.28
0 0 6.31
0 0 6.34
0 0 6.38
0 0 6.41
0 0 6.44
0 0 6.48
0 0 6.51
0 0 6.54
0 0 6.58
0.379 0.008 6.61
0 0 6.64
0 0 6.68
0.382 0.008 6.71
0.385 0.003 6.75
0.391 0.007 6.78
0.392 0.003 6.82
0.392 0.004 6.87
0.393 0.001 6.89
0 0 6.92
0.392 0.002 6.96
0.396 0.006 6.98
0 0 7.01
0 0 7.04
0.387 0.008 7.09
0 0 7.11
0.398 0.016 7.15
0.392 0.008 7.18
0.395 0.004 7.21
0 0 7.24
0 0 7.28
0 0 7.32
0 0 7.35
0 0 7.38
0 0 7.41
0 0 7.44
0 0 7.48
0.404 0.02 7.54
0 0 7.57
0.408 0.008 7.6
0 0 7.63
0 0 7.64
0 0 7.68
0.402 0.006 7.71
0.404 0.003 7.74
0.408 0.003 7.78
0.406 0.004 7.81
0 0 7.84
0.41 0.005 7.88
0.411 0.003 7.91
0.409 0.004 7.94
0 0 7.97
0.405 0.004 8.02
0.405 0.001 8.05
0 0 8.08
0 0 8.11
0.402 0.001 8.14
0.399 0.004 8.18
0.395 0.005 8.21
0 0 8.24
0 0 8.27
0.379 0.021 8.31
0.375 0.005 8.36
0.374 0.002 8.38
0 0 8.41
0.367 0.009 8.47
0.361 0.006 8.49
0.355 0.007 8.51
0.349 0.005 8.54
0.343 0.007 8.57
0.335 0.008 8.61
0 0 8.64
0.322 0.014 8.68
0.316 0.007 8.71
0.311 0.007 8.74
0.305 0.007 8.78
0.301 0.007 8.81
0.298 0.006 8.85
0.294 0.006 8.88
0.291 0.007 8.91
0.286 0.007 8.94
0.284 0.006 8.98
0.282 0.006 9.01
0.278 0.005 9.04
0.275 0.005 9.08
0.272 0.004 9.11
0 0 9.14
0 0 9.18
0.268 0.014 9.21
0 0 9.24
0.272 0.009 9.29
0.267 0.007 9.31
0 0 9.34
0.265 0.008 9.38
0.264 0.003 9.41
0.262 0.004 9.44
0.265 0.004 9.48
0.265 0.003 9.51
0.265 0.003 9.54
0.267 0.002 9.58
0.268 0.002 9.61
0.266 0.002 9.64
0 0 9.69
0.268 0.003 9.71
0.267 0.001 9.74
0.268 0.001 9.78
0.27 0.002 9.81
0.27 0.001 9.86
0 0 9.89
0.269 0.004 9.91
0.27 0.001 9.94
0.27 0.001 9.98
0.27 0.001 10.01
0.271 0.001 10.05
0 0 10.07
0 0 10.11
0.273 0.006 10.14
0 0 10.17
0.274 0.009 10.21
0 0 10.24
0.275 0.012 10.28
0.275 0.008 10.31
0.278 0.011 10.34
0.278 0.011 10.38
0.279 0.012 10.41
0 0 10.45
0.286 0.024 10.49
0.289 0.015 10.52
0.295 0.017 10.55
0 0 10.58
0.307 0.038 10.61
0.317 0.02 10.64
0 0 10.68
0 0 10.71
0.348 0.052 10.74
0.357 0.014 10.78
0.368 0.014 10.81
0 0 10.84
0 0 10.87
0 0 10.91
0.406 0.051 10.94
0.421 0.016 10.98
0 0 11.01
0.438 0.022 11.04
0 0 11.07
0 0 11.11
0 0 11.14
0 0 11.18
0 0 11.21
0 0 11.24
0 0 11.27
0 0 11.31
0 0 11.36
0 0 11.4
0 0 11.42
0 0 11.44
0 0 11.47
0.492 0.069 11.51
0 0 11.54
0 0 11.57
0 0 11.61
0 0 11.64
0 0 11.67
0 0 11.71
0 0 11.74
0 0 11.77
0 0 11.81
0 0 11.85
0 0 11.87
0 0 11.91
0 0 11.95
0 0 11.98
0 0 12.01
0 0 12.04
0 0 12.07
0 0 12.11
0 0 12.14
0 0 12.18
0 0 12.21
0 0 12.24
0 0 12.29
0 0 12.31
0 0 12.34
0 0 12.37
0 0 12.44
0.453 0.048 12.46
0 0 12.49
0 0 12.51
0.442 0.018 12.54
0.436 0.007 12.59
0 0 12.61
0 0 12.64
0.423 0.017 12.68
0 0 12.72
0.415 0.011 12.74
0.409 0.007 12.78
0 0 12.81
0.396 0.015 12.85
0 0 12.88
0 0 12.91
0 0 12.94
0 0 12.97
0.378 0.028 13.01
0 0 13.04
0.368 0.013 13.08
0.365 0.006 13.11
0 0 13.14
0 0 13.2
0 0 13.22
0 0 13.24
0.35 0.025 13.28
0 0 13.31
0.347 0.007 13.34
0 0 13.37
0.345 0.005 13.42
0 0 13.45
0 0 13.47
0 0 13.51
0 0 13.54
0.348 0.007 13.59
0 0 13.62
0.346 0.003 13.64
0.345 0.001 13.68
0.343 0.002 13.71
0 0 13.74
0 0 13.77
0 0 13.81
0.34 0.006 13.85
0 0 13.87
0.338 0.003 13.91
0 0 13.94
0.339 0.002 13.97
0 0 14.01
0.338 0.002 14.04
0.341 0.002 14.08
0.343 0.002 14.11
0.34 0.004 14.14
0 0 14.17
0.343 0.003 14.21
0.343 0.001 14.24
0.34 0.003 14.28
0.343 0.002 14.32
0.34 0.004 14.34
0 0 14.37
0.34 0.007 14.41
0 0 14.44
0.337 0.01 14.48
0.336 0.007 14.51
0.33 0.01 14.54
0 0 14.57
0.32 0.018 14.61
0.317 0.006 14.64
0.312 0.01 14.68
0 0 14.71
0 0 14.74
0 0 14.77
0 0 14.81
0 0 14.84
0.295 0.038 14.88
0.292 0.005 14.92
0.292 0.004 14.94
0.29 0.003 14.97
0.29 0.002 15.01
0 0 15.04
0 0 15.07
0 0 15.11
0.288 0.004 15.14
0 0 15.19
0 0 15.21
0.288 0.003 15.24
0 0 15.27
0 0 15.31
0.29 0.004 15.35
0.288 0.005 15.38
0 0 15.41
0 0 15.44
0.286 0.002 15.48
0 0 15.52
0 0 15.55
0 0 15.57
0 0 15.61
0.288 0.001 15.66
0 0 15.69
0 0 15.71
0.29 0.002 15.75
0.291 0.001 15.78
0.291 0.001 15.81
0.292 0.001 15.86
0.292 0.001 15.89
0.293 0.001 15.92
0 0 15.94
0.294 0.003 15.97
0 0 16.01
0 0 16.04
0.292 0.005 16.07
0 0 16.11
0 0 16.14
0.301 0.008 16.18
0 0 16.21
0 0 16.25
0.306 0.008 16.28
0 0 16.31
0 0 16.34
0.319 0.019 16.37
0.327 0.011 16.41
0.335 0.011 16.44
0.345 0.012 16.47
0.358 0.014 16.51
0 0 16.54
0 0 16.57
0.393 0.041 16.61
0 0 16.64
0 0 16.67
0 0 16.71
0 0 16.74
0 0 16.77
0 0 16.81
0 0 16.84
0 0 16.87
0 0 16.91
0 0 16.94
0 0 16.97
0 0 17.01
0 0 17.04
0 0 17.08
0 0 17.1
0 0 17.15
0 0 17.18
0 0 17.21
0 0 17.24
0 0 17.27
0 0 17.3
0 0 17.34
0 0 17.37
0 0 17.4
0 0 17.44
0 0 17.47
0 0 17.51
0 0 17.54
0 0 17.58
0 0 17.6
0 0 17.66
0 0 17.7
0 0 17.72
0 0 17.74
0 0 17.77
0 0 17.81
0 0 17.84
0 0 17.89
0 0 17.91
0 0 17.94
0 0 17.97
0.447 0.041 18.01
0.439 0.01 18.04
0.431 0.009 18.08
0 0 18.12
0 0 18.14
0.414 0.023 18.2
0 0 18.23
0 0 18.25
0 0 18.27
0 0 18.31
0 0 18.34
0 0 18.38
0 0 18.4
0 0 18.44
0.404 0.029 18.47
0.403 0.002 18.51
0.403 0.003 18.54
0 0 18.57
0.401 0.006 18.62
0.4 0.003 18.64
0 0 18.67
0.399 0.002 18.71
0 0 18.74
0.402 0.0 18.78
0 0 18.81
0 0 18.84
0 0 18.87
0.404 0.002 18.91
0 0 18.96
0 0 18.98
0 0 19.01
0 0 19.04
0 0 19.07
0.405 0.004 19.11
0.403 0.002 19.15
0 0 19.18
0 0 19.21
0 0 19.24
0 0 19.27
0.376 0.031 19.32
0 0 19.35
0.362 0.016 19.38
0 0 19.41
0 0 19.44
0.336 0.034 19.48
0.328 0.013 19.51
0 0 19.54
0.314 0.027 19.57
0.308 0.013 19.61
0.305 0.013 19.65
0.301 0.011 19.68
0.298 0.012 19.71
0.296 0.012 19.74
0.292 0.012 19.78
0.288 0.011 19.81
0.29 0.014 19.85
0.291 0.012 19.88
0 0 19.91
0.286 0.017 19.96
0 0 19.98
0 0 20.01
0 0 20.04
0 0 20.07
0 0 20.11
0 0 20.14
0 0 20.17
0 0 20.21
0 0 20.24
0 0 20.27
0 0 20.3
0 0 20.35
0 0 20.38
0 0 20.41
0 0 20.44
0 0 20.47
0 0 20.51
0 0 20.54
0 0 20.58
0 0 20.61
0 0 20.66
0 0 20.67
0 0 20.71
0 0 20.74
0 0 20.77
0 0 20.81
0 0 20.84
0 0 20.87
0 0 20.92
0 0 20.94
0.361 0.162 20.97
0.375 0.023 21.01
