0 0 2.27
0 0 2.33
0 0 2.35
0 0 2.38
0 0 2.39
0 0 2.41
0 0 2.43
0 0 2.45
0 0 2.48
0 0 2.52
0 0 2.55
0 0 2.58
0 0 2.62
0 0 2.65
0 0 2.69
0 0 2.72
0 0 2.75
0 0 2.78
0 0 2.82
0 0 2.85
0 0 2.88
0 0 2.92
0 0 2.95
0 0 2.99
0 0 3.02
0 0 3.05
0 0 3.08
0 0 3.12
0 0 3.15
0 0 3.19
0 0 3.22
0 0 3.25
0 0 3.29
0 0 3.32
0 0 3.35
0 0 3.39
0 0 3.42
0 0 3.45
0 0 3.48
0 0 3.52
0 0 3.55
0 0 3.59
0 0 3.62
0 0 3.65
0 0 3.69
0 0 3.72
0 0 3.75
0 0 3.79
0 0 3.82
0 0 3.85
0 0 3.88
0 0 3.92
0 0 3.95
0 0 3.98
0 0 4.02
0 0 4.05
0 0 4.09
0 0 4.12
0 0 4.15
0 0 4.19
0 0 4.22
0 0 4.25
0 0 4.29
0 0 4.32
0 0 4.35
0 0 4.38
0 0 4.42
0 0 4.45
0 0 4.48
0 0 4.52
0 0 4.55
0 0 4.59
0 0 4.62
0 0 4.65
0 0 4.69
0 0 4.72
0 0 4.75
0 0 4.79
0 0 4.82
0 0 4.85
0 0 4.89
0 0 4.92
0 0 4.95
0 0 4.99
0 0 5.02
0 0 5.05
0 0 5.09
0 0 5.12
0 0 5.16
0 0 5.19
0 0 5.22
0 0 5.25
0 0 5.28
0 0 5.32
0 0 5.35
0 0 5.39
0 0 5.42
0 0 5.45
0 0 5.48
0 0 5.52
0 0 5.55
0 0 5.59
0 0 5.62
0 0 5.65
0 0 5.69
0 0 5.72
0 0 5.75
0 0 5.78
0 0 5.82
0 0 5.85
0 0 5.89
0 0 5.92
0 0 5.95
0 0 5.99
0 0 6.02
0 0 6.05
0 0 6.09
0 0 6.12
0 0 6.15
0 0 6.19
0 0 6.22
0 0 6.25
0 0 6.29
0 0 6.32
0 0 6.35
0 0 6.38
0 0 6.42
0 0 6.45
0 0 6.48
0 0 6.52
0 0 6.55
0 0 6.59
0 0 6.62
0 0 6.65
0 0 6.68
0 0 6.72
0 0 6.75
0 0 6.78
0 0 6.82
0 0 6.85
0 0 6.88
0 0 6.92
0 0 6.95
0 0 6.98
0 0 7.02
0 0 7.05
0 0 7.08
0 0 7.12
0 0 7.15
0 0 7.18
0 0 7.22
0 0 7.25
0 0 7.28
0 0 7.32
0 0 7.35
0 0 7.38
0 0 7.42
0 0 7.45
0 0 7.48
0 0 7.52
0 0 7.55
0 0 7.58
0 0 7.62
0 0 7.65
0 0 7.68
0 0 7.72
0 0 7.75
0 0 7.78
0 0 7.82
0 0 7.85
0 0 7.88
0 0 7.92
0 0 7.95
0 0 7.98
0 0 8.02
0 0 8.05
0 0 8.08
0 0 8.12
0 0 8.15
0 0 8.19
0 0 8.22
0 0 8.25
0 0 8.28
0 0 8.32
0 0 8.35
0 0 8.38
0 0 8.42
0 0 8.45
0 0 8.48
0 0 8.52
0 0 8.55
0 0 8.58
0 0 8.62
0 0 8.65
0 0 8.68
0 0 8.72
0 0 8.75
0 0 8.78
0 0 8.82
0 0 8.85
0 0 8.88
0 0 8.92
0 0 8.95
0 0 8.98
0 0 9.02
0 0 9.05
0 0 9.08
0 0 9.12
0 0 9.15
0 0 9.19
0 0 9.22
0 0 9.25
0 0 9.29
0 0 9.32
0.657 0.657 9.36
0.669 0.805 9.39
0.663 0.934 9.42
0.664 0.475 9.46
0.67 0.342 9.49
0.673 0.361 9.52
0.687 0.665 9.55
0.696 0.557 9.59
0.707 0.635 9.62
0.714 0.352 9.65
0.72 0.259 9.69
0.727 0.324 9.72
0.723 0.215 9.75
0.729 0.253 9.79
0.725 0.159 9.82
0.728 0.239 9.85
0.729 0.126 9.88
0.733 0.203 9.92
0.734 0.104 9.95
0.734 0.067 9.99
0.734 0.048 10.03
0.737 0.07 10.06
0.739 0.114 10.09
0.736 0.184 10.12
0.742 0.273 10.15
0.743 0.078 10.19
0.747 0.142 10.22
0.747 0.051 10.25
0.751 0.137 10.29
0.753 0.142 10.32
0.757 0.205 10.35
0.76 0.129 10.39
0.767 0.234 10.42
0.771 0.125 10.46
0.78 0.516 10.48
0.769 0.732 10.52
0.777 0.418 10.55
0.771 0.27 10.59
0.774 0.157 10.62
0.772 0.124 10.65
0.773 0.102 10.69
0.769 0.132 10.72
0.77 0.09 10.75
0.767 0.186 10.79
0.757 0.414 10.82
0.75 0.276 10.85
0.744 0.236 10.89
0.733 0.385 10.93
0.721 0.525 10.95
0.708 0.746 10.99
0.693 0.785 11.02
0.681 0.638 11.05
0.662 0.799 11.08
0.645 0.75 11.12
0.626 0.76 11.15
0.609 0.616 11.19
0.589 0.547 11.22
0.571 1.095 11.25
0.556 0.81 11.29
0.54 0.767 11.32
0.525 0.617 11.35
0.512 0.43 11.39
0.499 0.868 11.42
0.487 0.608 11.46
0.478 0.442 11.49
0.466 0.56 11.52
0.457 0.443 11.55
0.448 0.425 11.59
0.438 0.365 11.62
0.43 0.273 11.65
0.422 0.284 11.69
0.415 0.398 11.72
0.408 0.47 11.75
0.4 0.405 11.78
0.391 0.412 11.82
0.382 0.305 11.85
0.373 0.32 11.88
0.365 0.276 11.92
0.357 0.255 11.95
0.35 0.408 11.99
0.344 0.284 12.02
0.339 0.21 12.05
0.333 0.259 12.09
0.328 0.16 12.12
0.324 0.266 12.15
0.318 0.299 12.19
0.314 0.212 12.22
0.309 0.206 12.25
0.305 0.172 12.29
0.301 0.157 12.32
0.297 0.143 12.36
0.292 0.249 12.39
0.288 0.207 12.42
0.283 0.261 12.45
0.279 0.249 12.49
0.275 0.162 12.52
0.271 0.131 12.55
0.267 0.16 12.59
0.263 0.118 12.63
0.26 0.168 12.65
0.257 0.181 12.69
0.253 0.205 12.72
0.25 0.098 12.75
0.247 0.127 12.78
0.246 0.077 12.82
0.247 0.097 12.86
0.255 0.47 12.89
0.269 0.779 12.92
0.288 1.078 12.95
0.315 1.197 12.99
0.347 1.334 13.02
0.38 1.195 13.05
0.414 1.183 13.08
0.451 1.27 13.12
0 0 13.15
0.525 3.402 13.19
0.561 1.538 13.22
0.598 1.619 13.25
0.631 1.452 13.28
0.66 1.121 13.32
0.686 0.916 13.35
0.706 0.662 13.39
0.727 1.228 13.42
0.736 0.438 13.45
0.748 0.588 13.49
0.75 0.058 13.52
0.757 0.268 13.55
0.76 0.105 13.58
0.766 0.21 13.62
0.764 0.075 13.65
0.762 0.151 13.68
0.756 0.343 13.72
0.759 0.165 13.75
0.753 0.264 13.79
0.749 0.151 13.82
0.739 0.369 13.85
0.732 0.228 13.89
0.733 0.119 13.92
0.721 0.623 13.96
0.717 0.189 13.98
0.706 0.431 14.02
0.694 0.382 14.05
0.689 0.376 14.09
0.681 0.481 14.12
0.671 0.626 14.15
0.658 0.726 14.19
0.65 0.4 14.22
0.639 0.542 14.25
0.626 0.494 14.28
0.612 0.496 14.32
0 0 14.35
0.596 0.622 14.39
0.586 0.481 14.42
0.574 0.598 14.45
0.563 0.475 14.49
0 0 14.52
0.545 0.683 14.55
0.536 0.34 14.58
0 0 14.62
0.518 0.617 14.65
0.509 0.507 14.69
0 0 14.72
0.491 0.797 14.75
0.483 0.276 14.78
0.475 0.291 14.82
0 0 14.85
0.459 0.544 14.88
0.452 0.354 14.92
0.446 0.269 14.95
0.438 0.359 14.98
0.432 0.237 15.02
0.425 0.228 15.05
0.419 0.368 15.08
0.413 0.337 15.12
0.409 0.251 15.15
0.403 0.269 15.19
0.398 0.191 15.22
0.393 0.166 15.25
0.389 0.151 15.29
0.383 0.359 15.32
0.379 0.228 15.35
0.374 0.225 15.38
0.369 0.247 15.42
0.364 0.213 15.46
0.359 0.162 15.49
0.355 0.253 15.52
0.35 0.303 15.56
0.346 0.187 15.59
0.341 0.217 15.62
0.337 0.206 15.65
0.332 0.218 15.69
0.328 0.159 15.73
0.323 0.259 15.76
0.319 0.267 15.79
0.314 0.275 15.82
0.31 0.265 15.85
0.305 0.285 15.89
0.301 0.181 15.92
0.297 0.191 15.95
0.291 0.217 15.98
0.286 0.188 16.02
0.282 0.13 16.05
0.278 0.244 16.09
0.276 0.109 16.12
0.272 0.182 16.15
0.269 0.158 16.19
0.266 0.09 16.22
0.264 0.1 16.25
0.262 0.067 16.29
0.262 0.056 16.32
0.266 0.288 16.35
0.277 0.517 16.39
0.296 0.763 16.42
0.323 0.971 16.45
0.355 1.165 16.48
0.392 1.229 16.52
0.428 1.939 16.55
0.463 1.953 16.58
0.499 2.019 16.62
0.53 1.296 16.65
0.562 1.182 16.69
0 0 16.71
0.612 1.804 16.75
0.634 0.755 16.79
0 0 16.81
0 0 16.85
0.681 2.464 16.89
0 0 16.92
0.699 0.742 16.95
0.702 0.104 16.99
0.709 0.227 17.02
0.714 0.282 17.05
0.713 0.058 17.08
0.715 0.109 17.12
0 0 17.15
0.716 0.112 17.19
0.714 0.084 17.22
0.716 0.131 17.25
0.709 0.435 17.29
0.71 0.061 17.31
0 0 17.35
0.701 0.579 17.38
0.696 0.203 17.42
0.692 0.159 17.45
0.683 0.303 17.49
0.679 0.237 17.52
0.673 0.311 17.55
0.666 0.414 17.58
0.659 0.355 17.62
0.65 0.377 17.65
0.646 0.197 17.69
0.635 0.352 17.72
0.631 0.218 17.75
0.618 0.783 17.79
0 0 17.82
0.603 0.76 17.85
0.597 0.247 17.88
0 0 17.91
0.576 0.931 17.95
0 0 17.98
0.558 0.69 18.02
0 0 18.05
0.54 0.54 18.08
0.53 0.502 18.12
0.523 0.264 18.15
0.514 0.357 18.18
0.506 0.273 18.22
0.5 0.337 18.25
0.491 0.516 18.29
0.483 0.354 18.32
0.475 0.389 18.35
0.464 0.436 18.38
0.456 0.326 18.42
0 0 18.45
0.44 0.601 18.48
0.432 0.25 18.52
0 0 18.55
0 0 18.58
0.406 1.311 18.62
0.397 0.368 18.65
0.39 0.241 18.68
0.383 0.428 18.72
0.375 0.487 18.75
0.369 0.354 18.78
0.36 0.459 18.82
0.354 0.261 18.85
0.348 0.25 18.88
0.343 0.233 18.92
0.338 0.158 18.95
0.332 0.327 18.98
0.327 0.304 19.02
0.323 0.177 19.05
0.319 0.211 19.08
0.314 0.199 19.12
0.309 0.171 19.15
0.305 0.144 19.18
0.3 0.29 19.22
0.297 0.152 19.25
0.294 0.169 19.28
0.291 0.158 19.32
0.287 0.154 19.35
0.284 0.117 19.38
0.282 0.073 19.42
0.279 0.088 19.45
0.277 0.081 19.49
0.275 0.124 19.52
0.273 0.06 19.55
0.272 0.054 19.58
0.272 0.054 19.62
0.274 0.136 19.65
0.285 0.409 19.68
0.305 0.643 19.72
0.33 1.31 19.75
0.361 1.681 19.78
0.394 1.426 19.82
0.424 1.087 19.85
0.454 1.028 19.89
0 0 19.92
0.508 2.7 19.95
0.537 1.339 19.99
0 0 20.02
0.583 1.946 20.05
0.606 0.837 20.09
0.627 1.142 20.12
0.641 0.882 20.15
0.658 0.92 20.18
0.67 0.696 20.21
0.685 0.767 20.25
0.694 0.443 20.28
0.703 0.37 20.32
0.71 0.235 20.35
0.716 0.199 20.38
0.716 0.049 20.42
0.718 0.114 20.45
0 0 20.48
0.727 0.433 20.52
0.723 0.18 20.55
0.721 0.063 20.58
0.722 0.02 20.62
0.716 0.312 20.65
0 0 20.68
0.709 0.39 20.71
0.705 0.207 20.75
0.699 0.3 20.78
0.693 0.256 20.82
0 0 20.85
0.675 0.619 20.88
0.664 0.62 20.92
0.653 0.531 20.95
0.639 0.635 20.98
0.63 0.386 21.02
0.618 0.451 21.05
0.605 0.45 21.08
0.591 0.468 21.12
0.581 0.57 21.15
0 0 21.18
0.557 1.237 21.22
0.547 0.444 21.25
0.536 0.4 21.28
0 0 21.31
0.518 0.68 21.35
0.509 0.471 21.38
0 0 21.41
0.493 0.855 21.45
0.487 0.276 21.48
0.479 0.364 21.52
0.471 0.262 21.55
0.464 0.237 21.58
0.453 0.615 21.62
0.449 0.245 21.65
0.44 0.391 21.68
0.432 0.326 21.72
0.425 0.261 21.75
0.416 0.304 21.78
0.408 0.5 21.82
0.399 0.523 21.85
0.392 0.3 21.88
0 0 21.91
0.379 0.706 21.95
0.373 0.242 21.98
0.368 0.189 22.02
0.36 0.271 22.05
0.355 0.271 22.08
0.35 0.275 22.12
0.345 0.241 22.15
0.341 0.144 22.19
0.337 0.238 22.22
0.332 0.275 22.25
0.329 0.193 22.28
0.326 0.216 22.31
0.322 0.216 22.35
0.318 0.192 22.38
0.316 0.103 22.41
0.313 0.13 22.45
0.312 0.072 22.48
0.31 0.055 22.52
0.307 0.156 22.55
0.306 0.081 22.58
0.306 0.069 22.62
0.309 0.13 22.65
0.316 0.289 22.68
0.328 0.397 22.72
0.342 0.957 22.75
0.361 1.035 22.78
0.38 1.039 22.82
0.402 1.104 22.85
0.427 1.06 22.88
0.454 0.99 22.92
0.484 1.015 22.95
0 0 22.98
0.544 3.425 23.02
0.573 1.46 23.05
0.595 1.168 23.08
0.614 0.832 23.12
0.63 0.716 23.15
0.636 0.257 23.18
0.647 0.374 23.22
0.652 0.352 23.25
0.651 0.1 23.28
0.652 0.071 23.31
0.645 0.311 23.35
0.646 0.042 23.38
0.647 0.02 23.42
0.642 0.258 23.45
0.638 0.218 23.48
0.635 0.173 23.52
0.636 0.08 23.55
0.631 0.2 23.59
0.628 0.191 23.62
0.624 0.222 23.65
0.62 0.258 23.68
0.616 0.195 23.72
0 0 23.75
0.608 0.455 23.78
0.603 0.255 23.81
0.594 0.373 23.85
0 0 23.88
0.583 0.424 23.92
0.576 0.234 23.95
0.567 0.382 23.98
0.558 0.462 24.02
0.549 0.4 24.05
0.539 0.36 24.08
0.526 0.474 24.11
0.516 0.349 24.15
0.504 0.702 24.19
0 0 24.21
0.483 0.974 24.25
0.472 0.48 24.28
0.461 0.434 24.31
0 0 24.35
0.44 0.778 24.38
0.433 0.424 24.41
0.425 0.457 24.45
0.415 0.462 24.48
0.407 0.343 24.52
0.398 0.362 24.55
0.393 0.166 24.59
0.386 0.209 24.62
0.379 0.389 24.65
0.373 0.269 24.68
0.369 0.173 24.72
0 0 24.75
0.36 0.345 24.79
0.355 0.173 24.82
0.35 0.293 24.85
0.345 0.279 24.88
0.341 0.252 24.92
0.336 0.232 24.95
0 0 24.98
0.328 0.373 25.02
0.323 0.155 25.05
0.318 0.285 25.09
0.315 0.179 25.12
0.311 0.208 25.15
0.307 0.198 25.18
0.303 0.157 25.21
0.299 0.175 25.25
0.295 0.159 25.29
0.291 0.1 25.32
0.288 0.178 25.35
0.285 0.16 25.38
0.283 0.082 25.42
0.28 0.138 25.45
0.278 0.071 25.48
0.276 0.094 25.52
0.277 0.057 25.55
0.278 0.144 25.59
0.28 0.156 25.62
0.282 0.172 25.65
0.285 0.21 25.68
0.292 0.282 25.72
0.297 0.193 25.75
0.304 0.425 25.79
0.314 0.478 25.82
0.33 0.745 25.85
0.341 0.457 25.88
0.359 0.905 25.92
0 0 25.95
0 0 25.98
0 0 26.02
0 0 26.05
0.468 3.916 26.09
0 0 26.11
0.515 1.945 26.15
0.529 0.519 26.19
0 0 26.21
0.556 0.825 26.25
0.573 1.016 26.28
0.582 0.441 26.32
0.592 0.448 26.35
0.596 0.204 26.38
0 0 26.41
0 0 26.45
0 0 26.48
0.612 0.798 26.52
0.606 0.364 26.55
0 0 26.58
0.6 0.473 26.62
0.591 0.369 26.65
0 0 26.68
0.59 0.258 26.72
0.583 0.228 26.75
0.586 0.205 26.78
0 0 26.81
0.575 0.523 26.85
0 0 26.88
0 0 26.92
0.572 0.376 26.95
0 0 26.98
0.563 0.577 27.02
0.57 0.33 27.05
0 0 27.08
0 0 27.11
0.553 0.988 27.15
0 0 27.18
0 0 27.21
0 0 27.25
0 0 27.28
0 0 27.31
0.537 0.61 27.35
0 0 27.38
0.533 0.29 27.42
0 0 27.45
0.541 0.403 27.48
0.545 0.343 27.52
0.555 0.458 27.55
0.554 0.21 27.58
0 0 27.62
0.558 0.417 27.65
0.558 0.266 27.68
0.564 0.359 27.71
0.568 0.308 27.75
0.571 0.259 27.78
0.572 0.187 27.81
0.574 0.163 27.85
0.576 0.185 27.88
0.575 0.133 27.92
0.576 0.088 27.95
0 0 27.98
0.569 0.312 28.02
0.562 0.197 28.05
0.556 0.313 28.08
0 0 28.11
0.539 0.935 28.15
0.526 0.568 28.18
0.511 0.584 28.21
0.497 0.55 28.25
0.486 0.386 28.28
0.474 0.797 28.32
0.46 0.712 28.35
0.451 0.404 28.38
0.439 0.553 28.42
0.427 0.399 28.45
0.413 0.435 28.49
0.404 0.476 28.52
0.389 0.887 28.55
0.38 0.425 28.58
0.371 0.411 28.62
0.36 0.474 28.65
0.354 0.225 28.68
0.343 0.379 28.71
0 0 28.75
0.331 0.405 28.78
0.324 0.358 28.82
0.318 0.328 28.85
0 0 28.88
0.307 0.471 28.92
0.299 0.297 28.95
0.293 0.315 28.98
0 0 29.01
0 0 29.05
0 0 29.08
0 0 29.11
0.269 1.51 29.15
0 0 29.18
0.263 0.203 29.22
0.26 0.104 29.25
0.256 0.256 29.28
0.255 0.06 29.32
0.251 0.167 29.35
0.25 0.072 29.38
0 0 29.41
0 0 29.45
0 0 29.48
0 0 29.52
0 0 29.55
0 0 29.58
0 0 29.61
0 0 29.65
0 0 29.68
0 0 29.71
0.363 4.197 29.75
0 0 29.78
0.435 3.621 29.81
0.474 1.774 29.85
0.505 1.213 29.88
0.536 1.158 29.92
0.568 1.049 29.95
0.584 1.057 29.98
0.6 0.917 30.02
0.62 0.887 30.05
0.627 0.339 30.08
0 0 30.11
0.642 0.556 30.15
0.646 0.163 30.18
0.642 0.252 30.21
0 0 30.25
0.648 0.371 30.28
0.65 0.092 30.31
0.65 0.031 30.35
0.656 0.227 30.38
0 0 30.41
0 0 30.45
0 0 30.48
0 0 30.51
0.634 0.755 30.55
0 0 30.58
0 0 30.61
0.634 0.13 30.65
0 0 30.68
0 0 30.71
0 0 30.74
0.624 0.665 30.78
0.624 0.06 30.82
0.616 0.29 30.85
0.611 0.171 30.88
0 0 30.91
0 0 30.95
0.591 1.223 30.98
0 0 31.01
0 0 31.05
0.57 0.997 31.08
0.563 0.293 31.11
0.553 0.332 31.15
0 0 31.18
0.536 0.939 31.21
0.528 0.358 31.25
0.521 0.304 31.28
0.513 0.319 31.32
0.503 0.337 31.35
0.493 0.612 31.38
0.487 0.387 31.41
0.478 0.489 31.45
0 0 31.48
0.455 1.032 31.52
0.449 0.236 31.55
0.439 0.381 31.58
0 0 31.61
0.423 0.559 31.65
0.414 0.57 31.68
0.404 0.481 31.71
0.394 0.43 31.75
0.387 0.268 31.78
0.378 0.358 31.82
0.369 0.294 31.85
0.365 0.233 31.88
0.353 0.643 31.92
0.352 0.044 31.95
0.344 0.345 31.98
0.338 0.263 32.02
0.333 0.149 32.05
0.328 0.358 32.09
0.324 0.169 32.12
0.323 0.091 32.15
0.317 0.246 32.18
0.31 0.291 32.21
0.308 0.124 32.25
0.303 0.172 32.28
0.299 0.143 32.32
0.295 0.195 32.35
0.292 0.125 32.38
0.288 0.244 32.41
0.284 0.169 32.45
0.283 0.055 32.48
0.282 0.017 32.52
0.279 0.118 32.55
0.275 0.221 32.58
0.275 0.019 32.62
0.273 0.093 32.65
0.274 0.074 32.69
0.283 0.345 32.72
0 0 32.75
0 0 32.78
0.362 3.277 32.81
0.408 1.524 32.85
0.453 2.398 32.88
0.498 2.146 32.91
0 0 32.95
0.569 3.229 32.98
0 0 33.01
0.619 2.04 33.05
0.632 0.419 33.08
0 0 33.11
0 0 33.15
0.667 1.956 33.19
0.677 0.373 33.21
0.68 0.128 33.25
0.686 0.213 33.28
0 0 33.31
0 0 33.35
0.695 0.327 33.38
0.697 0.126 33.41
0.703 0.269 33.45
0 0 33.48
0.697 0.24 33.52
0.701 0.116 33.55
0.699 0.063 33.58
0.694 0.279 33.62
0.694 0.021 33.65
0.694 0.025 33.68
0.689 0.201 33.71
0.688 0.058 33.75
0.682 0.202 33.78
0.682 0.081 33.82
0.674 0.317 33.85
0 0 33.88
0 0 33.91
0.668 0.305 33.95
0.665 0.091 33.98
0.663 0.166 34.01
0.658 0.274 34.05
0.656 0.125 34.08
0.653 0.129 34.11
0.654 0.062 34.15
0.648 0.195 34.18
0.644 0.229 34.22
0.639 0.28 34.25
0.632 0.4 34.28
0 0 34.31
0.624 0.441 34.35
0.619 0.189 34.38
0.608 0.447 34.41
0.602 0.234 34.45
0.597 0.163 34.48
0.585 0.675 34.52
0.58 0.231 34.55
0.569 0.607 34.58
0.563 0.282 34.61
0.553 0.409 34.65
0.542 0.438 34.68
0.534 0.27 34.71
0.523 0.69 34.75
0.513 0.541 34.78
0.505 0.449 34.81
0.495 0.477 34.85
0.487 0.318 34.88
0.478 0.337 34.91
0.47 0.288 34.95
0.46 0.567 34.98
0.455 0.297 35.01
0.447 0.433 35.05
0.44 0.332 35.08
0.431 0.404 35.11
0.424 0.291 35.15
0.418 0.208 35.18
0.413 0.308 35.22
0.406 0.358 35.25
0.399 0.265 35.28
0.393 0.253 35.31
0.39 0.149 35.35
0.383 0.215 35.39
0.378 0.263 35.42
0.376 0.094 35.45
0.372 0.202 35.48
0.366 0.254 35.52
0.361 0.191 35.55
0.355 0.221 35.58
0.351 0.152 35.61
0.349 0.08 35.65
0.342 0.238 35.69
0.34 0.11 35.71
0.336 0.181 35.75
0.331 0.242 35.78
0.329 0.071 35.82
0.327 0.074 35.85
0.326 0.048 35.88
0.324 0.145 35.92
0.323 0.054 35.95
0.319 0.205 35.98
0.318 0.069 36.02
0.319 0.048 36.05
0.317 0.083 36.08
0.316 0.057 36.11
0.313 0.098 36.15
0.312 0.039 36.19
0.311 0.062 36.22
0.311 0.024 36.25
0.313 0.104 36.28
0.318 0.218 36.31
0.332 0.541 36.35
0.352 0.696 36.38
0.373 1.265 36.42
0.406 1.691 36.45
0.434 1.493 36.48
0.466 1.509 36.51
0.492 1.108 36.55
0.516 0.896 36.58
0.538 0.792 36.62
0.558 0.938 36.65
0.573 0.919 36.68
0.586 0.687 36.71
0.601 0.831 36.75
0.611 0.478 36.78
0.617 0.274 36.81
0.624 0.291 36.85
0 0 36.88
0.635 0.41 36.92
0.637 0.08 36.95
0.641 0.204 36.98
0.642 0.096 37.02
0.645 0.131 37.05
0.644 0.077 37.08
0.645 0.075 37.11
0.646 0.047 37.15
0.647 0.043 37.18
0.646 0.039 37.21
0.645 0.064 37.25
0.643 0.087 37.28
0.639 0.159 37.31
0.64 0.028 37.35
0.638 0.07 37.38
0.634 0.243 37.41
0 0 37.44
0.627 0.395 37.48
0.623 0.211 37.52
0 0 37.54
0 0 37.58
0.605 0.651 37.61
0 0 37.64
0 0 37.68
0.584 0.696 37.71
0.58 0.212 37.75
0.568 0.452 37.78
0.56 0.32 37.81
0.552 0.283 37.85
0.545 0.249 37.88
0.534 0.745 37.92
0.526 0.362 37.95
0.519 0.31 37.98
0.509 0.447 38.02
0.502 0.222 38.05
0.493 0.323 38.08
0.49 0.203 38.12
0.48 0.537 38.15
0.476 0.235 38.18
0.467 0.431 38.21
0.458 0.357 38.25
0 0 38.28
0.446 0.488 38.32
0.439 0.198 38.35
0.434 0.249 38.38
0.426 0.422 38.42
0.419 0.272 38.45
0.41 0.367 38.48
0.404 0.189 38.52
0.4 0.293 38.55
0.392 0.481 38.58
0.385 0.424 38.62
0.382 0.124 38.65
0.376 0.251 38.68
0.37 0.195 38.71
0.361 0.33 38.75
0.356 0.14 38.78
0.353 0.191 38.81
0.346 0.339 38.85
0.342 0.162 38.88
0 0 38.91
0.334 0.287 38.95
0.326 0.267 38.98
0.322 0.12 39.02
0.319 0.203 39.05
0.314 0.244 39.08
0.312 0.086 39.11
0.31 0.133 39.15
0.304 0.212 39.18
0 0 39.21
0.298 0.246 39.24
0.294 0.122 39.28
0.295 0.052 39.31
0.29 0.209 39.35
0.29 0.031 39.38
0.287 0.111 39.41
0.286 0.055 39.45
0.284 0.073 39.48
0.282 0.102 39.52
0.282 0.026 39.55
0.281 0.063 39.58
0.284 0.123 39.61
0.292 0.365 39.65
0.306 0.591 39.68
0.33 0.776 39.71
0.357 1.636 39.74
0.392 2.036 39.78
0 0 39.81
0.461 3.648 39.85
0.494 1.37 39.88
0.523 0.996 39.91
0.547 0.91 39.94
0.567 0.698 39.98
0.588 0.67 40.01
0.603 0.773 40.04
0 0 40.08
0 0 40.11
0.633 1.676 40.15
0.645 0.441 40.18
0 0 40.21
0.651 0.186 40.25
0.66 0.499 40.28
0.661 0.05 40.31
0.664 0.155 40.35
0.666 0.049 40.38
0 0 40.41
0.674 0.29 40.45
0.673 0.011 40.48
0 0 40.51
0.671 0.098 40.55
0 0 40.58
0.673 0.074 40.61
0.67 0.12 40.65
0 0 40.68
0.666 0.128 40.71
0 0 40.74
0.659 0.36 40.78
0.66 0.05 40.81
0.654 0.273 40.85
0.65 0.139 40.88
0.647 0.188 40.92
0.643 0.217 40.95
0.638 0.325 40.98
0.633 0.266 41.02
0.631 0.101 41.05
0.625 0.269 41.08
0.615 0.379 41.12
0.611 0.158 41.15
0 0 41.18
0.602 0.569 41.21
0.591 0.527 41.25
0.586 0.262 41.28
0.579 0.288 41.31
0.57 0.354 41.35
0.565 0.189 41.38
0.556 0.554 41.41
0.547 0.557 41.44
0.54 0.382 41.48
0.534 0.299 41.52
0.525 0.318 41.55
0 0 41.58
0.51 0.518 41.62
0 0 41.64
0.495 0.849 41.68
0.485 0.503 41.71
0.48 0.237 41.75
0.473 0.356 41.78
0.465 0.322 41.81
0.453 0.452 41.85
0 0 41.88
0.444 0.319 41.91
0.438 0.384 41.95
0.431 0.383 41.98
0.422 0.441 42.01
0.419 0.115 42.04
0.415 0.185 42.08
0 0 42.11
0.402 0.491 42.15
0.398 0.125 42.18
0.392 0.306 42.21
0.385 0.367 42.25
0.384 0.069 42.28
0.377 0.286 42.31
0.373 0.153 42.35
0.371 0.075 42.38
0.365 0.309 42.41
0.358 0.363 42.45
0.357 0.078 42.48
0.353 0.163 42.52
0.349 0.134 42.55
0.343 0.193 42.58
0.339 0.258 42.61
0.336 0.2 42.65
0.332 0.205 42.68
0.327 0.222 42.71
0.327 0.013 42.75
0.323 0.162 42.78
0.322 0.017 42.82
0.319 0.154 42.85
0.322 0.127 42.88
0.323 0.064 42.92
0.322 0.035 42.95
0.325 0.098 42.98
0.328 0.113 43.02
0.331 0.137 43.05
0.338 0.352 43.08
0.348 0.631 43.11
0.356 0.45 43.15
0.366 0.554 43.18
0.367 0.077 43.21
0.371 0.162 43.25
0.371 0.021 43.28
0 0 43.31
0.364 0.395 43.35
0.357 0.396 43.38
0.35 0.316 43.41
0.341 0.412 43.45
0.33 0.473 43.48
0.325 0.166 43.52
0.317 0.452 43.55
0.312 0.265 43.58
0.31 0.116 43.61
0.311 0.112 43.65
0.326 0.637 43.68
0.351 1.016 43.71
0.381 1.226 43.74
0.419 1.356 43.78
0.458 1.291 43.81
0.501 2.358 43.85
0.532 1.042 43.88
0.563 1.432 43.91
0 0 43.94
0.606 2.088 43.98
0 0 44.01
0 0 44.05
0 0 44.08
0.659 1.875 44.11
0 0 44.14
0 0 44.18
0 0 44.21
0 0 44.24
0 0 44.28
0 0 44.31
0 0 44.34
0 0 44.37
0 0 44.41
0.684 1.232 44.45
0 0 44.48
0 0 44.51
0 0 44.54
0 0 44.58
0 0 44.61
0 0 44.64
0 0 44.68
0.667 0.971 44.71
0.654 0.494 44.75
0 0 44.78
0.641 0.451 44.81
0 0 44.85
0.624 0.999 44.88
0.611 0.649 44.91
0.604 0.304 44.94
0.591 0.475 44.98
0 0 45.01
0 0 45.04
0.564 0.929 45.08
0.553 0.284 45.12
0.545 0.32 45.14
0.534 0.494 45.18
0.527 0.229 45.22
0.516 0.692 45.25
0.511 0.197 45.28
0 0 45.31
0.492 1.047 45.35
0.487 0.188 45.38
0.479 0.287 45.41
0.471 0.284 45.45
0 0 45.48
0.453 1.035 45.51
0.444 0.272 45.54
0.434 0.512 45.58
0.43 0.193 45.61
0.423 0.325 45.65
0.419 0.173 45.68
0.408 0.346 45.72
0.4 0.405 45.75
0.399 0.077 45.78
0.393 0.295 45.81
0.387 0.275 45.85
0.383 0.174 45.88
0.375 0.285 45.91
0.372 0.12 45.95
0.369 0.208 45.98
0.362 0.372 46.01
0.359 0.106 46.04
0.353 0.291 46.08
0.351 0.107 46.11
0.346 0.169 46.15
0.338 0.478 46.18
0.338 0.049 46.21
0.334 0.209 46.25
0.33 0.185 46.28
0.328 0.083 46.31
0.322 0.226 46.35
0.321 0.048 46.38
0.317 0.215 46.41
0.315 0.091 46.45
0.314 0.033 46.48
0.311 0.182 46.51
0.307 0.183 46.55
0.307 0.009 46.58
0.305 0.087 46.61
0.303 0.047 46.64
0.303 0.025 46.68
0.302 0.044 46.71
0.301 0.096 46.75
0.301 0.046 46.78
0.298 0.105 46.81
0.303 0.166 46.85
0.303 0.038 46.88
0.308 0.318 46.91
0.319 0.547 46.95
0.335 0.766 46.98
0.358 0.95 47.02
0.389 1.134 47.04
0.42 1.202 47.08
0.462 1.638 47.12
0.497 1.015 47.15
0.531 1.886 47.18
0 0 47.21
0 0 47.24
0.616 3.932 47.28
0.634 0.778 47.32
0.646 0.387 47.35
0.66 0.856 47.38
0.666 0.325 47.41
0 0 47.44
0.683 0.995 47.48
0.68 0.148 47.51
0.681 0.054 47.55
0 0 47.58
0 0 47.61
0 0 47.64
0 0 47.68
0 0 47.71
0 0 47.74
0.681 0.061 47.78
0 0 47.81
0 0 47.84
0 0 47.88
0.673 0.406 47.91
0 0 47.94
0.66 0.661 47.98
0 0 48.01
0.644 0.824 48.04
0 0 48.08
0.635 0.435 48.11
0 0 48.14
0.613 0.757 48.18
0.605 0.477 48.21
0 0 48.24
0.588 0.885 48.28
0.575 0.527 48.31
0.566 0.384 48.35
0.556 0.35 48.38
0.543 0.89 48.41
0.538 0.178 48.45
0.534 0.208 48.48
0 0 48.51
0.512 0.97 48.54
0.507 0.361 48.58
0.502 0.309 48.61
0 0 48.64
0.486 0.855 48.68
0.48 0.283 48.71
0.473 0.263 48.74
0.468 0.206 48.78
0.462 0.238 48.81
0.452 0.6 48.85
0.45 0.124 48.88
0.444 0.308 48.91
0.438 0.255 48.94
0.43 0.336 48.98
0.423 0.254 49.02
0.417 0.247 49.05
0.411 0.324 49.08
0.403 0.552 49.11
0.396 0.333 49.14
0.39 0.321 49.18
0.381 0.393 49.21
0.376 0.181 49.25
0.369 0.245 49.28
0.362 0.261 49.31
0.358 0.216 49.35
0.351 0.365 49.38
0.347 0.193 49.41
0.342 0.205 49.45
0.338 0.158 49.48
0.333 0.231 49.52
0.329 0.216 49.55
0.324 0.267 49.58
0.321 0.163 49.61
0.317 0.17 49.64
0.314 0.162 49.68
0.31 0.138 49.71
0 0 49.74
0.303 0.257 49.78
0.299 0.153 49.81
0.3 0.078 49.85
0.295 0.239 49.88
0.294 0.046 49.91
0.292 0.103 49.94
0.29 0.091 49.98
0.286 0.158 50.01
0.285 0.024 50.05
0.285 0.016 50.08
0.286 0.038 50.11
0.287 0.207 50.15
0.301 0.699 50.19
0.323 0.708 50.22
0.352 1.468 50.25
0.387 1.964 50.28
0 0 50.31
0.462 4.436 50.34
0.498 1.855 50.38
0.536 1.677 50.41
0.571 1.478 50.45
0.597 0.876 50.48
0 0 50.51
0 0 50.54
0.662 3.766 50.58
0 0 50.61
0 0 50.64
0 0 50.68
0 0 50.71
0 0 50.74
0 0 50.77
0 0 50.81
0.719 2.868 50.85
0 0 50.88
0 0 50.91
0.714 0.227 50.95
0 0 50.97
0.708 0.217 51.01
0.703 0.241 51.04
0.699 0.181 51.08
0.69 0.431 51.11
0 0 51.14
0 0 51.18
0.669 0.738 51.21
0.665 0.353 51.25
0.661 0.232 51.28
0.652 0.391 51.31
0 0 51.34
0.634 0.721 51.38
0.627 0.353 51.41
0.626 0.166 51.44
0.622 0.23 51.48
0 0 51.51
0.622 0.878 51.54
0 0 51.57
0.63 1.991 51.61
0 0 51.64
0 0 51.68
0 0 51.71
0 0 51.74
0 0 51.77
0 0 51.81
0 0 51.84
