0.423 0.023 3.58
0.394 0.026 3.61
0.376 0.024 3.65
0.354 0.024 3.68
0 0 3.71
0 0 3.75
0 0 3.78
0.284 0.085 3.82
0.271 0.02 3.85
0.265 0.018 3.88
0.259 0.016 3.91
0.253 0.014 3.95
0.247 0.012 3.98
0.241 0.01 4.02
0.243 0.01 4.05
0.24 0.007 4.08
0.24 0.007 4.11
0.236 0.005 4.15
0.239 0.006 4.18
0.234 0.006 4.22
0.236 0.005 4.25
0.233 0.004 4.28
0.235 0.003 4.31
0.234 0.003 4.35
0.234 0.002 4.38
0.234 0.001 4.41
0.232 0.003 4.45
0.231 0.001 4.48
0.232 0.003 4.51
0.233 0.002 4.55
0.233 0.001 4.58
0.23 0.003 4.61
0.23 0.001 4.65
0.228 0.002 4.68
0.225 0.003 4.71
0.227 0.003 4.75
0.223 0.003 4.78
0.226 0.005 4.81
0.224 0.004 4.85
0.226 0.006 4.88
0.229 0.007 4.92
0.231 0.009 4.95
0.241 0.016 4.98
0 0 5.01
0 0 5.05
0 0 5.08
0 0 5.11
0 0 5.15
0 0 5.18
0 0 5.21
0.273 0.126 5.25
0 0 5.28
0.29 0.044 5.31
0.304 0.023 5.35
0 0 5.38
0 0 5.41
0 0 5.45
0.356 0.107 5.48
0.383 0.03 5.52
0 0 5.55
0 0 5.58
0 0 5.61
0 0 5.65
0 0 5.68
0 0 5.71
0 0 5.74
0 0 5.78
0 0 5.81
0 0 5.85
0 0 5.88
0 0 5.91
0 0 5.94
0 0 5.98
0 0 6.01
0 0 6.04
0 0 6.08
0 0 6.11
0 0 6.14
0 0 6.18
0 0 6.21
0 0 6.24
0 0 6.28
0 0 6.31
0 0 6.34
0 0 6.38
0 0 6.41
0 0 6.44
0 0 6.48
0 0 6.51
0 0 6.54
0 0 6.58
0 0 6.61
0 0 6.64
0 0 6.68
0 0 6.71
0 0 6.74
0 0 6.78
0 0 6.81
0 0 6.85
0 0 6.88
0 0 6.91
0 0 6.94
0 0 6.98
0 0 7.01
0 0 7.04
0 0 7.08
0 0 7.11
0 0 7.14
0 0 7.18
0 0 7.21
0 0 7.24
0 0 7.28
0 0 7.31
0 0 7.34
0 0 7.38
0 0 7.41
0.353 0.122 7.45
0.327 0.034 7.48
0.3 0.037 7.52
0.287 0.035 7.55
0.273 0.034 7.58
0 0 7.61
0.26 0.055 7.65
0.262 0.022 7.68
0.261 0.018 7.71
0.261 0.014 7.75
0.272 0.014 7.78
0.273 0.01 7.81
0.276 0.009 7.85
0.279 0.006 7.88
0.284 0.008 7.91
0.285 0.003 7.95
0.284 0.003 7.98
0.287 0.003 8.01
0.284 0.002 8.05
0.284 0.001 8.08
0.288 0.001 8.11
0.286 0.002 8.15
0.288 0.003 8.18
0.292 0.002 8.21
0.292 0.002 8.25
0.291 0.003 8.28
0.294 0.003 8.31
0.29 0.006 8.35
0.289 0.005 8.38
0.284 0.01 8.41
0.283 0.011 8.45
0.279 0.014 8.48
0.277 0.015 8.51
0.283 0.016 8.55
0.288 0.017 8.58
0.294 0.02 8.61
0.31 0.022 8.65
0.321 0.023 8.68
0.332 0.026 8.71
0.345 0.027 8.74
0.363 0.026 8.78
0 0 8.81
0 0 8.85
0 0 8.88
0 0 8.91
0 0 8.94
0 0 8.98
0 0 9.01
0 0 9.04
0 0 9.08
0 0 9.11
0 0 9.14
0 0 9.18
0 0 9.21
0 0 9.24
0 0 9.28
0 0 9.31
0 0 9.35
0 0 9.38
0 0 9.41
0 0 9.44
0 0 9.48
0 0 9.51
0 0 9.54
0 0 9.58
0 0 9.61
0 0 9.64
0 0 9.68
0 0 9.71
0 0 9.74
0 0 9.78
0 0 9.81
0 0 9.84
0 0 9.88
0 0 9.91
0 0 9.94
0 0 9.98
0 0 10.01
0 0 10.04
0 0 10.08
0 0 10.11
0 0 10.14
0 0 10.18
0 0 10.21
0 0 10.24
0 0 10.28
0 0 10.31
0 0 10.34
0 0 10.38
0 0 10.41
0 0 10.44
0 0 10.48
0 0 10.51
0 0 10.54
0 0 10.58
0 0 10.61
0 0 10.64
0 0 10.68
0 0 10.71
0 0 10.74
0 0 10.78
0 0 10.81
0 0 10.85
0 0 10.88
0 0 10.91
0 0 10.94
0 0 10.98
0 0 11.01
0 0 11.04
0 0 11.08
0 0 11.11
0 0 11.14
0 0 11.18
0 0 11.21
0 0 11.24
0 0 11.28
0 0 11.31
0 0 11.34
0 0 11.38
0 0 11.41
0 0 11.44
0 0 11.48
0 0 11.51
0 0 11.54
0 0 11.58
0 0 11.61
0 0 11.64
0 0 11.68
0 0 11.71
0 0 11.74
0 0 11.78
0 0 11.81
0.422 0.064 11.85
0.406 0.029 11.88
0 0 11.91
0.359 0.067 11.95
0 0 11.98
0.338 0.064 12.01
0.325 0.028 12.05
0.321 0.025 12.08
0.314 0.021 12.11
0.311 0.018 12.15
0.314 0.017 12.18
0.313 0.013 12.21
0.311 0.012 12.25
0.31 0.01 12.28
0.314 0.01 12.31
0.314 0.007 12.35
0.313 0.005 12.38
0.315 0.005 12.41
0.315 0.003 12.45
0.315 0.002 12.48
0.317 0.001 12.51
0.321 0.005 12.55
0.316 0.009 12.58
0.32 0.004 12.61
0.32 0.002 12.65
0.32 0.004 12.68
0.32 0.005 12.71
0.321 0.007 12.75
0.32 0.008 12.78
0.319 0.01 12.81
0.322 0.01 12.85
0.321 0.014 12.88
0.322 0.016 12.91
0.327 0.018 12.95
0.33 0.02 12.98
0.334 0.025 13.01
0.345 0.023 13.04
0.358 0.025 13.08
0.369 0.028 13.11
0 0 13.15
0.412 0.054 13.19
0 0 13.21
0 0 13.24
0 0 13.28
0 0 13.31
0 0 13.35
0 0 13.38
0 0 13.41
0 0 13.44
0 0 13.48
0 0 13.51
0 0 13.54
0 0 13.58
0 0 13.61
0 0 13.64
0 0 13.68
0 0 13.71
0 0 13.74
0 0 13.78
0 0 13.81
0 0 13.85
0 0 13.88
0 0 13.91
0 0 13.94
0 0 13.98
0 0 14.01
0 0 14.04
0 0 14.08
0 0 14.11
0 0 14.14
0 0 14.18
0 0 14.21
0 0 14.24
0 0 14.28
0 0 14.31
0 0 14.34
0 0 14.37
0 0 14.41
0 0 14.44
0 0 14.48
0 0 14.51
0 0 14.54
0 0 14.58
0 0 14.61
0 0 14.64
0 0 14.68
0 0 14.71
0 0 14.74
0 0 14.78
0 0 14.81
0 0 14.84
0 0 14.87
0 0 14.91
0 0 14.94
0 0 14.98
0.567 0.105 15.01
0.537 0.034 15.04
0 0 15.08
0.493 0.06 15.11
0.474 0.03 15.15
0.457 0.028 15.18
0.443 0.027 15.21
0.432 0.024 15.25
0.423 0.022 15.28
0.418 0.021 15.31
0.414 0.016 15.35
0.412 0.016 15.38
0.41 0.011 15.41
0.413 0.013 15.45
0.415 0.01 15.48
0.417 0.008 15.51
0.418 0.006 15.55
0.419 0.007 15.58
0.417 0.002 15.61
0.417 0.002 15.64
0.417 0.001 15.68
0.417 0.001 15.72
0.416 0.002 15.74
0.419 0.004 15.78
0.418 0.002 15.81
0.419 0.002 15.85
0.419 0.002 15.88
0.418 0.005 15.91
0.416 0.007 15.95
0.415 0.009 15.98
0.411 0.015 16.01
0.41 0.015 16.05
0.408 0.022 16.08
0.411 0.023 16.11
0.417 0.025 16.14
0.426 0.026 16.18
0.439 0.028 16.21
0.456 0.028 16.25
0 0 16.28
0.493 0.056 16.31
0.513 0.027 16.35
0 0 16.38
0 0 16.41
0 0 16.44
0 0 16.47
0 0 16.51
0 0 16.54
0 0 16.57
0 0 16.61
0 0 16.64
0 0 16.68
0 0 16.71
0 0 16.74
0 0 16.78
0 0 16.81
0 0 16.84
0 0 16.87
0 0 16.91
0 0 16.94
0 0 16.97
0 0 17.01
0 0 17.04
0 0 17.07
0 0 17.11
0 0 17.14
0 0 17.18
0 0 17.21
0 0 17.24
0 0 17.28
0 0 17.31
0 0 17.34
0 0 17.38
0 0 17.41
0 0 17.44
0 0 17.48
0 0 17.51
0 0 17.54
0 0 17.58
0 0 17.61
0 0 17.64
0 0 17.68
0 0 17.71
0 0 17.74
0.558 0.064 17.78
0.526 0.035 17.81
0 0 17.84
0 0 17.88
0 0 17.91
0.435 0.145 17.94
0.422 0.03 17.98
0.413 0.027 18.01
0.408 0.023 18.04
0.406 0.02 18.08
0.406 0.018 18.11
0.404 0.012 18.14
0.408 0.014 18.18
0.409 0.006 18.21
0.413 0.009 18.24
0.413 0.004 18.28
0.417 0.007 18.31
0.417 0.003 18.34
0.418 0.002 18.38
0.418 0.001 18.41
0.421 0.003 18.44
0.422 0.001 18.48
0.425 0.004 18.51
0.423 0.003 18.54
0.424 0.003 18.58
0.423 0.002 18.61
0.421 0.003 18.65
0.42 0.001 18.68
0.42 0.001 18.71
0.42 0.003 18.74
0.418 0.004 18.78
0.416 0.008 18.81
0.413 0.01 18.84
0.412 0.012 18.88
0.412 0.015 18.91
0.411 0.021 18.94
0.414 0.022 18.98
0.419 0.026 19.01
0.428 0.029 19.04
0.437 0.031 19.08
0.45 0.032 19.11
0.464 0.034 19.14
0.485 0.033 19.18
0 0 19.21
0 0 19.24
0 0 19.27
0 0 19.31
0 0 19.34
0 0 19.38
0 0 19.41
0 0 19.44
0 0 19.47
0 0 19.51
0 0 19.54
0 0 19.58
0 0 19.61
0 0 19.64
0 0 19.68
0 0 19.71
0 0 19.74
0 0 19.77
0 0 19.81
0 0 19.84
0 0 19.88
0 0 19.91
0 0 19.94
0 0 19.97
0 0 20.01
0 0 20.04
0 0 20.07
0 0 20.11
0 0 20.14
0 0 20.18
0 0 20.21
0 0 20.24
0 0 20.27
0 0 20.31
0 0 20.34
0 0 20.38
0 0 20.41
0 0 20.44
0 0 20.47
0 0 20.51
0 0 20.54
0 0 20.58
0 0 20.61
0 0 20.64
0 0 20.68
0.502 0.026 20.71
0 0 20.74
0 0 20.78
0 0 20.81
0.413 0.152 20.85
0.402 0.032 20.88
0.395 0.029 20.91
0.39 0.023 20.94
0.389 0.021 20.98
0.393 0.019 21.01
0.397 0.014 21.05
0.4 0.012 21.08
0.406 0.012 21.11
0.41 0.009 21.14
0.414 0.007 21.18
0.417 0.007 21.21
0.418 0.003 21.25
0.419 0.004 21.28
0.418 0.002 21.31
0.416 0.002 21.34
0.414 0.002 21.38
0.414 0.001 21.41
0.415 0.002 21.44
0.414 0.001 21.48
0.417 0.004 21.51
0.417 0.001 21.54
0.417 0.001 21.58
0.414 0.003 21.61
0.415 0.001 21.65
0.414 0.002 21.68
0.411 0.005 21.71
0.408 0.005 21.74
0.404 0.007 21.78
0.4 0.008 21.81
0.393 0.011 21.85
0.387 0.014 21.88
0.383 0.016 21.91
0.381 0.016 21.94
0.378 0.024 21.98
0.38 0.024 22.01
0.382 0.028 22.04
0.39 0.029 22.08
0.402 0.029 22.11
0.416 0.031 22.14
0.432 0.032 22.18
0.451 0.032 22.21
0.471 0.031 22.25
0 0 22.28
0 0 22.31
0 0 22.34
0 0 22.37
0 0 22.41
0 0 22.44
0 0 22.47
0 0 22.51
0 0 22.54
0 0 22.58
0 0 22.61
0 0 22.64
0 0 22.68
0 0 22.71
0 0 22.74
0 0 22.77
0 0 22.81
0 0 22.84
0 0 22.87
0 0 22.91
0 0 22.94
0 0 22.97
0 0 23.01
0 0 23.04
0 0 23.07
0 0 23.11
