0 0 66.64
0 0 66.67
0 0 66.7
0 0 66.74
0 0 66.77
0 0 66.8
0 0 66.84
0 0 66.87
0 0 66.9
0 0 66.94
0 0 66.97
0 0 67.0
0 0 67.04
0 0 67.07
0 0 67.1
0 0 67.14
0 0 67.17
0.449 0.076 67.2
0.435 0.03 67.24
0.42 0.028 67.27
0.413 0.026 67.31
0.406 0.021 67.34
0.399 0.019 67.37
0.393 0.016 67.4
0.39 0.015 67.44
0.388 0.012 67.47
0.386 0.011 67.51
0.386 0.011 67.54
0.39 0.011 67.57
0.388 0.007 67.6
0.388 0.007 67.64
0.392 0.006 67.67
0.392 0.004 67.7
0.394 0.005 67.74
0.397 0.002 67.77
0.397 0.002 67.8
0.398 0.002 67.84
0.398 0.001 67.87
0.401 0.0 67.9
0.402 0.003 67.94
0.401 0.001 67.97
0.402 0.002 68.01
0.402 0.001 68.04
0.401 0.001 68.07
0.405 0.001 68.11
0.404 0.001 68.14
0.403 0.002 68.17
0.405 0.001 68.21
0.403 0.002 68.24
0.401 0.002 68.27
0.4 0.002 68.3
0.401 0.001 68.34
0.399 0.003 68.37
0.398 0.002 68.4
0.399 0.001 68.44
0.399 0.001 68.47
0.397 0.005 68.51
0.396 0.006 68.54
0.394 0.007 68.57
0.391 0.011 68.61
0.388 0.013 68.64
0.389 0.015 68.67
0.388 0.02 68.71
0.392 0.02 68.74
0.401 0.022 68.77
0.412 0.025 68.8
0.424 0.027 68.84
0.444 0.028 68.87
0.464 0.029 68.9
0 0 68.94
0 0 68.97
0 0 69.01
0 0 69.04
0 0 69.07
0 0 69.1
0 0 69.14
0 0 69.17
0 0 69.2
0 0 69.24
0 0 69.27
0 0 69.3
0 0 69.34
0 0 69.37
0 0 69.4
0 0 69.44
0 0 69.47
0 0 69.5
0 0 69.54
0 0 69.57
0 0 69.6
0 0 69.64
0 0 69.67
0 0 69.7
0 0 69.74
0 0 69.77
0 0 69.8
0 0 69.84
0 0 69.87
0 0 69.9
0 0 69.94
0 0 69.97
0 0 70.0
0 0 70.03
0 0 70.07
0 0 70.1
0 0 70.13
0 0 70.17
0 0 70.2
0 0 70.24
0 0 70.27
0 0 70.3
0 0 70.34
0 0 70.37
0 0 70.4
0 0 70.44
0 0 70.47
0 0 70.51
0 0 70.54
0 0 70.57
0 0 70.6
0 0 70.64
0 0 70.67
0 0 70.7
0 0 70.74
0 0 70.77
0 0 70.8
0 0 70.84
0 0 70.87
0 0 70.9
0 0 70.93
0 0 70.97
0 0 71.0
0 0 71.04
0 0 71.07
0 0 71.1
0.496 0.033 71.14
0.473 0.036 71.17
0.451 0.034 71.22
0.429 0.032 71.25
0.415 0.028 71.28
0.402 0.024 71.31
0.394 0.022 71.34
0.385 0.018 71.37
0.38 0.015 71.41
0.377 0.012 71.44
0.376 0.011 71.47
0.374 0.009 71.51
0.373 0.007 71.54
0.371 0.006 71.57
0.372 0.006 71.61
0.37 0.005 71.64
0.372 0.005 71.68
0.372 0.002 71.71
0.371 0.001 71.74
0.37 0.001 71.77
0.37 0.002 71.81
0.368 0.003 71.84
0.368 0.001 71.87
0.368 0.002 71.91
0.366 0.002 71.94
0.364 0.002 71.97
0.362 0.003 72.01
0.36 0.001 72.04
0.357 0.005 72.07
0.356 0.004 72.1
0.353 0.006 72.14
0.348 0.011 72.17
0.345 0.013 72.21
0.344 0.017 72.24
0.344 0.022 72.27
0.35 0.026 72.3
0.359 0.029 72.34
0.371 0.032 72.37
0.389 0.032 72.4
0 0 72.44
0.429 0.066 72.47
0 0 72.51
0.475 0.054 72.54
0.501 0.028 72.57
0.523 0.023 72.61
0 0 72.64
0 0 72.67
0 0 72.7
0 0 72.74
0 0 72.77
0 0 72.8
0 0 72.84
0 0 72.87
0 0 72.9
0 0 72.94
0 0 72.97
0 0 73.0
0 0 73.04
0 0 73.07
0 0 73.1
0 0 73.14
0 0 73.17
0 0 73.2
0 0 73.24
0 0 73.27
0 0 73.3
0 0 73.34
0 0 73.37
0 0 73.4
0 0 73.44
0 0 73.47
0 0 73.5
0 0 73.54
0 0 73.57
0 0 73.6
0 0 73.64
0 0 73.67
0 0 73.7
0 0 73.74
0 0 73.77
0 0 73.8
0 0 73.84
0 0 73.87
0 0 73.9
0 0 73.94
0 0 73.97
0.51 0.073 74.01
0.482 0.029 74.04
0 0 74.07
0.424 0.065 74.11
0 0 74.14
0 0 74.17
0.363 0.101 74.2
0.351 0.027 74.24
0.343 0.023 74.27
0.338 0.019 74.31
0.338 0.017 74.34
0.337 0.011 74.37
0.341 0.014 74.41
0.346 0.009 74.44
0.35 0.007 74.47
0.352 0.006 74.51
0.356 0.005 74.54
0.356 0.004 74.57
0.359 0.004 74.61
0.363 0.003 74.64
0.364 0.002 74.67
0.366 0.002 74.71
0.367 0.002 74.74
0.37 0.001 74.77
0.371 0.002 74.8
0.369 0.004 74.84
0.373 0.003 74.87
0.373 0.001 74.91
0.375 0.004 74.94
0.376 0.002 74.97
0.376 0.002 75.0
0.376 0.0 75.04
0.38 0.005 75.07
0.379 0.004 75.1
0.375 0.005 75.14
0.374 0.003 75.17
0.371 0.006 75.2
0.369 0.007 75.24
0.366 0.01 75.27
0.362 0.019 75.3
0.362 0.018 75.34
0.363 0.027 75.37
0.368 0.033 75.4
0 0 75.44
0 0 75.47
0 0 75.5
0.426 0.15 75.54
0 0 75.57
0 0 75.6
0 0 75.64
0 0 75.67
0 0 75.7
0 0 75.73
0 0 75.77
0 0 75.8
0 0 75.84
0 0 75.87
0 0 75.9
0 0 75.94
0 0 75.97
0 0 76.0
0 0 76.04
0 0 76.07
0 0 76.1
0 0 76.13
0 0 76.17
0 0 76.2
0 0 76.24
0 0 76.27
0 0 76.3
0 0 76.34
0 0 76.37
0 0 76.4
0 0 76.43
0 0 76.47
0 0 76.5
0 0 76.53
0 0 76.57
0 0 76.6
0 0 76.64
0 0 76.67
0 0 76.7
0 0 76.74
0 0 76.77
0 0 76.8
0 0 76.84
0 0 76.87
0 0 76.9
0 0 76.93
0 0 76.97
0 0 77.0
0 0 77.03
0 0 77.07
0 0 77.1
0 0 77.14
0 0 77.17
0 0 77.2
0 0 77.24
0 0 77.27
0 0 77.3
0.518 0.097 77.34
0.493 0.034 77.37
0.461 0.038 77.4
0.436 0.035 77.44
0.415 0.032 77.47
0.395 0.029 77.51
0.383 0.026 77.54
0.375 0.023 77.57
0.369 0.02 77.61
0.368 0.018 77.64
0.368 0.014 77.67
0.367 0.012 77.7
0.37 0.012 77.74
0.373 0.009 77.77
0.375 0.007 77.81
0.376 0.007 77.84
0.379 0.005 77.87
0.38 0.003 77.91
0.38 0.004 77.94
0.379 0.002 77.97
0.38 0.001 78.01
0.374 0.002 78.04
0.375 0.001 78.07
0.374 0.001 78.1
0.375 0.001 78.14
0.372 0.001 78.17
0.373 0.003 78.2
0.373 0.0 78.24
0.37 0.001 78.27
0.368 0.003 78.3
0.369 0.003 78.34
0.364 0.003 78.37
0.361 0.007 78.4
0.359 0.009 78.44
0.352 0.012 78.47
0.348 0.014 78.5
0.347 0.017 78.54
0.344 0.02 78.57
0.348 0.023 78.6
0.353 0.028 78.64
0.361 0.03 78.67
0.37 0.03 78.71
0.385 0.032 78.74
0.406 0.031 78.77
0.417 0.033 78.8
0.439 0.028 78.84
0.462 0.027 78.87
0.481 0.026 78.9
0 0 78.94
0 0 78.97
0 0 79.0
0 0 79.03
0 0 79.07
0 0 79.1
0 0 79.13
0 0 79.17
0 0 79.2
0 0 79.24
0 0 79.27
0 0 79.3
0 0 79.34
0 0 79.37
0 0 79.4
0 0 79.43
0 0 79.47
0 0 79.5
0 0 79.53
0 0 79.57
0 0 79.6
0 0 79.64
0 0 79.67
0 0 79.7
0 0 79.74
0 0 79.77
0 0 79.8
0 0 79.84
0 0 79.87
0 0 79.9
0 0 79.93
0 0 79.97
0 0 80.0
0 0 80.03
0 0 80.07
0 0 80.1
0 0 80.13
0 0 80.17
0 0 80.2
0 0 80.24
0 0 80.27
0 0 80.3
0 0 80.33
0 0 80.37
0 0 80.4
0 0 80.43
0 0 80.47
0 0 80.5
0 0 80.54
0 0 80.57
0 0 80.6
0 0 80.64
0 0 80.67
0.434 0.117 80.7
0.414 0.029 80.74
0.387 0.031 80.77
0.368 0.032 80.8
0.351 0.032 80.84
0.333 0.032 80.87
0.323 0.03 80.91
0.309 0.028 80.94
0.297 0.027 80.97
0.288 0.023 81.01
0.284 0.021 81.04
0.276 0.019 81.07
0.279 0.019 81.1
0.278 0.015 81.14
0.282 0.014 81.17
0.279 0.012 81.2
0.278 0.01 81.24
0.283 0.009 81.27
0.28 0.007 81.3
0.282 0.006 81.34
0.287 0.006 81.37
0.286 0.004 81.41
0.287 0.003 81.44
0.285 0.003 81.47
0.283 0.003 81.5
0.281 0.003 81.54
0.281 0.002 81.57
0.281 0.001 81.6
0.279 0.001 81.64
0.278 0.002 81.67
0.28 0.003 81.7
0.277 0.0 81.74
0.281 0.004 81.77
0.274 0.008 81.81
0.273 0.002 81.84
0.272 0.002 81.87
0.274 0.003 81.91
0.279 0.01 81.94
0.269 0.011 81.98
0.268 0.004 82.01
0.271 0.007 82.04
0.268 0.008 82.07
0.266 0.007 82.1
0.265 0.009 82.14
0.266 0.013 82.17
0.267 0.014 82.2
0.268 0.015 82.24
0.266 0.017 82.27
0.27 0.02 82.31
0 0 82.34
0 0 82.37
0 0 82.4
0 0 82.43
0 0 82.47
0.296 0.148 82.5
0 0 82.54
0.314 0.064 82.57
0.318 0.036 82.6
0.331 0.036 82.64
0 0 82.67
0.371 0.072 82.7
0 0 82.74
0 0 82.77
0 0 82.8
0 0 82.84
0 0 82.87
0 0 82.9
0 0 82.93
0 0 82.97
0 0 83.0
0 0 83.04
0 0 83.07
0 0 83.1
0 0 83.13
0 0 83.17
0 0 83.2
0 0 83.23
0 0 83.27
0 0 83.3
0 0 83.34
0 0 83.37
0 0 83.4
0 0 83.43
0 0 83.47
0 0 83.5
0 0 83.53
0 0 83.57
0 0 83.6
0 0 83.63
0 0 83.67
0 0 83.7
0 0 83.73
0 0 83.77
0 0 83.8
0 0 83.83
0 0 83.87
0 0 83.9
0 0 83.93
0 0 83.97
0 0 84.0
0 0 84.03
0 0 84.07
0 0 84.1
0 0 84.13
0 0 84.17
0 0 84.2
0 0 84.23
0 0 84.27
0 0 84.3
0 0 84.34
0 0 84.37
0 0 84.4
0 0 84.43
0 0 84.47
0 0 84.5
0 0 84.53
0 0 84.57
0 0 84.6
0 0 84.63
0 0 84.67
0 0 84.7
0 0 84.73
0 0 84.77
0 0 84.8
0 0 84.84
0 0 84.87
0 0 84.9
0 0 84.93
0.306 0.125 84.97
0.289 0.026 85.0
0.268 0.027 85.04
0.254 0.026 85.07
0.241 0.026 85.1
0.23 0.026 85.13
0.22 0.026 85.17
0.215 0.024 85.2
0.208 0.022 85.24
0.205 0.022 85.27
0.203 0.02 85.3
0.203 0.019 85.34
0.206 0.017 85.37
0.212 0.015 85.4
0.213 0.014 85.44
0.215 0.013 85.47
0.223 0.011 85.5
0.225 0.009 85.54
0.225 0.008 85.57
0.233 0.007 85.6
0.233 0.006 85.64
0.234 0.004 85.67
0.239 0.004 85.7
0.242 0.003 85.74
0.244 0.003 85.77
0.244 0.001 85.8
0.246 0.002 85.84
0.246 0.001 85.87
0.246 0.001 85.9
0.247 0.003 85.94
0.247 0.002 85.97
0.246 0.001 86.0
0.248 0.002 86.04
0.248 0.002 86.07
0.245 0.002 86.1
0.248 0.001 86.14
0.246 0.003 86.17
0.247 0.003 86.2
0.247 0.003 86.24
0.25 0.004 86.27
0.251 0.007 86.3
0.248 0.009 86.34
0.25 0.013 86.37
0.248 0.016 86.4
0.243 0.02 86.44
0.242 0.024 86.47
0.238 0.027 86.5
0.232 0.033 86.54
0.245 0.034 86.57
0.251 0.035 86.6
0 0 86.63
0 0 86.67
0.302 0.108 86.7
0 0 86.73
0 0 86.77
0 0 86.8
0 0 86.83
0 0 86.87
0 0 86.9
0 0 86.93
0 0 86.97
0 0 87.0
0 0 87.03
0 0 87.07
0 0 87.1
0 0 87.13
0 0 87.17
0 0 87.2
0 0 87.23
0 0 87.26
0 0 87.3
0 0 87.33
0 0 87.37
0 0 87.4
0 0 87.43
0 0 87.47
0 0 87.5
0 0 87.53
0 0 87.57
0 0 87.6
0 0 87.63
0 0 87.67
0 0 87.7
0 0 87.73
0 0 87.77
0 0 87.8
0 0 87.83
0 0 87.87
0 0 87.9
0 0 87.93
0 0 87.97
0 0 88.0
0 0 88.03
0 0 88.07
0 0 88.1
0 0 88.13
0 0 88.17
0 0 88.2
0.388 0.043 88.23
0.359 0.033 88.27
0.343 0.033 88.3
0.313 0.041 88.34
0.293 0.036 88.37
0.279 0.033 88.4
0.272 0.03 88.43
0.269 0.026 88.47
0.268 0.022 88.5
0.272 0.019 88.54
0.278 0.017 88.57
0.282 0.013 88.6
0.289 0.012 88.64
0.293 0.01 88.67
0.298 0.009 88.7
0.302 0.007 88.74
0.306 0.005 88.77
0.31 0.006 88.8
0.312 0.003 88.84
0.315 0.004 88.87
0.317 0.002 88.9
0.318 0.002 88.94
0.319 0.001 88.97
0.321 0.003 89.0
0.322 0.002 89.04
0.325 0.002 89.07
0.324 0.002 89.1
0.323 0.002 89.13
0.323 0.004 89.17
0.32 0.006 89.2
0.315 0.009 89.24
0.308 0.014 89.27
0.301 0.016 89.3
0.294 0.023 89.34
0.289 0.027 89.37
0 0 89.4
0 0 89.43
0.304 0.104 89.47
0.318 0.036 89.5
0.339 0.034 89.53
0.36 0.031 89.57
0.384 0.031 89.6
0.405 0.026 89.63
0 0 89.67
0 0 89.7
0 0 89.73
0 0 89.77
0 0 89.8
0 0 89.83
0 0 89.87
0 0 89.9
0 0 89.93
0 0 89.96
0 0 90.0
0 0 90.03
0 0 90.07
0 0 90.1
0 0 90.13
0 0 90.17
0 0 90.2
0 0 90.23
0 0 90.26
0 0 90.3
0 0 90.33
0 0 90.37
0 0 90.4
0 0 90.43
0 0 90.46
0 0 90.5
0 0 90.53
0 0 90.57
0 0 90.6
0 0 90.63
0 0 90.67
0 0 90.7
0 0 90.73
0 0 90.76
0 0 90.8
0 0 90.83
0 0 90.87
0 0 90.9
0 0 90.93
0 0 90.97
0.442 0.065 91.0
0 0 91.03
0 0 91.07
0.356 0.1 91.1
0.332 0.034 91.13
0.312 0.033 91.17
0 0 91.2
0.288 0.06 91.24
0.281 0.025 91.27
0.282 0.023 91.3
0.283 0.02 91.34
0.286 0.016 91.37
0.29 0.015 91.4
0.297 0.012 91.44
0.303 0.012 91.47
0.307 0.01 91.5
0.314 0.01 91.54
0.316 0.006 91.57
0.32 0.008 91.6
0.325 0.006 91.63
0.327 0.003 91.67
0.329 0.004 91.7
0.332 0.003 91.74
0.335 0.002 91.77
0.335 0.001 91.8
0.336 0.001 91.84
0.34 0.004 91.87
0.34 0.003 91.9
0.339 0.002 91.93
0 0 91.97
0.341 0.004 92.0
0.339 0.002 92.04
0.341 0.003 92.07
0.341 0.003 92.1
0.338 0.003 92.13
0.338 0.004 92.17
0.335 0.005 92.2
0.336 0.003 92.24
0.334 0.002 92.27
0.335 0.003 92.3
0.334 0.003 92.34
0.327 0.01 92.37
0.328 0.005 92.4
0.325 0.009 92.44
0.322 0.011 92.47
0.322 0.015 92.5
0.32 0.018 92.54
0.319 0.02 92.57
0.319 0.024 92.6
0.325 0.025 92.64
0.331 0.029 92.67
0.341 0.031 92.7
0.358 0.033 92.74
0.376 0.033 92.77
0 0 92.8
0 0 92.84
0 0 92.87
0 0 92.91
0 0 92.93
0 0 92.96
0 0 93.0
0 0 93.03
0 0 93.07
0 0 93.1
0 0 93.13
0 0 93.17
0 0 93.2
0 0 93.23
0 0 93.26
0 0 93.3
0 0 93.33
0 0 93.37
0 0 93.4
0 0 93.43
0 0 93.46
0 0 93.5
0 0 93.53
0 0 93.57
0 0 93.6
0 0 93.63
0 0 93.67
0 0 93.7
0 0 93.73
0 0 93.77
0 0 93.8
0 0 93.83
0 0 93.86
0 0 93.9
0 0 93.93
0 0 93.97
0 0 94.0
0 0 94.03
0 0 94.07
0 0 94.1
0 0 94.13
0 0 94.17
0 0 94.2
0 0 94.23
0 0 94.27
0 0 94.3
0.543 0.14 94.34
0 0 94.37
0 0 94.4
0 0 94.43
0 0 94.47
0.414 0.179 94.5
0.401 0.033 94.54
0.387 0.028 94.57
0.378 0.025 94.6
0.372 0.022 94.63
0.367 0.019 94.67
0.364 0.015 94.7
0.365 0.015 94.73
0.365 0.013 94.77
0.368 0.011 94.8
0.369 0.008 94.84
0.373 0.01 94.87
0.372 0.004 94.9
0.375 0.007 94.93
0.378 0.006 94.97
0.378 0.003 95.0
0.381 0.006 95.03
0.383 0.002 95.07
0.384 0.001 95.1
0.384 0.001 95.14
0.383 0.001 95.17
0.386 0.006 95.2
0.383 0.005 95.23
0.381 0.003 95.27
0.384 0.007 95.3
0.381 0.003 95.34
0.379 0.003 95.37
0.375 0.006 95.4
0.372 0.006 95.43
0.364 0.014 95.47
0.358 0.012 95.5
0.351 0.018 95.54
0.346 0.02 95.57
0.343 0.025 95.6
0.345 0.028 95.63
0.351 0.031 95.67
0.362 0.031 95.7
0.378 0.033 95.73
0.396 0.032 95.77
0.416 0.032 95.8
0.436 0.032 95.83
0 0 95.87
0.481 0.055 95.9
0.51 0.031 95.94
0 0 95.96
0 0 96.0
0 0 96.03
0 0 96.07
0 0 96.1
0 0 96.13
0 0 96.17
0 0 96.2
0 0 96.23
0 0 96.27
0 0 96.3
0 0 96.33
0 0 96.37
0 0 96.4
0 0 96.43
0 0 96.46
0 0 96.5
0 0 96.53
0 0 96.56
0 0 96.6
0 0 96.63
0 0 96.67
0 0 96.7
0 0 96.73
0 0 96.76
0 0 96.8
0 0 96.83
0 0 96.86
0 0 96.9
0 0 96.93
0 0 96.97
0 0 97.0
0 0 97.03
0 0 97.06
0 0 97.1
0 0 97.13
0 0 97.17
0 0 97.2
0 0 97.23
0 0 97.26
0 0 97.3
0 0 97.33
0 0 97.36
0 0 97.4
0 0 97.43
0 0 97.47
0 0 97.5
0.569 0.107 97.53
0.543 0.027 97.57
0 0 97.6
0.485 0.062 97.63
0 0 97.67
0 0 97.7
0.399 0.107 97.73
0.382 0.033 97.77
0.362 0.03 97.8
0.352 0.027 97.83
0.345 0.023 97.87
0.342 0.02 97.9
0.34 0.018 97.93
0.339 0.014 97.97
0.339 0.012 98.0
0.33 0.01 98.03
0.335 0.013 98.07
0.337 0.006 98.1
0.341 0.009 98.13
0.343 0.004 98.17
0.344 0.004 98.2
0.335 0.002 98.23
0.336 0.002 98.27
0.339 0.003 98.3
0.337 0.002 98.34
0.338 0.001 98.37
0.339 0.002 98.4
0.34 0.001 98.43
0.332 0.003 98.47
0.332 0.001 98.5
0.331 0.001 98.54
0.332 0.003 98.57
0.332 0.002 98.6
0.332 0.003 98.63
0.319 0.005 98.67
0.322 0.007 98.7
0.32 0.01 98.73
0.32 0.014 98.77
0.313 0.018 98.8
0.312 0.021 98.84
0.311 0.027 98.87
0.31 0.029 98.9
0.315 0.033 98.93
0.324 0.034 98.97
0.332 0.034 99.0
0 0 99.03
0 0 99.07
0.394 0.111 99.1
0 0 99.13
0 0 99.17
0 0 99.2
0 0 99.23
0 0 99.26
0 0 99.3
0 0 99.33
0 0 99.36
0 0 99.4
0 0 99.43
0 0 99.46
0 0 99.5
0 0 99.53
0 0 99.56
0 0 99.6
0 0 99.63
0 0 99.67
0 0 99.7
0 0 99.73
0 0 99.76
0 0 99.8
0 0 99.83
0 0 99.86
0 0 99.9
0 0 99.93
0 0 99.96
0 0 100.0
0 0 100.03
0 0 100.06
0 0 100.1
0 0 100.13
0 0 100.17
0 0 100.2
0 0 100.23
0 0 100.26
0 0 100.3
0 0 100.33
0 0 100.36
0 0 100.4
0 0 100.43
0 0 100.46
0 0 100.5
0 0 100.53
0 0 100.57
0 0 100.6
0 0 100.63
0 0 100.67
0 0 100.7
0 0 100.73
0 0 100.77
0 0 100.8
0 0 100.83
0 0 100.86
0 0 100.9
0 0 100.93
0 0 100.96
0 0 101.0
0 0 101.03
0 0 101.06
0 0 101.1
0 0 101.13
0 0 101.17
0 0 101.2
0 0 101.23
0 0 101.26
0 0 101.3
0 0 101.33
0 0 101.36
0 0 101.4
0 0 101.43
0 0 101.46
0 0 101.5
0 0 101.53
0 0 101.56
0 0 101.6
0 0 101.63
0 0 101.67
0 0 101.7
0 0 101.73
0 0 101.76
0 0 101.8
0 0 101.83
0 0 101.86
0 0 101.9
