0.512 0.643 2.3
0.512 0.002 2.39
0.511 0.004 2.41
0.517 0.011 2.43
0.516 0.006 2.45
0.517 0.003 2.47
0.518 0.004 2.49
0.522 0.005 2.51
0.526 0.005 2.53
0.529 0.005 2.55
0.533 0.006 2.58
0.536 0.006 2.6
0.54 0.007 2.63
0.541 0.007 2.66
0.542 0.007 2.69
0 0 2.72
0.55 0.016 2.76
0.555 0.009 2.79
0 0 2.82
0.563 0.017 2.86
0.564 0.007 2.89
0 0 2.92
0 0 2.96
0 0 2.99
0 0 3.03
0 0 3.06
0 0 3.09
0 0 3.12
0 0 3.16
0 0 3.19
0 0 3.23
0 0 3.26
0 0 3.29
0 0 3.32
0 0 3.36
0 0 3.39
0 0 3.43
0 0 3.46
0 0 3.49
0 0 3.53
0 0 3.56
0 0 3.59
0 0 3.63
0 0 3.66
0 0 3.69
0 0 3.73
0 0 3.77
0 0 3.8
0 0 3.83
0 0 3.86
0 0 3.89
0 0 3.93
0 0 3.96
0 0 3.99
0 0 4.03
0 0 4.06
0 0 4.09
0 0 4.13
0 0 4.16
0 0 4.19
0 0 4.23
0 0 4.26
0 0 4.29
0 0 4.33
0 0 4.36
0 0 4.39
0 0 4.45
0 0 4.47
0 0 4.5
0 0 4.53
0 0 4.56
0 0 4.59
0 0 4.63
0 0 4.66
0 0 4.7
0 0 4.73
0 0 4.76
0 0 4.79
0 0 4.83
0 0 4.86
0 0 4.89
0 0 4.93
0 0 4.96
0 0 4.99
0 0 5.03
0 0 5.06
0 0 5.09
0 0 5.13
0 0 5.16
0 0 5.19
0 0 5.23
0 0 5.26
0 0 5.29
0 0 5.32
0 0 5.36
0 0 5.39
0 0 5.42
0 0 5.46
0 0 5.49
0 0 5.53
0 0 5.56
0 0 5.59
0 0 5.62
0 0 5.66
0 0 5.69
0 0 5.72
0 0 5.76
0 0 5.79
0 0 5.82
0 0 5.86
0 0 5.89
0 0 5.92
0 0 5.96
0 0 5.99
0 0 6.03
0 0 6.06
0 0 6.09
0 0 6.12
0 0 6.16
0 0 6.19
0 0 6.25
0 0 6.28
0 0 6.3
0 0 6.32
0 0 6.36
0 0 6.39
0 0 6.44
0 0 6.46
0 0 6.49
0 0 6.52
0 0 6.56
0 0 6.59
0 0 6.62
0.364 0.094 6.67
0 0 6.7
0 0 6.72
0.364 0.006 6.76
0 0 6.79
0 0 6.82
0.363 0.002 6.86
0 0 6.89
0 0 6.92
0.362 0.002 6.96
0.359 0.007 6.99
0.359 0.002 7.03
0.359 0.001 7.06
0.358 0.001 7.09
0.358 0.004 7.13
0 0 7.15
0 0 7.19
0 0 7.22
0.356 0.003 7.26
0.354 0.003 7.29
0 0 7.32
0.355 0.004 7.36
0.353 0.005 7.4
0.368 0.049 7.43
0 0 7.47
0.352 0.051 7.49
0 0 7.52
0 0 7.56
0.353 0.003 7.59
0.352 0.001 7.62
0 0 7.66
0.352 0.002 7.69
0 0 7.72
0.349 0.004 7.76
0.351 0.002 7.79
0.35 0.003 7.82
0.348 0.003 7.86
0.35 0.002 7.89
0.349 0.001 7.93
0 0 7.96
0.351 0.003 7.99
0.351 0.003 8.03
0.35 0.002 8.06
0.35 0.002 8.09
0.352 0.001 8.12
0.351 0.002 8.16
0 0 8.19
0.355 0.003 8.22
0 0 8.26
0.352 0.007 8.29
0.355 0.002 8.33
0.355 0.0 8.36
0.353 0.005 8.39
0.354 0.002 8.42
0.355 0.002 8.46
0.353 0.008 8.49
0.352 0.001 8.53
0.353 0.003 8.56
0.352 0.004 8.59
0.351 0.002 8.63
0.353 0.001 8.66
0.352 0.002 8.69
0.35 0.003 8.72
0.353 0.006 8.76
0.352 0.003 8.79
0 0 8.82
0.348 0.007 8.86
0.349 0.002 8.89
0.347 0.003 8.93
0.345 0.003 8.97
0.346 0.004 9.0
0.344 0.003 9.03
0.344 0.003 9.06
0.345 0.004 9.09
0.344 0.003 9.13
0.343 0.004 9.16
0.344 0.003 9.19
0.344 0.002 9.22
0.343 0.003 9.26
0.341 0.005 9.29
0.343 0.003 9.32
0.342 0.002 9.36
0.34 0.005 9.39
0.341 0.002 9.43
0.341 0.002 9.46
0.34 0.003 9.49
0.341 0.002 9.53
0.34 0.004 9.56
0.34 0.004 9.59
0.339 0.003 9.63
0.34 0.003 9.66
0.339 0.002 9.69
0.337 0.004 9.73
0.336 0.003 9.76
0.333 0.003 9.81
0.332 0.003 9.85
0.329 0.005 9.88
0.327 0.005 9.91
0.325 0.005 9.94
0.325 0.005 9.97
0.323 0.007 10.0
0.321 0.006 10.03
0.319 0.006 10.06
0.318 0.006 10.09
0.316 0.005 10.12
0.314 0.004 10.17
0.314 0.004 10.2
0.313 0.003 10.23
0.313 0.003 10.26
0.313 0.004 10.29
0.312 0.001 10.33
0.312 0.002 10.36
0.312 0.002 10.39
0.312 0.002 10.42
0.312 0.001 10.46
0.312 0.002 10.49
0.313 0.001 10.52
0.314 0.002 10.56
0.315 0.002 10.59
0.316 0.002 10.62
0.316 0.001 10.66
0.317 0.001 10.69
0.317 0.002 10.72
0.318 0.002 10.76
0.318 0.001 10.79
0.318 0.001 10.83
0.318 0.0 10.86
0.318 0.0 10.89
0.318 0.001 10.93
0.318 0.001 10.96
0.318 0.002 10.99
0.317 0.001 11.03
0.315 0.001 11.06
0.314 0.002 11.09
0.312 0.002 11.12
0.311 0.002 11.16
0.31 0.002 11.2
0.308 0.002 11.23
0.307 0.002 11.26
0.307 0.001 11.3
0.307 0.001 11.32
0.307 0.001 11.36
0.307 0.001 11.39
0.308 0.0 11.42
0.307 0.0 11.46
0.308 0.001 11.49
0.309 0.002 11.53
0.311 0.002 11.56
0.313 0.003 11.59
0.315 0.003 11.62
0.318 0.004 11.66
0.321 0.004 11.69
0.323 0.005 11.72
0.326 0.006 11.76
0.329 0.007 11.79
0.332 0.008 11.82
0.336 0.009 11.86
0.341 0.01 11.89
0.346 0.011 11.93
0.352 0.01 11.96
0.357 0.011 11.99
0.364 0.014 12.03
0.369 0.01 12.06
0.38 0.013 12.09
0.387 0.013 12.12
0.393 0.009 12.16
0 0 12.19
0.416 0.025 12.22
0.427 0.011 12.26
0 0 12.29
0 0 12.32
0 0 12.36
0 0 12.39
0 0 12.42
0 0 12.46
0 0 12.49
0 0 12.52
0 0 12.55
0 0 12.59
0 0 12.62
0 0 12.65
0 0 12.69
0 0 12.72
0 0 12.75
0 0 12.79
0 0 12.82
0 0 12.86
0 0 12.89
0 0 12.92
0 0 12.95
0 0 12.99
0 0 13.02
0 0 13.09
0 0 13.1
0 0 13.12
0 0 13.15
0 0 13.19
0 0 13.22
0 0 13.25
0 0 13.29
0 0 13.32
0 0 13.36
0 0 13.39
0 0 13.42
0 0 13.45
0 0 13.49
0 0 13.52
0 0 13.55
0 0 13.59
0 0 13.62
0 0 13.65
0 0 13.69
0 0 13.72
0 0 13.75
0 0 13.79
0 0 13.82
0 0 13.86
0 0 13.89
0 0 13.92
0 0 13.95
0 0 13.99
0 0 14.02
0 0 14.05
0 0 14.09
0 0 14.12
0 0 14.15
0 0 14.21
0 0 14.22
0 0 14.25
0 0 14.29
0 0 14.32
0 0 14.36
0 0 14.39
0 0 14.42
0 0 14.46
0 0 14.49
0 0 14.52
0 0 14.55
0 0 14.59
0 0 14.62
0 0 14.65
0 0 14.69
0 0 14.72
0 0 14.75
0 0 14.79
0 0 14.82
0 0 14.85
0 0 14.89
0 0 14.92
0 0 14.95
0 0 14.99
0 0 15.02
0 0 15.05
0 0 15.09
0 0 15.12
0 0 15.15
0 0 15.19
0 0 15.22
0 0 15.25
0 0 15.29
0 0 15.32
0 0 15.36
0 0 15.39
0 0 15.42
0 0 15.45
0 0 15.49
0 0 15.52
0 0 15.55
0 0 15.59
0 0 15.62
0 0 15.65
0 0 15.69
0 0 15.72
0 0 15.75
0 0 15.79
0 0 15.82
0 0 15.86
0 0 15.89
0 0 15.92
0 0 15.95
0 0 15.99
0 0 16.02
0 0 16.05
0 0 16.09
0 0 16.12
0 0 16.15
0 0 16.19
0 0 16.22
0 0 16.25
0 0 16.29
0 0 16.32
0 0 16.36
0 0 16.39
0 0 16.42
0 0 16.45
0 0 16.49
0 0 16.52
0 0 16.55
0 0 16.59
0 0 16.62
0 0 16.65
0 0 16.69
0 0 16.72
0 0 16.75
0 0 16.79
0 0 16.82
0 0 16.86
0 0 16.9
0 0 16.92
0 0 16.96
0 0 16.99
0 0 17.02
0 0 17.05
0 0 17.09
0 0 17.12
0 0 17.15
0 0 17.19
0 0 17.22
0 0 17.28
0 0 17.3
0 0 17.32
0 0 17.36
0 0 17.39
0 0 17.42
0 0 17.45
0 0 17.49
0 0 17.52
0 0 17.55
0 0 17.59
0 0 17.62
0 0 17.65
0 0 17.69
0 0 17.73
0 0 17.75
0 0 17.79
0 0 17.82
0 0 17.86
0 0 17.89
0 0 17.92
0 0 17.95
0 0 17.99
0 0 18.02
0 0 18.05
0 0 18.09
0 0 18.12
0.565 0.023 18.16
0.547 0.024 18.2
0.536 0.012 18.23
0.522 0.017 18.26
0.511 0.015 18.29
0.5 0.014 18.32
0.49 0.012 18.36
0.48 0.012 18.41
0.471 0.011 18.44
0.462 0.01 18.46
0.454 0.01 18.49
0.448 0.008 18.52
0.441 0.008 18.56
0.436 0.006 18.59
0.432 0.004 18.62
0.429 0.004 18.66
0.424 0.005 18.69
0.422 0.003 18.72
0.42 0.003 18.76
0.418 0.004 18.79
0.418 0.002 18.83
0.418 0.002 18.86
0.416 0.002 18.89
0.415 0.004 18.93
0.413 0.004 18.96
0.408 0.006 18.99
0.404 0.007 19.04
0.401 0.009 19.06
0.395 0.008 19.1
0.392 0.008 19.13
0.39 0.006 19.16
0.389 0.008 19.19
0.386 0.004 19.22
0.385 0.003 19.26
0.386 0.003 19.29
0.384 0.001 19.35
0.384 0.001 19.38
0.384 0.001 19.41
0.383 0.001 19.44
0.383 0.002 19.47
0.383 0.0 19.5
0.382 0.003 19.53
0.382 0.003 19.56
0.383 0.001 19.6
0.382 0.002 19.63
0.38 0.001 19.66
0.379 0.001 19.7
0.378 0.003 19.73
0.377 0.002 19.76
0.376 0.0 19.79
0.375 0.001 19.83
0.374 0.001 19.86
0.374 0.001 19.89
0.373 0.001 19.93
0.372 0.001 19.96
0.371 0.008 20.02
0.369 0.006 20.05
0.366 0.003 20.08
0.365 0.002 20.11
0.362 0.003 20.14
0.363 0.009 20.17
0.361 0.003 20.2
0.36 0.001 20.23
0.36 0.003 20.26
0.361 0.003 20.29
0.361 0.002 20.32
0.362 0.001 20.39
0.363 0.005 20.42
0.363 0.008 20.45
0.363 0.002 20.48
0.364 0.004 20.51
0.364 0.003 20.54
0.364 0.004 20.57
0.365 0.004 20.59
0.366 0.004 20.63
0.368 0.005 20.66
0.372 0.007 20.69
0.374 0.007 20.75
0.378 0.008 20.78
0.382 0.009 20.79
0.388 0.01 20.82
0.394 0.011 20.86
0.4 0.011 20.89
0.409 0.012 20.92
0.418 0.013 20.96
0.428 0.013 20.99
0.439 0.013 21.03
0.45 0.012 21.06
0.461 0.012 21.09
0.473 0.013 21.12
0.485 0.011 21.16
0.494 0.01 21.19
0.505 0.01 21.22
0.516 0.012 21.26
0.526 0.01 21.29
0.537 0.012 21.32
0.546 0.01 21.36
0 0 21.39
0 0 21.42
0 0 21.45
0 0 21.49
0 0 21.52
0 0 21.55
0 0 21.59
0 0 21.62
0 0 21.65
0 0 21.69
0 0 21.72
0 0 21.76
0 0 21.79
0 0 21.82
0 0 21.85
0 0 21.89
0 0 21.92
0 0 21.96
0 0 21.99
0 0 22.04
0 0 22.05
0 0 22.09
0 0 22.12
0 0 22.15
0 0 22.19
0 0 22.22
0 0 22.25
0 0 22.3
0 0 22.32
0 0 22.35
0 0 22.39
0 0 22.42
0 0 22.45
0 0 22.49
0 0 22.52
0 0 22.55
0 0 22.59
0 0 22.62
0 0 22.65
0 0 22.69
0 0 22.72
0 0 22.75
0 0 22.79
0 0 22.82
0 0 22.85
0 0 22.89
0 0 22.92
0 0 22.95
0 0 22.99
0 0 23.02
0 0 23.05
0 0 23.09
0 0 23.12
0 0 23.15
0 0 23.19
0 0 23.22
0 0 23.25
0 0 23.29
0 0 23.32
0 0 23.35
0 0 23.39
0 0 23.42
0 0 23.45
0 0 23.49
0 0 23.52
0 0 23.55
0 0 23.59
0 0 23.62
0.523 0.035 23.65
0 0 23.69
0 0 23.72
0 0 23.75
0 0 23.79
0.498 0.023 23.82
0 0 23.86
0 0 23.89
0 0 23.92
0.484 0.01 23.96
0 0 23.99
0.478 0.004 24.02
0 0 24.05
0.474 0.002 24.09
0 0 24.12
0 0 24.15
0.465 0.009 24.19
0 0 24.22
0.464 0.001 24.25
0 0 24.29
0.458 0.002 24.32
0 0 24.35
0 0 24.39
0 0 24.42
0 0 24.45
0 0 24.49
0 0 24.52
0 0 24.55
0 0 24.59
0 0 24.62
0.446 0.016 24.66
0.445 0.003 24.69
0.443 0.003 24.72
0 0 24.75
0.427 0.011 24.79
0.419 0.009 24.82
0.406 0.008 24.86
0.4 0.006 24.89
0.395 0.006 24.92
0.383 0.009 24.95
0.377 0.006 24.99
0.37 0.008 25.02
0.358 0.009 25.05
0.351 0.007 25.09
0.344 0.009 25.12
0.337 0.007 25.15
0.327 0.006 25.19
0.321 0.009 25.22
0.316 0.007 25.26
0.307 0.006 25.29
0.302 0.006 25.32
0.297 0.006 25.36
0.289 0.006 25.39
0.283 0.006 25.42
0.279 0.005 25.46
0.274 0.005 25.49
0.267 0.005 25.54
0.263 0.004 25.57
0.253 0.004 25.6
0.251 0.005 25.62
0.248 0.004 25.66
0.247 0.003 25.69
0.243 0.003 25.72
0.241 0.002 25.75
0.24 0.003 25.79
0.236 0.005 25.82
0.235 0.004 25.86
0.235 0.003 25.89
0.235 0.003 25.93
0.233 0.002 25.96
0.232 0.002 26.01
0.23 0.004 26.04
0.232 0.007 26.06
0.233 0.002 26.09
0.235 0.004 26.12
0.235 0.002 26.15
0.236 0.002 26.19
0.237 0.001 26.22
0.236 0.001 26.26
0.236 0.001 26.29
0.238 0.001 26.32
0.239 0.002 26.36
0.238 0.003 26.39
0.239 0.003 26.42
0.241 0.003 26.46
0.241 0.004 26.49
0.243 0.004 26.52
0.244 0.004 26.55
0.245 0.004 26.59
0.247 0.005 26.62
0.249 0.004 26.66
0.251 0.005 26.69
0.253 0.005 26.72
0.258 0.007 26.75
0.265 0.01 26.79
0.274 0.015 26.82
0.287 0.016 26.86
0.304 0.019 26.89
0.32 0.018 26.92
0.337 0.017 26.96
0.354 0.02 26.99
0.37 0.018 27.03
0.383 0.014 27.06
0 0 27.08
0 0 27.12
0 0 27.15
0 0 27.19
0 0 27.23
0 0 27.25
0 0 27.29
0 0 27.32
0 0 27.35
0 0 27.39
0 0 27.42
0 0 27.45
0 0 27.49
0 0 27.52
0 0 27.56
0 0 27.59
0 0 27.62
0 0 27.65
0 0 27.69
0 0 27.72
0 0 27.75
0 0 27.79
0 0 27.82
0 0 27.85
0 0 27.89
0 0 27.92
0 0 27.95
0 0 27.99
0 0 28.02
0 0 28.05
0 0 28.09
0 0 28.12
0 0 28.15
0 0 28.19
0 0 28.22
0 0 28.25
0 0 28.29
0 0 28.32
0 0 28.35
0 0 28.39
0 0 28.42
0 0 28.45
0 0 28.49
0 0 28.52
0 0 28.55
0 0 28.59
0 0 28.62
0 0 28.65
0 0 28.69
0 0 28.72
0 0 28.75
0 0 28.78
0 0 28.82
0 0 28.85
0 0 28.89
0 0 28.92
0 0 28.95
0 0 28.99
0 0 29.02
0 0 29.05
0 0 29.08
0 0 29.12
0 0 29.15
0 0 29.19
0 0 29.22
0 0 29.25
0 0 29.28
0 0 29.32
0 0 29.36
0 0 29.38
0 0 29.42
0 0 29.45
0 0 29.49
0 0 29.52
0 0 29.55
0 0 29.58
0 0 29.62
0 0 29.65
0 0 29.69
0 0 29.72
0 0 29.75
0 0 29.83
0 0 29.84
0 0 29.86
0 0 29.88
0 0 29.92
0 0 29.95
0 0 29.99
0 0 30.02
0 0 30.05
0 0 30.08
0 0 30.12
0.435 0.013 30.16
0.423 0.012 30.19
0.409 0.016 30.22
0.401 0.015 30.26
0.39 0.013 30.29
0.379 0.013 30.32
0 0 30.35
0.364 0.026 30.39
0.355 0.012 30.42
0.352 0.011 30.45
0.344 0.01 30.49
0.337 0.01 30.52
0.331 0.01 30.55
0.331 0.008 30.59
0.326 0.007 30.62
0.323 0.006 30.65
0.326 0.007 30.69
0.323 0.006 30.72
0.321 0.005 30.76
0.324 0.003 30.79
0.323 0.003 30.83
0.323 0.002 30.86
0.329 0.002 30.89
0.329 0.001 30.92
0.328 0.001 30.96
0.329 0.003 30.99
0.34 0.002 31.02
0.339 0.002 31.05
0.339 0.001 31.09
0.344 0.001 31.12
0.343 0.003 31.15
0.342 0.003 31.19
0.341 0.001 31.22
0.345 0.002 31.26
0.343 0.002 31.29
0.342 0.002 31.32
0.346 0.002 31.35
0.344 0.002 31.39
0.342 0.002 31.42
0.346 0.002 31.45
0.346 0.001 31.49
0.346 0.005 31.52
0.347 0.001 31.55
0.352 0.003 31.59
0.353 0.002 31.62
0.353 0.001 31.65
0.358 0.001 31.69
0.358 0.002 31.72
0.357 0.002 31.75
0.361 0.001 31.79
0.361 0.001 31.82
0.361 0.001 31.85
0.365 0.002 31.89
0.365 0.002 31.92
0.365 0.003 31.96
0.366 0.004 31.99
0.371 0.004 32.02
0.373 0.004 32.05
0.374 0.005 32.09
0.379 0.004 32.12
0.381 0.004 32.15
0.382 0.003 32.19
0.387 0.003 32.22
0.389 0.003 32.25
0.389 0.001 32.29
0.396 0.0 32.32
0.396 0.002 32.36
0.395 0.004 32.39
0.394 0.002 32.42
0.396 0.004 32.45
0.395 0.005 32.49
0.394 0.006 32.52
0.396 0.006 32.55
0.394 0.005 32.59
0.392 0.005 32.62
0.393 0.008 32.65
0.392 0.004 32.69
0.391 0.007 32.72
0 0 32.75
0.391 0.008 32.79
0.39 0.003 32.82
0.39 0.002 32.85
0.393 0.005 32.89
0.392 0.002 32.92
0.392 0.001 32.96
0 0 32.99
0.392 0.002 33.02
0.391 0.001 33.05
0.391 0.003 33.09
0 0 33.12
0 0 33.15
0.391 0.002 33.19
0.393 0.003 33.22
0.393 0.002 33.25
0.394 0.001 33.29
0.395 0.002 33.32
0.396 0.002 33.36
0.397 0.003 33.39
0.399 0.004 33.42
0.4 0.005 33.46
0.402 0.006 33.49
0.407 0.009 33.52
0.411 0.009 33.56
0.416 0.01 33.59
0.423 0.011 33.62
0.432 0.013 33.65
0.44 0.012 33.69
0 0 33.72
0 0 33.75
0.47 0.043 33.79
0.482 0.017 33.82
0.493 0.016 33.86
0 0 33.88
0 0 33.92
0.532 0.046 33.95
0 0 33.98
0 0 34.02
0 0 34.05
0 0 34.09
0 0 34.12
0 0 34.15
0 0 34.19
0 0 34.22
0 0 34.25
0 0 34.28
0 0 34.32
0 0 34.35
0 0 34.38
0 0 34.42
0 0 34.45
0 0 34.48
0 0 34.53
0 0 34.55
0 0 34.58
0 0 34.62
0 0 34.65
0 0 34.68
0 0 34.72
0 0 34.75
0 0 34.78
0 0 34.82
0 0 34.85
0 0 34.88
0 0 34.92
0 0 34.95
0 0 34.98
0 0 35.02
0.464 0.085 35.05
0 0 35.08
0.437 0.041 35.12
0.431 0.013 35.15
0.428 0.008 35.19
0.428 0.006 35.22
0.428 0.004 35.25
0.429 0.007 35.29
0.431 0.001 35.32
0.431 0.001 35.36
0.432 0.003 35.38
0 0 35.42
0.437 0.016 35.47
0.443 0.015 35.5
0.452 0.018 35.52
0.467 0.023 35.55
0.486 0.027 35.59
0.507 0.027 35.62
0 0 35.65
0 0 35.69
0 0 35.72
0 0 35.75
0 0 35.78
0 0 35.82
0 0 35.85
0 0 35.88
0 0 35.92
0 0 35.95
0 0 35.99
0 0 36.02
0 0 36.05
0 0 36.08
0 0 36.12
0 0 36.15
0 0 36.18
0 0 36.22
0 0 36.25
0 0 36.28
0 0 36.32
0 0 36.35
0 0 36.38
0 0 36.42
0 0 36.45
0 0 36.48
0 0 36.52
0 0 36.55
0 0 36.58
0 0 36.62
0 0 36.65
0 0 36.68
0 0 36.72
0 0 36.75
0 0 36.78
0 0 36.82
0 0 36.85
0 0 36.88
0 0 36.92
0 0 36.95
0 0 36.98
0 0 37.02
0 0 37.05
0 0 37.08
0 0 37.12
0 0 37.15
0 0 37.18
0 0 37.22
0 0 37.25
0 0 37.28
0 0 37.32
0 0 37.35
0 0 37.39
0 0 37.42
0 0 37.45
0 0 37.48
0 0 37.52
0 0 37.55
0 0 37.58
0 0 37.62
0 0 37.65
0 0 37.68
0 0 37.72
0 0 37.75
0.557 0.043 37.78
0.538 0.02 37.82
0.518 0.023 37.85
0.5 0.021 37.89
0.482 0.023 37.92
0.467 0.02 37.95
0.453 0.019 37.99
0.443 0.016 38.02
0.434 0.014 38.05
0.429 0.011 38.09
0.425 0.008 38.12
0.423 0.006 38.15
0.421 0.005 38.19
0.42 0.003 38.22
0.42 0.004 38.25
0.419 0.002 38.28
0.419 0.002 38.32
0.418 0.002 38.35
0.416 0.002 38.39
0.415 0.002 38.42
0.414 0.002 38.45
0.413 0.003 38.49
0.412 0.002 38.52
0.411 0.002 38.55
0.411 0.001 38.59
0.41 0.002 38.62
0.409 0.002 38.67
0.408 0.002 38.7
0.407 0.001 38.73
0.407 0.001 38.76
0.406 0.001 38.78
0.406 0.001 38.82
0.405 0.002 38.85
0 0 38.88
0.404 0.002 38.92
0.403 0.003 38.95
0.402 0.001 38.98
0.402 0.001 39.02
0.4 0.001 39.05
0.4 0.002 39.09
0.4 0.001 39.12
0.4 0.001 39.15
0.401 0.001 39.19
0 0 39.22
0.404 0.004 39.26
0.404 0.003 39.29
0.404 0.003 39.32
0.404 0.004 39.36
0.403 0.004 39.39
0.403 0.005 39.43
0.403 0.006 39.46
0.402 0.007 39.49
0.403 0.009 39.52
0.405 0.009 39.55
0.407 0.009 39.59
0.412 0.01 39.62
0.418 0.01 39.65
0.425 0.011 39.69
0.433 0.013 39.72
0.444 0.014 39.75
0.456 0.015 39.79
0.47 0.017 39.82
0.485 0.017 39.85
0.501 0.017 39.89
0.516 0.016 39.92
0.533 0.017 39.95
0.549 0.017 39.99
0 0 40.02
0 0 40.05
0 0 40.08
0 0 40.12
0 0 40.15
0 0 40.18
0 0 40.22
0 0 40.25
0 0 40.28
0 0 40.32
0 0 40.35
0 0 40.38
0 0 40.42
0 0 40.45
0 0 40.48
0 0 40.52
0 0 40.55
0 0 40.58
0 0 40.62
0 0 40.65
0 0 40.68
0 0 40.72
0 0 40.75
0 0 40.78
0 0 40.82
0 0 40.86
0 0 40.88
0 0 40.92
0 0 40.95
0 0 40.98
0 0 41.02
0 0 41.05
0 0 41.08
0 0 41.12
0 0 41.15
0 0 41.18
0 0 41.22
0 0 41.25
0 0 41.28
0 0 41.31
0 0 41.35
0 0 41.38
0 0 41.42
0 0 41.45
0 0 41.48
0 0 41.52
0 0 41.56
0 0 41.58
0 0 41.62
0 0 41.65
0 0 41.68
0 0 41.71
0 0 41.75
0 0 41.78
0 0 41.81
0 0 41.85
0 0 41.88
0 0 41.92
0 0 41.95
0 0 41.98
0 0 42.02
0 0 42.05
0 0 42.1
0 0 42.11
0 0 42.15
0 0 42.18
0 0 42.22
0 0 42.25
0 0 42.28
0 0 42.32
0 0 42.35
0 0 42.38
0 0 42.43
0 0 42.45
0 0 42.48
0 0 42.52
0 0 42.55
0.538 0.024 42.59
0 0 42.62
0.51 0.032 42.66
0 0 42.68
0.488 0.027 42.72
0.476 0.013 42.75
0.465 0.015 42.78
0.456 0.012 42.82
0.442 0.012 42.86
0.434 0.011 42.88
0.427 0.012 42.92
0.418 0.009 42.95
0.412 0.009 42.98
0.408 0.008 43.02
0.404 0.007 43.06
0.398 0.006 43.09
0.395 0.005 43.12
0.393 0.005 43.17
0.389 0.004 43.2
0.388 0.003 43.23
0.388 0.003 43.26
0.385 0.002 43.29
0.385 0.002 43.32
0.385 0.002 43.35
0.38 0.005 43.39
0.379 0.002 43.43
0.376 0.005 43.46
0.375 0.003 43.49
0.37 0.001 43.52
0.369 0.002 43.55
0.368 0.002 43.59
0.364 0.001 43.62
0.365 0.002 43.65
0.366 0.002 43.69
0.362 0.002 43.72
0.362 0.001 43.75
0.362 0.002 43.79
0.363 0.001 43.84
0.359 0.002 43.87
0.36 0.003 43.9
0.36 0.003 43.92
0.358 0.002 43.95
0.36 0.003 43.99
0.362 0.005 44.02
0.354 0.006 44.05
0.357 0.007 44.09
0.361 0.008 44.12
0.365 0.01 44.15
0.365 0.011 44.2
0.371 0.013 44.23
0.379 0.014 44.25
0.383 0.015 44.29
0.393 0.016 44.32
0.406 0.019 44.35
0.413 0.018 44.39
0.427 0.017 44.42
0 0 44.45
0 0 44.48
0.468 0.056 44.52
0 0 44.55
0 0 44.58
0 0 44.62
0 0 44.65
0 0 44.68
0 0 44.72
0 0 44.75
0 0 44.78
0 0 44.82
0 0 44.85
0 0 44.88
0 0 44.92
0 0 44.95
0 0 45.0
0 0 45.03
0 0 45.05
0 0 45.09
0 0 45.12
0 0 45.15
0 0 45.21
0 0 45.23
0 0 45.25
0 0 45.29
0 0 45.31
0 0 45.35
0 0 45.38
0 0 45.42
0 0 45.45
0 0 45.48
0 0 45.52
0 0 45.55
0 0 45.58
0 0 45.62
0 0 45.65
0 0 45.68
0 0 45.72
0 0 45.75
0 0 45.78
0 0 45.81
0 0 45.85
0 0 45.88
0 0 45.92
0 0 45.95
0 0 45.98
0 0 46.02
0 0 46.05
0 0 46.08
0 0 46.11
0 0 46.15
0 0 46.18
0 0 46.21
0 0 46.25
0 0 46.28
0 0 46.32
0 0 46.35
0 0 46.38
0 0 46.41
0 0 46.45
0 0 46.48
0 0 46.52
0 0 46.55
0 0 46.58
0 0 46.62
0 0 46.65
0 0 46.68
0 0 46.72
0 0 46.75
0 0 46.78
0 0 46.82
0 0 46.85
0 0 46.88
0 0 46.92
0 0 46.95
0 0 46.99
0 0 47.02
0 0 47.05
0 0 47.08
0 0 47.12
0 0 47.15
0 0 47.18
0 0 47.22
0 0 47.25
0 0 47.28
0 0 47.32
0 0 47.35
0 0 47.38
0 0 47.42
0 0 47.46
0 0 47.49
0 0 47.52
0 0 47.55
0 0 47.58
0 0 47.62
0 0 47.65
0 0 47.68
0 0 47.72
0 0 47.75
0 0 47.78
0 0 47.82
0 0 47.85
0 0 47.88
0 0 47.92
0 0 47.95
0 0 47.98
0 0 48.02
0 0 48.05
0 0 48.08
0 0 48.12
0 0 48.16
0 0 48.18
0 0 48.22
0 0 48.25
0 0 48.28
0 0 48.31
0 0 48.35
0 0 48.38
0 0 48.42
0 0 48.45
0 0 48.48
0 0 48.52
0 0 48.55
0 0 48.58
0 0 48.62
0 0 48.65
0 0 48.68
0 0 48.72
0 0 48.75
0 0 48.79
0 0 48.82
0 0 48.85
0 0 48.88
0 0 48.92
0 0 48.95
0 0 48.98
0 0 49.02
0 0 49.05
0 0 49.08
0 0 49.12
0 0 49.15
0 0 49.18
0 0 49.22
0 0 49.25
0 0 49.28
0 0 49.32
0 0 49.35
0 0 49.38
0 0 49.41
0 0 49.45
0 0 49.48
0 0 49.52
0 0 49.55
0 0 49.59
0 0 49.62
0 0 49.65
0 0 49.68
0 0 49.72
0 0 49.75
0 0 49.78
0 0 49.82
0 0 49.85
0 0 49.9
0 0 49.93
0 0 49.95
0 0 49.98
0 0 50.02
0 0 50.05
0 0 50.08
0 0 50.12
0 0 50.15
0 0 50.18
0 0 50.22
0 0 50.25
0 0 50.28
0 0 50.32
0 0 50.35
0 0 50.38
0 0 50.41
0 0 50.45
0 0 50.48
0 0 50.52
0 0 50.55
0 0 50.59
0 0 50.62
0 0 50.65
0 0 50.68
0 0 50.71
0 0 50.75
0 0 50.78
0 0 50.82
0 0 50.85
0 0 50.88
0 0 50.92
0 0 50.95
0 0 50.98
0 0 51.04
0 0 51.07
0 0 51.09
0 0 51.11
0 0 51.15
0 0 51.18
0 0 51.23
0 0 51.25
0 0 51.28
0 0 51.31
0 0 51.35
0 0 51.38
0 0 51.41
0 0 51.45
0 0 51.48
0 0 51.52
0 0 51.55
0 0 51.58
0 0 51.61
0 0 51.65
0 0 51.68
0 0 51.72
0 0 51.75
0 0 51.78
0 0 51.81
0 0 51.85
0 0 51.88
0 0 51.92
0 0 51.95
0.362 0.027 51.99
0 0 52.01
0.357 0.006 52.05
0.358 0.002 52.09
0.357 0.002 52.13
0.354 0.005 52.15
0.359 0.001 52.19
0 0 52.21
0.357 0.002 52.26
0 0 52.28
0 0 52.31
0.358 0.003 52.36
0 0 52.38
0.358 0.003 52.42
0.356 0.003 52.45
0.353 0.006 52.5
0.352 0.004 52.53
0.348 0.004 52.56
0.343 0.005 52.59
0.341 0.005 52.62
0.336 0.006 52.65
0.33 0.006 52.68
0.328 0.005 52.72
0.323 0.006 52.75
0.319 0.005 52.78
0.314 0.006 52.82
0.313 0.005 52.85
0.309 0.005 52.89
0.306 0.004 52.92
0.306 0.004 52.95
0.303 0.004 52.98
0.301 0.005 53.02
0.301 0.004 53.05
0.298 0.005 53.09
0.295 0.006 53.13
0.294 0.004 53.16
0.291 0.006 53.19
0.288 0.005 53.22
0.285 0.007 53.25
0.284 0.007 53.28
0.281 0.007 53.32
0.279 0.007 53.35
0.278 0.007 53.4
0.275 0.007 53.43
0.272 0.007 53.46
0.272 0.007 53.49
0.269 0.006 53.53
0.268 0.006 53.56
0.268 0.005 53.59
0.267 0.006 53.62
0.267 0.004 53.65
0.267 0.005 53.69
0.269 0.003 53.72
0.269 0.002 53.75
0.269 0.003 53.79
0.271 0.002 53.82
0.272 0.004 53.86
0.272 0.001 53.9
0.274 0.001 53.93
0.274 0.001 53.95
0.275 0.002 53.98
0.276 0.002 54.02
0.278 0.002 54.05
0.279 0.001 54.08
0.279 0.001 54.12
0.28 0.002 54.15
0.28 0.003 54.18
0.281 0.003 54.21
0.281 0.005 54.25
0.282 0.006 54.29
0.282 0.007 54.32
0.282 0.009 54.35
0.281 0.012 54.39
0.28 0.011 54.42
0.281 0.011 54.46
0.283 0.01 54.49
0.286 0.01 54.52
0.291 0.012 54.55
0.3 0.015 54.59
0.312 0.016 54.62
0.326 0.016 54.65
0.341 0.017 54.68
0.358 0.02 54.72
0.375 0.019 54.75
0 0 54.78
0 0 54.81
0 0 54.85
0 0 54.88
0 0 54.91
0 0 54.95
0 0 54.98
0 0 55.02
0 0 55.05
0 0 55.08
0 0 55.11
0 0 55.15
0 0 55.18
0 0 55.21
0 0 55.27
0 0 55.28
0 0 55.31
0 0 55.35
0 0 55.38
0 0 55.41
0 0 55.45
0 0 55.48
0 0 55.52
0 0 55.55
0 0 55.58
0 0 55.61
0 0 55.65
0 0 55.68
0 0 55.71
0 0 55.75
0 0 55.78
0 0 55.81
0 0 55.85
0 0 55.88
0 0 55.91
0 0 55.95
0 0 55.98
0 0 56.01
0 0 56.05
0 0 56.08
0 0 56.11
0 0 56.15
0 0 56.18
0 0 56.21
0 0 56.25
0 0 56.28
0 0 56.31
0 0 56.35
0 0 56.38
0 0 56.41
0 0 56.45
0 0 56.48
0 0 56.51
0 0 56.55
0 0 56.58
0 0 56.61
0 0 56.64
0 0 56.68
0 0 56.71
0 0 56.75
0 0 56.78
0 0 56.81
0 0 56.85
0 0 56.88
0 0 56.91
0 0 56.95
0 0 56.98
0 0 57.02
0 0 57.05
0 0 57.08
0 0 57.11
0 0 57.14
0 0 57.18
0 0 57.21
0 0 57.25
0 0 57.28
0 0 57.31
0 0 57.35
0 0 57.38
0 0 57.41
0 0 57.45
0 0 57.48
0 0 57.52
0 0 57.55
0 0 57.58
0 0 57.61
0 0 57.65
0 0 57.68
0 0 57.71
0 0 57.75
0 0 57.78
0 0 57.81
0 0 57.85
0 0 57.88
0 0 57.91
0 0 57.95
0 0 57.98
0 0 58.02
0 0 58.05
0 0 58.08
0 0 58.11
0 0 58.15
0.49 0.021 58.19
0.482 0.018 58.23
0.467 0.016 58.25
0.452 0.017 58.28
0.44 0.019 58.32
0.425 0.019 58.35
0.413 0.018 58.39
0.406 0.016 58.42
0.399 0.014 58.45
0.393 0.012 58.49
0.393 0.011 58.52
0.39 0.009 58.55
0.388 0.007 58.59
0 0 58.61
0.388 0.011 58.65
0.387 0.004 58.68
0.385 0.003 58.71
0.386 0.004 58.75
0.386 0.003 58.78
0 0 58.81
0.387 0.005 58.85
0.386 0.001 58.88
0 0 58.92
0 0 58.95
0.385 0.005 58.98
0.383 0.002 59.02
0 0 59.05
0.381 0.003 59.08
0 0 59.11
0.38 0.002 59.15
0.381 0.001 59.18
0.381 0.001 59.22
0.381 0.001 59.25
0.382 0.002 59.28
0.384 0.002 59.32
0.384 0.002 59.35
0.385 0.001 59.38
0.389 0.002 59.42
0.389 0.001 59.45
0.39 0.001 59.48
0 0 59.52
0.391 0.001 59.55
0.391 0.001 59.58
0.392 0.001 59.62
0.393 0.001 59.65
0.393 0.0 59.68
0 0 59.72
0.393 0.003 59.75
0 0 59.78
0.394 0.003 59.82
0.395 0.003 59.85
0.395 0.004 59.88
0.397 0.006 59.92
0.398 0.008 59.95
0.401 0.01 59.98
0.406 0.013 60.02
0.413 0.016 60.05
0 0 60.08
0.435 0.037 60.12
0.449 0.02 60.15
0.464 0.019 60.18
0.483 0.024 60.21
0.495 0.02 60.25
0 0 60.28
0 0 60.31
