0 0 2.3
0.374 0.552 2.4
0.374 0.006 2.42
0.373 0.004 2.45
0.369 0.004 2.49
0 0 2.51
0 0 2.53
0 0 2.55
0.344 0.023 2.58
0.334 0.009 2.61
0 0 2.62
0 0 2.64
0.291 0.038 2.67
0.276 0.014 2.71
0.262 0.013 2.74
0.249 0.012 2.77
0 0 2.8
0.226 0.021 2.82
0.216 0.009 2.83
0.208 0.009 2.87
0.2 0.006 2.9
0.194 0.005 2.93
0.186 0.004 2.96
0.181 0.003 3.0
0.178 0.002 3.03
0.175 0.001 3.06
0.173 0.001 3.1
0.172 0.001 3.13
0.171 0.0 3.18
0 0 3.21
0.17 0.002 3.24
0.169 0.001 3.27
0 0 3.3
0 0 3.33
0.167 0.003 3.37
0.165 0.002 3.4
0.165 0.002 3.43
0.163 0.003 3.48
0.164 0.002 3.51
0.164 0.001 3.54
0.164 0.001 3.59
0.164 0.001 3.62
0.164 0.002 3.65
0.165 0.002 3.68
0.166 0.002 3.71
0.168 0.002 3.74
0.168 0.003 3.78
0.17 0.002 3.81
0 0 3.83
0.174 0.004 3.87
0.177 0.003 3.9
0.179 0.004 3.93
0.182 0.004 3.96
0.184 0.004 4.0
0.187 0.005 4.03
0.19 0.005 4.06
0.192 0.005 4.1
0.195 0.005 4.13
0.2 0.006 4.17
0.204 0.006 4.2
0.208 0.006 4.23
0.214 0.007 4.26
0.218 0.006 4.29
0.223 0.006 4.33
0.229 0.006 4.37
0.235 0.006 4.4
0.244 0.007 4.43
0.253 0.009 4.46
0.264 0.01 4.5
0.276 0.013 4.53
0.29 0.013 4.56
0.305 0.015 4.6
0.322 0.017 4.63
0.339 0.016 4.67
0 0 4.7
0.373 0.032 4.73
0 0 4.76
0 0 4.79
0.424 0.048 4.83
0.44 0.016 4.86
0 0 4.89
0.464 0.02 4.93
0 0 4.96
0 0 4.99
0 0 5.03
0 0 5.06
0 0 5.09
0 0 5.13
0 0 5.16
0 0 5.19
0 0 5.22
0 0 5.26
0 0 5.29
0 0 5.33
0 0 5.36
0 0 5.39
0.537 0.056 5.43
0 0 5.46
0 0 5.49
0 0 5.53
0 0 5.56
0 0 5.59
0 0 5.63
0 0 5.66
0 0 5.7
0 0 5.73
0 0 5.76
0 0 5.79
0 0 5.83
0 0 5.86
0 0 5.89
0.563 0.017 5.93
0 0 5.96
0 0 5.99
0 0 6.03
0 0 6.09
0 0 6.11
0.604 0.029 6.13
0 0 6.16
0 0 6.2
0 0 6.23
0 0 6.26
0 0 6.29
0 0 6.33
0 0 6.36
0 0 6.39
0.604 0.01 6.43
0 0 6.46
0.611 0.007 6.5
0.606 0.006 6.53
0.609 0.003 6.56
0.613 0.006 6.59
0 0 6.63
0.614 0.008 6.66
0.619 0.009 6.71
0 0 6.75
0.604 0.024 6.78
0.597 0.008 6.81
0 0 6.84
0.569 0.031 6.86
0.56 0.015 6.89
0 0 6.93
0.523 0.04 6.96
0.511 0.018 7.0
0.492 0.02 7.03
0.474 0.018 7.06
0.462 0.017 7.1
0.444 0.019 7.13
0.426 0.019 7.16
0.41 0.018 7.2
0.398 0.02 7.23
0.383 0.019 7.26
0.37 0.019 7.3
0.364 0.016 7.33
0.356 0.015 7.36
0 0 7.39
0.349 0.021 7.43
0.345 0.007 7.46
0.344 0.006 7.5
0.343 0.004 7.53
0.351 0.002 7.56
0.35 0.002 7.59
0.35 0.001 7.63
0.354 0.001 7.66
0.355 0.001 7.7
0.356 0.002 7.74
0.36 0.002 7.77
0.361 0.001 7.8
0.362 0.001 7.83
0.366 0.002 7.9
0.368 0.002 7.92
0 0 7.95
0.374 0.003 7.98
0.375 0.001 8.01
0 0 8.04
0.375 0.004 8.06
0.377 0.003 8.1
0 0 8.13
0.376 0.009 8.16
0.38 0.007 8.2
0 0 8.23
0.385 0.021 8.27
0.39 0.014 8.29
0.4 0.016 8.33
0.41 0.017 8.37
0 0 8.39
0 0 8.42
0.453 0.051 8.46
0 0 8.49
0 0 8.53
0.499 0.045 8.56
0.517 0.02 8.6
0.534 0.02 8.63
0 0 8.66
0.565 0.033 8.7
0.584 0.024 8.73
0.598 0.013 8.76
0.609 0.013 8.79
0.615 0.007 8.83
0.62 0.005 8.86
0.623 0.005 8.9
0 0 8.93
0.631 0.011 8.96
0 0 8.99
0.635 0.007 9.03
0 0 9.06
0.641 0.008 9.09
0.642 0.003 9.13
0.638 0.009 9.16
0.643 0.009 9.2
0.649 0.009 9.23
0.64 0.016 9.26
0.641 0.002 9.29
0.641 0.002 9.33
0.641 0.001 9.36
0.648 0.014 9.4
0.644 0.007 9.43
0.641 0.003 9.46
0.643 0.004 9.5
0 0 9.53
0.647 0.009 9.56
0.639 0.013 9.61
0.638 0.001 9.64
0.638 0.001 9.66
0.637 0.003 9.7
0.638 0.003 9.73
0 0 9.77
0.635 0.004 9.8
0.641 0.014 9.83
0.632 0.014 9.87
0 0 9.9
0 0 9.93
0 0 9.96
0.635 0.01 10.0
0.636 0.001 10.03
0 0 10.06
0 0 10.09
0 0 10.13
0 0 10.16
0 0 10.2
0 0 10.22
0 0 10.26
0 0 10.29
0 0 10.32
0 0 10.36
0 0 10.39
0 0 10.43
0 0 10.46
0 0 10.49
0 0 10.53
0 0 10.56
0.443 0.204 10.6
0 0 10.64
0 0 10.69
0 0 10.72
0.389 0.068 10.74
0.381 0.014 10.77
0.375 0.011 10.8
0.371 0.01 10.83
0.368 0.01 10.87
0.366 0.005 10.9
0 0 10.93
0.366 0.007 10.96
0.366 0.004 11.0
0.367 0.003 11.03
0.368 0.001 11.06
0.368 0.001 11.09
0.369 0.002 11.15
0.37 0.002 11.17
0 0 11.19
0 0 11.23
0.374 0.006 11.26
0.375 0.002 11.3
0.376 0.002 11.33
0.377 0.001 11.36
0.377 0.001 11.4
0.377 0.001 11.43
0.378 0.001 11.46
0.378 0.0 11.5
0.376 0.001 11.53
0.376 0.003 11.56
0.375 0.001 11.59
0.374 0.002 11.63
0.374 0.001 11.67
0.374 0.005 11.7
0.374 0.001 11.73
0.374 0.001 11.77
0 0 11.8
0.374 0.003 11.83
0.374 0.001 11.86
0.373 0.001 11.9
0.373 0.0 11.93
0.372 0.002 11.96
0.371 0.001 11.99
0.371 0.002 12.03
0.368 0.001 12.06
0.368 0.001 12.1
0.368 0.001 12.13
0.368 0.001 12.16
0.368 0.002 12.2
0.367 0.001 12.23
0 0 12.26
0.367 0.001 12.3
0.367 0.003 12.33
0.367 0.004 12.36
0.365 0.004 12.4
0.364 0.008 12.43
0.365 0.007 12.46
0.367 0.009 12.5
0.369 0.009 12.53
0.37 0.009 12.56
0.372 0.003 12.6
0.374 0.005 12.63
0.376 0.003 12.66
0.378 0.003 12.7
0.379 0.003 12.73
0.382 0.002 12.76
0.384 0.002 12.8
0.385 0.003 12.83
0.386 0.003 12.86
0.388 0.002 12.9
0.388 0.006 12.93
0.391 0.003 12.96
0.393 0.003 13.0
0 0 13.05
0.397 0.008 13.09
0.401 0.006 13.12
0 0 13.14
0.409 0.015 13.18
0.415 0.009 13.21
0.421 0.009 13.24
0.428 0.01 13.27
0.435 0.009 13.29
0.442 0.009 13.33
0.451 0.01 13.36
0.459 0.008 13.39
0 0 13.42
0.479 0.021 13.46
0.487 0.008 13.49
0.496 0.01 13.53
0.506 0.012 13.56
0.516 0.012 13.6
0.527 0.014 13.63
0.534 0.009 13.66
0.542 0.01 13.69
0.55 0.011 13.73
0.557 0.008 13.76
0.565 0.01 13.79
0.57 0.006 13.83
0 0 13.86
0.581 0.015 13.89
0.588 0.008 13.93
0.591 0.004 13.96
0 0 13.99
0 0 14.02
0.601 0.013 14.06
0 0 14.09
0.601 0.002 14.12
0.604 0.005 14.16
0 0 14.19
0.605 0.002 14.23
0.604 0.001 14.26
0 0 14.29
0 0 14.32
0 0 14.36
0.606 0.004 14.39
0.607 0.003 14.42
0 0 14.46
0.607 0.002 14.49
0 0 14.53
0.606 0.003 14.56
0.607 0.002 14.59
0.605 0.003 14.63
0 0 14.66
0.608 0.006 14.69
0.607 0.001 14.73
0.608 0.001 14.76
0.608 0.001 14.79
0.609 0.001 14.83
0 0 14.86
0 0 14.89
0.613 0.005 14.93
0 0 14.96
0.618 0.005 15.0
0 0 15.02
0.615 0.007 15.06
0.619 0.006 15.1
0 0 15.12
0.623 0.004 15.16
0.626 0.004 15.2
0 0 15.22
0.626 0.004 15.26
0 0 15.32
0.629 0.003 15.35
0.632 0.004 15.38
0.643 0.012 15.42
0.638 0.014 15.45
0 0 15.47
0 0 15.49
0 0 15.53
0.646 0.015 15.56
0 0 15.59
0.648 0.003 15.62
0 0 15.66
0.647 0.001 15.69
0.646 0.001 15.73
0.648 0.004 15.76
0.646 0.003 15.79
0 0 15.82
0.648 0.007 15.86
0.644 0.006 15.89
0 0 15.92
0 0 15.96
0.648 0.007 15.99
0 0 16.02
0.651 0.006 16.06
0.652 0.001 16.09
0.652 0.0 16.13
0.649 0.002 16.18
0 0 16.2
0 0 16.22
0 0 16.26
0 0 16.29
0.645 0.004 16.33
0 0 16.36
0.643 0.002 16.39
0.639 0.004 16.43
0.638 0.001 16.46
0 0 16.49
0.637 0.005 16.53
0.634 0.002 16.56
0.636 0.008 16.59
0.626 0.014 16.63
0.627 0.003 16.66
0.625 0.002 16.7
0.621 0.005 16.73
0 0 16.76
0 0 16.79
0.619 0.008 16.83
0.617 0.003 16.89
0.611 0.001 16.93
0.615 0.006 16.96
0.616 0.003 16.99
0 0 17.0
0 0 17.02
0 0 17.06
0 0 17.09
0.633 0.031 17.13
0.626 0.009 17.16
0 0 17.19
0 0 17.22
0.623 0.007 17.27
0 0 17.3
0 0 17.32
0 0 17.36
0 0 17.39
0 0 17.42
0 0 17.46
0.61 0.005 17.49
0 0 17.52
0 0 17.56
0 0 17.59
0 0 17.62
0.614 0.02 17.66
0 0 17.69
0 0 17.72
0.6 0.013 17.76
0 0 17.79
0 0 17.82
0.602 0.009 17.86
0 0 17.89
0 0 17.92
0 0 17.95
0 0 17.99
0 0 18.02
0 0 18.06
0.609 0.027 18.09
0.602 0.002 18.12
0 0 18.16
0 0 18.19
0 0 18.22
0 0 18.26
0.591 0.01 18.29
0 0 18.32
0 0 18.36
0 0 18.39
0 0 18.42
0 0 18.46
0 0 18.49
0.585 0.006 18.53
0 0 18.56
0 0 18.59
0 0 18.62
0 0 18.66
0 0 18.69
0 0 18.72
0 0 18.76
0 0 18.79
0 0 18.82
0 0 18.86
0 0 18.89
0 0 18.92
0 0 18.96
0 0 19.0
0 0 19.02
0 0 19.06
0 0 19.09
0 0 19.12
0 0 19.16
0 0 19.19
0 0 19.22
0 0 19.26
0.509 0.082 19.29
0 0 19.32
0 0 19.36
0 0 19.39
0 0 19.42
0 0 19.46
0 0 19.49
0 0 19.52
0 0 19.55
0 0 19.59
0 0 19.62
0 0 19.66
0 0 19.69
0 0 19.72
0 0 19.76
0 0 19.79
0 0 19.83
0 0 19.86
0 0 19.89
0 0 19.92
0 0 19.96
0 0 19.99
0 0 20.02
0 0 20.06
0 0 20.09
0 0 20.12
0 0 20.15
0 0 20.19
0 0 20.22
0 0 20.26
0 0 20.29
0 0 20.32
0 0 20.36
0 0 20.39
0 0 20.42
0 0 20.46
0 0 20.49
0 0 20.52
0 0 20.56
0 0 20.59
0 0 20.62
0 0 20.66
0 0 20.69
0 0 20.73
0 0 20.76
0 0 20.79
0 0 20.82
0 0 20.86
0 0 20.89
0 0 20.92
0.475 0.027 20.96
0 0 20.99
0 0 21.02
0 0 21.05
0.462 0.014 21.09
0 0 21.12
0 0 21.16
0.456 0.007 21.2
0 0 21.22
0.452 0.006 21.26
0 0 21.29
0 0 21.32
0 0 21.36
0.457 0.006 21.39
0 0 21.42
0 0 21.46
0 0 21.49
0.453 0.009 21.53
0 0 21.56
0 0 21.59
0 0 21.62
0.451 0.003 21.66
0 0 21.69
0.452 0.005 21.73
0 0 21.76
0.448 0.007 21.79
0 0 21.82
0.449 0.002 21.87
0 0 21.9
0.446 0.004 21.93
0.445 0.001 21.96
0 0 21.99
0 0 22.02
0 0 22.05
0 0 22.09
0.443 0.006 22.13
0 0 22.16
0 0 22.19
0 0 22.22
0 0 22.26
0.44 0.011 22.29
0.438 0.002 22.32
0 0 22.36
0 0 22.39
0 0 22.42
0.435 0.007 22.46
0 0 22.49
0 0 22.52
0.432 0.007 22.56
0.432 0.002 22.59
0.432 0.004 22.63
0 0 22.66
0 0 22.69
0.426 0.009 22.72
0 0 22.76
0 0 22.79
0 0 22.82
0.419 0.015 22.86
0 0 22.89
0.41 0.01 22.93
0.405 0.008 22.96
0 0 22.99
0 0 23.02
0.375 0.034 23.06
0.363 0.013 23.09
0.351 0.013 23.12
0.339 0.013 23.16
0 0 23.19
0 0 23.24
0.309 0.036 23.26
0.308 0.01 23.29
0.299 0.009 23.32
0.293 0.008 23.36
0.291 0.007 23.39
0.286 0.006 23.43
0.282 0.005 23.46
0.28 0.004 23.49
0.283 0.004 23.52
0.282 0.002 23.56
0.281 0.001 23.59
0.285 0.002 23.63
0.284 0.001 23.66
0.284 0.003 23.69
0.29 0.003 23.73
0.29 0.001 23.78
0.289 0.001 23.81
0.294 0.001 23.84
0.294 0.001 23.87
0.293 0.001 23.9
0.299 0.001 23.93
0.299 0.002 23.97
0.299 0.001 23.99
0.3 0.003 24.02
0.305 0.003 24.06
0.305 0.002 24.09
0.305 0.002 24.13
0.31 0.002 24.16
0.309 0.001 24.2
0.309 0.004 24.23
0.314 0.001 24.26
0.315 0.005 24.29
0.316 0.002 24.32
0.316 0.002 24.36
0.322 0.0 24.39
0.322 0.001 24.42
0.322 0.002 24.46
0.327 0.001 24.51
0.327 0.003 24.54
0.327 0.001 24.57
0.337 0.001 24.6
0.336 0.002 24.63
0.336 0.001 24.66
0.335 0.002 24.69
0.338 0.002 24.72
0.338 0.001 24.77
0.342 0.001 24.8
0 0 24.82
0.343 0.002 24.86
0.343 0.002 24.89
0.347 0.003 24.92
0 0 24.96
0.347 0.001 24.99
0 0 25.02
0.351 0.001 25.06
0.351 0.001 25.09
0.35 0.001 25.13
0.354 0.002 25.16
0.354 0.002 25.19
0.354 0.0 25.23
0.358 0.001 25.26
0.359 0.002 25.29
0.361 0.002 25.33
0.366 0.002 25.36
0 0 25.39
0.371 0.008 25.43
0.376 0.004 25.46
0.379 0.007 25.49
0.383 0.007 25.53
0.388 0.008 25.56
0.396 0.01 25.59
0.403 0.01 25.63
0.411 0.012 25.66
0.422 0.017 25.7
0 0 25.72
0.445 0.031 25.76
0.464 0.017 25.79
0.479 0.017 25.82
0.496 0.018 25.86
0 0 25.89
0 0 25.92
0 0 25.95
0 0 26.0
0 0 26.03
0 0 26.05
0 0 26.09
0 0 26.12
0 0 26.15
0 0 26.19
0 0 26.22
0 0 26.25
0 0 26.29
0 0 26.32
0 0 26.36
0 0 26.39
0 0 26.42
0 0 26.45
0 0 26.49
0 0 26.52
0 0 26.55
0 0 26.59
0 0 26.62
0 0 26.65
0 0 26.69
0 0 26.72
0 0 26.76
0 0 26.79
0 0 26.82
0 0 26.86
0 0 26.89
0 0 26.92
0 0 26.95
0 0 26.99
0 0 27.03
0 0 27.05
0 0 27.09
0 0 27.12
0 0 27.15
0 0 27.19
0 0 27.22
0 0 27.25
0 0 27.29
0 0 27.32
0 0 27.36
0 0 27.39
0 0 27.42
0 0 27.45
0 0 27.49
0 0 27.52
0 0 27.55
0 0 27.59
0 0 27.62
0 0 27.65
0 0 27.69
0 0 27.72
0 0 27.75
0 0 27.79
0 0 27.82
0 0 27.86
0 0 27.89
0 0 27.92
0 0 27.97
0 0 27.99
0 0 28.02
0 0 28.05
0 0 28.09
0 0 28.12
0 0 28.16
0 0 28.19
0 0 28.22
0 0 28.25
0 0 28.29
0 0 28.32
0 0 28.36
0 0 28.39
0 0 28.42
0 0 28.45
0 0 28.49
0 0 28.52
0 0 28.55
0 0 28.59
0 0 28.62
0 0 28.65
0 0 28.69
0 0 28.72
0 0 28.75
0 0 28.79
0 0 28.82
0 0 28.85
0 0 28.89
0 0 28.92
0 0 28.95
0 0 28.99
0 0 29.02
0 0 29.05
0 0 29.09
0 0 29.12
0 0 29.15
0 0 29.19
0 0 29.22
0 0 29.25
0 0 29.29
0 0 29.32
0 0 29.36
0 0 29.39
0 0 29.42
0 0 29.45
0 0 29.49
0 0 29.52
0 0 29.55
0 0 29.59
0 0 29.62
0 0 29.65
0 0 29.69
0 0 29.73
0 0 29.75
0 0 29.79
0 0 29.82
0 0 29.85
0 0 29.89
0 0 29.92
0 0 29.95
0 0 29.99
0 0 30.02
0 0 30.05
0 0 30.09
0 0 30.12
0 0 30.15
0 0 30.19
0 0 30.22
0 0 30.25
0 0 30.3
0 0 30.32
0 0 30.35
0 0 30.39
0 0 30.42
0 0 30.45
0 0 30.49
0 0 30.52
0 0 30.55
0 0 30.59
0 0 30.62
0 0 30.65
0 0 30.69
0 0 30.72
0 0 30.75
0 0 30.79
0 0 30.82
0 0 30.86
0 0 30.89
0 0 30.92
0 0 30.96
0 0 30.99
0 0 31.02
0 0 31.05
0 0 31.09
0 0 31.12
0 0 31.15
0 0 31.19
0 0 31.22
0.583 0.095 31.26
0.562 0.022 31.29
0.539 0.026 31.33
0.52 0.022 31.36
0.503 0.019 31.39
0 0 31.42
0.473 0.036 31.46
0.461 0.015 31.49
0.45 0.014 31.52
0 0 31.55
0 0 31.59
0.426 0.036 31.62
0 0 31.65
0.416 0.016 31.69
0.412 0.006 31.72
0.409 0.005 31.75
0.407 0.004 31.79
0.407 0.004 31.82
0 0 31.86
0.405 0.003 31.89
0.405 0.001 31.93
0.404 0.002 31.96
0.404 0.001 31.99
0.404 0.001 32.02
0.404 0.002 32.06
0.403 0.001 32.09
0.403 0.002 32.12
0.403 0.002 32.16
0.403 0.002 32.19
0.402 0.0 32.23
0.402 0.002 32.26
0.402 0.002 32.29
0.401 0.002 32.32
0.401 0.001 32.36
0.401 0.0 32.39
0.401 0.001 32.42
0.401 0.002 32.45
0.401 0.001 32.49
0.4 0.001 32.53
0.4 0.001 32.55
0.4 0.001 32.59
0.4 0.001 32.62
0 0 32.65
0 0 32.69
0.403 0.009 32.72
0.405 0.007 32.76
0.407 0.005 32.79
0.41 0.006 32.82
0.411 0.007 32.86
0 0 32.89
0.414 0.007 32.92
0.416 0.003 32.95
0 0 32.99
0.417 0.002 33.02
0.417 0.003 33.06
0.416 0.002 33.09
0.416 0.003 33.12
0 0 33.15
0.413 0.006 33.19
0.411 0.004 33.22
0.409 0.002 33.26
0.406 0.003 33.29
0.404 0.003 33.32
0.403 0.006 33.36
0 0 33.39
0.402 0.003 33.42
0.401 0.002 33.46
0.401 0.002 33.49
0.399 0.003 33.52
0 0 33.55
0.399 0.002 33.6
0.399 0.001 33.63
0.4 0.004 33.66
0.4 0.001 33.69
0.401 0.001 33.72
0 0 33.75
0.403 0.003 33.79
0.405 0.002 33.82
0.406 0.003 33.86
0.409 0.003 33.91
0.412 0.005 33.93
0 0 33.95
0 0 33.99
0.422 0.017 34.02
0.425 0.006 34.05
0.429 0.004 34.09
0.432 0.004 34.12
0.434 0.005 34.16
0.436 0.003 34.19
0.438 0.004 34.23
0.44 0.003 34.26
0.442 0.005 34.29
0.444 0.005 34.32
0.447 0.008 34.36
0.451 0.009 34.39
0.457 0.011 34.42
0.465 0.014 34.45
0.475 0.014 34.49
0.486 0.015 34.52
0.5 0.018 34.55
0.516 0.017 34.59
0.533 0.019 34.62
0 0 34.66
0.57 0.042 34.69
0 0 34.72
0 0 34.75
0.629 0.068 34.79
0.646 0.018 34.83
0 0 34.85
0 0 34.89
0 0 34.92
0 0 34.95
0 0 34.99
0 0 35.02
0 0 35.05
0 0 35.09
0 0 35.12
0 0 35.15
0 0 35.19
0 0 35.22
0 0 35.25
0 0 35.29
0 0 35.32
0 0 35.35
0.705 0.087 35.39
0.708 0.007 35.42
0 0 35.45
0.705 0.005 35.49
0.704 0.002 35.52
0 0 35.55
0.701 0.004 35.59
0 0 35.62
0 0 35.65
0 0 35.69
0 0 35.72
0.699 0.009 35.75
0.694 0.004 35.8
0 0 35.83
0 0 35.85
0 0 35.89
0 0 35.92
0.686 0.009 35.96
0.685 0.001 35.99
0.678 0.008 36.02
0 0 36.05
0.681 0.005 36.09
0.682 0.004 36.12
0 0 36.15
0.689 0.01 36.19
0 0 36.22
0 0 36.25
0 0 36.29
0 0 36.32
0 0 36.35
0 0 36.38
0 0 36.42
0 0 36.45
0 0 36.48
0 0 36.52
0 0 36.55
0 0 36.59
0 0 36.62
0 0 36.65
0 0 36.69
0 0 36.72
0 0 36.75
0 0 36.79
0 0 36.82
0 0 36.85
0 0 36.88
0 0 36.92
0 0 36.95
0 0 36.98
0 0 37.02
0 0 37.05
0 0 37.08
0 0 37.12
0 0 37.15
0 0 37.19
0 0 37.22
0 0 37.25
0 0 37.28
0 0 37.32
0 0 37.35
0 0 37.39
0 0 37.42
0 0 37.45
0 0 37.49
0 0 37.52
0 0 37.57
0 0 37.59
0 0 37.62
0 0 37.65
0.653 0.038 37.69
0 0 37.72
0 0 37.75
0 0 37.79
0 0 37.82
0 0 37.85
0 0 37.88
0 0 37.92
0 0 37.95
0 0 37.99
0 0 38.02
0 0 38.05
0 0 38.08
0 0 38.12
0 0 38.15
0 0 38.19
0 0 38.22
0 0 38.25
0 0 38.28
0 0 38.32
0 0 38.35
0 0 38.38
0 0 38.42
0 0 38.45
0 0 38.49
0 0 38.52
0 0 38.55
0 0 38.58
0 0 38.62
0 0 38.65
0 0 38.69
0 0 38.72
0 0 38.75
0 0 38.79
0 0 38.82
0 0 38.85
0 0 38.89
0 0 38.92
0 0 38.95
0 0 38.98
0 0 39.02
0 0 39.05
0 0 39.09
0 0 39.12
0 0 39.15
0.538 0.027 39.19
0 0 39.22
0 0 39.25
0 0 39.29
0.529 0.006 39.32
0 0 39.35
0 0 39.39
0 0 39.42
0 0 39.45
0.529 0.009 39.49
0 0 39.52
0 0 39.55
0 0 39.59
0 0 39.62
0.504 0.018 39.65
0 0 39.69
0 0 39.72
0 0 39.75
0.498 0.002 39.81
0 0 39.83
0 0 39.85
0 0 39.89
0 0 39.92
0 0 39.95
0 0 39.99
0 0 40.02
0 0 40.05
0 0 40.09
0 0 40.12
0 0 40.15
0 0 40.19
0 0 40.22
0 0 40.25
0 0 40.29
0 0 40.32
