0 0 2.29
0 0 2.37
0 0 2.39
0 0 2.41
0 0 2.44
0 0 2.45
0 0 2.47
0 0 2.48
0 0 2.5
0 0 2.52
0 0 2.57
0 0 2.59
0 0 2.62
0 0 2.66
0 0 2.69
0 0 2.72
0 0 2.76
0 0 2.79
0 0 2.82
0 0 2.86
0 0 2.89
0 0 2.92
0 0 2.96
0 0 2.99
0 0 3.03
0 0 3.06
0 0 3.09
0 0 3.12
0 0 3.16
0 0 3.19
0 0 3.22
0 0 3.26
0 0 3.29
0 0 3.33
0 0 3.36
0 0 3.39
0 0 3.42
0 0 3.46
0 0 3.49
0 0 3.53
0 0 3.56
0 0 3.59
0 0 3.62
0 0 3.66
0 0 3.69
0 0 3.73
0 0 3.76
0 0 3.79
0 0 3.83
0 0 3.86
0 0 3.89
0 0 3.93
0 0 3.96
0 0 3.99
0 0 4.03
0 0 4.06
0 0 4.09
0 0 4.12
0 0 4.16
0 0 4.19
0 0 4.22
0 0 4.26
0 0 4.29
0 0 4.33
0 0 4.36
0 0 4.39
0 0 4.42
0 0 4.46
0 0 4.49
0 0 4.53
0 0 4.56
0 0 4.59
0 0 4.62
0 0 4.69
0 0 4.7
0 0 4.73
0 0 4.76
0 0 4.79
0 0 4.83
0 0 4.86
0 0 4.89
0 0 4.92
0 0 4.96
0 0 4.99
0 0 5.03
0 0 5.06
0 0 5.09
0 0 5.12
0 0 5.16
0 0 5.19
0 0 5.22
0 0 5.26
0 0 5.29
0 0 5.32
0 0 5.36
0 0 5.39
0 0 5.42
0 0 5.46
0 0 5.49
0 0 5.53
0 0 5.56
0 0 5.59
0 0 5.62
0 0 5.66
0 0 5.69
0 0 5.72
0 0 5.76
0.44 0.473 5.79
0.435 0.005 5.82
0 0 5.86
0.428 0.012 5.89
0.426 0.003 5.93
0.426 0.003 5.97
0 0 5.99
0.426 0.002 6.03
0.426 0.003 6.06
0.425 0.003 6.09
0 0 6.12
0.42 0.007 6.16
0.416 0.005 6.19
0.413 0.005 6.23
0.41 0.005 6.26
0.406 0.006 6.29
0.404 0.004 6.33
0.401 0.003 6.36
0.399 0.003 6.39
0.396 0.005 6.43
0.394 0.003 6.46
0.39 0.004 6.49
0 0 6.53
0.384 0.008 6.56
0.381 0.003 6.59
0.378 0.003 6.63
0.375 0.003 6.66
0.373 0.004 6.69
0.37 0.003 6.73
0.369 0.003 6.77
0.366 0.003 6.81
0.364 0.003 6.84
0.364 0.002 6.87
0.362 0.003 6.9
0.361 0.003 6.93
0.36 0.003 6.97
0.36 0.003 7.0
0.36 0.002 7.03
0.359 0.001 7.06
0.36 0.002 7.09
0.36 0.001 7.13
0.359 0.001 7.16
0.358 0.001 7.2
0.361 0.004 7.23
0.36 0.001 7.26
0.359 0.002 7.29
0.36 0.002 7.33
0.358 0.001 7.36
0.356 0.002 7.39
0.357 0.003 7.42
0.356 0.002 7.46
0.354 0.003 7.49
0.355 0.002 7.53
0.353 0.002 7.56
0.352 0.003 7.6
0.35 0.002 7.63
0.35 0.003 7.68
0.348 0.006 7.71
0.35 0.002 7.75
0.348 0.002 7.78
0.347 0.003 7.81
0.345 0.004 7.84
0.345 0.004 7.87
0.345 0.002 7.9
0.345 0.005 7.93
0.348 0.001 7.96
0.348 0.002 7.99
0.349 0.003 8.03
0.351 0.004 8.06
0.356 0.005 8.09
0.359 0.007 8.12
0.365 0.011 8.16
0.378 0.015 8.2
0.39 0.02 8.23
0.406 0.024 8.26
0 0 8.29
0 0 8.32
0 0 8.36
0 0 8.39
0 0 8.42
0 0 8.46
0 0 8.49
0 0 8.52
0 0 8.56
0 0 8.59
0 0 8.62
0 0 8.66
0 0 8.69
0 0 8.72
0 0 8.75
0 0 8.79
0 0 8.82
0 0 8.86
0 0 8.89
0 0 8.92
0 0 8.95
0 0 8.99
0 0 9.02
0 0 9.05
0 0 9.09
0 0 9.12
0 0 9.16
0 0 9.19
0 0 9.22
0 0 9.25
0 0 9.29
0 0 9.32
0 0 9.36
0 0 9.39
0 0 9.42
0 0 9.45
0 0 9.49
0 0 9.52
0 0 9.55
0 0 9.59
0 0 9.62
0 0 9.66
0 0 9.69
0 0 9.72
0 0 9.75
0 0 9.79
0 0 9.82
0 0 9.86
0 0 9.89
0 0 9.92
0 0 9.96
0 0 9.99
0 0 10.02
0 0 10.05
0 0 10.09
0 0 10.12
0 0 10.15
0 0 10.19
0 0 10.22
0 0 10.26
0 0 10.29
0 0 10.32
0 0 10.36
0 0 10.39
0 0 10.42
0 0 10.46
0 0 10.49
0 0 10.52
0 0 10.55
0 0 10.6
0 0 10.62
0 0 10.65
0 0 10.69
0 0 10.72
0 0 10.76
0 0 10.79
0 0 10.82
0 0 10.86
0 0 10.89
0 0 10.92
0 0 10.95
0 0 10.99
0 0 11.02
0 0 11.05
0 0 11.09
0 0 11.12
0 0 11.15
0 0 11.19
0 0 11.22
0 0 11.26
0 0 11.29
0 0 11.32
0 0 11.36
0 0 11.39
0 0 11.42
0 0 11.46
0 0 11.49
0 0 11.52
0 0 11.56
0 0 11.6
0 0 11.62
0 0 11.65
0 0 11.69
0 0 11.73
0 0 11.76
0 0 11.79
0 0 11.82
0.565 0.099 11.86
0.555 0.012 11.89
0.545 0.012 11.93
0.537 0.01 11.96
0.53 0.009 11.99
0 0 12.02
0.519 0.015 12.06
0 0 12.09
0.513 0.009 12.13
0.512 0.004 12.16
0.51 0.004 12.19
0.509 0.003 12.23
0.508 0.003 12.26
0 0 12.29
0.508 0.005 12.33
0.508 0.003 12.36
0.507 0.003 12.39
0.508 0.004 12.43
0.508 0.004 12.46
0.509 0.004 12.49
0.51 0.004 12.53
0.511 0.004 12.56
0.511 0.003 12.59
0.51 0.003 12.63
0.508 0.004 12.66
0.504 0.005 12.69
0.498 0.006 12.73
0.493 0.005 12.76
0.488 0.005 12.79
0.482 0.004 12.83
0.479 0.004 12.86
0.475 0.004 12.89
0.47 0.005 12.93
0.467 0.004 12.98
0.464 0.003 13.01
0.46 0.005 13.04
0.458 0.002 13.07
0.456 0.005 13.1
0.453 0.004 13.13
0.451 0.007 13.16
0.449 0.004 13.2
0.446 0.007 13.23
0.443 0.004 13.27
0.439 0.005 13.29
0.437 0.003 13.33
0.432 0.004 13.36
0.428 0.006 13.39
0.423 0.007 13.43
0.419 0.004 13.46
0.416 0.004 13.49
0.416 0.003 13.53
0.417 0.003 13.56
0.417 0.003 13.59
0.416 0.003 13.67
0.413 0.003 13.69
0.41 0.004 13.73
0.407 0.003 13.76
0.403 0.004 13.79
0.399 0.004 13.82
0.396 0.005 13.85
0.393 0.004 13.89
0.388 0.004 13.91
0.385 0.004 13.95
0.383 0.002 13.96
0.382 0.003 13.99
0.378 0.002 14.03
0.377 0.002 14.06
0.378 0.003 14.09
0.377 0.001 14.13
0.376 0.002 14.16
0.374 0.002 14.19
0.373 0.002 14.23
0.371 0.001 14.26
0.371 0.001 14.29
0.371 0.001 14.32
0.371 0.002 14.36
0.373 0.003 14.39
0.375 0.004 14.43
0.376 0.005 14.46
0.381 0.007 14.49
0.388 0.009 14.53
0.395 0.014 14.56
0.409 0.017 14.6
0.424 0.019 14.63
0.441 0.021 14.66
0 0 14.69
0.486 0.055 14.73
0.514 0.033 14.76
0 0 14.79
0 0 14.82
0 0 14.86
0 0 14.89
0 0 14.92
0 0 14.95
0 0 14.99
0 0 15.02
0 0 15.05
0 0 15.09
0 0 15.12
0 0 15.15
0 0 15.19
0 0 15.22
0 0 15.26
0 0 15.29
0 0 15.32
0 0 15.35
0 0 15.39
0 0 15.42
0 0 15.45
0 0 15.49
0 0 15.52
0 0 15.56
0 0 15.59
0 0 15.62
0 0 15.65
0 0 15.69
0 0 15.72
0 0 15.75
0 0 15.79
0 0 15.82
0 0 15.86
0 0 15.89
0 0 15.92
0 0 15.95
0 0 16.03
0 0 16.06
0 0 16.07
0 0 16.09
0 0 16.12
0 0 16.15
0 0 16.19
0 0 16.22
0 0 16.26
0 0 16.29
0 0 16.32
0 0 16.35
0 0 16.39
0 0 16.42
0 0 16.45
0 0 16.49
0 0 16.52
0 0 16.55
0 0 16.59
0 0 16.62
0 0 16.65
0 0 16.69
0 0 16.72
0 0 16.75
0 0 16.79
0 0 16.82
0 0 16.86
0 0 16.89
0 0 16.92
0 0 16.95
0 0 16.99
0 0 17.02
0 0 17.05
0 0 17.09
0 0 17.12
0 0 17.15
0 0 17.19
0 0 17.22
0 0 17.25
0 0 17.33
0 0 17.35
0 0 17.36
0 0 17.39
0 0 17.42
0 0 17.45
0 0 17.49
0 0 17.52
0 0 17.55
0 0 17.59
0 0 17.62
0 0 17.65
0 0 17.69
0 0 17.72
0 0 17.75
0 0 17.79
0 0 17.82
0 0 17.85
0 0 17.89
0 0 17.92
0 0 17.95
0 0 17.99
0 0 18.02
0 0 18.05
0 0 18.09
0 0 18.12
0 0 18.15
0 0 18.19
0 0 18.22
0 0 18.25
0 0 18.29
0 0 18.32
0 0 18.35
0 0 18.39
0 0 18.42
0 0 18.45
0 0 18.49
0 0 18.52
0 0 18.55
0 0 18.59
0 0 18.62
0 0 18.65
0 0 18.69
0 0 18.72
0 0 18.75
0 0 18.79
0 0 18.82
0 0 18.86
0 0 18.89
0 0 18.92
0 0 18.95
0 0 18.99
0 0 19.02
0 0 19.06
0 0 19.09
0 0 19.12
0 0 19.15
0 0 19.19
0 0 19.22
0 0 19.25
0 0 19.29
0 0 19.32
0 0 19.35
0 0 19.39
0 0 19.43
0 0 19.45
0 0 19.49
0 0 19.52
0 0 19.55
0 0 19.59
0 0 19.62
0 0 19.65
0 0 19.69
0 0 19.72
0 0 19.75
0 0 19.79
0 0 19.82
0 0 19.85
0 0 19.89
0 0 19.92
0 0 19.96
0 0 19.99
0 0 20.02
0 0 20.05
0 0 20.09
0 0 20.12
0 0 20.15
0 0 20.19
0 0 20.22
0 0 20.25
0 0 20.29
0 0 20.32
0 0 20.36
0 0 20.39
0 0 20.42
0 0 20.45
0 0 20.49
0 0 20.52
0 0 20.55
0 0 20.59
0 0 20.63
0 0 20.65
0 0 20.69
0 0 20.72
0 0 20.75
0 0 20.79
0 0 20.82
0 0 20.85
0 0 20.89
0 0 20.92
0 0 20.95
0 0 20.99
0 0 21.02
0 0 21.05
0 0 21.08
0 0 21.12
0 0 21.15
0 0 21.19
0.678 0.409 21.22
0 0 21.25
0 0 21.29
0.666 0.017 21.32
0 0 21.35
0.654 0.012 21.39
0 0 21.42
0 0 21.45
0.646 0.01 21.49
0.642 0.003 21.52
0.643 0.003 21.56
0 0 21.59
0 0 21.62
0 0 21.65
0 0 21.69
0 0 21.73
0 0 21.75
0.624 0.02 21.81
0.616 0.007 21.84
0.61 0.008 21.85
0.603 0.01 21.89
0.593 0.014 21.92
0.588 0.006 21.95
0.588 0.002 21.99
0.583 0.009 22.02
0.577 0.01 22.05
0.574 0.007 22.09
0.574 0.006 22.12
0 0 22.15
0.577 0.009 22.19
0.581 0.005 22.22
0 0 22.25
0.583 0.002 22.29
0 0 22.32
0 0 22.35
0 0 22.39
0.561 0.026 22.42
0.557 0.005 22.46
0 0 22.49
0.559 0.005 22.52
0 0 22.55
0 0 22.59
0 0 22.62
0.563 0.006 22.66
0.564 0.003 22.69
0.563 0.001 22.73
0 0 22.75
0.56 0.006 22.79
0 0 22.82
0.56 0.003 22.86
0 0 22.89
0.56 0.004 22.92
0 0 22.95
0 0 22.99
0 0 23.02
0 0 23.05
0 0 23.09
0.545 0.016 23.12
0 0 23.15
0.551 0.011 23.2
0.541 0.014 23.22
0 0 23.26
0.542 0.004 23.29
0.539 0.004 23.32
0.545 0.008 23.36
0.535 0.017 23.39
0.537 0.005 23.42
0 0 23.45
0.546 0.014 23.49
0.548 0.003 23.53
0.542 0.008 23.56
0.541 0.003 23.6
0.538 0.005 23.62
0 0 23.65
0.534 0.005 23.69
0.543 0.012 23.72
0 0 23.75
0 0 23.79
0.534 0.011 23.82
0.539 0.007 23.86
0 0 23.89
0.545 0.015 23.92
0.535 0.015 23.96
0.532 0.003 23.99
0.533 0.003 24.02
0.535 0.002 24.05
0.536 0.003 24.1
0.539 0.006 24.13
0.542 0.001 24.15
0.546 0.006 24.19
0.553 0.008 24.22
0.559 0.006 24.26
0.576 0.018 24.29
0 0 24.32
0.576 0.004 24.35
0 0 24.38
0.578 0.007 24.42
0.575 0.003 24.46
0 0 24.49
0.576 0.002 24.55
0.582 0.004 24.58
0.586 0.006 24.6
0.588 0.002 24.62
0.589 0.003 24.65
0.589 0.001 24.69
0.594 0.004 24.72
0 0 24.75
0.593 0.003 24.79
0 0 24.82
0.603 0.008 24.86
0.606 0.003 24.89
0 0 24.92
0 0 24.95
0.607 0.003 24.99
0.613 0.008 25.02
0.61 0.007 25.05
0 0 25.08
0 0 25.12
0.62 0.003 25.15
0 0 25.19
0 0 25.22
0 0 25.25
0 0 25.29
0 0 25.32
0.623 0.001 25.35
0 0 25.38
0 0 25.42
0 0 25.45
0 0 25.49
0.631 0.004 25.52
0.631 0.001 25.55
0 0 25.59
0 0 25.62
0 0 25.65
0.646 0.012 25.69
0.637 0.012 25.72
0 0 25.75
0.636 0.001 25.79
0 0 25.82
0 0 25.85
0 0 25.88
0.644 0.005 25.92
0.643 0.003 25.95
0 0 25.98
0.651 0.004 26.02
0.651 0.001 26.05
0 0 26.08
0 0 26.12
0 0 26.15
0 0 26.19
0.653 0.004 26.22
0.662 0.006 26.25
0.651 0.017 26.29
0.654 0.003 26.32
0 0 26.36
0 0 26.38
0.665 0.008 26.42
0 0 26.45
0 0 26.48
0 0 26.52
0 0 26.55
0.657 0.034 26.59
0 0 26.62
0 0 26.65
0.652 0.028 26.69
0 0 26.72
0 0 26.75
0 0 26.78
0 0 26.82
0 0 26.85
0 0 26.88
0 0 26.92
0 0 26.95
0 0 26.98
0 0 27.02
0 0 27.05
0 0 27.09
0 0 27.12
0 0 27.15
0 0 27.19
0 0 27.22
0 0 27.25
0 0 27.28
0 0 27.32
0 0 27.35
0 0 27.39
0 0 27.42
0 0 27.45
0 0 27.49
0 0 27.52
0 0 27.55
0 0 27.59
0 0 27.62
0 0 27.65
0 0 27.69
0 0 27.72
0 0 27.75
0.549 0.212 27.79
0.545 0.005 27.82
0 0 27.85
0.543 0.008 27.89
0 0 27.92
0.543 0.008 27.95
0.545 0.005 27.99
0.549 0.003 28.02
0.551 0.003 28.05
0 0 28.09
0 0 28.13
0 0 28.15
0.56 0.012 28.19
0.563 0.006 28.22
0.56 0.009 28.25
0.561 0.004 28.29
0 0 28.32
0 0 28.35
0.555 0.011 28.39
0 0 28.42
0 0 28.45
0.545 0.015 28.49
0.541 0.006 28.52
0.539 0.004 28.56
0.535 0.007 28.59
0.531 0.005 28.62
0.529 0.004 28.66
0.524 0.005 28.69
0.52 0.005 28.72
0 0 28.75
0.512 0.01 28.79
0.508 0.005 28.82
0.504 0.005 28.86
0.5 0.004 28.89
0.497 0.004 28.92
0.493 0.004 28.95
0.489 0.005 28.99
0.485 0.005 29.02
0.48 0.007 29.05
0.475 0.005 29.09
0.471 0.006 29.12
0.466 0.005 29.15
0.463 0.004 29.19
0.461 0.004 29.23
0.459 0.004 29.25
0.458 0.003 29.29
0.458 0.003 29.32
0.458 0.003 29.36
0.458 0.002 29.39
0.456 0.002 29.42
0.456 0.007 29.46
0.456 0.006 29.49
0.456 0.003 29.52
0.456 0.001 29.57
0.456 0.002 29.59
0.455 0.003 29.62
0.455 0.002 29.65
0.455 0.001 29.69
0.454 0.002 29.72
0.453 0.001 29.75
0.453 0.003 29.79
0.452 0.002 29.84
0.45 0.004 29.87
0.447 0.003 29.9
0.444 0.004 29.93
0.44 0.004 29.96
0.436 0.004 29.99
0.433 0.004 30.02
0.431 0.003 30.06
0.428 0.002 30.09
0.426 0.003 30.12
0.424 0.003 30.15
0.421 0.003 30.19
0.418 0.003 30.22
0.415 0.004 30.25
0.41 0.005 30.29
0.405 0.005 30.32
0.4 0.006 30.36
0.395 0.006 30.39
0.391 0.004 30.42
0.389 0.004 30.45
0.387 0.003 30.49
0.386 0.002 30.52
0.386 0.004 30.55
0 0 30.59
0 0 30.62
0.386 0.004 30.65
0.386 0.002 30.69
0.386 0.007 30.72
0.385 0.001 30.75
0.386 0.0 30.79
0.385 0.001 30.82
0.385 0.001 30.86
0.386 0.003 30.89
0.387 0.002 30.92
0.389 0.004 30.95
0.392 0.006 30.99
0 0 31.02
0.411 0.025 31.06
0.43 0.022 31.09
0.455 0.028 31.12
0 0 31.15
0.51 0.066 31.19
0 0 31.23
0 0 31.25
0 0 31.28
0 0 31.32
0 0 31.35
0 0 31.38
0 0 31.42
0 0 31.45
0 0 31.48
0 0 31.52
0 0 31.55
0 0 31.58
0 0 31.62
0 0 31.65
0 0 31.68
0 0 31.72
0 0 31.75
0 0 31.78
0 0 31.82
0 0 31.85
0 0 31.88
0 0 31.92
0 0 31.95
0 0 31.98
0 0 32.02
0 0 32.05
0 0 32.08
0 0 32.12
0 0 32.15
0 0 32.19
0 0 32.22
0 0 32.25
0 0 32.28
0 0 32.32
0 0 32.35
0 0 32.38
0 0 32.42
0 0 32.45
0 0 32.48
0 0 32.52
0 0 32.55
0 0 32.58
0 0 32.62
0 0 32.65
0 0 32.69
0 0 32.72
0 0 32.75
0 0 32.78
0 0 32.82
0 0 32.85
0 0 32.88
0 0 32.92
0 0 32.96
0 0 32.98
0 0 33.02
0 0 33.05
0 0 33.08
0 0 33.12
0 0 33.15
0 0 33.19
0 0 33.22
0 0 33.25
0 0 33.29
0 0 33.32
0 0 33.35
0 0 33.38
0 0 33.42
0 0 33.45
0 0 33.48
0 0 33.52
0 0 33.55
0 0 33.59
0 0 33.62
0 0 33.65
0 0 33.69
0 0 33.72
0 0 33.75
0 0 33.79
0 0 33.82
0.575 0.068 33.86
0.557 0.02 33.89
0.542 0.018 33.92
0.527 0.016 33.96
0.514 0.015 33.99
0.503 0.014 34.03
0.491 0.013 34.06
0.481 0.011 34.09
0.472 0.011 34.12
0.464 0.009 34.16
0.46 0.008 34.19
0.457 0.006 34.22
0.455 0.005 34.25
0.453 0.004 34.29
0.452 0.003 34.32
0.453 0.003 34.36
0.451 0.002 34.39
0.451 0.002 34.42
0.451 0.002 34.46
0.45 0.002 34.49
0.45 0.002 34.52
0.448 0.002 34.56
0.446 0.003 34.59
0.443 0.003 34.62
0.44 0.003 34.66
0.438 0.003 34.69
0.434 0.002 34.72
0.432 0.002 34.76
0.431 0.001 34.79
0.429 0.002 34.82
0.428 0.001 34.86
0.426 0.002 34.89
0.422 0.004 34.93
0.418 0.004 34.97
0.413 0.004 35.0
0.408 0.004 35.03
0.406 0.003 35.06
0.405 0.001 35.09
0 0 35.12
0.406 0.004 35.15
0.409 0.005 35.19
0.413 0.007 35.22
0.422 0.013 35.25
0.435 0.017 35.29
0.448 0.019 35.34
0.463 0.021 35.37
0.482 0.022 35.4
0.502 0.025 35.43
0.524 0.029 35.46
0.551 0.035 35.5
0 0 35.52
0 0 35.55
0 0 35.58
0 0 35.62
0 0 35.65
0 0 35.69
0 0 35.72
0 0 35.75
0 0 35.78
0 0 35.82
0 0 35.86
0 0 35.88
0 0 35.92
0 0 35.95
0 0 35.99
0 0 36.02
0 0 36.05
0 0 36.08
0 0 36.12
0 0 36.15
0 0 36.19
0 0 36.22
0 0 36.25
0 0 36.28
0 0 36.32
0 0 36.35
0 0 36.38
0 0 36.42
0 0 36.45
0 0 36.49
0 0 36.52
0 0 36.57
0 0 36.58
0 0 36.62
0 0 36.65
0 0 36.68
0 0 36.72
0 0 36.75
0 0 36.78
0 0 36.82
0 0 36.85
0 0 36.88
0 0 36.92
0 0 36.95
0 0 36.98
0 0 37.02
0 0 37.05
0 0 37.08
0 0 37.12
0 0 37.15
0 0 37.19
0 0 37.22
0 0 37.25
0 0 37.28
0 0 37.32
0 0 37.35
0 0 37.38
0 0 37.42
0 0 37.45
0 0 37.48
0 0 37.52
0 0 37.55
0 0 37.58
0 0 37.62
0 0 37.65
0 0 37.69
0 0 37.72
0 0 37.75
0 0 37.79
0 0 37.82
0 0 37.85
0 0 37.88
0 0 37.92
0 0 37.95
0 0 37.98
0 0 38.02
0 0 38.05
0 0 38.08
0 0 38.12
0 0 38.15
0 0 38.19
0 0 38.22
0 0 38.27
0 0 38.3
0 0 38.32
0 0 38.35
0 0 38.38
0 0 38.42
0 0 38.45
0 0 38.48
0 0 38.52
0 0 38.55
0 0 38.59
0 0 38.62
0 0 38.65
0 0 38.69
0 0 38.72
0 0 38.75
0 0 38.78
0 0 38.82
0 0 38.85
0 0 38.88
0 0 38.92
0 0 38.98
0 0 38.99
0 0 39.02
0 0 39.05
0 0 39.08
0 0 39.12
0 0 39.15
0 0 39.19
0 0 39.22
0 0 39.25
0 0 39.28
0 0 39.32
0 0 39.35
0 0 39.38
0 0 39.42
0 0 39.45
0 0 39.48
0 0 39.52
0 0 39.55
0 0 39.58
0 0 39.62
0 0 39.65
0 0 39.69
0 0 39.72
0 0 39.75
0 0 39.78
0 0 39.82
0 0 39.85
0 0 39.88
0 0 39.93
0 0 39.95
0 0 39.98
0 0 40.02
0 0 40.05
0 0 40.08
0 0 40.12
0 0 40.15
0 0 40.19
0 0 40.22
0 0 40.25
0 0 40.28
0 0 40.32
0 0 40.35
0 0 40.38
0 0 40.42
0 0 40.45
0 0 40.48
0 0 40.52
0 0 40.55
0 0 40.6
0 0 40.63
0 0 40.65
0 0 40.68
0 0 40.72
0 0 40.75
0 0 40.78
0 0 40.82
0 0 40.85
0 0 40.88
0 0 40.92
0 0 40.95
0 0 40.98
0 0 41.02
0 0 41.05
0 0 41.08
0 0 41.12
0 0 41.15
0 0 41.19
0 0 41.22
0 0 41.25
0 0 41.28
0 0 41.32
0 0 41.35
0 0 41.38
0 0 41.42
0 0 41.46
0 0 41.49
0 0 41.52
0 0 41.55
0 0 41.59
0 0 41.62
0 0 41.65
0 0 41.68
0 0 41.72
0 0 41.75
0 0 41.78
0 0 41.82
0 0 41.85
0 0 41.88
0 0 41.92
0 0 41.95
0 0 41.98
0 0 42.02
0 0 42.06
0 0 42.08
0 0 42.12
0 0 42.15
0 0 42.18
0 0 42.22
0 0 42.25
0 0 42.28
0 0 42.32
0 0 42.35
0 0 42.38
0 0 42.42
0 0 42.45
0 0 42.48
0 0 42.52
0 0 42.55
0 0 42.58
0 0 42.62
0 0 42.65
0 0 42.68
0 0 42.72
0 0 42.75
0 0 42.78
0 0 42.82
0 0 42.85
0 0 42.88
0 0 42.92
0 0 42.95
0 0 42.98
0 0 43.02
0 0 43.05
0 0 43.08
0 0 43.12
0 0 43.15
0 0 43.18
0 0 43.22
0 0 43.25
0 0 43.28
0 0 43.32
0 0 43.35
0 0 43.38
0 0 43.42
0 0 43.45
0 0 43.48
0 0 43.52
0 0 43.55
0 0 43.58
0 0 43.62
0 0 43.65
0 0 43.68
0 0 43.72
0 0 43.75
0 0 43.78
0 0 43.82
0 0 43.86
0 0 43.89
0 0 43.92
0 0 43.95
0 0 43.98
0 0 44.02
0 0 44.05
0 0 44.08
0 0 44.12
0 0 44.15
0 0 44.18
0 0 44.21
0 0 44.25
0 0 44.28
0 0 44.32
0 0 44.36
0 0 44.38
0 0 44.41
0 0 44.45
0 0 44.48
0 0 44.52
0 0 44.55
0 0 44.58
0 0 44.61
0 0 44.65
0 0 44.69
0 0 44.72
0 0 44.77
0 0 44.78
0 0 44.82
0 0 44.85
0 0 44.88
0 0 44.92
0 0 44.95
0 0 44.98
0 0 45.05
0 0 45.06
0 0 45.08
0 0 45.11
0 0 45.15
0 0 45.19
0 0 45.22
0 0 45.25
0 0 45.28
0 0 45.31
0 0 45.35
0 0 45.38
0 0 45.41
0 0 45.45
0 0 45.48
0 0 45.54
0 0 45.55
0 0 45.58
0 0 45.61
0 0 45.65
0 0 45.68
0 0 45.71
0 0 45.75
0 0 45.78
0 0 45.82
0 0 45.85
0 0 45.88
0 0 45.92
0 0 45.95
0 0 45.98
0 0 46.02
0 0 46.05
0 0 46.08
0 0 46.11
0 0 46.15
0 0 46.18
0 0 46.21
0 0 46.25
0 0 46.28
0 0 46.32
0 0 46.35
0 0 46.38
0 0 46.41
0 0 46.45
0 0 46.48
0 0 46.52
0 0 46.55
0 0 46.58
0 0 46.61
0 0 46.65
0 0 46.68
0 0 46.71
0 0 46.75
0 0 46.78
0 0 46.81
0 0 46.85
0 0 46.88
0 0 46.92
0 0 46.95
0 0 46.98
0 0 47.02
0 0 47.05
0 0 47.08
0 0 47.11
0 0 47.15
0 0 47.18
0 0 47.22
0 0 47.25
0 0 47.28
0 0 47.31
0 0 47.35
0 0 47.38
0 0 47.41
0 0 47.45
0 0 47.48
0 0 47.52
0 0 47.55
0 0 47.58
0 0 47.61
0 0 47.65
0 0 47.68
0 0 47.71
0 0 47.75
0 0 47.78
0 0 47.81
0 0 47.86
0 0 47.88
0 0 47.91
0 0 47.95
0 0 47.98
0 0 48.02
0 0 48.05
0 0 48.08
0 0 48.11
0 0 48.15
0 0 48.18
0 0 48.21
0 0 48.25
0 0 48.28
0 0 48.31
0 0 48.35
0 0 48.38
0 0 48.41
0 0 48.45
0 0 48.48
0 0 48.52
0 0 48.55
0 0 48.58
0 0 48.61
0 0 48.65
0 0 48.68
0 0 48.71
0 0 48.75
0 0 48.78
0 0 48.83
0 0 48.85
0 0 48.88
0 0 48.91
0 0 48.95
0 0 48.98
0 0 49.02
0 0 49.05
0 0 49.08
0 0 49.11
0 0 49.15
0 0 49.18
0 0 49.21
0 0 49.25
0 0 49.28
0 0 49.31
0 0 49.35
0 0 49.38
0 0 49.41
0 0 49.45
0 0 49.48
0 0 49.52
0 0 49.55
0 0 49.58
0 0 49.61
0 0 49.65
0 0 49.69
0 0 49.72
0 0 49.75
0 0 49.78
0 0 49.81
0 0 49.85
0 0 49.88
0 0 49.92
0 0 49.95
0 0 49.98
0 0 50.02
0 0 50.05
0 0 50.08
0 0 50.11
0 0 50.15
0 0 50.18
0 0 50.21
0 0 50.25
0 0 50.28
0 0 50.31
0 0 50.35
0 0 50.38
0 0 50.41
0 0 50.45
0 0 50.48
0 0 50.52
0 0 50.55
0 0 50.58
0 0 50.61
0 0 50.65
0 0 50.68
0 0 50.72
0 0 50.75
0 0 50.78
0 0 50.82
0 0 50.85
0 0 50.88
0 0 50.91
0 0 50.95
0 0 50.98
0 0 51.01
0 0 51.05
0 0 51.08
0 0 51.11
0 0 51.15
0 0 51.18
0 0 51.22
0 0 51.25
0 0 51.28
0 0 51.31
0 0 51.35
0 0 51.38
0 0 51.41
0 0 51.45
0 0 51.48
0 0 51.51
0 0 51.55
0 0 51.58
0 0 51.61
0 0 51.65
0 0 51.68
0 0 51.73
0 0 51.75
0 0 51.78
0 0 51.81
0 0 51.85
0 0 51.88
0 0 51.91
0 0 51.95
0 0 51.98
0 0 52.01
0 0 52.05
0 0 52.08
0 0 52.11
0 0 52.15
0 0 52.18
0 0 52.21
0 0 52.25
0 0 52.28
0 0 52.31
0 0 52.35
0 0 52.38
0 0 52.41
0 0 52.45
0 0 52.48
0 0 52.51
0 0 52.55
0 0 52.58
0 0 52.62
0 0 52.65
0 0 52.68
0 0 52.71
0 0 52.75
0 0 52.78
0 0 52.81
0 0 52.85
0 0 52.88
0 0 52.91
0 0 52.95
0 0 52.98
0 0 53.02
0 0 53.05
0 0 53.08
0 0 53.11
0 0 53.15
0 0 53.18
0 0 53.21
0 0 53.25
0 0 53.28
0 0 53.32
0 0 53.35
0 0 53.38
0 0 53.41
0 0 53.46
0 0 53.48
0.542 0.032 53.52
0.523 0.025 53.55
0.504 0.022 53.58
0.489 0.017 53.62
0.478 0.016 53.65
0.465 0.014 53.68
0.453 0.013 53.72
0.443 0.012 53.75
0.437 0.009 53.79
0.43 0.008 53.82
0.423 0.006 53.85
0.421 0.006 53.88
0.415 0.007 53.92
0.41 0.006 53.95
0.409 0.004 53.98
0.408 0.003 54.02
0.405 0.005 54.05
0.403 0.003 54.09
0.403 0.005 54.12
0.401 0.004 54.15
0.399 0.003 54.19
0.399 0.005 54.22
0.399 0.004 54.25
0.398 0.002 54.29
0.4 0.005 54.32
0.401 0.002 54.35
0.402 0.003 54.38
0.407 0.002 54.42
0.408 0.003 54.45
0.409 0.001 54.48
0.408 0.001 54.52
0.409 0.002 54.55
0.41 0.001 54.59
0.409 0.001 54.62
0.409 0.001 54.65
0.409 0.001 54.68
0.409 0.002 54.72
0.411 0.002 54.75
0.413 0.002 54.78
0.416 0.004 54.82
0.422 0.007 54.85
0.43 0.011 54.89
0.44 0.016 54.92
0.455 0.021 54.95
0.475 0.028 54.98
0.498 0.033 55.02
0 0 55.05
0 0 55.08
0 0 55.11
0 0 55.15
0 0 55.18
0 0 55.22
0 0 55.25
0 0 55.28
0 0 55.32
0 0 55.35
0 0 55.38
0 0 55.41
0 0 55.45
0 0 55.48
0 0 55.52
0 0 55.55
0 0 55.58
0 0 55.61
0 0 55.65
0 0 55.68
0 0 55.71
0 0 55.75
0 0 55.78
0 0 55.81
0 0 55.85
0 0 55.88
0 0 55.92
0 0 55.95
0 0 55.98
0 0 56.02
0 0 56.05
0 0 56.08
0 0 56.11
0 0 56.15
0 0 56.18
0 0 56.21
0 0 56.25
0 0 56.28
0 0 56.31
0 0 56.35
0 0 56.38
0 0 56.41
0 0 56.45
0 0 56.48
0 0 56.51
0 0 56.55
0 0 56.58
0 0 56.61
0 0 56.65
0 0 56.68
0 0 56.71
0 0 56.75
0 0 56.78
0 0 56.81
0 0 56.85
0 0 56.88
0 0 56.91
0 0 56.95
0 0 56.98
0 0 57.01
0 0 57.05
0 0 57.08
0 0 57.11
0 0 57.15
0 0 57.18
0 0 57.21
0 0 57.25
0 0 57.28
0 0 57.31
0 0 57.35
0 0 57.38
0 0 57.42
0 0 57.45
0 0 57.48
0 0 57.51
0 0 57.55
0 0 57.58
0 0 57.61
0 0 57.65
0 0 57.68
0 0 57.71
0 0 57.75
0 0 57.78
0 0 57.81
0 0 57.85
0 0 57.88
0 0 57.91
0 0 57.95
0 0 57.98
0 0 58.01
0 0 58.05
0 0 58.08
0 0 58.11
0.567 0.09 58.15
0 0 58.18
0.517 0.051 58.22
0.494 0.023 58.26
0.473 0.02 58.29
0.455 0.018 58.32
0.441 0.015 58.36
0.43 0.013 58.39
0.42 0.011 58.42
0.414 0.009 58.46
0.409 0.008 58.49
0.405 0.008 58.52
0 0 58.55
0.4 0.012 58.59
0.398 0.005 58.62
0.398 0.004 58.65
0.397 0.003 58.69
0.395 0.003 58.72
0.391 0.003 58.75
0.389 0.003 58.78
0.386 0.002 58.82
0.384 0.003 58.85
0.382 0.002 58.88
0.38 0.001 58.92
0.378 0.001 58.95
0.377 0.002 58.98
0.376 0.001 59.02
0.376 0.001 59.06
0.374 0.002 59.08
0.373 0.001 59.12
0.373 0.001 59.15
0.371 0.002 59.19
0.372 0.001 59.22
0.374 0.002 59.25
0.375 0.003 59.28
0.374 0.001 59.32
0.372 0.002 59.35
0.371 0.002 59.38
0.369 0.003 59.42
0.368 0.002 59.45
0.367 0.001 59.48
0.365 0.002 59.52
0.364 0.002 59.55
0.362 0.002 59.58
0.361 0.001 59.62
0.361 0.002 59.65
0.36 0.002 59.68
0.359 0.002 59.72
0.358 0.001 59.76
0.357 0.0 59.79
0.357 0.002 59.83
0.357 0.001 59.86
0.358 0.001 59.89
0.36 0.002 59.91
0.361 0.002 59.95
0.364 0.003 59.98
0.368 0.004 60.02
0.372 0.005 60.05
0.376 0.006 60.08
0.384 0.008 60.12
0.393 0.01 60.15
0.404 0.012 60.18
0.417 0.014 60.21
0.431 0.016 60.25
0.45 0.021 60.28
0.472 0.024 60.32
0.502 0.034 60.35
0 0 60.38
0 0 60.41
0 0 60.45
0 0 60.48
0 0 60.52
0 0 60.55
0 0 60.58
0 0 60.61
0 0 60.64
0 0 60.68
0 0 60.72
0 0 60.74
0 0 60.78
0 0 60.81
0 0 60.85
0 0 60.88
0 0 60.91
0 0 60.95
0 0 60.98
0 0 61.01
0 0 61.04
0 0 61.08
0 0 61.11
0 0 61.15
0 0 61.18
0 0 61.21
0 0 61.25
0 0 61.28
0 0 61.31
0 0 61.35
0 0 61.38
0 0 61.41
0 0 61.45
0 0 61.48
0 0 61.51
0 0 61.55
0 0 61.58
0 0 61.61
0 0 61.65
0 0 61.68
0 0 61.71
0 0 61.75
0 0 61.78
0 0 61.81
0 0 61.85
0 0 61.88
0 0 61.92
0 0 61.94
0 0 61.98
0 0 62.01
0 0 62.05
0 0 62.08
0 0 62.11
0 0 62.15
0 0 62.18
0 0 62.21
0 0 62.25
0 0 62.28
0 0 62.31
0 0 62.35
0 0 62.38
0 0 62.41
0 0 62.44
0 0 62.48
0 0 62.51
0 0 62.55
0 0 62.58
0 0 62.61
0 0 62.65
0 0 62.68
0 0 62.71
0 0 62.75
0 0 62.78
0 0 62.81
0 0 62.85
0 0 62.88
0 0 62.91
0 0 62.94
0 0 62.98
0 0 63.01
0 0 63.05
0 0 63.09
0 0 63.11
0 0 63.14
0 0 63.18
0 0 63.21
0 0 63.25
0 0 63.28
0 0 63.31
0 0 63.35
0 0 63.38
0 0 63.41
0 0 63.44
0 0 63.48
0 0 63.51
0 0 63.55
0 0 63.58
0 0 63.61
0 0 63.64
0 0 63.68
0 0 63.71
0 0 63.75
0 0 63.78
0 0 63.81
0 0 63.85
0 0 63.88
0 0 63.91
0 0 63.95
0 0 63.98
0 0 64.01
0 0 64.04
0 0 64.08
0 0 64.11
0 0 64.14
0 0 64.18
0 0 64.21
0 0 64.25
0 0 64.28
0 0 64.31
0 0 64.35
0 0 64.38
0 0 64.41
0 0 64.45
0 0 64.48
0 0 64.51
0 0 64.54
0 0 64.58
0 0 64.61
0 0 64.64
0 0 64.68
0 0 64.71
0 0 64.74
0 0 64.78
0 0 64.81
0 0 64.85
0 0 64.88
0 0 64.91
0 0 64.94
0 0 64.98
0 0 65.03
0 0 65.05
0 0 65.08
0 0 65.11
0 0 65.14
0 0 65.18
0 0 65.21
0 0 65.24
0 0 65.28
0 0 65.31
0 0 65.35
0 0 65.38
0 0 65.41
0 0 65.45
0 0 65.48
0 0 65.53
0 0 65.55
0 0 65.58
0 0 65.61
0 0 65.65
0 0 65.68
0 0 65.71
0 0 65.74
0 0 65.78
0 0 65.81
0 0 65.85
0 0 65.88
0 0 65.91
0 0 65.95
0 0 65.98
0 0 66.01
0 0 66.05
0 0 66.08
0 0 66.11
0 0 66.15
0 0 66.18
0 0 66.21
0 0 66.25
0 0 66.28
0 0 66.31
0 0 66.35
0 0 66.38
0 0 66.41
0 0 66.45
0 0 66.48
0 0 66.51
0 0 66.55
0 0 66.58
0 0 66.61
0 0 66.64
0 0 66.68
0 0 66.71
0 0 66.75
0 0 66.78
0 0 66.81
0 0 66.85
0 0 66.88
0 0 66.91
0 0 66.95
0 0 66.98
0 0 67.01
0 0 67.05
0 0 67.08
0 0 67.11
0 0 67.15
0 0 67.18
0 0 67.21
0 0 67.24
0 0 67.29
0 0 67.34
0 0 67.35
0 0 67.38
0 0 67.41
0 0 67.45
0 0 67.48
0 0 67.51
0 0 67.54
0 0 67.58
0 0 67.61
0 0 67.64
0 0 67.68
0 0 67.71
0 0 67.74
0 0 67.78
0 0 67.81
0 0 67.85
0 0 67.9
0 0 67.91
0 0 67.94
0 0 67.98
0 0 68.01
0 0 68.04
0 0 68.08
0 0 68.11
0 0 68.14
0 0 68.18
0 0 68.21
0 0 68.24
0 0 68.28
0 0 68.31
0 0 68.35
0 0 68.38
0 0 68.41
0 0 68.44
0 0 68.48
0 0 68.53
0 0 68.55
0 0 68.58
0 0 68.61
0 0 68.64
0 0 68.68
0 0 68.71
0 0 68.75
0 0 68.78
0 0 68.81
0 0 68.85
0 0 68.88
0 0 68.92
0 0 68.94
0 0 68.98
0 0 69.01
0 0 69.04
0 0 69.08
0 0 69.11
0 0 69.14
0 0 69.18
0 0 69.21
0 0 69.24
0 0 69.31
0 0 69.33
0 0 69.34
0 0 69.38
0 0 69.41
0 0 69.45
0 0 69.48
0 0 69.51
0 0 69.55
0 0 69.58
0 0 69.61
0 0 69.64
0 0 69.68
0 0 69.71
0 0 69.75
0 0 69.78
0 0 69.81
0 0 69.84
0 0 69.88
0 0 69.95
0 0 69.97
0 0 69.98
0 0 70.01
0 0 70.04
0 0 70.08
0 0 70.11
0 0 70.14
0 0 70.18
0 0 70.21
0 0 70.27
0 0 70.3
0 0 70.31
0 0 70.35
0 0 70.38
0 0 70.41
0 0 70.44
0 0 70.48
0 0 70.51
0 0 70.55
0.487 0.067 70.58
0.479 0.013 70.61
0.467 0.012 70.65
0.454 0.014 70.68
0.448 0.011 70.72
0.438 0.011 70.75
0.43 0.008 70.78
0.424 0.007 70.81
0.423 0.006 70.85
0.418 0.005 70.88
0.415 0.004 70.92
0.418 0.003 70.96
0.416 0.002 70.99
0.415 0.002 71.02
0.419 0.001 71.05
0.418 0.001 71.08
0.416 0.002 71.11
0.418 0.002 71.15
0.416 0.002 71.18
0.414 0.002 71.21
0.412 0.002 71.25
0.413 0.002 71.3
0.411 0.003 71.33
0.414 0.004 71.36
0.411 0.003 71.38
0.409 0.005 71.42
0.407 0.002 71.45
0.408 0.002 71.48
0.408 0.005 71.52
0.408 0.001 71.55
0.408 0.001 71.58
0.411 0.001 71.61
0.411 0.004 71.65
0.412 0.001 71.69
0.415 0.001 71.72
0.418 0.004 71.75
0.42 0.005 71.78
0.425 0.003 71.81
0.429 0.004 71.85
0.433 0.004 71.88
0.438 0.004 71.91
0.442 0.004 71.95
0.445 0.003 71.98
0.446 0.003 72.01
0.448 0.001 72.05
0.449 0.001 72.08
0.449 0.002 72.11
0.45 0.002 72.15
0.451 0.002 72.18
0.452 0.004 72.21
0.453 0.001 72.25
0.452 0.002 72.28
0.45 0.003 72.31
0.448 0.002 72.35
0.447 0.002 72.38
0.444 0.004 72.41
0.441 0.003 72.45
0.438 0.004 72.48
0.434 0.004 72.51
0.432 0.004 72.55
0.43 0.006 72.58
0.427 0.003 72.62
0.426 0.003 72.65
0.423 0.004 72.68
0.421 0.003 72.71
0.418 0.003 72.74
0.415 0.003 72.79
0.413 0.003 72.81
0.41 0.004 72.85
0.408 0.002 72.88
0.407 0.002 72.92
0.407 0.001 72.95
0.408 0.002 72.98
0.409 0.002 73.01
0.409 0.001 73.05
0.409 0.001 73.08
0 0 73.11
0 0 73.14
0 0 73.18
0 0 73.21
0 0 73.24
0 0 73.28
0 0 73.31
0 0 73.35
0 0 73.38
0 0 73.41
0 0 73.44
0.418 0.02 73.48
0.423 0.005 73.51
0.428 0.006 73.54
0.436 0.009 73.58
0.446 0.011 73.64
0.456 0.013 73.66
0.469 0.017 73.7
0.485 0.021 73.73
0.502 0.022 73.76
0 0 73.79
0 0 73.82
0 0 73.85
0 0 73.88
0 0 73.91
0 0 73.96
0 0 73.99
0 0 74.01
0 0 74.04
0 0 74.08
0 0 74.11
0 0 74.14
0 0 74.18
0 0 74.21
0 0 74.24
0 0 74.29
0 0 74.31
0 0 74.34
0 0 74.38
0 0 74.41
0 0 74.44
0 0 74.47
0 0 74.51
0 0 74.54
0 0 74.58
0 0 74.61
0 0 74.64
0 0 74.68
0 0 74.71
0 0 74.74
0 0 74.78
0 0 74.81
0 0 74.84
0 0 74.88
0 0 74.91
0 0 74.94
0 0 74.98
0 0 75.01
0 0 75.04
0 0 75.08
0 0 75.11
0 0 75.14
0 0 75.18
0 0 75.21
0 0 75.24
0 0 75.28
0 0 75.31
0 0 75.34
0 0 75.37
0 0 75.41
0 0 75.44
0 0 75.47
0 0 75.51
0 0 75.54
0 0 75.58
0 0 75.61
0 0 75.64
0 0 75.68
0 0 75.71
0 0 75.74
0 0 75.78
0 0 75.81
0 0 75.85
0 0 75.88
0 0 75.91
0 0 75.94
0 0 75.98
0 0 76.01
0 0 76.04
0 0 76.08
0 0 76.11
0 0 76.14
0 0 76.18
0 0 76.21
0 0 76.24
0 0 76.28
0 0 76.31
0 0 76.34
0 0 76.37
0.602 0.123 76.41
0.577 0.032 76.44
0.556 0.028 76.48
0.538 0.025 76.51
0.522 0.021 76.54
0.508 0.018 76.58
0.495 0.017 76.61
0.485 0.013 76.65
0.476 0.012 76.69
0.471 0.009 76.71
0.467 0.007 76.75
0.465 0.006 76.78
0.463 0.004 76.81
0.462 0.003 76.85
0.464 0.003 76.88
0.466 0.003 76.91
0.466 0.003 76.95
0.466 0.001 76.98
0.466 0.001 77.01
0.464 0.001 77.05
0.463 0.002 77.08
0.461 0.003 77.11
0.459 0.003 77.15
0.456 0.004 77.18
0.45 0.006 77.21
0.443 0.008 77.24
0.435 0.009 77.28
0.427 0.009 77.31
0.42 0.007 77.35
0.415 0.005 77.38
0.413 0.003 77.41
0.411 0.002 77.44
0.41 0.002 77.48
0.41 0.001 77.52
0.41 0.002 77.55
0.41 0.002 77.58
0.412 0.002 77.61
0.415 0.002 77.65
0 0 77.68
0.422 0.009 77.71
0.428 0.007 77.75
0.435 0.009 77.78
0.445 0.012 77.81
0.456 0.013 77.85
0.472 0.018 77.88
0.491 0.024 77.92
0.513 0.03 77.95
0 0 77.98
0 0 78.01
0 0 78.04
0 0 78.07
0 0 78.11
0 0 78.14
0 0 78.18
0 0 78.21
0 0 78.24
0 0 78.27
0 0 78.31
0 0 78.34
0 0 78.37
0 0 78.41
0 0 78.44
0 0 78.47
0 0 78.51
0 0 78.54
0 0 78.58
0 0 78.61
0 0 78.64
0 0 78.68
0 0 78.71
0 0 78.74
0 0 78.77
0 0 78.81
0 0 78.85
0 0 78.88
0 0 78.91
0 0 78.94
0 0 78.98
0 0 79.01
0 0 79.04
0 0 79.08
0 0 79.11
0 0 79.14
0 0 79.18
0 0 79.21
0 0 79.24
0 0 79.28
0 0 79.31
0 0 79.34
0 0 79.38
0 0 79.41
0 0 79.44
0 0 79.48
0 0 79.51
0 0 79.54
0 0 79.58
0 0 79.61
0 0 79.64
0 0 79.68
0 0 79.71
0 0 79.74
0 0 79.78
0 0 79.81
0 0 79.84
0 0 79.88
0 0 79.91
0 0 79.94
0 0 79.97
0 0 80.01
0 0 80.04
0 0 80.07
0 0 80.11
0 0 80.14
0 0 80.18
0 0 80.21
0 0 80.24
0 0 80.27
0 0 80.31
0 0 80.34
0 0 80.37
0 0 80.41
0 0 80.44
0 0 80.48
0 0 80.51
0 0 80.54
0 0 80.58
0 0 80.61
0 0 80.64
0 0 80.68
0 0 80.71
0 0 80.74
0 0 80.77
0 0 80.81
0 0 80.84
0 0 80.87
0 0 80.92
0 0 80.94
0 0 80.97
0 0 81.01
0 0 81.04
0 0 81.08
0 0 81.11
0 0 81.14
0 0 81.18
0 0 81.21
0 0 81.24
0 0 81.27
0 0 81.31
0 0 81.34
0 0 81.37
0 0 81.42
0 0 81.44
0 0 81.47
0 0 81.51
0 0 81.54
0 0 81.58
0 0 81.61
0 0 81.64
0 0 81.68
0 0 81.71
0 0 81.74
0 0 81.77
0 0 81.81
0 0 81.84
0 0 81.87
0 0 81.91
0 0 81.94
0 0 81.97
0 0 82.01
0 0 82.04
0 0 82.07
0 0 82.11
0 0 82.14
0 0 82.18
0 0 82.21
0 0 82.24
0 0 82.27
0 0 82.31
0 0 82.34
0 0 82.37
0 0 82.41
0 0 82.44
0 0 82.47
0 0 82.51
0 0 82.54
0 0 82.57
0 0 82.61
0 0 82.64
0 0 82.68
0 0 82.71
0 0 82.74
0 0 82.77
0 0 82.81
0 0 82.84
0 0 82.88
0 0 82.91
0 0 82.94
0 0 82.97
0 0 83.01
0 0 83.04
0 0 83.07
0 0 83.11
0.512 0.118 83.14
0.488 0.028 83.18
0.465 0.029 83.21
0.441 0.024 83.25
0.426 0.021 83.28
0.416 0.014 83.32
0.403 0.01 83.35
0.398 0.008 83.38
0.396 0.006 83.41
0.39 0.003 83.44
0.39 0.002 83.48
0.39 0.001 83.51
0.385 0.001 83.54
0.385 0.003 83.58
0.386 0.003 83.61
0.387 0.002 83.65
0.384 0.008 83.68
0.392 0.01 83.71
0.403 0.022 83.75
0.414 0.031 83.78
0.439 0.043 83.81
0.471 0.048 83.84
0 0 83.87
0 0 83.91
0 0 83.94
0 0 83.98
0 0 84.01
0 0 84.04
0 0 84.07
0 0 84.11
0 0 84.14
0 0 84.18
0 0 84.21
0 0 84.24
0 0 84.27
0 0 84.31
0 0 84.34
0 0 84.38
0 0 84.41
0 0 84.44
0 0 84.47
0 0 84.51
0 0 84.54
0 0 84.57
0 0 84.61
0 0 84.64
0 0 84.67
0 0 84.71
0 0 84.74
0 0 84.78
0 0 84.81
0 0 84.84
0 0 84.87
0 0 84.91
0 0 84.94
0 0 84.97
0 0 85.01
0 0 85.04
0 0 85.07
0 0 85.11
0 0 85.14
0 0 85.18
0 0 85.21
0 0 85.24
0 0 85.27
0 0 85.31
0 0 85.34
0 0 85.38
0 0 85.41
0 0 85.44
0 0 85.48
0 0 85.51
0 0 85.54
0 0 85.58
0 0 85.61
0 0 85.64
0 0 85.68
0 0 85.71
0 0 85.74
0 0 85.77
0 0 85.81
0 0 85.86
0 0 85.87
0 0 85.91
0 0 85.94
0 0 85.97
0 0 86.01
0 0 86.04
0 0 86.07
0 0 86.11
0 0 86.14
0 0 86.17
0 0 86.21
0 0 86.24
0 0 86.27
0 0 86.31
0 0 86.34
0 0 86.37
0 0 86.41
0 0 86.44
0 0 86.47
0 0 86.51
0 0 86.54
0 0 86.57
0 0 86.61
0 0 86.64
0 0 86.67
0 0 86.71
0 0 86.74
0 0 86.77
0 0 86.81
0 0 86.84
0 0 86.87
0 0 86.91
0 0 86.94
0 0 86.97
0 0 87.01
0 0 87.04
0 0 87.07
0 0 87.11
0 0 87.14
0 0 87.17
0 0 87.21
0 0 87.24
0 0 87.27
0 0 87.31
0 0 87.34
0 0 87.37
0 0 87.41
0 0 87.44
0 0 87.47
0 0 87.51
0 0 87.54
0 0 87.57
0 0 87.61
0 0 87.64
0 0 87.68
0 0 87.71
0 0 87.74
0 0 87.77
0 0 87.81
0 0 87.84
0 0 87.87
0 0 87.91
0 0 87.94
0 0 87.97
0 0 88.01
0 0 88.04
0 0 88.07
0 0 88.11
0 0 88.14
0 0 88.17
0 0 88.21
0 0 88.24
0 0 88.27
0 0 88.31
0 0 88.34
0 0 88.37
0 0 88.41
0 0 88.44
0 0 88.47
0 0 88.51
0 0 88.54
0 0 88.57
0 0 88.61
0 0 88.64
0 0 88.68
0 0 88.71
0 0 88.74
0 0 88.77
0 0 88.81
0 0 88.84
0 0 88.87
0 0 88.91
0 0 88.94
0 0 88.97
0 0 89.01
0 0 89.04
0 0 89.07
0 0 89.11
0 0 89.14
0 0 89.17
0 0 89.21
0 0 89.24
0 0 89.27
0 0 89.32
0 0 89.34
0 0 89.37
0 0 89.41
0 0 89.44
0 0 89.51
0 0 89.52
0 0 89.54
0 0 89.57
0 0 89.61
0 0 89.64
0 0 89.67
0 0 89.71
0 0 89.74
0 0 89.77
0 0 89.81
0 0 89.84
0 0 89.87
0 0 89.91
0 0 89.96
0 0 89.99
0 0 90.01
0 0 90.04
0 0 90.07
0 0 90.11
0 0 90.15
0 0 90.17
0 0 90.21
0 0 90.24
0 0 90.27
0 0 90.3
0 0 90.34
0 0 90.37
0 0 90.41
0 0 90.44
0 0 90.47
0 0 90.51
0 0 90.54
0 0 90.57
0 0 90.61
0 0 90.64
0 0 90.67
0 0 90.71
0 0 90.74
0 0 90.77
0 0 90.82
0 0 90.84
0 0 90.87
0 0 90.91
0 0 90.94
0 0 90.97
0 0 91.01
0 0 91.04
0 0 91.07
0 0 91.1
0 0 91.14
0 0 91.17
0 0 91.21
0 0 91.24
0 0 91.27
0 0 91.31
0 0 91.34
0 0 91.37
0 0 91.41
0 0 91.44
0 0 91.47
0 0 91.51
0 0 91.54
0 0 91.57
0 0 91.61
0 0 91.64
0 0 91.67
0 0 91.71
0 0 91.74
0 0 91.77
0 0 91.81
0 0 91.84
0 0 91.88
0 0 91.91
0 0 91.94
0 0 91.97
0 0 92.01
0 0 92.04
0 0 92.07
0 0 92.11
0 0 92.14
0 0 92.17
0 0 92.21
0 0 92.24
0 0 92.27
0 0 92.3
0 0 92.34
0 0 92.37
0 0 92.41
0 0 92.44
0 0 92.47
0 0 92.51
0 0 92.54
0 0 92.57
0 0 92.6
0 0 92.64
0 0 92.67
0 0 92.7
0 0 92.74
0 0 92.77
0 0 92.8
0 0 92.84
0 0 92.87
0 0 92.91
0 0 92.94
0 0 92.97
0 0 93.01
0 0 93.04
0 0 93.07
0 0 93.1
0 0 93.14
0 0 93.17
0 0 93.21
0 0 93.24
0 0 93.27
0 0 93.3
0 0 93.34
0 0 93.37
0 0 93.4
0 0 93.44
0 0 93.47
0 0 93.51
0 0 93.54
0 0 93.57
0 0 93.61
0 0 93.64
0 0 93.67
0 0 93.7
0 0 93.74
0 0 93.77
0 0 93.81
0 0 93.84
0 0 93.87
0 0 93.91
0 0 93.96
0 0 93.97
0 0 94.01
0 0 94.04
0 0 94.07
0 0 94.11
0 0 94.14
0 0 94.17
0 0 94.21
0 0 94.24
0 0 94.27
0 0 94.3
0 0 94.34
0 0 94.38
0 0 94.4
0 0 94.44
0 0 94.47
0 0 94.51
0 0 94.54
0 0 94.57
0 0 94.61
0 0 94.64
0 0 94.67
0 0 94.7
0 0 94.74
0 0 94.77
0 0 94.8
0 0 94.88
0 0 94.89
0 0 94.91
0 0 94.94
0 0 94.97
0 0 95.01
0 0 95.04
0 0 95.07
0 0 95.11
0 0 95.14
0 0 95.17
0 0 95.21
0 0 95.24
0 0 95.27
0 0 95.31
0 0 95.36
0 0 95.39
0 0 95.41
0 0 95.44
0 0 95.47
0 0 95.51
0 0 95.55
0 0 95.57
0 0 95.61
0 0 95.64
0 0 95.67
0 0 95.72
0 0 95.74
0.483 0.076 95.77
0.473 0.012 95.81
0.465 0.013 95.87
0.454 0.012 95.89
0.447 0.013 95.93
0.437 0.012 95.96
0.427 0.011 95.99
0.419 0.01 96.02
0.422 0.009 96.05
0.416 0.008 96.07
0.41 0.007 96.11
0.405 0.007 96.14
0.405 0.007 96.18
0.4 0.007 96.21
0.396 0.006 96.24
0.397 0.008 96.27
0.392 0.005 96.31
0.39 0.004 96.34
0.391 0.004 96.37
0.389 0.004 96.41
0.387 0.003 96.44
0.39 0.002 96.48
0.389 0.003 96.51
0.389 0.002 96.54
0.389 0.006 96.58
0.394 0.003 96.61
0.395 0.001 96.64
0.395 0.001 96.67
0.4 0.002 96.71
0.401 0.002 96.74
0.402 0.002 96.78
0.406 0.002 96.81
0.407 0.003 96.84
0.407 0.001 96.87
0.407 0.001 96.91
0.411 0.001 96.94
0.412 0.002 96.98
0.412 0.001 97.03
0.415 0.001 97.05
0.415 0.001 97.07
0.415 0.003 97.11
0.419 0.004 97.14
0.42 0.004 97.18
0.42 0.002 97.21
0.424 0.003 97.25
0.421 0.003 97.28
0.418 0.005 97.31
0.417 0.002 97.34
0.418 0.002 97.38
0.417 0.002 97.41
0.415 0.002 97.44
0.416 0.004 97.47
0.416 0.003 97.51
0.415 0.003 97.54
0.417 0.003 97.57
0.417 0.003 97.61
0.416 0.001 97.64
0.415 0.005 97.68
0.416 0.002 97.72
0.414 0.003 97.74
0.411 0.006 97.77
0.409 0.005 97.81
0.406 0.004 97.84
0 0 97.88
0 0 97.91
0.416 0.012 97.94
0.422 0.007 97.98
0.43 0.008 98.01
0.436 0.01 98.04
0.446 0.012 98.07
0.459 0.015 98.11
0.478 0.023 98.14
0.501 0.031 98.18
0 0 98.2
0 0 98.24
0 0 98.27
0 0 98.3
0 0 98.34
0 0 98.37
0 0 98.41
0 0 98.44
0 0 98.47
0 0 98.5
0 0 98.54
0 0 98.57
0 0 98.6
0 0 98.64
0 0 98.67
0 0 98.7
0 0 98.74
0 0 98.77
0 0 98.8
0 0 98.84
0 0 98.87
0 0 98.91
0 0 98.94
0 0 98.98
0 0 99.01
0 0 99.04
0 0 99.07
0 0 99.1
0 0 99.14
0 0 99.17
0 0 99.2
0 0 99.24
0 0 99.27
0 0 99.3
0 0 99.34
0 0 99.37
0 0 99.4
0 0 99.44
0 0 99.47
0 0 99.51
0 0 99.54
0 0 99.57
0 0 99.6
0 0 99.64
0 0 99.67
0 0 99.7
0 0 99.74
0 0 99.77
0 0 99.8
0 0 99.84
0 0 99.87
0 0 99.9
0 0 99.94
0 0 99.97
0 0 100.0
0 0 100.08
0 0 100.1
0 0 100.11
0 0 100.14
0 0 100.17
0 0 100.21
0 0 100.24
0 0 100.27
0 0 100.3
0 0 100.34
0 0 100.37
0 0 100.41
0 0 100.44
0 0 100.47
0 0 100.51
0 0 100.54
0 0 100.57
0 0 100.6
0 0 100.64
0 0 100.67
0 0 100.7
0 0 100.74
0 0 100.77
0.546 0.069 100.81
0.517 0.033 100.84
0.492 0.03 100.87
0.474 0.024 100.91
0.458 0.021 100.94
0.446 0.02 100.97
0.436 0.014 101.01
0.427 0.012 101.04
0.423 0.009 101.07
0.419 0.007 101.11
0.416 0.005 101.14
0.415 0.004 101.18
0.415 0.003 101.21
0.414 0.003 101.24
0.415 0.003 101.27
0.414 0.002 101.32
0.41 0.002 101.35
0.409 0.004 101.37
0.407 0.002 101.41
0.405 0.003 101.44
0.398 0.003 101.47
0.396 0.002 101.51
0.395 0.003 101.54
0.391 0.002 101.57
0.39 0.001 101.6
0.388 0.002 101.64
0.385 0.002 101.67
0.383 0.002 101.71
0.381 0.002 101.74
0.382 0.002 101.77
0.384 0.006 101.81
0.39 0.009 101.84
0.401 0.015 101.87
0.415 0.02 101.91
0.434 0.024 101.94
0.455 0.026 101.97
0.48 0.03 102.01
0 0 102.04
0 0 102.07
0 0 102.1
0 0 102.14
0 0 102.17
0 0 102.2
0 0 102.24
0 0 102.27
0 0 102.3
0 0 102.34
0 0 102.37
0 0 102.4
0 0 102.44
0 0 102.47
0 0 102.5
0 0 102.54
0 0 102.57
0 0 102.6
0 0 102.64
0 0 102.67
0 0 102.7
0 0 102.74
0 0 102.77
0 0 102.8
0 0 102.84
0 0 102.87
0 0 102.9
0 0 102.94
0 0 102.97
0 0 103.0
0 0 103.04
0 0 103.07
0 0 103.1
0 0 103.14
0 0 103.17
0 0 103.2
0 0 103.24
0 0 103.27
0 0 103.3
0 0 103.34
0 0 103.37
0 0 103.42
0 0 103.44
0 0 103.47
0 0 103.5
0 0 103.54
0 0 103.57
0 0 103.6
0 0 103.64
0 0 103.67
0 0 103.7
0 0 103.74
0 0 103.77
0 0 103.8
0 0 103.84
0 0 103.87
0 0 103.91
0 0 103.94
0 0 103.97
0 0 104.0
0 0 104.04
0 0 104.07
0 0 104.1
0 0 104.14
0 0 104.17
0 0 104.2
0 0 104.24
0 0 104.27
0 0 104.31
0 0 104.34
0 0 104.37
0 0 104.4
0 0 104.44
0 0 104.47
0 0 104.5
0 0 104.54
0 0 104.57
0 0 104.62
0 0 104.64
0 0 104.67
0 0 104.7
0 0 104.74
0 0 104.77
0 0 104.8
0 0 104.84
0 0 104.87
0 0 104.9
0 0 104.93
0 0 104.97
0 0 105.0
0 0 105.04
0 0 105.07
0 0 105.1
0 0 105.14
0 0 105.17
0 0 105.2
0 0 105.24
0 0 105.27
0 0 105.3
0 0 105.34
0 0 105.37
0 0 105.4
0 0 105.43
0 0 105.47
0 0 105.5
0 0 105.54
0 0 105.57
0 0 105.6
0 0 105.64
0 0 105.67
0 0 105.7
0.541 0.086 105.74
0.509 0.032 105.77
0.489 0.022 105.81
0.471 0.019 105.84
0.455 0.016 105.87
0.441 0.011 105.91
0.433 0.009 105.94
0.428 0.007 106.01
0.417 0.01 106.04
0.413 0.005 106.06
0.409 0.004 106.08
0.403 0.005 106.13
0.397 0.007 106.16
0.391 0.006 106.19
0.38 0.009 106.21
0.374 0.006 106.24
0.368 0.006 106.27
0.362 0.007 106.31
0.355 0.004 106.34
0.353 0.003 106.37
0.351 0.004 106.41
0.346 0.002 106.44
0.344 0.003 106.47
0.341 0.003 106.51
0.336 0.002 106.54
0.336 0.001 106.57
0.336 0.001 106.61
0.337 0.002 106.64
0.334 0.002 106.67
0.336 0.002 106.71
0.338 0.003 106.74
0.339 0.006 106.77
0.349 0.012 106.81
0.366 0.02 106.84
0.38 0.027 106.87
0 0 106.91
0 0 106.94
0 0 106.97
0 0 107.0
0 0 107.04
0 0 107.07
0 0 107.1
0 0 107.14
0 0 107.17
0 0 107.2
0 0 107.24
0 0 107.27
0 0 107.33
0 0 107.35
0 0 107.37
0 0 107.4
0 0 107.44
0 0 107.47
0 0 107.5
0 0 107.54
0 0 107.57
0 0 107.6
0 0 107.64
0 0 107.67
