0 0 2.3
0 0 2.37
0 0 2.4
0 0 2.43
0 0 2.44
0 0 2.46
0 0 2.47
0 0 2.49
0 0 2.51
0 0 2.52
0 0 2.57
0 0 2.6
0 0 2.63
0 0 2.66
0 0 2.7
0 0 2.72
0 0 2.76
0 0 2.79
0 0 2.83
0 0 2.86
0 0 2.89
0 0 2.93
0 0 2.96
0 0 2.99
0 0 3.03
0 0 3.06
0 0 3.1
0 0 3.13
0 0 3.16
0 0 3.2
0 0 3.23
0 0 3.26
0 0 3.29
0 0 3.33
0 0 3.36
0 0 3.41
0 0 3.44
0 0 3.46
0 0 3.49
0 0 3.53
0 0 3.56
0 0 3.59
0 0 3.63
0 0 3.66
0 0 3.7
0 0 3.73
0 0 3.76
0 0 3.79
0 0 3.83
0 0 3.86
0 0 3.89
0 0 3.93
0 0 3.96
0 0 3.99
0 0 4.03
0 0 4.06
0 0 4.09
0 0 4.13
0 0 4.16
0 0 4.2
0.551 0.825 4.23
0 0 4.26
0 0 4.29
0 0 4.33
0 0 4.36
0 0 4.39
0.539 0.018 4.43
0 0 4.46
0.531 0.006 4.49
0.531 0.004 4.53
0.528 0.003 4.56
0.522 0.003 4.6
0 0 4.63
0 0 4.66
0 0 4.7
0 0 4.73
0 0 4.76
0 0 4.79
0.508 0.012 4.83
0 0 4.86
0.516 0.01 4.9
0 0 4.93
0 0 4.96
0 0 4.99
0 0 5.03
0 0 5.06
0 0 5.09
0.509 0.002 5.13
0.51 0.002 5.16
0.513 0.005 5.2
0 0 5.23
0.506 0.006 5.26
0.5 0.007 5.3
0.499 0.002 5.33
0.492 0.009 5.37
0.491 0.001 5.4
0.493 0.003 5.43
0.489 0.004 5.46
0.489 0.002 5.5
0 0 5.53
0 0 5.57
0.485 0.006 5.6
0.484 0.002 5.63
0.479 0.006 5.66
0.473 0.008 5.7
0.477 0.008 5.73
0.477 0.001 5.76
0.473 0.005 5.8
0.472 0.001 5.83
0.47 0.003 5.87
0.471 0.003 5.9
0.471 0.001 5.93
0.469 0.003 5.96
0.469 0.001 5.99
0.473 0.006 6.03
0.473 0.001 6.06
0.466 0.01 6.09
0.468 0.002 6.13
0.472 0.006 6.16
0.468 0.006 6.2
0.476 0.011 6.23
0.468 0.012 6.27
0.473 0.008 6.29
0.472 0.001 6.33
0.468 0.007 6.36
0.47 0.004 6.4
0 0 6.43
0.475 0.009 6.46
0.465 0.014 6.49
0 0 6.53
0 0 6.56
0.461 0.006 6.6
0.46 0.002 6.63
0.464 0.008 6.67
0.455 0.011 6.7
0.456 0.003 6.73
0.458 0.004 6.76
0.455 0.004 6.79
0.449 0.007 6.83
0.452 0.005 6.86
0.447 0.006 6.9
0.446 0.002 6.93
0.451 0.008 6.96
0.449 0.002 6.99
0.447 0.003 7.03
0.448 0.002 7.06
0.446 0.005 7.09
0.448 0.003 7.13
0.447 0.003 7.16
0.451 0.005 7.19
0.45 0.002 7.23
0.447 0.005 7.26
0.45 0.001 7.3
0.45 0.001 7.33
0.452 0.003 7.36
0.452 0.001 7.39
0.456 0.004 7.43
0.456 0.001 7.46
0.455 0.001 7.49
0.453 0.005 7.53
0.453 0.001 7.56
0.456 0.004 7.59
0.452 0.008 7.63
0.457 0.007 7.66
0.452 0.008 7.72
0.454 0.001 7.75
0.454 0.001 7.77
0.458 0.006 7.79
0.453 0.007 7.83
0.457 0.003 7.86
0.456 0.001 7.89
0.457 0.002 7.93
0.456 0.005 7.96
0.458 0.004 7.99
0.456 0.003 8.03
0.458 0.0 8.06
0.457 0.002 8.09
0.459 0.003 8.12
0.454 0.008 8.16
0.459 0.004 8.19
0.458 0.002 8.23
0.459 0.003 8.26
0.458 0.007 8.29
0.463 0.007 8.33
0.463 0.0 8.36
0.468 0.002 8.39
0.466 0.002 8.43
0.461 0.008 8.46
0.471 0.004 8.49
0.468 0.005 8.53
0 0 8.56
0.47 0.004 8.6
0 0 8.63
0 0 8.66
0.466 0.019 8.7
0.472 0.002 8.73
0.467 0.009 8.76
0.465 0.004 8.79
0.466 0.007 8.83
0.464 0.003 8.86
0.462 0.005 8.91
0.462 0.006 8.94
0.46 0.005 8.96
0.46 0.002 9.0
0.456 0.008 9.03
0.461 0.002 9.06
0.462 0.003 9.09
0.461 0.003 9.13
0.462 0.008 9.16
0.463 0.004 9.19
0 0 9.22
0.466 0.011 9.27
0.468 0.012 9.3
0 0 9.33
0.473 0.018 9.36
0.484 0.01 9.39
0.476 0.02 9.43
0.473 0.01 9.46
0.474 0.008 9.49
0 0 9.53
0 0 9.56
0.467 0.025 9.59
0.459 0.013 9.63
0.455 0.005 9.66
0 0 9.69
0 0 9.72
0 0 9.76
0.425 0.048 9.79
0.423 0.006 9.83
0.415 0.012 9.86
0.409 0.007 9.89
0.405 0.011 9.93
0.4 0.009 9.96
0.395 0.009 9.99
0.391 0.008 10.03
0.392 0.004 10.06
0.39 0.007 10.09
0.389 0.006 10.13
0.391 0.005 10.16
0.39 0.003 10.2
0.39 0.004 10.23
0.392 0.005 10.26
0.392 0.003 10.29
0.391 0.005 10.33
0.393 0.003 10.36
0.392 0.006 10.4
0.392 0.005 10.43
0.391 0.003 10.46
0.392 0.004 10.49
0.391 0.004 10.53
0.391 0.002 10.56
0.393 0.003 10.6
0.393 0.003 10.63
0.394 0.002 10.66
0.397 0.004 10.7
0.398 0.002 10.73
0 0 10.76
0.398 0.006 10.8
0.399 0.002 10.83
0.398 0.002 10.86
0.397 0.002 10.89
0.396 0.003 10.93
0.394 0.003 10.96
0.392 0.003 11.0
0.391 0.003 11.03
0.388 0.004 11.06
0.386 0.004 11.1
0.384 0.004 11.13
0.382 0.004 11.16
0.38 0.004 11.2
0.378 0.004 11.23
0.376 0.003 11.26
0.375 0.003 11.29
0.374 0.002 11.33
0.373 0.002 11.37
0.372 0.002 11.39
0.37 0.003 11.43
0.369 0.002 11.48
0.366 0.003 11.5
0.363 0.003 11.54
0.361 0.005 11.56
0.358 0.003 11.6
0.356 0.005 11.63
0.354 0.006 11.66
0.351 0.002 11.7
0.349 0.004 11.74
0.347 0.002 11.78
0.346 0.003 11.81
0.345 0.002 11.84
0.344 0.008 11.86
0.345 0.006 11.89
0.346 0.003 11.93
0.347 0.001 11.96
0.348 0.003 11.99
0.35 0.003 12.03
0.353 0.005 12.06
0.355 0.003 12.1
0.358 0.004 12.13
0.361 0.005 12.16
0.364 0.005 12.2
0.369 0.007 12.23
0.375 0.008 12.26
0.381 0.01 12.29
0.388 0.011 12.33
0 0 12.36
0.405 0.023 12.4
0 0 12.43
0.425 0.024 12.46
0 0 12.49
0 0 12.53
0 0 12.56
0 0 12.59
0 0 12.62
0 0 12.66
0 0 12.69
0 0 12.72
0 0 12.76
0 0 12.79
0 0 12.82
0 0 12.86
0 0 12.89
0 0 12.93
0 0 12.96
0 0 12.99
0 0 13.02
0 0 13.06
0 0 13.09
0 0 13.12
0 0 13.16
0 0 13.19
0 0 13.22
0 0 13.26
0 0 13.29
0 0 13.32
0 0 13.36
0 0 13.39
0 0 13.43
0 0 13.46
0 0 13.49
0 0 13.52
0 0 13.56
0 0 13.59
0 0 13.62
0 0 13.66
0 0 13.69
0 0 13.73
0 0 13.76
0 0 13.79
0 0 13.82
0 0 13.86
0 0 13.89
0 0 13.92
0 0 13.96
0 0 13.99
0 0 14.03
0 0 14.06
0 0 14.12
0 0 14.14
0 0 14.16
0 0 14.19
0 0 14.22
0 0 14.26
0 0 14.29
0 0 14.32
0 0 14.36
0 0 14.39
0 0 14.42
0 0 14.46
0 0 14.49
0 0 14.53
0 0 14.56
0 0 14.59
0 0 14.62
0 0 14.66
0 0 14.69
0 0 14.72
0 0 14.76
0 0 14.79
0 0 14.82
0 0 14.86
0 0 14.89
0 0 14.92
0 0 14.96
0 0 14.99
0 0 15.03
0 0 15.06
0 0 15.09
0 0 15.12
0 0 15.16
0 0 15.19
0 0 15.22
0 0 15.27
0 0 15.3
0 0 15.33
0 0 15.36
0 0 15.39
0.55 0.044 15.43
0 0 15.46
0.532 0.023 15.5
0.524 0.01 15.53
0.52 0.009 15.56
0.515 0.008 15.59
0.511 0.007 15.63
0.51 0.006 15.66
0.507 0.004 15.69
0.505 0.004 15.73
0.506 0.003 15.76
0.504 0.002 15.79
0.502 0.002 15.83
0.499 0.003 15.86
0.499 0.003 15.9
0.496 0.003 15.93
0.493 0.003 15.96
0.494 0.002 15.99
0.492 0.002 16.03
0.49 0.002 16.06
0.491 0.002 16.09
0.489 0.002 16.13
0.488 0.002 16.16
0.486 0.002 16.19
0.487 0.002 16.23
0.486 0.002 16.26
0.485 0.001 16.3
0.488 0.002 16.33
0.487 0.001 16.36
0.487 0.003 16.39
0.489 0.002 16.43
0.488 0.003 16.46
0.489 0.001 16.5
0.491 0.006 16.53
0.491 0.0 16.56
0.49 0.001 16.59
0.49 0.002 16.63
0.491 0.003 16.66
0.49 0.001 16.7
0.49 0.001 16.73
0.491 0.002 16.76
0.493 0.002 16.79
0.495 0.003 16.83
0.499 0.004 16.86
0.502 0.005 16.91
0.505 0.006 16.94
0.508 0.006 16.97
0.511 0.005 17.0
0.513 0.004 17.03
0.516 0.004 17.06
0.519 0.005 17.1
0.525 0.008 17.13
0 0 17.16
0 0 17.19
0 0 17.23
0 0 17.26
0 0 17.29
0 0 17.33
0 0 17.36
0 0 17.4
0 0 17.43
0 0 17.46
0 0 17.49
0 0 17.53
0 0 17.56
0 0 17.59
0 0 17.62
0 0 17.66
0 0 17.69
0 0 17.72
0 0 17.76
0 0 17.79
0 0 17.82
0 0 17.86
0 0 17.89
0 0 17.92
0 0 17.96
0 0 17.99
0 0 18.03
0 0 18.06
0 0 18.09
0 0 18.12
0 0 18.16
0 0 18.19
0 0 18.22
0 0 18.26
0 0 18.29
0 0 18.32
0 0 18.36
0 0 18.39
0 0 18.42
0 0 18.46
0 0 18.49
0 0 18.52
0 0 18.56
0 0 18.59
0 0 18.64
0 0 18.68
0 0 18.71
0 0 18.73
0 0 18.76
0 0 18.79
0 0 18.82
0 0 18.86
0 0 18.89
0 0 18.92
0 0 18.95
0 0 18.99
0 0 19.02
0 0 19.06
0 0 19.09
0 0 19.12
0 0 19.16
0 0 19.19
0 0 19.22
0 0 19.26
0 0 19.29
0 0 19.32
0 0 19.36
0 0 19.39
0 0 19.42
0 0 19.46
0 0 19.49
0 0 19.52
0 0 19.56
0 0 19.59
0 0 19.62
0 0 19.66
0 0 19.69
0 0 19.72
0 0 19.76
0 0 19.79
0 0 19.82
0 0 19.86
0 0 19.89
0 0 19.92
0 0 19.96
0 0 19.99
0 0 20.02
0 0 20.06
0 0 20.09
0 0 20.12
0 0 20.17
0 0 20.2
0 0 20.22
0 0 20.26
0 0 20.29
0 0 20.34
0 0 20.36
0 0 20.39
0 0 20.42
0 0 20.45
0 0 20.49
0 0 20.52
0 0 20.56
0 0 20.59
0 0 20.62
0 0 20.66
0 0 20.69
0 0 20.73
0 0 20.76
0 0 20.79
0 0 20.82
0 0 20.86
0 0 20.89
0 0 20.92
0 0 20.96
0 0 20.99
0 0 21.02
0 0 21.06
0 0 21.09
0 0 21.12
0 0 21.16
0 0 21.19
0 0 21.22
0 0 21.26
0 0 21.29
0 0 21.32
0 0 21.36
0 0 21.39
0 0 21.42
0 0 21.45
0 0 21.49
0 0 21.52
0 0 21.57
0 0 21.59
0 0 21.62
0 0 21.65
0 0 21.69
0 0 21.72
0 0 21.75
0 0 21.79
0 0 21.82
0 0 21.86
0 0 21.89
0 0 21.92
0 0 21.95
0 0 21.99
0 0 22.02
0 0 22.05
0 0 22.09
0 0 22.12
0 0 22.16
0 0 22.19
0 0 22.22
0 0 22.26
0 0 22.3
0 0 22.32
0 0 22.36
0 0 22.39
0 0 22.42
0.505 0.102 22.46
0.49 0.017 22.49
0.477 0.015 22.52
0.467 0.012 22.56
0.459 0.009 22.59
0.452 0.008 22.62
0.448 0.005 22.66
0.445 0.004 22.69
0.443 0.003 22.74
0.441 0.003 22.76
0.439 0.003 22.79
0.437 0.002 22.82
0.436 0.002 22.86
0.435 0.002 22.9
0.433 0.003 22.93
0.432 0.002 22.96
0.431 0.001 22.99
0.43 0.002 23.03
0.429 0.004 23.06
0.43 0.005 23.09
0.431 0.003 23.13
0.431 0.003 23.16
0.431 0.0 23.19
0.43 0.001 23.23
0.428 0.003 23.26
0.427 0.003 23.29
0.427 0.001 23.33
0.429 0.003 23.36
0.43 0.002 23.39
0.43 0.002 23.45
0.431 0.002 23.47
0.431 0.003 23.51
0.43 0.001 23.54
0.428 0.003 23.57
0.424 0.003 23.6
0.421 0.003 23.63
0.418 0.003 23.66
0.415 0.002 23.69
0.413 0.003 23.73
0.411 0.002 23.79
0.407 0.002 23.82
0.406 0.002 23.85
0.405 0.001 23.88
0.403 0.001 23.91
0.404 0.002 23.94
0.406 0.005 23.97
0.409 0.004 23.99
0.409 0.005 24.03
0.414 0.005 24.06
0.419 0.005 24.1
0.423 0.006 24.13
0.43 0.008 24.16
0.439 0.011 24.19
0.45 0.014 24.23
0.461 0.017 24.26
0 0 24.29
0 0 24.32
0 0 24.36
0 0 24.39
0 0 24.42
0 0 24.45
0 0 24.49
0 0 24.52
0 0 24.55
0 0 24.59
0 0 24.62
0 0 24.65
0 0 24.69
0 0 24.72
0 0 24.75
0 0 24.79
0 0 24.82
0 0 24.86
0 0 24.89
0 0 24.95
0 0 24.97
0 0 24.99
0 0 25.02
0 0 25.05
0 0 25.09
0 0 25.12
0 0 25.16
0 0 25.19
0 0 25.22
0 0 25.25
0 0 25.29
0 0 25.32
0 0 25.36
0 0 25.39
0 0 25.42
0 0 25.45
0 0 25.49
0 0 25.52
0 0 25.55
0 0 25.59
0 0 25.62
0 0 25.65
0 0 25.69
0 0 25.72
0 0 25.75
0 0 25.79
0 0 25.82
0 0 25.86
0 0 25.89
0 0 25.92
0 0 25.95
0 0 25.99
0 0 26.02
0 0 26.05
0 0 26.09
0 0 26.12
0 0 26.15
0 0 26.19
0 0 26.22
0 0 26.25
0 0 26.29
0 0 26.32
0 0 26.36
0 0 26.39
0 0 26.42
0 0 26.45
0 0 26.49
0 0 26.52
0 0 26.55
0 0 26.59
0 0 26.62
0 0 26.65
0 0 26.69
0 0 26.72
0 0 26.75
0 0 26.79
0 0 26.82
0 0 26.87
0 0 26.89
0 0 26.92
0 0 26.95
0 0 26.99
0 0 27.02
0 0 27.05
0 0 27.09
0 0 27.12
0 0 27.15
0 0 27.19
0 0 27.22
0 0 27.25
0 0 27.29
0 0 27.32
0 0 27.37
0 0 27.39
0 0 27.42
0 0 27.45
0 0 27.49
0 0 27.52
0 0 27.55
0 0 27.59
0 0 27.62
0 0 27.65
0 0 27.69
0 0 27.72
0 0 27.75
0 0 27.79
0 0 27.83
0 0 27.85
0 0 27.89
0 0 27.92
0 0 27.96
0 0 27.99
0 0 28.02
0 0 28.05
0 0 28.09
0 0 28.12
0 0 28.15
0 0 28.19
0 0 28.22
0 0 28.25
0 0 28.29
0 0 28.32
0 0 28.36
0 0 28.39
0 0 28.42
0 0 28.45
0 0 28.49
0 0 28.52
0 0 28.56
0 0 28.59
0 0 28.63
0.461 0.226 28.66
0.455 0.011 28.7
0.448 0.009 28.73
0 0 28.76
0.442 0.016 28.79
0.438 0.006 28.82
0.432 0.006 28.86
0.431 0.008 28.89
0.428 0.005 28.93
0.425 0.006 28.96
0.425 0.007 28.99
0.427 0.011 29.03
0.42 0.009 29.06
0.423 0.011 29.1
0.423 0.006 29.13
0.421 0.003 29.16
0.422 0.006 29.19
0.421 0.003 29.22
0.422 0.005 29.26
0.425 0.006 29.29
0 0 29.32
0.431 0.014 29.36
0.43 0.002 29.39
0.43 0.001 29.42
0.433 0.006 29.46
0.438 0.009 29.49
0.434 0.009 29.53
0.44 0.01 29.56
0.436 0.007 29.59
0.444 0.011 29.64
0.44 0.007 29.67
0.442 0.001 29.7
0.445 0.004 29.73
0.448 0.003 29.76
0.449 0.002 29.8
0.452 0.004 29.82
0.453 0.002 29.86
0.45 0.005 29.89
0 0 29.92
0.451 0.002 29.96
0 0 29.99
0.448 0.003 30.03
0.454 0.008 30.06
0.448 0.008 30.09
0.444 0.004 30.13
0.443 0.002 30.16
0.443 0.001 30.2
0.441 0.003 30.23
0.441 0.002 30.26
0.444 0.003 30.29
0.441 0.004 30.32
0.44 0.001 30.36
0.437 0.007 30.4
0.437 0.001 30.43
0.432 0.007 30.46
0.433 0.002 30.51
0.431 0.006 30.54
0.431 0.001 30.57
0.432 0.002 30.6
0.43 0.004 30.63
0.43 0.002 30.67
0.429 0.003 30.69
0.43 0.005 30.73
0.431 0.002 30.76
0.431 0.003 30.79
0.431 0.006 30.82
0.431 0.005 30.86
0.431 0.004 30.92
0.436 0.003 30.95
0.437 0.004 30.98
0.437 0.006 31.01
0.445 0.003 31.04
0.445 0.006 31.05
0.447 0.004 31.09
0.449 0.004 31.12
0.453 0.006 31.15
0.456 0.004 31.19
0.458 0.006 31.22
0.459 0.007 31.26
0 0 31.29
0.465 0.012 31.32
0.465 0.009 31.36
0.47 0.003 31.39
0.468 0.009 31.42
0.471 0.004 31.46
0.47 0.015 31.49
0.468 0.004 31.53
0.467 0.002 31.56
0.47 0.003 31.59
0.467 0.004 31.63
0.464 0.005 31.66
0.465 0.003 31.69
0.46 0.006 31.72
0 0 31.75
0.451 0.01 31.79
0.451 0.005 31.82
0.448 0.004 31.86
0.445 0.005 31.89
0.446 0.005 31.93
0.444 0.004 31.95
0.443 0.003 31.99
0.447 0.004 32.02
0.445 0.005 32.06
0.444 0.004 32.09
0.443 0.002 32.12
0.446 0.005 32.16
0.444 0.003 32.19
0.443 0.005 32.22
0.451 0.006 32.26
0.451 0.002 32.29
0.451 0.004 32.32
0.456 0.003 32.36
0.456 0.004 32.39
0.457 0.004 32.42
0.458 0.005 32.46
0.463 0.007 32.49
0.463 0.005 32.53
0.464 0.007 32.56
0.468 0.01 32.59
0.467 0.007 32.63
0.466 0.008 32.66
0.469 0.007 32.69
0.467 0.007 32.73
0.465 0.007 32.77
0.467 0.004 32.8
0.464 0.004 32.83
0.46 0.004 32.86
0.456 0.004 32.89
0.456 0.004 32.92
0.452 0.005 32.96
0.447 0.005 32.99
0.447 0.004 33.03
0.443 0.005 33.06
0.44 0.004 33.09
0.44 0.004 33.12
0.437 0.004 33.16
0.435 0.004 33.2
0.434 0.003 33.22
0.436 0.004 33.26
0.435 0.003 33.29
0.435 0.002 33.32
0.438 0.002 33.36
0.438 0.002 33.39
0.437 0.002 33.42
0.443 0.002 33.46
0.443 0.001 33.49
0.443 0.001 33.52
0.443 0.001 33.56
0.445 0.001 33.59
0.444 0.001 33.62
0.443 0.003 33.66
0.444 0.001 33.69
0.444 0.002 33.72
0.444 0.0 33.75
0.446 0.003 33.79
0.446 0.001 33.82
0.445 0.002 33.86
0.447 0.001 33.89
0.447 0.001 33.92
0.446 0.001 33.96
0.445 0.003 33.99
0.446 0.001 34.02
0.445 0.002 34.06
0.444 0.001 34.09
0.447 0.001 34.12
0.448 0.002 34.16
0.45 0.002 34.19
0.454 0.003 34.22
0.457 0.004 34.26
0.46 0.006 34.29
0.464 0.008 34.33
0.469 0.007 34.38
0.474 0.009 34.41
0.481 0.01 34.44
0.488 0.011 34.47
0.496 0.014 34.51
0.507 0.015 34.54
0.517 0.016 34.58
0 0 34.6
0 0 34.62
0 0 34.67
0 0 34.69
0 0 34.72
0 0 34.75
0 0 34.79
0 0 34.82
0 0 34.86
0 0 34.89
0 0 34.92
0 0 34.95
0 0 34.99
0 0 35.02
0 0 35.05
0 0 35.09
0 0 35.12
0 0 35.15
0 0 35.19
0 0 35.22
0 0 35.29
0 0 35.31
0 0 35.32
0 0 35.35
0 0 35.39
0 0 35.42
0 0 35.45
0 0 35.49
0 0 35.52
0 0 35.55
0 0 35.59
0 0 35.62
0 0 35.65
0 0 35.69
0 0 35.72
0 0 35.75
0 0 35.79
0 0 35.82
0 0 35.85
0 0 35.88
0 0 35.92
0 0 35.95
0 0 35.99
0 0 36.02
0 0 36.05
0 0 36.1
0 0 36.12
0 0 36.15
0 0 36.21
0 0 36.23
0 0 36.25
0 0 36.29
0 0 36.32
0 0 36.35
0 0 36.38
0 0 36.43
0 0 36.45
0 0 36.49
0 0 36.52
0 0 36.55
0 0 36.59
0 0 36.62
0 0 36.66
0 0 36.69
0 0 36.72
0 0 36.75
0 0 36.79
0 0 36.82
0 0 36.85
0 0 36.89
0 0 36.92
0 0 36.95
0 0 36.99
0 0 37.02
0 0 37.05
0 0 37.09
0 0 37.12
0 0 37.15
0 0 37.19
0 0 37.22
0 0 37.25
0 0 37.29
0 0 37.32
0 0 37.35
0 0 37.39
0 0 37.42
0 0 37.45
0 0 37.48
0 0 37.52
0 0 37.56
0 0 37.59
0 0 37.62
0 0 37.67
0 0 37.69
0 0 37.72
0 0 37.75
0 0 37.79
0 0 37.82
0 0 37.89
0 0 37.92
0 0 37.93
0 0 37.95
0 0 37.99
0 0 38.02
0 0 38.05
0 0 38.09
0 0 38.12
0 0 38.17
0 0 38.19
0 0 38.22
0 0 38.25
0 0 38.29
0 0 38.32
0 0 38.35
0 0 38.39
0 0 38.42
0.566 0.026 38.45
0.558 0.009 38.49
0.552 0.008 38.52
0 0 38.55
0.542 0.014 38.59
0.537 0.006 38.63
0.533 0.005 38.66
0.53 0.006 38.69
0.526 0.005 38.72
0.523 0.005 38.76
0.521 0.003 38.79
0.519 0.003 38.82
0.516 0.004 38.87
0.514 0.003 38.9
0.513 0.002 38.93
0.512 0.001 38.96
0.512 0.001 38.99
0.511 0.001 39.03
0.51 0.001 39.06
0.51 0.001 39.09
0.509 0.002 39.12
0.508 0.002 39.16
0.506 0.002 39.2
0.505 0.002 39.22
0.503 0.003 39.26
0.501 0.002 39.29
0.5 0.003 39.32
0.498 0.002 39.36
0.496 0.002 39.39
0.493 0.005 39.42
0.491 0.002 39.46
0.49 0.003 39.49
0.487 0.003 39.52
0.486 0.002 39.56
0.485 0.004 39.59
0.484 0.006 39.63
0.483 0.005 39.66
0.483 0.001 39.7
0.481 0.005 39.74
0.481 0.003 39.77
0.481 0.001 39.79
0.482 0.001 39.82
0.483 0.003 39.86
0.485 0.002 39.89
0.487 0.002 39.92
0.489 0.003 39.96
0.491 0.003 39.99
0.492 0.003 40.03
0.494 0.003 40.06
0.496 0.004 40.09
0 0 40.12
0.5 0.007 40.16
0.503 0.004 40.19
0.506 0.006 40.22
0.509 0.006 40.26
0.513 0.008 40.29
0.517 0.008 40.32
0.524 0.009 40.36
0.531 0.011 40.39
0.54 0.014 40.42
0 0 40.45
0 0 40.49
0 0 40.52
0 0 40.55
0 0 40.59
0 0 40.62
0 0 40.65
0 0 40.69
0 0 40.72
0 0 40.75
0 0 40.78
0 0 40.82
0 0 40.85
0 0 40.88
0 0 40.92
0 0 40.95
0 0 40.98
0 0 41.04
0 0 41.05
0 0 41.08
0 0 41.12
0 0 41.15
0 0 41.19
0 0 41.22
0 0 41.25
0 0 41.28
0 0 41.32
0 0 41.35
0 0 41.4
0 0 41.42
0 0 41.45
0 0 41.48
0 0 41.52
0 0 41.55
0 0 41.58
0 0 41.62
0 0 41.65
0 0 41.69
0 0 41.72
0 0 41.75
0 0 41.78
0 0 41.82
0 0 41.85
0 0 41.88
0 0 41.92
0 0 41.95
0 0 41.98
0 0 42.02
0 0 42.05
0 0 42.1
0 0 42.12
0 0 42.15
0 0 42.19
0 0 42.22
0 0 42.25
0 0 42.28
0 0 42.32
0 0 42.38
0 0 42.39
0 0 42.42
0 0 42.46
0 0 42.48
0 0 42.52
0 0 42.55
0 0 42.58
0 0 42.62
0 0 42.65
0 0 42.69
0 0 42.72
0 0 42.75
0 0 42.78
0 0 42.82
0 0 42.85
0 0 42.88
0 0 42.92
0 0 42.95
0 0 42.98
0 0 43.04
0 0 43.05
0 0 43.08
0 0 43.12
0 0 43.15
0 0 43.19
0 0 43.22
0 0 43.25
0.549 0.03 43.29
0.539 0.013 43.32
0.531 0.011 43.36
0 0 43.38
0.522 0.014 43.42
0.518 0.006 43.46
0.514 0.006 43.49
0.51 0.006 43.52
0.505 0.006 43.56
0.5 0.006 43.59
0.495 0.006 43.62
0.489 0.007 43.67
0.484 0.005 43.7
0.48 0.005 43.73
0.475 0.005 43.76
0.473 0.004 43.79
0.471 0.004 43.82
0.468 0.003 43.86
0.468 0.003 43.93
0.466 0.002 43.96
0.465 0.002 43.99
0.464 0.001 44.02
0.463 0.002 44.06
0.459 0.002 44.09
0.458 0.003 44.12
0.456 0.002 44.15
0.45 0.004 44.18
0.448 0.003 44.21
0.446 0.002 44.23
0.446 0.004 44.26
0.441 0.001 44.29
0.442 0.002 44.33
0.444 0.005 44.36
0.442 0.001 44.39
0.442 0.0 44.42
0.441 0.001 44.45
0.441 0.001 44.49
0.437 0.002 44.52
0.438 0.005 44.55
0.439 0.004 44.59
0.437 0.006 44.63
0.441 0.008 44.66
0.449 0.013 44.69
0.457 0.018 44.72
0.471 0.021 44.75
0.491 0.028 44.79
0 0 44.82
0 0 44.85
0 0 44.88
0 0 44.92
0 0 44.95
0 0 44.98
0 0 45.02
0 0 45.05
0 0 45.08
0 0 45.12
0 0 45.15
0 0 45.18
0 0 45.22
0 0 45.25
0 0 45.28
0 0 45.32
0 0 45.35
0 0 45.38
0 0 45.42
0 0 45.45
0 0 45.48
0 0 45.52
0 0 45.55
0 0 45.59
0 0 45.62
0 0 45.65
0 0 45.69
0 0 45.72
0 0 45.75
0 0 45.78
0 0 45.82
0 0 45.85
0 0 45.88
0 0 45.92
0 0 45.95
0 0 45.98
0 0 46.02
0 0 46.05
0 0 46.08
0 0 46.14
0 0 46.16
0 0 46.18
0 0 46.22
0 0 46.25
0 0 46.28
0 0 46.32
0 0 46.35
0 0 46.38
0 0 46.42
0 0 46.45
0 0 46.48
0 0 46.52
0 0 46.55
0 0 46.58
0 0 46.62
0 0 46.65
0 0 46.69
0 0 46.72
0 0 46.75
0 0 46.78
0 0 46.82
0 0 46.85
0 0 46.88
0 0 46.92
0 0 46.96
0 0 46.99
0 0 47.02
0 0 47.05
0 0 47.08
0 0 47.12
0 0 47.15
0 0 47.18
0 0 47.22
0 0 47.25
0 0 47.29
0 0 47.32
0 0 47.35
0 0 47.41
0 0 47.43
0 0 47.45
0 0 47.49
0 0 47.52
0 0 47.55
0 0 47.58
0 0 47.62
0 0 47.65
0 0 47.69
0 0 47.72
0 0 47.75
0 0 47.78
0 0 47.82
0 0 47.85
0 0 47.88
0 0 47.92
0 0 47.95
0 0 47.98
0 0 48.02
0 0 48.05
0 0 48.08
0 0 48.12
0 0 48.15
0 0 48.18
0 0 48.22
0 0 48.25
0 0 48.28
0 0 48.32
0 0 48.35
0 0 48.38
0 0 48.42
0 0 48.45
0 0 48.48
0 0 48.52
0 0 48.57
0 0 48.58
0 0 48.62
0 0 48.65
0 0 48.69
0 0 48.72
0 0 48.77
0 0 48.79
0 0 48.82
0 0 48.85
0 0 48.88
0 0 48.92
0 0 48.95
0 0 48.98
0 0 49.02
0 0 49.05
0 0 49.08
0 0 49.12
0 0 49.15
0 0 49.19
0 0 49.22
0 0 49.25
0 0 49.28
0 0 49.32
0 0 49.35
0 0 49.39
0 0 49.42
0 0 49.45
0 0 49.48
0 0 49.52
0 0 49.55
0 0 49.58
0 0 49.62
0 0 49.65
0 0 49.69
0 0 49.72
0 0 49.75
0 0 49.78
0 0 49.82
0 0 49.85
0 0 49.88
0 0 49.92
0 0 49.95
0 0 49.99
0 0 50.02
0 0 50.05
0 0 50.08
0 0 50.12
0 0 50.15
0 0 50.19
0 0 50.22
0 0 50.25
0 0 50.28
0 0 50.32
0 0 50.35
0 0 50.38
0 0 50.42
0 0 50.45
0 0 50.48
0 0 50.52
0 0 50.55
0 0 50.58
0 0 50.62
0 0 50.65
0 0 50.69
0 0 50.72
0 0 50.75
0 0 50.78
0 0 50.82
0 0 50.85
0 0 50.88
0 0 50.92
0 0 50.95
0 0 50.98
0 0 51.02
0 0 51.05
0 0 51.08
0 0 51.12
0 0 51.15
0 0 51.18
0 0 51.22
0 0 51.25
0 0 51.28
0 0 51.32
0 0 51.35
0 0 51.38
0 0 51.42
0 0 51.45
0 0 51.48
0 0 51.52
0 0 51.55
0 0 51.58
0 0 51.62
0 0 51.65
0 0 51.68
0 0 51.72
0 0 51.75
0 0 51.78
0 0 51.82
0 0 51.85
0 0 51.88
0 0 51.92
0 0 51.95
0 0 51.98
0 0 52.02
0 0 52.05
0 0 52.08
0 0 52.12
0 0 52.18
0 0 52.19
0 0 52.22
0 0 52.25
0 0 52.28
0 0 52.32
0 0 52.35
0 0 52.38
0 0 52.41
0 0 52.45
0 0 52.48
0 0 52.52
0 0 52.57
0 0 52.59
0 0 52.62
0 0 52.65
0 0 52.68
0 0 52.72
0 0 52.75
0 0 52.78
0 0 52.82
0 0 52.85
0 0 52.88
0 0 52.92
0 0 52.95
0 0 52.98
0 0 53.02
0 0 53.05
0 0 53.09
0 0 53.12
0 0 53.15
0 0 53.18
0 0 53.21
0 0 53.25
0 0 53.28
0 0 53.32
0.468 0.224 53.35
0.464 0.007 53.38
0.461 0.008 53.42
0.458 0.009 53.45
0.448 0.01 53.48
0.452 0.011 53.52
0 0 53.55
0.444 0.011 53.59
0.44 0.005 53.62
0.441 0.005 53.65
0 0 53.68
0.437 0.008 53.72
0.438 0.005 53.75
0.434 0.005 53.79
0.435 0.005 53.82
0.435 0.002 53.85
0.434 0.001 53.89
0.434 0.002 53.92
0 0 53.95
0.433 0.004 53.99
0 0 54.02
0.433 0.002 54.05
0.434 0.001 54.09
0.433 0.001 54.12
0.43 0.003 54.15
0.433 0.003 54.19
0.429 0.005 54.22
0 0 54.25
0.428 0.004 54.3
0.428 0.001 54.33
0.426 0.004 54.35
0.427 0.001 54.38
0.428 0.001 54.42
0.428 0.002 54.45
0.429 0.002 54.49
0.43 0.001 54.52
0.433 0.006 54.55
0.429 0.009 54.58
0 0 54.62
0.432 0.005 54.65
0.431 0.008 54.69
0.436 0.006 54.72
0.438 0.008 54.75
0.441 0.008 54.78
0.444 0.008 54.82
0.447 0.01 54.85
0 0 54.88
0.449 0.019 54.92
0.45 0.011 54.95
0.451 0.005 54.98
0 0 55.02
0.448 0.017 55.05
0.444 0.011 55.09
0 0 55.12
0.436 0.019 55.15
0.431 0.011 55.19
0.426 0.011 55.24
0.421 0.012 55.26
0 0 55.28
0.41 0.025 55.32
0.405 0.012 55.36
0 0 55.38
0.398 0.02 55.42
0.396 0.009 55.45
0.393 0.008 55.48
0 0 55.53
0.391 0.014 55.56
0.391 0.005 55.59
0.391 0.005 55.63
0.391 0.004 55.65
0.39 0.004 55.69
0.388 0.003 55.72
0.385 0.003 55.75
0.383 0.004 55.79
0.382 0.004 55.82
0.381 0.002 55.85
0.381 0.002 55.89
0.38 0.005 55.92
0.381 0.002 55.95
0.38 0.001 55.98
0.379 0.003 56.02
0.379 0.002 56.05
0.379 0.003 56.09
0.378 0.002 56.12
0.378 0.001 56.15
0.377 0.001 56.19
0.376 0.003 56.22
0.375 0.002 56.27
0.374 0.003 56.3
0.373 0.002 56.33
0.371 0.002 56.36
0.37 0.003 56.39
0.369 0.002 56.42
0.369 0.002 56.45
0.368 0.002 56.48
0.368 0.001 56.52
0.366 0.002 56.55
0.365 0.003 56.59
0.364 0.003 56.62
0.363 0.002 56.66
0.363 0.002 56.69
0.366 0.001 56.72
0.368 0.002 56.76
0.37 0.003 56.78
0.373 0.004 56.82
0.377 0.004 56.85
0.38 0.004 56.89
0.382 0.005 56.92
0.387 0.006 56.95
0.39 0.007 56.98
0.394 0.01 57.02
0.402 0.011 57.05
0.41 0.017 57.09
0 0 57.11
0 0 57.15
0 0 57.18
0 0 57.22
0 0 57.25
0 0 57.28
0 0 57.31
0 0 57.35
0 0 57.38
0 0 57.41
0 0 57.45
0 0 57.48
0 0 57.52
0 0 57.55
0 0 57.58
0 0 57.61
0 0 57.65
0 0 57.68
0 0 57.72
0 0 57.75
0 0 57.78
0 0 57.82
0 0 57.85
0 0 57.88
0 0 57.92
0 0 57.95
0 0 57.98
0 0 58.02
0 0 58.05
0 0 58.08
0 0 58.11
0 0 58.15
0 0 58.18
0 0 58.22
0 0 58.25
0 0 58.28
0 0 58.31
0 0 58.35
0 0 58.38
0 0 58.41
0 0 58.45
0 0 58.48
0 0 58.51
0 0 58.55
0 0 58.58
0 0 58.61
0 0 58.65
0 0 58.68
0 0 58.71
0 0 58.75
0 0 58.78
0 0 58.81
0 0 58.85
0 0 58.88
0 0 58.91
0 0 58.95
0 0 58.98
0 0 59.02
0 0 59.05
0 0 59.08
0 0 59.11
0 0 59.15
0 0 59.18
0 0 59.21
0 0 59.25
0 0 59.28
0 0 59.31
0 0 59.35
0 0 59.38
0 0 59.41
0 0 59.45
0 0 59.48
0 0 59.52
0 0 59.55
0 0 59.58
0 0 59.61
0 0 59.65
0 0 59.68
0 0 59.71
0 0 59.75
0 0 59.78
0 0 59.81
0 0 59.85
0 0 59.88
0 0 59.92
0 0 59.95
0 0 59.98
0 0 60.02
0 0 60.05
0 0 60.08
0 0 60.11
0 0 60.15
0 0 60.18
0 0 60.21
0 0 60.25
0 0 60.28
0 0 60.31
0 0 60.35
0 0 60.38
0 0 60.41
0 0 60.45
0 0 60.48
0 0 60.52
0 0 60.55
0 0 60.58
0 0 60.61
0 0 60.65
0 0 60.68
0 0 60.71
0 0 60.75
0 0 60.78
0 0 60.81
0 0 60.85
0 0 60.88
0 0 60.91
0 0 60.95
0 0 60.98
0 0 61.02
0 0 61.05
0 0 61.08
0 0 61.11
0 0 61.15
0 0 61.18
0 0 61.23
0 0 61.25
0 0 61.28
0 0 61.31
0 0 61.35
0 0 61.38
0 0 61.41
0 0 61.45
0 0 61.48
0 0 61.51
0 0 61.55
0 0 61.58
0 0 61.61
0 0 61.65
0 0 61.68
0 0 61.71
0 0 61.75
0 0 61.78
0 0 61.81
0 0 61.85
0 0 61.88
0 0 61.91
0 0 61.95
0 0 61.98
0 0 62.02
0 0 62.06
0 0 62.08
0 0 62.11
0 0 62.15
0 0 62.18
0.552 0.038 62.22
0.535 0.019 62.25
0.521 0.017 62.29
0.509 0.015 62.32
0.498 0.012 62.35
0.488 0.012 62.38
0.481 0.009 62.42
0.474 0.007 62.45
0.47 0.006 62.49
0.467 0.005 62.52
0.464 0.004 62.55
0.464 0.003 62.59
0.464 0.002 62.62
0.464 0.002 62.65
0.462 0.001 62.68
0.462 0.001 62.72
0.462 0.0 62.75
0.46 0.001 62.78
0.459 0.001 62.82
0.46 0.002 62.85
0.46 0.002 62.89
0.462 0.002 62.92
0.463 0.002 62.95
0.464 0.001 62.99
0.463 0.003 63.02
0.463 0.002 63.05
0.464 0.004 63.08
0.462 0.001 63.12
0.462 0.001 63.15
0.461 0.001 63.19
0.458 0.002 63.22
0.457 0.002 63.25
0.456 0.002 63.28
0.453 0.001 63.32
0.452 0.002 63.37
0.451 0.002 63.41
0.449 0.002 63.44
0.448 0.0 63.47
0.448 0.001 63.48
0.45 0.001 63.52
0.449 0.002 63.55
0.452 0.003 63.58
0.454 0.003 63.62
0.454 0.004 63.65
0.457 0.005 63.69
0.461 0.007 63.72
0.467 0.009 63.75
0.474 0.011 63.78
0.481 0.012 63.82
0.488 0.012 63.85
0.496 0.014 63.89
0 0 63.92
0 0 63.95
0 0 63.98
0 0 64.02
0 0 64.05
0 0 64.08
0 0 64.11
0 0 64.15
0 0 64.18
0 0 64.21
0 0 64.25
0 0 64.28
0 0 64.31
0 0 64.35
0 0 64.39
0 0 64.41
0 0 64.45
0 0 64.48
0 0 64.53
0 0 64.55
0 0 64.58
0 0 64.61
0 0 64.65
0 0 64.68
0 0 64.71
0 0 64.75
0 0 64.78
0 0 64.81
0 0 64.85
0 0 64.88
0 0 64.91
0 0 64.95
0 0 64.98
0 0 65.01
0 0 65.05
0 0 65.08
0 0 65.11
0 0 65.15
0 0 65.18
0 0 65.21
0 0 65.25
0 0 65.28
0 0 65.31
0 0 65.35
0 0 65.38
0 0 65.41
0 0 65.45
0 0 65.48
0 0 65.51
0 0 65.55
0 0 65.58
0 0 65.61
0 0 65.65
0 0 65.68
0 0 65.72
0 0 65.75
0 0 65.78
0 0 65.81
0 0 65.85
0 0 65.88
0 0 65.91
0 0 65.95
0 0 65.98
0 0 66.02
0 0 66.05
0 0 66.08
0 0 66.11
0 0 66.15
0 0 66.18
0 0 66.21
0 0 66.25
0 0 66.31
0 0 66.32
0 0 66.35
0 0 66.38
0 0 66.41
0 0 66.45
0 0 66.48
0 0 66.51
0 0 66.55
0 0 66.58
0 0 66.61
0 0 66.65
0 0 66.68
0 0 66.71
0 0 66.75
0 0 66.79
0 0 66.81
0.512 0.053 66.85
0.496 0.019 66.88
0.483 0.015 66.92
0.474 0.012 66.95
0.467 0.009 66.98
0.461 0.008 67.02
0.455 0.007 67.05
0.449 0.007 67.08
0.445 0.005 67.12
0.44 0.007 67.15
0.437 0.004 67.18
0.433 0.004 67.22
0.431 0.003 67.25
0.429 0.002 67.28
0.429 0.002 67.32
0.428 0.001 67.35
0.428 0.003 67.38
0.428 0.002 67.42
0.426 0.002 67.45
0.425 0.003 67.48
0.425 0.001 67.52
0.425 0.001 67.55
0.425 0.003 67.58
0.426 0.001 67.62
0.426 0.0 67.65
0.426 0.002 67.68
0.426 0.002 67.72
0.426 0.001 67.75
0.426 0.002 67.78
0.426 0.001 67.82
0.428 0.001 67.86
0.428 0.003 67.88
0.429 0.003 67.92
0.43 0.001 67.95
0.431 0.003 67.98
0.432 0.002 68.02
0.434 0.002 68.05
0.434 0.003 68.08
0.435 0.002 68.12
0.436 0.003 68.15
0.437 0.004 68.18
0.439 0.004 68.22
0.439 0.005 68.25
0.438 0.005 68.28
0.438 0.002 68.32
0.438 0.001 68.35
0.436 0.003 68.38
0.433 0.004 68.42
0.43 0.004 68.45
0.426 0.004 68.48
0.423 0.004 68.52
0.421 0.003 68.55
0.42 0.003 68.58
0.42 0.003 68.61
0.419 0.002 68.65
0.419 0.002 68.68
0.42 0.002 68.72
0.42 0.002 68.75
0.42 0.001 68.78
0.421 0.002 68.82
0.423 0.002 68.85
0.425 0.003 68.88
0.428 0.004 68.92
0.433 0.004 68.95
0.437 0.006 68.98
0.44 0.003 69.02
0.443 0.003 69.05
0.445 0.003 69.08
0.446 0.001 69.12
0.447 0.001 69.15
0.446 0.001 69.19
0.446 0.002 69.22
0.448 0.003 69.25
0.449 0.004 69.29
0.449 0.005 69.33
0.453 0.004 69.36
0.453 0.005 69.39
0.453 0.004 69.43
0.453 0.001 69.45
0.456 0.003 69.48
0.457 0.004 69.52
0.458 0.004 69.55
0.461 0.005 69.59
0.461 0.005 69.62
0.461 0.007 69.65
0.461 0.006 69.68
0.461 0.007 69.71
0 0 69.75
0 0 69.78
0 0 69.81
0 0 69.85
0 0 69.88
0 0 69.91
0 0 69.95
0 0 69.98
0 0 70.01
0.431 0.045 70.05
0.428 0.004 70.08
0.424 0.003 70.13
0.423 0.004 70.16
0.421 0.002 70.2
0.422 0.001 70.23
0.421 0.001 70.25
0.421 0.001 70.28
0.421 0.001 70.32
0.423 0.001 70.35
0.422 0.001 70.38
0.421 0.001 70.42
0.421 0.001 70.46
0.42 0.003 70.48
0.419 0.002 70.52
0.418 0.001 70.55
0.421 0.001 70.58
0.422 0.001 70.62
0.423 0.003 70.65
0.426 0.003 70.68
0.428 0.004 70.72
0.43 0.005 70.75
0.433 0.005 70.78
0.436 0.007 70.82
0.438 0.007 70.85
0.442 0.007 70.88
0.449 0.008 70.92
0.454 0.009 70.95
0.46 0.01 70.99
0.467 0.01 71.02
0.475 0.012 71.06
0.487 0.015 71.1
0.501 0.017 71.12
0.518 0.022 71.15
0 0 71.18
0 0 71.21
0 0 71.25
0 0 71.28
0 0 71.31
0 0 71.35
0 0 71.38
0 0 71.41
0 0 71.45
0 0 71.48
0 0 71.51
0 0 71.55
0 0 71.58
0 0 71.61
0 0 71.65
0 0 71.68
0 0 71.71
0 0 71.75
0 0 71.78
0 0 71.81
0 0 71.85
0 0 71.88
0 0 71.91
0 0 71.95
0 0 71.98
0 0 72.02
0 0 72.05
0 0 72.08
0 0 72.11
0 0 72.14
0 0 72.18
0 0 72.21
0 0 72.25
0 0 72.28
0 0 72.31
0 0 72.35
0 0 72.38
0 0 72.41
0 0 72.45
0 0 72.48
0 0 72.51
0 0 72.55
0 0 72.58
0 0 72.61
0 0 72.65
0 0 72.68
0 0 72.71
0 0 72.75
0 0 72.78
0 0 72.81
0 0 72.85
0 0 72.88
0 0 72.91
0 0 72.94
0 0 72.98
0 0 73.01
0 0 73.05
0 0 73.08
0 0 73.11
0 0 73.14
0 0 73.18
0 0 73.21
0 0 73.25
0 0 73.28
0 0 73.31
0 0 73.35
0 0 73.38
0 0 73.41
0 0 73.44
0 0 73.48
0 0 73.51
0 0 73.55
0 0 73.58
0 0 73.61
0 0 73.64
0 0 73.68
0 0 73.71
0 0 73.74
0 0 73.78
0 0 73.81
0 0 73.85
0 0 73.88
0 0 73.91
0.555 0.038 73.95
0.54 0.018 73.98
0.526 0.017 74.01
0.515 0.017 74.05
0.503 0.015 74.08
0.493 0.013 74.11
0.487 0.012 74.15
0.479 0.01 74.18
0.473 0.009 74.21
0 0 74.25
0.465 0.014 74.28
0.46 0.005 74.31
0.456 0.006 74.35
0.452 0.005 74.38
0.448 0.005 74.41
0.444 0.006 74.45
0.442 0.005 74.48
0.44 0.004 74.52
0.439 0.003 74.55
0.44 0.002 74.59
0.441 0.003 74.62
0.441 0.001 74.65
0.443 0.001 74.69
0.443 0.001 74.71
0.442 0.001 74.75
0.441 0.002 74.78
0.441 0.001 74.81
0.439 0.001 74.85
0.439 0.001 74.88
0.439 0.0 74.92
0.439 0.002 74.95
0.441 0.001 74.98
0.445 0.004 75.02
0.45 0.005 75.05
0.454 0.004 75.09
0.458 0.004 75.12
0.463 0.006 75.15
0.469 0.006 75.18
0 0 75.21
0 0 75.26
0 0 75.29
0 0 75.31
0.487 0.018 75.35
0.489 0.003 75.38
0.492 0.003 75.42
0.494 0.002 75.45
0.496 0.003 75.48
0.499 0.004 75.52
0.503 0.004 75.55
0.507 0.005 75.58
0.511 0.006 75.62
0.515 0.004 75.65
0.515 0.005 75.68
0.514 0.002 75.72
0.511 0.003 75.75
0.509 0.003 75.78
0.507 0.004 75.82
0.504 0.004 75.85
0.499 0.006 75.88
0.495 0.005 75.91
0.491 0.005 75.95
0.487 0.006 75.98
0 0 76.01
0 0 76.05
0 0 76.08
0 0 76.11
0 0 76.16
0 0 76.18
0.459 0.035 76.21
0.456 0.003 76.25
0.453 0.003 76.28
0.451 0.002 76.31
0.451 0.002 76.35
0.45 0.001 76.39
0.449 0.002 76.42
0.448 0.001 76.45
0.447 0.001 76.48
0.447 0.001 76.51
0.448 0.002 76.55
0.449 0.002 76.58
0.45 0.002 76.61
0.453 0.004 76.65
0.456 0.003 76.68
0.459 0.003 76.72
0.46 0.003 76.75
0.463 0.003 76.78
0.463 0.005 76.82
0.463 0.001 76.85
0.464 0.003 76.88
0.464 0.001 76.92
0.464 0.001 76.95
0.462 0.001 76.98
0.461 0.001 77.02
0.459 0.003 77.05
0.456 0.003 77.08
0.454 0.004 77.11
0.452 0.002 77.15
0.452 0.003 77.2
0.452 0.002 77.21
0.454 0.003 77.25
0.457 0.004 77.28
0.46 0.006 77.31
0.466 0.008 77.35
0.472 0.011 77.38
0.479 0.015 77.42
0.489 0.019 77.45
0.503 0.026 77.48
0 0 77.51
0 0 77.56
0 0 77.59
0 0 77.61
0 0 77.64
0 0 77.68
0 0 77.71
0 0 77.74
0 0 77.78
0 0 77.81
0 0 77.85
0 0 77.88
0 0 77.91
0 0 77.96
0 0 77.98
0 0 78.01
0 0 78.04
0 0 78.08
0 0 78.11
0 0 78.14
0 0 78.18
0 0 78.24
0 0 78.25
0 0 78.28
0 0 78.31
0 0 78.35
0 0 78.38
0 0 78.41
0 0 78.44
0 0 78.49
0 0 78.51
0 0 78.54
0 0 78.58
0 0 78.61
0 0 78.64
0 0 78.68
0 0 78.71
0 0 78.74
0 0 78.78
0 0 78.81
0 0 78.85
0 0 78.88
0 0 78.91
0 0 78.94
0 0 78.98
0 0 79.01
0 0 79.04
0 0 79.08
0 0 79.11
0 0 79.14
0 0 79.18
0 0 79.21
0 0 79.24
0 0 79.28
0 0 79.31
0 0 79.35
0 0 79.38
0 0 79.41
0 0 79.44
0 0 79.48
