0 0 2.31
0 0 2.39
0 0 2.42
0 0 2.44
0 0 2.45
0 0 2.47
0 0 2.48
0 0 2.5
0 0 2.53
0 0 2.55
0 0 2.56
0 0 2.6
0 0 2.63
0 0 2.66
0 0 2.7
0 0 2.73
0 0 2.76
0 0 2.8
0 0 2.83
0 0 2.87
0 0 2.9
0 0 2.93
0 0 2.97
0 0 3.0
0 0 3.03
0 0 3.1
0 0 3.12
0 0 3.14
0 0 3.17
0 0 3.2
0 0 3.23
0 0 3.27
0 0 3.3
0 0 3.33
0 0 3.37
0 0 3.4
0 0 3.43
0 0 3.47
0 0 3.5
0 0 3.53
0 0 3.56
0 0 3.6
0 0 3.63
0 0 3.67
0 0 3.7
0 0 3.73
0 0 3.77
0 0 3.8
0 0 3.83
0 0 3.87
0 0 3.9
0 0 3.93
0 0 3.96
0 0 4.0
0 0 4.03
0 0 4.06
0 0 4.1
0 0 4.13
0 0 4.17
0 0 4.2
0 0 4.23
0 0 4.27
0 0 4.3
0 0 4.33
0 0 4.37
0 0 4.4
0 0 4.43
0 0 4.46
0 0 4.5
0 0 4.53
0 0 4.56
0 0 4.6
0 0 4.63
0 0 4.66
0 0 4.7
0 0 4.73
0 0 4.76
0 0 4.8
0 0 4.83
0 0 4.87
0 0 4.9
0 0 4.93
0 0 4.96
0 0 5.0
0 0 5.03
0 0 5.06
0 0 5.1
0 0 5.13
0 0 5.16
0 0 5.2
0 0 5.23
0 0 5.26
0 0 5.3
0 0 5.33
0 0 5.37
0 0 5.4
0 0 5.43
0 0 5.46
0 0 5.5
0 0 5.53
0 0 5.56
0 0 5.6
0 0 5.63
0 0 5.66
0 0 5.7
0 0 5.73
0 0 5.76
0 0 5.8
0 0 5.83
0 0 5.87
0 0 5.9
0 0 5.93
0 0 5.96
0 0 6.0
0 0 6.03
0 0 6.06
0 0 6.1
0 0 6.13
0 0 6.17
0 0 6.2
0 0 6.23
0 0 6.27
0 0 6.3
0 0 6.33
0 0 6.36
0 0 6.4
0 0 6.43
0 0 6.47
0 0 6.5
0 0 6.53
0 0 6.56
0 0 6.6
0 0 6.63
0 0 6.66
0 0 6.7
0 0 6.73
0 0 6.76
0 0 6.79
0 0 6.83
0 0 6.87
0 0 6.9
0 0 6.93
0 0 6.97
0 0 7.0
0 0 7.03
0 0 7.06
0 0 7.1
0 0 7.13
0 0 7.16
0 0 7.2
0 0 7.23
0 0 7.26
0 0 7.3
0 0 7.33
0 0 7.37
0 0 7.4
0 0 7.43
0 0 7.46
0 0 7.49
0 0 7.53
0 0 7.56
0 0 7.6
0 0 7.63
0 0 7.66
0 0 7.7
0 0 7.73
0 0 7.76
0 0 7.8
0 0 7.83
0 0 7.86
0 0 7.9
0 0 7.93
0 0 7.96
0 0 8.0
0 0 8.03
0 0 8.06
0 0 8.09
0 0 8.13
0 0 8.16
0 0 8.2
0 0 8.23
0 0 8.26
0 0 8.3
0 0 8.33
0 0 8.36
0 0 8.4
0 0 8.43
0 0 8.46
0 0 8.5
0 0 8.53
0 0 8.56
0 0 8.6
0 0 8.63
0 0 8.66
0 0 8.7
0 0 8.73
0 0 8.76
0 0 8.79
0 0 8.83
0 0 8.86
0 0 8.9
0 0 8.93
0 0 8.96
0 0 9.0
0 0 9.03
0 0 9.06
0 0 9.09
0 0 9.13
0 0 9.16
0 0 9.2
0 0 9.23
0 0 9.26
0 0 9.3
0 0 9.33
0 0 9.36
0 0 9.4
0 0 9.43
0 0 9.47
0 0 9.5
0 0 9.53
0 0 9.56
0 0 9.6
0 0 9.63
0 0 9.67
0 0 9.7
0 0 9.73
0 0 9.76
0 0 9.8
0 0 9.83
0 0 9.86
0 0 9.9
0 0 9.93
0 0 9.96
0 0 9.99
0 0 10.03
0 0 10.06
0 0 10.1
0 0 10.13
0 0 10.16
0 0 10.2
0 0 10.23
0 0 10.26
0 0 10.29
0 0 10.33
0 0 10.36
0 0 10.4
0 0 10.43
0 0 10.46
0 0 10.5
0 0 10.53
0 0 10.56
0 0 10.6
0 0 10.63
0 0 10.66
0 0 10.7
0 0 10.73
0 0 10.76
0 0 10.79
0 0 10.83
0 0 10.86
0 0 10.9
0 0 10.93
0 0 10.96
0 0 10.99
0 0 11.03
0 0 11.06
0 0 11.1
0 0 11.13
0 0 11.16
0 0 11.2
0 0 11.23
0 0 11.26
0 0 11.3
0 0 11.33
0 0 11.36
0 0 11.39
0 0 11.43
0 0 11.46
0 0 11.5
0 0 11.53
0 0 11.56
0 0 11.6
0 0 11.64
0 0 11.66
0 0 11.7
0 0 11.73
0 0 11.76
0 0 11.79
0 0 11.83
0 0 11.86
0 0 11.9
0 0 11.94
0 0 11.96
0 0 12.0
0 0 12.03
0 0 12.06
0 0 12.1
0 0 12.13
0 0 12.16
0 0 12.19
0 0 12.23
0 0 12.26
0 0 12.29
0 0 12.33
0 0 12.36
0 0 12.4
0 0 12.43
0 0 12.46
0 0 12.49
0 0 12.53
0 0 12.56
0 0 12.6
0 0 12.63
0 0 12.66
0 0 12.69
0 0 12.73
0 0 12.76
0 0 12.8
0 0 12.83
0 0 12.86
0 0 12.89
0 0 12.93
0 0 12.96
0 0 12.99
0 0 13.03
0 0 13.06
0 0 13.09
0 0 13.13
0 0 13.16
0 0 13.2
0 0 13.23
0 0 13.26
0 0 13.3
0 0 13.33
0 0 13.36
0 0 13.39
0 0 13.43
0 0 13.47
0 0 13.49
0 0 13.53
0 0 13.56
0 0 13.59
0 0 13.63
0 0 13.66
0 0 13.7
0 0 13.73
0 0 13.76
0 0 13.79
0 0 13.83
0 0 13.86
0 0 13.9
0 0 13.93
0 0 13.96
0 0 13.99
0 0 14.03
0 0 14.06
0 0 14.09
0 0 14.13
0 0 14.16
0 0 14.2
0 0 14.23
0 0 14.26
0 0 14.3
0 0 14.33
0 0 14.36
0 0 14.39
0 0 14.43
0 0 14.46
0 0 14.49
0 0 14.53
0 0 14.56
0 0 14.59
0 0 14.63
0 0 14.66
0 0 14.7
0 0 14.73
0 0 14.76
0 0 14.8
0 0 14.83
0 0 14.86
0 0 14.89
0 0 14.93
0 0 14.96
0 0 14.99
0 0 15.03
0 0 15.06
0 0 15.09
0 0 15.13
0 0 15.16
0 0 15.2
0 0 15.23
0 0 15.26
0 0 15.29
0 0 15.33
0 0 15.36
0 0 15.39
0 0 15.43
0 0 15.46
0 0 15.5
0 0 15.53
0 0 15.56
0 0 15.59
0 0 15.63
0 0 15.66
0 0 15.7
0 0 15.73
0 0 15.76
0 0 15.79
0 0 15.83
0 0 15.86
0 0 15.89
0 0 15.93
0 0 15.96
0 0 15.99
0 0 16.03
0 0 16.06
0 0 16.09
0 0 16.13
0 0 16.16
0 0 16.2
0 0 16.23
0 0 16.26
0 0 16.32
0 0 16.35
0 0 16.36
0 0 16.39
0 0 16.43
0 0 16.46
0 0 16.49
0 0 16.53
0 0 16.56
0 0 16.6
0 0 16.63
0 0 16.66
0 0 16.69
0 0 16.73
0 0 16.76
0 0 16.79
0 0 16.83
0 0 16.86
0 0 16.89
0 0 16.93
0 0 16.96
0 0 16.99
0 0 17.03
0 0 17.06
0 0 17.09
0 0 17.13
0 0 17.16
0 0 17.19
0 0 17.23
0 0 17.26
0 0 17.29
0 0 17.33
0 0 17.36
0 0 17.39
0 0 17.43
0 0 17.46
0 0 17.49
0 0 17.53
0 0 17.56
0 0 17.6
0 0 17.63
0 0 17.66
0 0 17.69
0 0 17.76
0 0 17.78
0 0 17.79
0 0 17.83
0 0 17.86
0 0 17.89
0 0 17.93
0 0 17.96
0 0 18.0
0 0 18.03
0 0 18.06
0 0 18.09
0 0 18.13
0 0 18.16
0 0 18.2
0 0 18.23
0 0 18.26
0 0 18.29
0 0 18.33
0 0 18.38
0 0 18.39
0 0 18.43
0 0 18.46
0 0 18.49
0 0 18.53
0 0 18.56
0 0 18.6
0 0 18.63
0 0 18.66
0 0 18.7
0 0 18.73
0 0 18.76
0 0 18.79
0 0 18.83
0 0 18.86
0 0 18.9
0 0 18.93
0 0 18.96
0 0 18.99
0 0 19.03
0 0 19.06
0 0 19.09
0 0 19.13
0 0 19.16
0 0 19.2
0 0 19.23
0 0 19.26
0 0 19.29
0 0 19.33
0 0 19.37
0 0 19.39
0 0 19.43
0 0 19.46
0 0 19.49
0 0 19.53
0 0 19.56
0 0 19.59
0 0 19.63
0 0 19.66
0 0 19.69
0 0 19.73
0 0 19.76
0 0 19.79
0 0 19.83
0 0 19.86
0 0 19.89
0 0 19.93
0 0 19.96
0 0 19.99
0 0 20.03
0 0 20.06
0 0 20.09
0 0 20.13
0 0 20.16
0 0 20.2
0 0 20.23
0 0 20.26
0 0 20.29
0 0 20.33
0 0 20.36
0 0 20.39
0 0 20.43
0 0 20.46
0 0 20.49
0 0 20.53
0 0 20.56
0 0 20.59
0 0 20.63
0 0 20.66
0 0 20.72
0 0 20.75
0 0 20.76
0 0 20.79
0 0 20.83
0 0 20.86
0 0 20.9
0 0 20.93
0 0 20.96
0 0 20.99
0 0 21.03
0 0 21.06
0 0 21.09
0 0 21.13
0 0 21.19
0 0 21.2
0 0 21.23
0 0 21.26
0 0 21.29
0 0 21.33
0 0 21.36
0 0 21.39
0 0 21.43
0 0 21.46
0 0 21.5
0 0 21.53
0 0 21.56
0 0 21.6
0 0 21.63
0 0 21.66
0 0 21.7
0 0 21.73
0 0 21.76
0 0 21.79
0 0 21.83
0 0 21.86
0 0 21.89
0 0 21.93
0 0 21.96
0 0 21.99
0 0 22.03
0 0 22.06
0 0 22.11
0 0 22.13
0 0 22.16
0 0 22.2
0 0 22.23
0 0 22.26
0 0 22.29
0 0 22.33
0 0 22.36
0 0 22.39
0 0 22.43
0 0 22.46
0 0 22.49
0 0 22.53
0 0 22.56
0 0 22.59
0 0 22.63
0 0 22.66
0 0 22.69
0 0 22.73
0 0 22.76
0 0 22.79
0 0 22.83
0 0 22.86
0 0 22.89
0 0 22.93
0 0 22.96
0 0 22.99
0 0 23.03
0 0 23.06
0 0 23.09
0 0 23.13
0 0 23.16
0 0 23.19
0 0 23.23
0 0 23.26
0 0 23.29
0 0 23.33
0 0 23.36
0 0 23.39
0 0 23.43
0 0 23.46
0 0 23.49
0 0 23.55
0 0 23.58
0 0 23.6
0 0 23.63
0 0 23.66
0 0 23.72
0 0 23.74
0 0 23.76
0 0 23.79
0 0 23.83
0 0 23.86
0 0 23.89
0 0 23.93
0 0 23.96
0 0 23.99
0 0 24.03
0 0 24.06
0 0 24.09
0 0 24.13
0 0 24.16
0 0 24.2
0 0 24.23
0 0 24.26
0 0 24.29
0 0 24.33
0 0 24.36
0 0 24.4
0 0 24.43
0 0 24.47
0 0 24.49
0 0 24.53
0 0 24.56
0 0 24.59
0 0 24.63
0 0 24.66
0 0 24.69
0 0 24.73
0 0 24.76
0 0 24.79
0 0 24.83
0 0 24.86
0 0 24.89
0 0 24.93
0 0 24.96
0 0 24.99
0 0 25.03
0 0 25.06
0 0 25.09
0 0 25.13
0 0 25.16
0 0 25.19
0 0 25.22
0 0 25.26
0 0 25.29
0 0 25.33
0 0 25.36
0 0 25.39
0 0 25.43
0 0 25.46
0 0 25.49
0 0 25.53
0 0 25.56
0 0 25.59
0 0 25.63
0 0 25.66
0 0 25.69
0 0 25.73
0 0 25.76
0 0 25.79
0 0 25.83
0 0 25.88
0 0 25.91
0 0 25.96
0 0 25.97
0 0 25.99
0 0 26.03
0 0 26.06
0 0 26.09
0 0 26.16
0 0 26.17
0 0 26.2
0 0 26.23
0 0 26.26
0 0 26.29
0 0 26.33
0 0 26.36
0 0 26.4
0 0 26.43
0 0 26.46
0 0 26.49
0 0 26.53
0 0 26.56
0 0 26.59
0 0 26.63
0 0 26.66
0 0 26.69
0 0 26.72
0 0 26.76
0 0 26.79
0 0 26.83
0 0 26.86
0 0 26.89
0 0 26.93
0 0 26.97
0 0 26.99
0 0 27.03
0 0 27.06
0 0 27.09
0 0 27.12
0 0 27.16
0 0 27.19
0 0 27.23
0 0 27.26
0 0 27.29
0 0 27.33
0 0 27.36
0 0 27.39
0 0 27.42
0 0 27.46
0 0 27.49
0 0 27.53
0 0 27.56
0 0 27.59
0 0 27.62
0 0 27.66
0 0 27.69
0 0 27.72
0 0 27.76
0 0 27.81
0 0 27.84
0 0 27.86
0 0 27.89
0 0 27.93
0 0 27.96
0 0 27.99
0 0 28.03
0 0 28.06
0 0 28.09
0 0 28.12
0 0 28.16
0 0 28.19
0 0 28.23
0 0 28.26
0 0 28.29
0 0 28.32
0 0 28.36
0 0 28.39
0 0 28.43
0 0 28.46
0 0 28.49
0 0 28.53
0 0 28.56
0 0 28.59
0 0 28.63
0 0 28.66
0 0 28.69
0 0 28.73
0 0 28.76
0 0 28.79
0 0 28.82
0 0 28.86
0 0 28.9
0 0 28.93
0 0 28.96
0 0 29.01
0 0 29.03
0 0 29.06
0 0 29.09
0 0 29.12
0 0 29.16
0 0 29.19
0 0 29.23
0 0 29.26
0 0 29.29
0 0 29.32
0 0 29.36
0 0 29.4
0 0 29.43
0 0 29.46
0 0 29.49
0 0 29.53
0 0 29.56
0 0 29.59
0 0 29.62
0 0 29.66
0 0 29.69
0 0 29.72
0 0 29.76
0 0 29.79
0 0 29.82
0 0 29.86
0 0 29.89
0 0 29.92
0 0 29.97
0 0 30.0
0 0 30.03
0 0 30.06
0 0 30.09
0 0 30.12
0 0 30.16
0 0 30.19
0 0 30.22
0 0 30.26
0 0 30.3
0 0 30.32
0 0 30.36
0 0 30.39
0 0 30.44
0 0 30.46
0 0 30.49
0 0 30.53
0 0 30.56
0 0 30.59
0 0 30.63
0 0 30.66
0 0 30.69
0 0 30.75
0 0 30.76
0 0 30.79
0 0 30.82
0 0 30.86
0 0 30.9
0 0 30.92
0 0 30.96
0 0 30.99
0 0 31.03
0 0 31.06
0 0 31.09
0 0 31.12
0 0 31.16
0 0 31.19
0 0 31.22
0 0 31.26
0 0 31.29
0 0 31.32
0 0 31.36
0 0 31.39
0 0 31.42
0 0 31.46
0 0 31.49
0 0 31.53
0 0 31.56
0 0 31.59
0 0 31.63
0 0 31.67
0 0 31.69
0 0 31.72
0 0 31.76
0 0 31.79
0 0 31.82
0 0 31.86
0 0 31.89
0 0 31.92
0 0 31.96
0 0 31.99
0 0 32.03
0 0 32.06
0 0 32.09
0 0 32.12
0 0 32.16
0 0 32.19
0 0 32.23
0 0 32.26
0 0 32.29
0 0 32.32
0 0 32.36
0 0 32.39
0 0 32.42
0 0 32.46
0 0 32.49
0 0 32.53
0 0 32.56
0 0 32.59
0 0 32.62
0 0 32.66
0 0 32.69
0 0 32.72
0 0 32.76
0 0 32.79
0 0 32.82
0 0 32.86
0 0 32.89
0 0 32.92
0 0 32.96
0 0 33.0
0 0 33.03
0 0 33.06
0 0 33.09
0 0 33.12
0 0 33.16
0 0 33.19
0 0 33.22
0 0 33.26
0 0 33.29
0 0 33.32
0 0 33.36
0 0 33.39
0 0 33.42
0 0 33.46
0 0 33.49
0 0 33.53
0 0 33.56
0 0 33.59
0 0 33.62
0 0 33.66
0 0 33.69
0 0 33.73
0 0 33.76
0 0 33.79
0 0 33.82
0 0 33.86
0 0 33.89
0 0 33.92
0 0 33.96
0 0 33.99
0 0 34.03
0 0 34.06
0 0 34.09
0 0 34.12
0 0 34.16
0 0 34.19
0 0 34.22
0 0 34.26
0 0 34.29
0 0 34.32
0 0 34.36
0 0 34.39
0 0 34.42
0 0 34.46
0 0 34.49
0 0 34.52
0 0 34.56
0 0 34.59
0 0 34.62
0 0 34.66
0 0 34.69
0 0 34.72
0 0 34.76
0 0 34.79
0 0 34.82
0 0 34.86
0 0 34.89
0 0 34.93
0 0 34.96
0 0 34.99
0 0 35.03
0 0 35.06
0 0 35.09
0 0 35.12
0 0 35.16
0 0 35.19
0 0 35.22
0 0 35.26
0 0 35.29
0 0 35.32
0 0 35.36
0 0 35.39
0 0 35.42
0 0 35.46
0 0 35.49
0 0 35.53
0 0 35.56
0 0 35.59
0 0 35.62
0 0 35.66
0 0 35.69
0 0 35.72
0 0 35.76
0 0 35.82
0 0 35.84
0 0 35.87
0 0 35.89
0 0 35.92
0 0 35.96
0 0 35.99
0 0 36.03
0 0 36.06
0 0 36.09
0 0 36.14
0 0 36.17
0 0 36.2
0 0 36.22
0 0 36.26
0 0 36.29
0 0 36.32
0 0 36.36
0 0 36.39
0 0 36.42
0 0 36.46
0 0 36.49
0 0 36.52
0 0 36.56
0 0 36.59
0 0 36.63
0 0 36.66
0 0 36.7
0 0 36.72
0 0 36.76
0 0 36.8
0 0 36.83
0 0 36.86
0 0 36.89
0 0 36.92
0 0 36.96
0 0 36.99
0 0 37.03
0 0 37.06
0 0 37.1
0 0 37.12
0 0 37.16
0 0 37.19
0 0 37.22
0 0 37.26
0 0 37.29
0 0 37.33
0 0 37.36
0 0 37.39
0 0 37.42
0 0 37.46
0 0 37.49
0 0 37.53
0 0 37.56
0 0 37.59
0 0 37.62
0 0 37.66
0 0 37.69
0.836 0.901 37.73
0.816 0.023 37.76
0 0 37.79
0 0 37.82
0 0 37.86
0.845 0.038 37.89
0 0 37.92
0 0 37.96
0 0 37.99
0 0 38.02
0 0 38.06
0 0 38.09
0 0 38.12
0 0 38.18
0 0 38.21
0 0 38.22
0 0 38.26
0 0 38.29
0 0 38.32
0 0 38.36
0 0 38.39
0 0 38.42
0 0 38.46
0 0 38.49
0 0 38.52
0 0 38.56
0 0 38.59
0 0 38.62
0 0 38.66
0 0 38.69
0 0 38.72
0 0 38.76
0 0 38.79
0 0 38.82
0 0 38.86
0 0 38.89
0 0 38.93
0 0 38.96
0 0 38.99
0 0 39.02
0 0 39.06
0 0 39.09
0 0 39.12
0 0 39.16
0 0 39.19
0 0 39.22
0 0 39.26
0 0 39.29
0 0 39.32
0 0 39.36
0 0 39.39
0 0 39.42
0 0 39.45
0 0 39.49
0 0 39.52
0 0 39.56
0 0 39.59
0 0 39.62
0 0 39.66
0 0 39.69
0 0 39.72
0 0 39.76
0 0 39.79
0 0 39.82
0 0 39.86
0 0 39.89
0 0 39.92
0 0 39.96
0 0 39.99
0 0 40.02
0 0 40.06
0 0 40.09
0 0 40.12
0 0 40.15
0 0 40.19
0 0 40.22
0 0 40.26
0 0 40.29
0 0 40.33
0 0 40.36
0 0 40.39
0 0 40.42
0 0 40.45
0 0 40.49
0 0 40.52
0 0 40.56
0 0 40.59
0 0 40.62
0 0 40.65
0 0 40.69
0 0 40.72
0 0 40.76
0 0 40.8
0 0 40.82
0 0 40.86
0 0 40.89
0 0 40.92
0 0 40.96
0 0 40.99
0 0 41.02
0 0 41.05
0 0 41.09
0 0 41.12
0 0 41.16
0 0 41.19
0 0 41.22
0 0 41.26
0 0 41.29
0 0 41.32
0 0 41.36
0 0 41.39
0 0 41.42
0 0 41.45
0 0 41.49
0 0 41.52
0 0 41.56
0 0 41.59
0 0 41.62
0 0 41.65
0 0 41.69
0 0 41.72
0 0 41.76
0 0 41.79
0 0 41.82
0 0 41.86
0 0 41.89
0 0 41.92
0 0 41.95
0 0 41.99
0 0 42.02
0 0 42.05
0 0 42.09
0 0 42.12
0 0 42.17
0 0 42.2
0 0 42.22
0 0 42.26
0 0 42.29
0 0 42.32
0 0 42.36
0 0 42.39
0 0 42.42
0 0 42.46
0 0 42.49
0 0 42.53
0 0 42.56
0 0 42.59
0 0 42.62
0 0 42.66
0 0 42.69
0 0 42.72
0 0 42.75
0 0 42.79
0 0 42.82
0 0 42.85
0 0 42.89
0 0 42.92
0 0 42.95
0 0 42.99
0 0 43.02
0 0 43.05
0 0 43.09
0 0 43.12
0 0 43.15
0 0 43.19
0 0 43.22
0 0 43.25
0 0 43.29
0 0 43.32
0 0 43.36
0.807 0.126 43.39
0 0 43.42
0 0 43.46
0.809 0.007 43.51
0.796 0.014 43.53
0.802 0.007 43.56
0.802 0.001 43.59
0 0 43.62
0 0 43.65
0 0 43.69
0.797 0.007 43.72
0 0 43.75
0 0 43.79
0 0 43.82
0 0 43.86
0 0 43.89
0 0 43.92
0 0 43.95
0 0 43.99
0 0 44.02
0 0 44.05
0.777 0.012 44.09
0 0 44.12
0 0 44.16
0.77 0.008 44.19
0 0 44.22
0 0 44.25
0.777 0.011 44.29
0 0 44.32
0 0 44.36
0 0 44.39
0.767 0.008 44.42
0.766 0.002 44.46
0 0 44.49
0 0 44.52
0 0 44.55
0.771 0.012 44.59
0 0 44.62
0 0 44.65
0 0 44.69
0 0 44.72
0 0 44.75
0 0 44.79
0 0 44.82
0 0 44.86
0 0 44.89
0 0 44.92
0 0 44.95
0 0 44.99
0 0 45.02
0 0 45.05
0 0 45.09
0 0 45.12
0 0 45.15
0 0 45.19
0 0 45.22
0 0 45.25
0 0 45.29
0 0 45.32
0 0 45.36
0 0 45.39
0 0 45.42
0 0 45.46
0 0 45.49
0 0 45.52
0 0 45.55
0 0 45.59
0 0 45.63
0 0 45.65
0 0 45.69
0 0 45.72
0 0 45.75
0 0 45.79
0 0 45.82
0 0 45.85
0 0 45.89
0 0 45.92
0 0 45.95
0 0 45.99
0 0 46.02
0 0 46.05
0 0 46.09
0 0 46.12
0 0 46.15
0 0 46.19
0 0 46.22
0 0 46.25
0 0 46.29
0 0 46.32
0 0 46.36
0 0 46.39
0 0 46.42
0 0 46.46
0 0 46.49
0 0 46.52
0 0 46.55
0 0 46.59
0 0 46.62
0 0 46.68
0 0 46.69
0 0 46.72
0 0 46.75
0 0 46.79
0 0 46.82
0 0 46.86
0 0 46.89
0 0 46.92
0 0 46.96
0 0 46.99
0 0 47.02
0 0 47.06
0 0 47.09
0 0 47.12
0 0 47.15
0 0 47.19
0 0 47.22
0 0 47.25
0 0 47.29
0 0 47.32
0 0 47.35
0 0 47.39
0 0 47.42
0 0 47.45
0 0 47.49
0 0 47.53
0 0 47.55
0 0 47.59
0 0 47.62
0 0 47.66
0 0 47.69
0 0 47.73
0 0 47.75
0 0 47.79
0 0 47.82
0 0 47.86
0 0 47.89
0 0 47.92
0 0 47.96
0 0 47.99
0 0 48.02
0 0 48.05
0 0 48.11
0 0 48.14
0 0 48.16
0 0 48.19
0 0 48.22
0 0 48.25
0 0 48.29
0 0 48.32
0 0 48.36
0 0 48.39
0 0 48.42
0 0 48.45
0 0 48.49
0 0 48.52
0 0 48.55
0 0 48.59
0 0 48.62
0 0 48.65
0 0 48.69
0 0 48.72
0 0 48.75
0 0 48.79
0 0 48.82
0 0 48.86
0 0 48.89
0 0 48.92
0 0 48.95
0 0 48.99
0 0 49.02
0 0 49.05
0 0 49.09
0 0 49.13
0 0 49.17
0 0 49.19
0 0 49.22
0 0 49.25
0 0 49.3
0 0 49.33
0 0 49.35
0 0 49.39
0 0 49.42
0 0 49.45
0 0 49.49
0 0 49.52
0 0 49.55
0 0 49.59
0 0 49.62
0 0 49.65
0 0 49.69
0 0 49.72
0 0 49.75
0 0 49.79
0 0 49.83
0 0 49.86
0 0 49.89
0 0 49.92
0 0 49.96
0 0 49.99
0 0 50.02
0 0 50.05
0 0 50.09
0 0 50.13
0 0 50.16
0 0 50.19
0 0 50.22
0 0 50.25
0 0 50.29
0 0 50.32
0 0 50.36
0 0 50.39
0 0 50.42
0 0 50.45
0 0 50.49
0 0 50.52
0 0 50.55
0 0 50.59
0 0 50.62
0 0 50.66
0 0 50.69
0 0 50.72
0 0 50.75
0 0 50.79
0 0 50.82
0 0 50.86
0 0 50.89
0 0 50.92
0 0 50.96
0 0 50.99
0 0 51.03
0 0 51.05
0 0 51.09
0 0 51.12
0 0 51.15
0 0 51.19
0 0 51.22
0 0 51.25
0 0 51.29
0 0 51.32
0 0 51.35
0 0 51.39
0 0 51.42
0 0 51.45
0 0 51.49
0 0 51.52
0 0 51.55
0 0 51.59
0 0 51.62
0 0 51.65
0 0 51.69
0 0 51.72
0 0 51.75
0 0 51.79
0 0 51.82
0 0 51.86
0 0 51.89
0 0 51.94
0 0 51.95
0 0 51.99
0 0 52.02
0 0 52.05
0 0 52.09
0 0 52.12
0 0 52.15
0 0 52.19
0 0 52.22
0 0 52.25
0 0 52.29
0 0 52.32
0 0 52.38
0 0 52.41
0 0 52.42
0 0 52.45
0 0 52.49
0 0 52.52
0 0 52.55
0 0 52.59
0 0 52.62
0 0 52.65
0 0 52.69
0 0 52.72
0 0 52.75
0 0 52.79
0 0 52.82
0 0 52.85
0 0 52.89
0 0 52.92
0 0 52.96
0 0 52.99
0 0 53.02
0 0 53.05
0 0 53.09
0 0 53.12
0 0 53.15
0 0 53.19
0 0 53.22
0 0 53.25
0 0 53.29
0 0 53.32
0 0 53.36
0 0 53.39
0 0 53.42
0 0 53.45
0 0 53.49
0 0 53.54
0 0 53.55
0 0 53.6
0 0 53.62
0 0 53.65
0 0 53.69
0 0 53.74
0 0 53.77
0 0 53.79
0 0 53.82
0 0 53.85
0 0 53.89
0 0 53.92
0 0 53.95
0 0 53.99
0 0 54.02
0 0 54.05
0 0 54.08
0 0 54.12
0 0 54.15
0 0 54.19
0 0 54.22
0 0 54.25
0 0 54.29
0 0 54.32
0 0 54.35
0 0 54.39
0 0 54.42
0 0 54.45
0 0 54.48
0 0 54.52
0 0 54.55
0 0 54.59
0 0 54.62
0 0 54.65
0 0 54.69
0 0 54.72
0 0 54.75
0 0 54.79
0 0 54.82
0 0 54.85
0 0 54.89
0 0 54.92
0 0 54.95
0 0 54.99
0 0 55.02
0 0 55.05
0 0 55.09
0 0 55.12
0 0 55.15
0 0 55.19
0 0 55.22
0 0 55.25
0 0 55.29
0 0 55.32
0 0 55.35
0 0 55.39
0 0 55.42
0.425 0.411 55.46
0.411 0.018 55.49
0.396 0.016 55.52
0 0 55.56
0.373 0.028 55.59
0.363 0.011 55.62
0.355 0.008 55.66
0.349 0.01 55.69
0.343 0.007 55.72
0.337 0.007 55.75
0.334 0.006 55.79
0.331 0.005 55.82
0.329 0.004 55.86
0.328 0.004 55.89
0.33 0.004 55.96
0.331 0.003 55.99
0.335 0.002 56.02
0.337 0.002 56.05
0.337 0.002 56.08
0.34 0.002 56.1
0.344 0.003 56.13
0.346 0.003 56.16
0.349 0.004 56.19
0.354 0.003 56.23
0.355 0.004 56.26
0.357 0.002 56.29
0.358 0.003 56.32
0.359 0.002 56.35
0.359 0.001 56.39
0.357 0.004 56.42
0.357 0.002 56.46
0.356 0.002 56.49
0.354 0.002 56.52
0.355 0.002 56.55
0.354 0.002 56.59
0.353 0.002 56.62
0.352 0.001 56.66
0.353 0.002 56.69
0.353 0.001 56.72
0.352 0.001 56.76
0.353 0.003 56.79
0.353 0.002 56.82
0.351 0.002 56.86
0.352 0.002 56.89
0.35 0.003 56.93
0.347 0.005 56.96
0.346 0.003 56.99
0.343 0.004 57.04
0.34 0.004 57.07
0.337 0.004 57.09
0.338 0.004 57.12
0.335 0.004 57.16
0.331 0.004 57.21
0.328 0.004 57.24
0.326 0.004 57.28
0.323 0.005 57.31
0.324 0.005 57.34
0.322 0.004 57.37
0.321 0.004 57.4
0.321 0.004 57.43
0.32 0.004 57.46
0.319 0.003 57.5
0.319 0.003 57.53
0.321 0.003 57.56
0.32 0.002 57.6
0.32 0.001 57.62
0.323 0.001 57.66
0.323 0.002 57.69
0.323 0.001 57.72
0.324 0.001 57.76
0.326 0.001 57.79
0.327 0.002 57.82
0.327 0.003 57.86
0.33 0.002 57.89
0.331 0.002 57.92
0.332 0.002 57.96
0.337 0.004 57.99
0.338 0.004 58.03
0.339 0.003 58.06
0.342 0.005 58.09
0.344 0.003 58.13
0.345 0.003 58.16
0.346 0.002 58.19
0.35 0.002 58.23
0.351 0.003 58.26
0.352 0.003 58.29
0.358 0.002 58.32
0.359 0.003 58.36
0.359 0.002 58.39
0.362 0.005 58.42
0.363 0.003 58.46
0.365 0.004 58.49
0.369 0.006 58.52
0.371 0.004 58.56
0.374 0.005 58.59
0.378 0.005 58.62
0.384 0.005 58.66
0.389 0.006 58.69
0.395 0.007 58.72
0.403 0.007 58.76
0.408 0.006 58.79
0 0 58.82
0.423 0.015 58.86
0.431 0.012 58.89
0 0 58.92
0.449 0.024 58.95
0 0 58.99
0 0 59.02
0 0 59.05
0 0 59.08
0 0 59.12
0 0 59.15
0 0 59.19
0 0 59.22
0 0 59.25
0 0 59.29
0 0 59.32
0 0 59.36
0 0 59.39
0 0 59.42
0 0 59.45
0 0 59.49
0 0 59.52
0 0 59.55
0 0 59.59
0 0 59.62
0 0 59.65
0 0 59.69
0 0 59.72
0 0 59.75
0 0 59.8
0 0 59.83
0 0 59.85
0 0 59.88
0 0 59.92
0 0 59.95
0 0 59.99
0 0 60.02
0 0 60.05
0 0 60.08
0 0 60.12
0 0 60.15
0 0 60.21
0 0 60.22
0 0 60.25
0 0 60.29
0 0 60.32
0 0 60.35
0 0 60.38
0 0 60.42
0 0 60.45
0 0 60.49
0 0 60.52
0 0 60.55
0 0 60.59
0 0 60.62
0 0 60.65
0 0 60.69
0 0 60.72
0 0 60.75
0 0 60.78
0 0 60.82
0 0 60.85
0 0 60.89
0 0 60.92
0 0 60.95
0 0 60.99
0 0 61.02
0 0 61.05
0 0 61.09
0 0 61.12
0 0 61.15
0 0 61.19
0 0 61.22
0 0 61.25
0 0 61.29
0 0 61.32
0 0 61.35
0 0 61.39
0 0 61.42
0 0 61.45
0 0 61.49
0 0 61.52
0 0 61.55
0 0 61.59
0 0 61.62
0 0 61.65
0 0 61.69
0 0 61.72
0 0 61.75
0 0 61.78
0 0 61.82
0 0 61.85
0 0 61.89
0 0 61.92
0 0 61.95
0 0 61.99
0 0 62.02
0 0 62.05
0 0 62.08
0 0 62.12
0 0 62.15
0 0 62.19
0 0 62.22
0.522 0.046 62.26
0 0 62.29
0.51 0.014 62.32
0 0 62.35
0.497 0.015 62.39
0.491 0.008 62.42
0.484 0.009 62.46
0.481 0.006 62.49
0.476 0.006 62.52
0.472 0.005 62.56
0.47 0.005 62.59
0.468 0.004 62.62
0.465 0.004 62.66
0.464 0.003 62.69
0.462 0.003 62.72
0.459 0.003 62.76
0.457 0.003 62.79
0.455 0.003 62.82
0.452 0.003 62.86
0.449 0.006 62.89
0.448 0.004 62.92
0.446 0.003 62.95
0.444 0.003 62.99
0.443 0.003 63.02
0.441 0.002 63.05
0.439 0.003 63.09
0.438 0.003 63.12
0.438 0.002 63.16
0.437 0.003 63.19
0.44 0.002 63.23
0.44 0.006 63.26
0.442 0.002 63.29
0.444 0.003 63.32
0.445 0.005 63.36
0.445 0.004 63.39
0.445 0.001 63.42
0.444 0.004 63.45
0.443 0.004 63.49
0.441 0.006 63.53
0.44 0.003 63.56
0.437 0.006 63.59
0.435 0.003 63.62
0.434 0.002 63.65
0.432 0.003 63.69
0.43 0.003 63.72
0.428 0.003 63.75
0.428 0.003 63.79
0.427 0.002 63.82
0.426 0.002 63.86
0.426 0.002 63.89
0.426 0.002 63.92
0.427 0.002 63.95
0.427 0.001 63.99
0.428 0.002 64.02
0.428 0.001 64.06
0.427 0.002 64.09
0.428 0.001 64.12
0.428 0.002 64.16
0.429 0.001 64.19
0.43 0.003 64.22
0.429 0.002 64.26
0.429 0.002 64.29
0.43 0.004 64.32
0.429 0.002 64.36
0.429 0.002 64.39
0.429 0.003 64.43
0.429 0.003 64.46
0.428 0.001 64.49
0.427 0.001 64.52
0.426 0.002 64.56
0.426 0.001 64.59
0.425 0.001 64.62
0.424 0.001 64.65
0.423 0.002 64.69
0.421 0.003 64.72
0.42 0.002 64.76
0.418 0.004 64.79
0.417 0.001 64.82
0.417 0.003 64.86
0.416 0.003 64.89
0.415 0.001 64.92
0.414 0.002 64.95
0.412 0.001 64.99
0.411 0.001 65.02
0.41 0.001 65.05
0.41 0.003 65.09
0.41 0.001 65.14
0.41 0.004 65.16
0.411 0.001 65.2
0.412 0.002 65.23
0.414 0.002 65.26
0.417 0.002 65.29
0.419 0.003 65.33
0.421 0.003 65.36
0.424 0.003 65.39
0.426 0.003 65.42
0.429 0.003 65.45
0.432 0.004 65.49
0.434 0.003 65.52
0.437 0.004 65.55
0.44 0.004 65.59
0.442 0.003 65.62
0.444 0.004 65.66
0.447 0.004 65.69
0.45 0.004 65.72
0.453 0.005 65.75
0.455 0.005 65.8
0.458 0.004 65.83
0.461 0.005 65.86
0.465 0.005 65.9
0.469 0.007 65.93
0.475 0.008 65.96
0.482 0.01 65.99
0.489 0.009 66.02
0.498 0.011 66.06
0.506 0.011 66.09
0.516 0.014 66.12
0.527 0.014 66.15
0.538 0.013 66.19
0.551 0.017 66.22
0 0 66.25
0 0 66.28
0 0 66.32
0 0 66.35
0 0 66.38
0 0 66.42
0 0 66.45
0 0 66.48
0 0 66.52
0 0 66.55
0 0 66.58
0 0 66.62
0 0 66.65
0 0 66.69
0 0 66.72
0 0 66.75
0 0 66.78
0 0 66.82
0 0 66.85
0 0 66.88
0 0 66.92
0 0 66.95
0 0 66.98
0 0 67.02
0 0 67.05
0 0 67.08
0 0 67.12
0 0 67.15
0 0 67.19
0 0 67.22
0 0 67.25
0.683 0.147 67.29
0 0 67.32
0.684 0.012 67.35
0.684 0.006 67.39
0.686 0.008 67.42
0.68 0.006 67.45
0.686 0.012 67.48
0.678 0.011 67.52
0.678 0.003 67.55
0.676 0.003 67.59
0.676 0.004 67.63
0.673 0.006 67.65
0.668 0.006 67.69
0.665 0.004 67.72
0.662 0.005 67.78
0.662 0.001 67.81
0.661 0.004 67.84
0.663 0.003 67.87
0.668 0.005 67.9
0.673 0.005 67.92
0.676 0.005 67.95
0 0 67.98
0.691 0.015 68.02
0 0 68.05
0 0 68.08
0.708 0.017 68.12
0.704 0.012 68.15
0 0 68.18
0 0 68.22
0 0 68.25
0 0 68.29
0 0 68.32
0 0 68.35
0 0 68.38
0 0 68.42
0 0 68.45
0 0 68.49
0 0 68.52
0 0 68.55
0 0 68.58
0 0 68.62
0 0 68.65
0 0 68.69
0 0 68.72
0 0 68.75
0 0 68.78
0 0 68.82
0 0 68.85
0 0 68.88
0 0 68.92
0 0 68.95
0 0 68.98
0 0 69.02
0 0 69.05
0 0 69.08
0 0 69.12
0 0 69.15
0 0 69.18
0 0 69.22
0 0 69.25
0 0 69.28
0 0 69.32
0 0 69.35
0 0 69.38
0 0 69.42
0 0 69.45
0 0 69.48
0 0 69.52
0 0 69.55
0 0 69.58
0 0 69.62
0 0 69.65
0 0 69.69
0 0 69.72
0 0 69.75
0 0 69.78
0 0 69.82
0 0 69.85
0 0 69.88
0 0 69.92
0 0 69.95
0 0 69.98
0 0 70.02
0 0 70.05
0 0 70.08
0 0 70.12
0 0 70.15
0 0 70.19
0 0 70.22
0 0 70.25
0 0 70.28
0 0 70.32
0 0 70.35
0 0 70.38
0 0 70.42
0 0 70.45
0 0 70.48
0 0 70.52
0 0 70.55
0 0 70.58
0 0 70.62
0 0 70.65
0 0 70.69
0 0 70.72
0 0 70.75
0 0 70.78
0.681 0.065 70.82
0 0 70.85
0.68 0.001 70.89
0 0 70.92
0 0 70.95
0 0 70.98
0 0 71.02
0 0 71.05
0.671 0.01 71.09
0 0 71.12
0 0 71.15
0 0 71.18
0.669 0.004 71.22
0 0 71.25
0.673 0.005 71.29
0 0 71.32
0 0 71.35
0 0 71.38
0 0 71.42
0 0 71.45
0.675 0.005 71.48
0 0 71.52
0.674 0.002 71.55
0.671 0.004 71.59
0 0 71.62
0 0 71.65
0.666 0.006 71.69
0.663 0.004 71.72
0.655 0.011 71.75
0.648 0.009 71.79
0.638 0.013 71.82
0.626 0.014 71.85
0.61 0.02 71.88
0.597 0.016 71.92
0.582 0.019 71.95
0.566 0.02 71.98
0.55 0.019 72.02
0.535 0.018 72.05
0.521 0.016 72.08
0.505 0.019 72.12
0.492 0.014 72.16
0.481 0.012 72.19
0.47 0.011 72.23
0 0 72.25
0.453 0.019 72.29
0.447 0.007 72.32
0.444 0.006 72.35
0.442 0.005 72.39
0.441 0.005 72.42
0.441 0.006 72.45
0.441 0.006 72.49
0.441 0.004 72.52
0.441 0.004 72.55
0.441 0.005 72.59
0.441 0.003 72.62
0.441 0.003 72.65
0.442 0.003 72.69
0.443 0.003 72.72
0.444 0.003 72.75
0.445 0.004 72.78
0.447 0.004 72.82
0.45 0.006 72.85
0.452 0.004 72.89
0.454 0.005 72.92
0.456 0.004 72.95
0.457 0.004 72.99
0.458 0.004 73.02
0.458 0.003 73.05
0.457 0.003 73.08
0.455 0.003 73.12
0.453 0.004 73.15
0.45 0.004 73.19
0.447 0.005 73.22
0.445 0.004 73.26
0.442 0.004 73.29
0.44 0.004 73.33
0.438 0.004 73.36
0.436 0.003 73.39
0.435 0.003 73.42
0.433 0.004 73.45
0.432 0.003 73.48
0.43 0.004 73.52
0.429 0.003 73.55
0.428 0.003 73.6
0.427 0.002 73.63
0.426 0.002 73.66
0.426 0.001 73.7
0.425 0.001 73.73
0.424 0.001 73.76
0.423 0.001 73.79
0.421 0.001 73.82
0.419 0.003 73.86
0.417 0.003 73.89
0.415 0.002 73.92
0.414 0.001 73.95
0.413 0.001 73.99
0.412 0.002 74.02
0.412 0.001 74.06
0.412 0.0 74.1
0.413 0.001 74.13
0.413 0.001 74.17
0.413 0.002 74.2
0.414 0.002 74.23
0.414 0.001 74.26
0.415 0.002 74.3
0.417 0.002 74.33
0.419 0.002 74.36
0.421 0.002 74.39
0.422 0.002 74.42
0.424 0.002 74.45
0.425 0.002 74.48
0.425 0.002 74.52
0.426 0.002 74.55
0.427 0.002 74.59
0.428 0.002 74.62
0.43 0.002 74.65
0.431 0.002 74.69
0.433 0.003 74.72
0.434 0.002 74.76
0.436 0.002 74.79
0.438 0.002 74.82
0.439 0.002 74.85
0.441 0.003 74.89
0.442 0.002 74.92
0.443 0.002 74.96
0.444 0.003 74.99
0.445 0.003 75.02
0.446 0.003 75.05
0.447 0.003 75.08
0.448 0.004 75.12
0.45 0.004 75.15
0.452 0.005 75.19
0.454 0.004 75.22
0.457 0.005 75.25
0.46 0.005 75.28
0.464 0.006 75.32
0.469 0.006 75.35
0.474 0.007 75.38
0.48 0.007 75.42
0.486 0.008 75.45
0.494 0.008 75.49
0.5 0.008 75.52
0.508 0.009 75.55
0 0 75.58
0.522 0.019 75.62
0.528 0.008 75.65
0.535 0.009 75.69
0.542 0.01 75.72
0.55 0.009 75.75
0.559 0.012 75.79
0 0 75.82
0 0 75.85
0.586 0.033 75.88
0.597 0.012 75.92
0.61 0.017 75.95
0 0 75.98
0 0 76.02
0 0 76.05
0 0 76.08
0 0 76.12
0 0 76.15
0 0 76.18
0 0 76.22
0 0 76.25
0 0 76.28
0 0 76.32
0 0 76.36
0 0 76.38
0 0 76.44
0 0 76.45
0 0 76.48
0 0 76.52
0 0 76.55
0 0 76.58
0 0 76.61
0 0 76.65
0 0 76.69
0 0 76.72
0 0 76.75
0 0 76.78
0 0 76.81
0 0 76.85
0 0 76.88
0 0 76.92
0 0 76.95
0 0 76.98
0 0 77.02
0 0 77.05
0 0 77.08
0 0 77.11
0 0 77.15
0 0 77.18
0 0 77.21
0 0 77.25
0 0 77.28
0 0 77.32
0 0 77.35
0 0 77.38
0 0 77.42
0 0 77.46
0 0 77.49
0 0 77.52
0 0 77.55
0 0 77.58
0 0 77.61
0 0 77.65
0 0 77.68
0 0 77.72
0 0 77.75
0 0 77.78
0 0 77.82
0 0 77.85
0 0 77.88
0 0 77.92
0 0 77.95
0 0 77.98
0 0 78.02
0 0 78.05
0 0 78.08
0 0 78.11
0 0 78.15
0 0 78.18
0 0 78.22
0 0 78.25
0 0 78.28
0 0 78.32
0 0 78.35
0 0 78.38
0 0 78.42
0 0 78.45
0 0 78.48
0 0 78.52
0 0 78.55
0 0 78.58
0 0 78.62
0 0 78.65
0 0 78.68
0 0 78.72
0 0 78.75
0 0 78.78
0 0 78.82
0 0 78.85
0 0 78.88
0 0 78.92
0 0 78.95
0 0 78.98
0 0 79.02
0 0 79.05
0 0 79.08
0 0 79.12
0 0 79.15
0 0 79.18
0 0 79.22
0 0 79.25
0 0 79.28
0 0 79.32
0 0 79.35
0 0 79.38
0 0 79.42
0 0 79.45
0 0 79.48
0 0 79.52
0 0 79.57
0 0 79.6
0 0 79.61
0 0 79.65
0 0 79.68
0 0 79.72
0 0 79.75
0 0 79.78
0 0 79.82
0 0 79.85
0 0 79.88
0 0 79.92
0 0 79.95
0 0 79.98
0 0 80.02
0 0 80.05
0 0 80.08
0 0 80.11
0 0 80.15
0 0 80.19
0 0 80.22
0 0 80.25
0 0 80.28
0 0 80.32
0 0 80.35
0 0 80.38
0 0 80.41
0 0 80.45
0 0 80.48
0 0 80.52
0 0 80.55
0 0 80.58
0.658 0.075 80.62
0.65 0.008 80.65
0 0 80.68
0.633 0.018 80.72
0.624 0.009 80.75
0.618 0.007 80.78
0.611 0.008 80.82
0.605 0.006 80.85
0.6 0.007 80.89
0.595 0.005 80.92
0.59 0.007 80.95
0.586 0.006 80.99
0.583 0.004 81.02
0.58 0.005 81.05
0 0 81.08
0.575 0.011 81.12
0.571 0.008 81.15
0.571 0.004 81.19
0.568 0.005 81.22
0 0 81.25
0 0 81.28
0 0 81.31
0 0 81.35
0 0 81.38
0.541 0.032 81.42
0.536 0.006 81.45
0.532 0.005 81.52
0.527 0.006 81.55
0.522 0.005 81.59
0.517 0.005 81.62
0.513 0.006 81.64
0.508 0.006 81.67
0.503 0.005 81.7
0.499 0.005 81.74
0.494 0.005 81.77
0.49 0.005 81.8
0.486 0.005 81.82
0.481 0.005 81.85
0.477 0.005 81.88
0.473 0.004 81.92
0.47 0.004 81.95
0.468 0.004 81.98
0.467 0.003 82.02
0.467 0.002 82.05
0.467 0.002 82.08
0.468 0.001 82.15
0.468 0.002 82.18
0.47 0.003 82.21
0.471 0.002 82.24
0.472 0.003 82.27
0.474 0.004 82.3
0.474 0.001 82.33
0.474 0.0 82.37
0.474 0.001 82.39
0.474 0.003 82.44
0.475 0.001 82.47
0.475 0.001 82.5
0.476 0.001 82.54
0.476 0.002 82.57
0.476 0.001 82.6
0.477 0.001 82.63
0.478 0.002 82.66
0.478 0.002 82.7
0.479 0.001 82.73
0.48 0.002 82.76
0.481 0.003 82.79
0.483 0.002 82.82
0.485 0.002 82.85
0.487 0.003 82.88
0.49 0.003 82.92
0.492 0.003 82.95
0.494 0.003 82.98
0.497 0.004 83.02
0.499 0.003 83.05
0.502 0.005 83.08
0.504 0.003 83.12
0.507 0.004 83.15
0 0 83.18
0.516 0.013 83.22
0.52 0.005 83.25
0.525 0.007 83.29
0.53 0.006 83.32
0.535 0.007 83.35
0.542 0.01 83.38
0 0 83.41
0.558 0.02 83.45
0.567 0.011 83.48
0 0 83.52
0.588 0.027 83.55
0 0 83.58
0 0 83.62
0.625 0.045 83.65
0 0 83.68
0 0 83.72
0 0 83.75
0 0 83.78
0 0 83.82
0 0 83.85
0 0 83.88
0 0 83.92
0 0 83.95
0 0 83.98
0 0 84.02
0 0 84.05
0 0 84.08
0 0 84.11
0 0 84.15
0 0 84.18
0 0 84.21
0 0 84.25
0 0 84.28
0 0 84.32
0 0 84.35
0 0 84.38
0 0 84.41
0 0 84.45
0 0 84.48
0 0 84.52
0 0 84.55
0 0 84.58
0 0 84.62
0 0 84.65
0 0 84.68
0 0 84.71
0 0 84.75
0 0 84.78
0 0 84.81
0 0 84.85
0 0 84.88
0 0 84.92
0 0 84.95
0 0 84.98
0 0 85.02
0 0 85.05
0 0 85.08
0 0 85.11
0 0 85.15
0 0 85.18
0 0 85.22
0 0 85.25
0 0 85.28
0 0 85.32
0 0 85.35
0 0 85.38
0 0 85.41
0 0 85.45
0 0 85.48
0 0 85.52
0 0 85.55
0 0 85.58
0 0 85.62
0 0 85.65
0 0 85.68
0 0 85.71
0 0 85.75
0 0 85.78
0 0 85.82
0 0 85.85
0 0 85.88
0 0 85.92
0 0 85.95
0 0 85.98
0 0 86.02
0 0 86.05
0.645 0.063 86.09
0 0 86.12
0 0 86.16
0 0 86.19
0 0 86.21
0 0 86.25
0 0 86.29
0 0 86.32
0.629 0.013 86.37
0.618 0.011 86.4
0.621 0.012 86.43
0.615 0.006 86.46
0.61 0.005 86.49
0.606 0.004 86.52
0.604 0.005 86.56
0.602 0.005 86.59
0.595 0.005 86.62
0.594 0.003 86.65
0.592 0.002 86.69
0.589 0.001 86.72
0.591 0.002 86.75
0.592 0.002 86.79
0 0 86.82
0.592 0.004 86.85
0.595 0.005 86.88
0.593 0.003 86.92
0.589 0.003 86.95
0 0 86.98
0.587 0.002 87.02
0.584 0.001 87.05
0.584 0.003 87.08
0.583 0.002 87.12
0.581 0.002 87.15
0.579 0.002 87.19
0 0 87.21
0.581 0.002 87.25
0.579 0.001 87.28
0.581 0.003 87.32
0 0 87.35
0.577 0.003 87.38
0.578 0.001 87.43
0 0 87.46
0.578 0.003 87.49
0.58 0.002 87.55
0.579 0.002 87.59
0.579 0.003 87.61
0 0 87.64
0.584 0.008 87.66
0.58 0.001 87.69
0.578 0.006 87.72
0.58 0.002 87.75
0.583 0.003 87.79
0.582 0.002 87.82
0 0 87.85
0 0 87.88
0.584 0.005 87.92
0.592 0.014 87.95
0 0 87.98
0.59 0.006 88.03
0.59 0.002 88.05
0.589 0.005 88.08
0 0 88.11
0.593 0.008 88.15
0 0 88.18
0.599 0.008 88.22
0.596 0.002 88.25
0.595 0.001 88.29
0.595 0.002 88.32
0.588 0.006 88.35
0.594 0.011 88.38
0.593 0.003 88.42
0.6 0.011 88.45
0 0 88.48
0.597 0.007 88.52
0.598 0.002 88.55
0 0 88.58
0 0 88.61
0 0 88.65
0 0 88.68
0.595 0.004 88.72
0 0 88.75
0 0 88.78
0.593 0.004 88.82
0 0 88.85
0 0 88.88
0 0 88.91
0.594 0.005 88.95
0.593 0.005 88.99
0.596 0.008 89.02
0 0 89.05
0 0 89.08
0 0 89.11
0 0 89.15
0 0 89.18
0 0 89.21
0.599 0.009 89.25
0 0 89.29
0 0 89.32
0 0 89.35
0 0 89.38
0 0 89.41
0 0 89.45
0 0 89.48
0 0 89.52
0 0 89.55
0 0 89.58
0 0 89.61
0 0 89.65
0 0 89.68
0 0 89.71
0 0 89.75
0 0 89.78
0 0 89.81
0 0 89.85
0 0 89.88
0 0 89.91
0 0 89.95
0 0 89.98
0 0 90.01
0 0 90.05
0 0 90.08
0 0 90.11
0 0 90.15
0 0 90.18
0 0 90.21
0 0 90.25
0 0 90.28
0 0 90.31
0 0 90.35
0 0 90.38
0 0 90.41
0 0 90.45
0 0 90.48
0 0 90.51
0 0 90.55
0 0 90.58
0 0 90.61
0 0 90.65
0 0 90.68
0 0 90.71
0 0 90.75
0 0 90.78
0 0 90.81
0 0 90.85
0 0 90.88
0 0 90.91
0 0 90.95
0 0 90.98
0 0 91.01
0 0 91.05
0 0 91.08
0 0 91.11
0 0 91.15
0 0 91.18
0 0 91.21
0 0 91.26
0 0 91.28
0 0 91.31
0 0 91.35
0 0 91.38
0 0 91.41
0 0 91.45
0 0 91.48
0 0 91.52
0 0 91.55
0 0 91.58
0 0 91.61
0 0 91.65
0 0 91.68
0 0 91.71
0 0 91.75
0 0 91.78
0 0 91.81
0 0 91.85
0 0 91.88
0 0 91.91
0 0 91.95
0 0 91.98
0 0 92.01
0 0 92.05
0 0 92.08
0 0 92.11
0 0 92.15
0 0 92.18
0 0 92.21
0 0 92.25
0 0 92.28
0 0 92.31
0 0 92.35
0 0 92.38
0 0 92.41
0 0 92.45
0 0 92.48
0 0 92.51
0 0 92.55
0 0 92.58
0 0 92.61
0 0 92.65
0 0 92.68
0 0 92.71
0 0 92.75
0 0 92.78
0 0 92.81
0 0 92.85
0 0 92.88
0 0 92.92
0 0 92.96
0 0 92.98
0 0 93.02
0 0 93.05
0 0 93.08
0 0 93.11
0 0 93.15
0 0 93.18
0 0 93.21
0 0 93.25
0 0 93.28
0 0 93.31
0 0 93.35
0 0 93.38
0 0 93.41
0 0 93.45
0 0 93.48
0 0 93.51
0.509 0.018 93.55
0 0 93.58
0 0 93.61
0 0 93.65
0.498 0.013 93.68
0 0 93.71
0.496 0.001 93.75
0.494 0.003 93.78
0.5 0.01 93.81
0 0 93.85
0.498 0.009 93.88
0 0 93.91
0 0 93.95
0 0 93.98
0 0 94.01
0 0 94.05
0 0 94.08
0 0 94.11
0 0 94.15
0 0 94.18
0 0 94.21
0 0 94.25
0 0 94.28
0 0 94.31
0 0 94.35
0 0 94.38
0 0 94.41
0 0 94.45
0 0 94.48
0 0 94.52
0 0 94.55
0 0 94.58
0 0 94.61
0 0 94.65
0 0 94.68
0 0 94.71
0 0 94.75
0 0 94.78
0 0 94.81
0 0 94.85
0 0 94.88
0 0 94.92
0 0 94.95
0 0 94.98
0 0 95.02
0 0 95.04
0 0 95.08
0 0 95.11
0 0 95.15
0 0 95.18
0 0 95.21
0 0 95.25
0 0 95.28
0 0 95.31
0 0 95.35
0 0 95.38
0 0 95.42
0 0 95.45
0 0 95.48
0 0 95.51
0 0 95.55
0 0 95.58
0 0 95.61
0 0 95.65
0 0 95.68
0 0 95.71
0 0 95.75
0 0 95.78
0 0 95.81
0 0 95.85
0 0 95.88
0 0 95.91
0 0 95.95
0 0 95.98
0 0 96.01
0 0 96.05
0 0 96.08
0 0 96.11
0 0 96.15
0 0 96.18
0 0 96.21
0 0 96.25
0 0 96.28
0 0 96.31
0 0 96.35
0 0 96.39
0 0 96.42
0 0 96.45
0 0 96.48
0 0 96.51
0 0 96.55
0 0 96.58
0 0 96.61
0 0 96.65
0 0 96.68
0 0 96.71
0 0 96.75
0 0 96.78
0 0 96.81
0 0 96.85
0 0 96.88
0 0 96.91
0 0 96.95
0 0 96.98
0 0 97.01
0 0 97.05
0 0 97.08
0 0 97.11
0 0 97.15
0 0 97.18
0 0 97.21
0 0 97.25
0 0 97.28
0 0 97.31
0 0 97.35
0 0 97.38
0 0 97.41
0 0 97.44
0 0 97.48
0 0 97.51
0 0 97.55
0 0 97.58
0 0 97.61
0 0 97.65
0 0 97.68
0 0 97.71
0 0 97.75
0 0 97.78
0 0 97.82
0 0 97.86
0 0 97.88
0 0 97.91
0 0 97.94
0 0 97.98
0 0 98.01
0 0 98.05
0 0 98.08
0 0 98.11
0 0 98.14
0 0 98.18
0 0 98.21
0 0 98.25
0 0 98.28
0 0 98.31
0 0 98.35
0 0 98.38
0 0 98.41
0 0 98.45
0 0 98.48
0 0 98.51
0 0 98.55
0 0 98.58
0 0 98.61
0 0 98.65
0 0 98.68
0 0 98.71
0 0 98.75
0 0 98.78
0 0 98.81
0 0 98.85
0 0 98.88
0 0 98.91
0 0 98.95
0 0 98.98
0 0 99.04
0 0 99.07
0 0 99.1
0 0 99.13
0 0 99.16
0 0 99.19
0 0 99.21
0 0 99.25
0 0 99.28
0 0 99.31
0 0 99.35
0 0 99.38
0 0 99.41
0 0 99.44
0 0 99.48
0 0 99.51
0 0 99.55
0 0 99.58
0 0 99.62
0 0 99.65
0 0 99.68
0 0 99.71
0 0 99.74
0 0 99.78
0 0 99.81
0 0 99.85
0 0 99.88
0 0 99.91
0 0 99.94
0 0 99.98
0 0 100.01
0 0 100.04
0 0 100.08
0 0 100.11
0 0 100.14
0 0 100.18
0 0 100.21
0 0 100.25
0 0 100.28
0 0 100.33
0 0 100.36
0 0 100.38
0 0 100.41
0 0 100.44
0 0 100.48
0 0 100.51
0 0 100.55
0 0 100.58
0 0 100.61
0 0 100.65
0 0 100.68
0 0 100.71
0 0 100.75
0 0 100.78
0 0 100.81
0 0 100.85
0 0 100.88
0 0 100.91
0 0 100.95
0 0 100.98
0 0 101.02
0 0 101.05
0 0 101.08
0 0 101.11
0 0 101.15
0 0 101.19
0 0 101.22
0 0 101.25
0 0 101.28
0 0 101.31
0 0 101.35
0 0 101.38
0 0 101.41
0 0 101.45
0 0 101.48
0 0 101.52
0 0 101.55
0 0 101.58
0 0 101.61
0 0 101.65
0 0 101.68
0 0 101.71
0 0 101.75
0 0 101.78
0 0 101.81
0 0 101.85
0 0 101.88
0 0 101.91
0 0 101.94
0 0 101.98
0 0 102.01
0 0 102.05
0 0 102.08
0 0 102.11
0 0 102.15
0 0 102.18
0 0 102.21
0 0 102.25
0 0 102.28
0 0 102.31
0 0 102.35
0 0 102.38
0 0 102.41
0 0 102.45
0 0 102.48
0 0 102.51
0 0 102.55
0 0 102.58
0 0 102.61
0 0 102.64
0 0 102.68
0 0 102.71
0 0 102.75
0 0 102.77
0 0 102.81
0 0 102.84
0 0 102.88
0 0 102.91
0 0 102.95
0 0 102.98
0 0 103.01
0 0 103.05
0 0 103.09
0 0 103.12
0 0 103.14
0 0 103.18
0 0 103.21
0 0 103.25
0 0 103.28
0 0 103.31
0 0 103.35
0 0 103.38
0 0 103.41
0 0 103.44
0 0 103.48
0 0 103.51
0 0 103.54
0 0 103.58
0 0 103.61
0 0 103.64
0 0 103.68
0 0 103.71
0 0 103.74
0 0 103.78
0 0 103.81
0 0 103.85
0 0 103.87
0 0 103.91
0 0 103.94
0 0 103.98
0 0 104.01
0 0 104.04
0 0 104.08
0 0 104.11
0 0 104.14
0 0 104.18
0 0 104.21
0 0 104.25
0 0 104.28
0 0 104.31
0 0 104.35
0 0 104.38
0 0 104.41
0 0 104.44
0 0 104.48
0 0 104.51
0 0 104.54
0 0 104.58
0 0 104.61
0 0 104.64
0 0 104.68
0 0 104.71
0 0 104.74
0 0 104.78
0 0 104.81
0 0 104.85
0 0 104.88
0 0 104.91
0 0 104.94
0 0 104.98
0 0 105.01
0 0 105.04
0 0 105.08
0 0 105.13
0 0 105.14
0 0 105.18
0 0 105.21
0 0 105.24
0 0 105.28
0 0 105.31
0 0 105.34
0 0 105.38
0 0 105.41
0 0 105.44
0 0 105.48
0 0 105.51
0 0 105.54
0 0 105.58
0 0 105.61
0 0 105.64
0 0 105.68
0 0 105.71
0 0 105.74
0 0 105.78
0 0 105.81
0 0 105.84
0 0 105.87
0 0 105.91
0 0 105.94
0 0 105.98
0 0 106.01
0 0 106.04
0 0 106.08
0 0 106.11
0 0 106.14
0 0 106.18
0 0 106.21
0 0 106.24
0 0 106.28
0 0 106.31
0 0 106.34
0 0 106.38
0 0 106.41
0 0 106.44
0 0 106.48
0 0 106.51
0 0 106.54
0 0 106.58
0 0 106.61
0 0 106.64
0 0 106.68
0 0 106.71
0 0 106.74
0 0 106.77
0 0 106.81
0 0 106.84
0 0 106.88
0 0 106.91
0 0 106.96
0 0 106.98
0 0 107.01
0 0 107.04
0 0 107.08
0 0 107.11
0 0 107.14
0 0 107.18
0 0 107.21
0 0 107.24
0 0 107.28
0 0 107.31
0 0 107.34
0 0 107.38
0 0 107.41
0 0 107.44
0 0 107.48
0 0 107.51
0 0 107.54
0 0 107.58
0 0 107.61
0 0 107.64
0 0 107.68
0 0 107.71
0 0 107.74
0 0 107.78
0 0 107.81
0 0 107.84
0 0 107.88
0 0 107.91
0 0 107.94
0 0 107.98
0 0 108.01
0 0 108.04
0 0 108.08
0 0 108.11
0 0 108.14
0 0 108.18
0 0 108.21
0 0 108.24
0 0 108.29
0 0 108.32
0 0 108.34
0 0 108.38
0 0 108.41
0 0 108.44
0 0 108.52
0 0 108.55
0 0 108.56
0 0 108.59
0 0 108.61
0 0 108.64
0 0 108.68
0 0 108.71
0 0 108.74
0 0 108.78
0 0 108.81
0 0 108.84
0 0 108.88
0 0 108.91
0 0 108.94
0 0 108.97
0 0 109.01
0 0 109.04
0 0 109.08
0 0 109.11
0 0 109.14
0 0 109.18
0 0 109.21
0 0 109.24
0 0 109.28
0 0 109.31
0 0 109.35
0 0 109.38
0 0 109.41
0 0 109.44
0 0 109.48
0 0 109.51
0 0 109.54
0 0 109.57
0 0 109.61
0 0 109.64
0 0 109.68
0 0 109.71
0 0 109.74
0 0 109.78
0 0 109.81
0 0 109.84
0 0 109.87
0 0 109.91
0 0 109.94
0 0 109.97
0 0 110.01
0 0 110.04
0 0 110.08
0 0 110.11
0 0 110.14
0 0 110.18
0 0 110.21
0 0 110.24
0 0 110.27
0 0 110.31
0 0 110.34
0 0 110.38
0 0 110.41
0 0 110.44
0 0 110.47
0 0 110.51
0 0 110.54
0 0 110.58
0 0 110.61
0 0 110.64
0 0 110.68
0 0 110.71
0 0 110.74
0 0 110.78
0 0 110.81
0 0 110.84
0 0 110.87
0 0 110.91
0 0 110.94
0 0 110.97
0 0 111.01
0 0 111.04
0 0 111.08
0 0 111.11
0 0 111.15
0 0 111.18
0 0 111.22
0 0 111.24
0 0 111.28
0 0 111.31
0 0 111.34
0 0 111.38
0 0 111.41
0 0 111.44
0 0 111.48
0 0 111.51
0 0 111.54
0 0 111.58
0 0 111.61
0 0 111.64
0 0 111.68
0 0 111.71
0 0 111.74
0 0 111.77
0 0 111.82
0 0 111.84
0 0 111.87
0 0 111.91
0 0 111.94
0 0 111.97
0 0 112.01
0 0 112.04
0 0 112.07
0 0 112.11
0 0 112.14
0 0 112.18
0 0 112.21
0 0 112.24
0 0 112.27
0 0 112.31
0 0 112.34
0 0 112.37
0 0 112.41
0 0 112.44
0 0 112.48
0 0 112.51
0 0 112.54
0 0 112.58
0 0 112.61
0 0 112.64
0 0 112.68
0 0 112.71
0 0 112.77
0 0 112.78
0 0 112.81
0 0 112.84
0 0 112.88
0 0 112.91
0 0 112.94
0 0 112.97
0 0 113.01
0 0 113.04
0 0 113.08
0 0 113.11
0 0 113.14
0 0 113.19
0 0 113.21
0 0 113.24
0 0 113.28
0 0 113.31
0 0 113.34
0 0 113.38
0 0 113.41
0 0 113.44
0 0 113.47
0 0 113.51
0 0 113.54
0 0 113.58
0 0 113.61
0 0 113.64
0 0 113.68
0 0 113.71
0 0 113.74
0 0 113.77
0 0 113.81
0 0 113.84
0 0 113.88
0 0 113.91
0 0 113.94
0 0 113.97
0 0 114.01
0 0 114.04
0 0 114.08
0 0 114.11
0 0 114.14
0 0 114.18
0 0 114.21
0 0 114.24
0 0 114.27
0 0 114.31
0 0 114.34
0 0 114.38
0 0 114.41
0 0 114.44
0 0 114.47
0 0 114.51
0 0 114.54
0 0 114.58
0 0 114.61
0 0 114.64
0 0 114.68
0 0 114.71
0 0 114.74
0 0 114.77
0 0 114.81
0 0 114.84
0 0 114.88
0 0 114.91
0 0 114.94
0 0 114.97
0 0 115.01
0 0 115.04
0 0 115.1
0 0 115.13
0 0 115.15
0 0 115.18
0 0 115.21
0 0 115.24
0 0 115.27
0 0 115.31
0 0 115.34
0 0 115.37
0 0 115.41
0 0 115.44
0 0 115.47
0 0 115.51
0 0 115.54
0 0 115.58
0 0 115.61
0 0 115.64
0 0 115.68
0 0 115.71
0 0 115.74
0 0 115.77
0 0 115.81
0 0 115.84
0 0 115.87
0 0 115.91
0 0 115.94
0 0 115.97
0 0 116.01
0 0 116.04
0 0 116.07
0 0 116.11
0 0 116.14
0 0 116.18
0 0 116.21
0 0 116.24
0 0 116.27
0 0 116.31
0 0 116.34
0 0 116.37
0 0 116.41
0 0 116.44
0 0 116.47
0 0 116.51
0 0 116.54
0 0 116.58
0 0 116.61
0 0 116.64
0 0 116.68
0 0 116.71
0 0 116.74
0 0 116.77
0 0 116.81
0 0 116.84
0 0 116.87
0 0 116.91
0 0 116.94
0 0 116.97
0 0 117.02
0 0 117.05
0 0 117.08
0 0 117.11
0 0 117.14
0 0 117.17
0 0 117.21
0 0 117.24
0 0 117.27
0 0 117.31
0 0 117.34
0 0 117.37
0 0 117.41
0 0 117.44
0 0 117.47
0 0 117.51
0 0 117.54
0 0 117.58
0 0 117.61
0 0 117.64
0 0 117.68
0 0 117.71
0 0 117.74
0 0 117.78
0 0 117.81
0 0 117.84
0 0 117.87
0 0 117.91
0 0 117.94
0 0 117.97
0 0 118.01
0 0 118.04
0 0 118.07
0 0 118.11
0 0 118.14
0 0 118.18
0 0 118.21
0 0 118.24
0 0 118.27
0 0 118.31
0 0 118.34
0 0 118.37
0 0 118.41
0 0 118.44
0 0 118.47
0 0 118.51
0 0 118.54
0 0 118.57
0 0 118.61
0 0 118.64
0 0 118.69
0 0 118.71
0 0 118.74
0 0 118.77
0 0 118.81
0 0 118.84
0 0 118.87
0 0 118.91
0 0 118.94
0 0 118.97
0 0 119.01
0 0 119.04
0 0 119.07
0 0 119.11
0.567 0.121 119.14
0.552 0.017 119.18
0.54 0.013 119.21
0 0 119.24
0.517 0.028 119.28
0.505 0.013 119.31
0.493 0.013 119.34
0.484 0.013 119.38
0.474 0.011 119.41
0.465 0.01 119.44
0.459 0.009 119.47
0.451 0.009 119.51
0.445 0.008 119.54
0.441 0.006 119.58
0.436 0.006 119.61
0.431 0.006 119.64
0.429 0.005 119.68
0.431 0.003 119.71
0.43 0.003 119.74
0.43 0.004 119.78
0.432 0.003 119.81
0.432 0.003 119.85
0.431 0.003 119.88
0.432 0.003 119.91
0.43 0.004 119.94
0.428 0.004 119.98
0.427 0.004 120.01
0.425 0.005 120.04
0.422 0.004 120.08
0.418 0.005 120.11
0.416 0.005 120.14
0.413 0.006 120.18
0.41 0.005 120.21
0.408 0.003 120.25
0.406 0.004 120.28
0.404 0.003 120.31
0.403 0.003 120.35
0.401 0.003 120.38
0.399 0.003 120.42
0.396 0.003 120.45
0.396 0.003 120.48
0.395 0.002 120.52
0.394 0.001 120.55
0.395 0.001 120.58
0.395 0.001 120.61
0.396 0.002 120.65
0.399 0.002 120.68
0.4 0.002 120.71
0.403 0.002 120.75
0.404 0.004 120.78
0.409 0.002 120.81
0.411 0.003 120.85
0.413 0.002 120.88
0.416 0.003 120.91
0.418 0.003 120.94
0.42 0.004 120.98
0.423 0.003 121.01
0.425 0.004 121.05
0.428 0.004 121.08
0.432 0.005 121.11
0.435 0.006 121.14
0.44 0.007 121.18
0.446 0.009 121.21
0.453 0.009 121.24
0.461 0.011 121.28
0.47 0.011 121.31
0.482 0.014 121.34
0 0 121.37
0.505 0.027 121.41
0.519 0.015 121.45
0.534 0.019 121.48
0.547 0.014 121.51
0 0 121.54
0 0 121.57
0 0 121.61
0 0 121.64
0 0 121.67
0 0 121.71
0 0 121.74
0 0 121.77
0 0 121.81
0 0 121.84
0 0 121.87
0 0 121.91
0 0 121.94
0 0 121.98
0 0 122.01
0 0 122.04
0 0 122.07
0 0 122.11
0 0 122.14
0 0 122.17
0 0 122.21
0 0 122.24
0 0 122.27
0 0 122.31
0 0 122.34
0 0 122.37
0 0 122.41
0 0 122.44
0 0 122.47
0 0 122.51
0 0 122.54
0 0 122.57
0 0 122.61
0 0 122.64
0 0 122.67
0 0 122.71
0 0 122.74
0 0 122.77
0 0 122.81
0 0 122.86
0 0 122.88
0 0 122.91
0 0 122.94
0 0 122.97
0 0 123.01
0 0 123.04
0 0 123.07
0 0 123.11
0 0 123.14
0 0 123.17
0 0 123.21
0 0 123.24
0 0 123.27
0 0 123.31
0 0 123.34
0 0 123.37
0 0 123.41
0 0 123.44
0 0 123.47
0 0 123.51
0 0 123.54
0 0 123.57
0 0 123.61
0 0 123.64
0 0 123.67
0 0 123.71
0 0 123.74
0 0 123.77
0 0 123.81
0 0 123.84
0 0 123.87
0 0 123.91
0 0 123.95
0 0 123.98
0 0 124.01
0 0 124.04
0 0 124.07
0 0 124.1
0 0 124.14
0 0 124.18
0 0 124.21
0 0 124.24
0 0 124.27
0 0 124.31
0 0 124.34
0 0 124.37
0.59 0.045 124.41
0 0 124.44
0 0 124.47
0.544 0.052 124.51
0.532 0.013 124.54
0.521 0.012 124.58
0.509 0.014 124.61
0.499 0.012 124.64
0.49 0.01 124.68
0.482 0.01 124.71
0.474 0.009 124.74
0.467 0.008 124.78
0.461 0.008 124.81
0.455 0.007 124.84
0.45 0.006 124.87
0.444 0.007 124.91
0.44 0.006 124.95
0.437 0.005 124.98
0.434 0.004 125.01
0.433 0.004 125.05
0.432 0.003 125.08
0.43 0.003 125.11
0.428 0.003 125.15
0.426 0.003 125.18
0.425 0.003 125.21
0.425 0.002 125.25
0.425 0.002 125.28
0.424 0.001 125.31
0.423 0.001 125.34
0.423 0.003 125.37
0.422 0.001 125.41
0.422 0.002 125.44
0.422 0.0 125.47
0.422 0.001 125.51
0.421 0.002 125.54
0.42 0.001 125.58
0.418 0.002 125.61
0.416 0.004 125.65
0.415 0.001 125.68
0.414 0.002 125.71
0.413 0.003 125.74
0.413 0.001 125.78
0.413 0.001 125.81
0.414 0.001 125.84
0.416 0.003 125.88
0.418 0.002 125.91
0.42 0.002 125.94
0.421 0.003 125.98
0.424 0.004 126.01
0.427 0.005 126.04
0.431 0.006 126.08
0.435 0.006 126.11
0.441 0.007 126.14
0.447 0.008 126.18
0.454 0.008 126.21
0.461 0.008 126.24
0.467 0.009 126.27
0.475 0.01 126.31
0.484 0.011 126.34
0.491 0.01 126.38
0.5 0.01 126.41
0.508 0.01 126.44
0.517 0.011 126.47
0.527 0.012 126.51
0 0 126.54
0.544 0.02 126.57
0 0 126.61
0 0 126.64
0 0 126.68
0 0 126.71
0 0 126.74
0 0 126.77
0 0 126.81
0 0 126.84
0 0 126.87
0 0 126.91
0 0 126.94
0 0 126.97
0 0 127.01
0 0 127.04
0 0 127.07
0 0 127.11
0 0 127.14
0 0 127.18
0 0 127.21
0 0 127.24
0 0 127.27
0 0 127.31
0 0 127.34
0 0 127.37
0 0 127.41
0 0 127.44
0 0 127.47
0 0 127.51
0 0 127.54
0 0 127.57
0 0 127.6
0 0 127.64
0 0 127.67
0 0 127.71
0 0 127.74
0 0 127.77
0 0 127.81
0 0 127.84
0 0 127.87
0 0 127.91
0 0 127.94
0 0 127.97
0 0 128.01
0 0 128.04
0 0 128.07
0 0 128.11
0 0 128.14
0 0 128.17
0 0 128.21
0 0 128.25
0 0 128.28
0 0 128.31
0 0 128.34
0 0 128.37
0 0 128.42
0 0 128.44
0 0 128.48
0 0 128.51
0 0 128.54
0 0 128.57
0 0 128.6
0 0 128.64
0 0 128.67
0 0 128.71
0 0 128.74
0 0 128.77
0 0 128.83
0 0 128.84
0 0 128.87
0 0 128.91
0 0 128.94
0 0 128.97
0 0 129.01
0 0 129.04
0 0 129.07
0 0 129.11
0 0 129.14
0 0 129.17
0 0 129.21
0 0 129.24
0 0 129.27
0 0 129.3
0 0 129.34
0 0 129.37
0 0 129.41
0 0 129.44
0 0 129.47
0 0 129.51
0 0 129.54
0 0 129.57
0 0 129.61
0 0 129.64
0 0 129.67
0 0 129.71
0 0 129.74
0 0 129.77
0 0 129.8
0 0 129.84
0 0 129.87
0 0 129.91
0 0 129.94
0 0 129.97
0 0 130.01
0 0 130.04
0 0 130.07
0 0 130.11
0 0 130.14
0 0 130.18
0 0 130.21
0 0 130.24
0 0 130.27
0 0 130.3
0 0 130.34
0 0 130.37
0 0 130.41
0 0 130.44
0 0 130.47
0 0 130.51
0 0 130.54
0 0 130.57
0 0 130.61
0 0 130.64
0 0 130.67
0 0 130.71
0 0 130.74
0 0 130.77
0 0 130.81
0 0 130.84
0 0 130.87
0 0 130.91
0 0 130.94
0 0 130.97
0 0 131.01
0 0 131.04
0 0 131.07
0 0 131.1
0 0 131.14
0 0 131.17
0 0 131.2
0 0 131.24
0 0 131.27
0 0 131.31
0 0 131.34
0 0 131.39
0 0 131.4
0 0 131.44
0 0 131.47
0 0 131.51
0 0 131.54
0 0 131.57
0 0 131.61
0 0 131.64
0 0 131.67
0 0 131.71
0 0 131.74
0 0 131.77
0 0 131.81
0 0 131.84
0 0 131.87
0 0 131.91
0 0 131.94
0 0 131.97
0 0 132.01
0 0 132.04
0 0 132.07
0 0 132.11
0 0 132.14
0 0 132.17
0 0 132.2
0 0 132.24
0 0 132.27
0 0 132.31
0 0 132.34
0 0 132.37
0 0 132.41
0 0 132.44
0 0 132.47
0 0 132.51
0 0 132.54
0 0 132.57
0 0 132.61
0 0 132.64
0 0 132.67
0 0 132.7
0 0 132.74
0 0 132.77
0 0 132.81
0 0 132.86
0 0 132.89
0 0 132.92
0 0 132.94
0 0 132.97
0 0 133.01
0 0 133.04
0 0 133.07
0 0 133.11
0 0 133.14
0 0 133.17
0 0 133.2
0 0 133.24
0 0 133.27
0 0 133.31
0 0 133.35
0 0 133.38
0 0 133.4
0 0 133.44
0 0 133.47
0 0 133.51
0 0 133.54
0 0 133.57
0 0 133.6
0 0 133.64
0 0 133.67
0 0 133.7
0 0 133.74
0 0 133.77
0 0 133.8
0 0 133.84
0 0 133.87
0 0 133.91
0 0 133.94
0 0 133.97
0 0 134.0
0 0 134.04
0 0 134.07
0 0 134.1
0 0 134.14
0 0 134.17
0 0 134.2
0 0 134.24
0 0 134.27
0 0 134.3
0 0 134.34
0 0 134.37
0 0 134.41
0 0 134.44
0 0 134.47
0 0 134.52
0 0 134.55
0 0 134.57
0 0 134.6
0 0 134.64
0 0 134.67
0 0 134.7
0 0 134.74
0 0 134.77
0 0 134.8
0 0 134.84
0 0 134.87
0 0 134.9
0 0 134.94
0.588 0.085 134.97
0 0 135.01
0.552 0.037 135.04
0.535 0.018 135.07
0.517 0.018 135.11
0.503 0.015 135.14
0.49 0.013 135.18
0.48 0.011 135.21
0.47 0.011 135.24
0.46 0.01 135.28
0.454 0.008 135.31
0.448 0.008 135.34
0.442 0.007 135.38
0.438 0.006 135.41
0.435 0.005 135.44
0.433 0.004 135.48
0.431 0.003 135.51
0.429 0.003 135.54
0.429 0.002 135.59
0.43 0.002 135.62
0.43 0.002 135.65
0.432 0.002 135.67
0.434 0.003 135.71
0.434 0.003 135.74
0.435 0.001 135.82
0.436 0.001 135.84
0.435 0.005 135.87
0.436 0.002 135.9
0.437 0.002 135.93
0.439 0.002 135.96
0.441 0.002 135.99
0.442 0.003 136.02
0.444 0.002 136.05
0.444 0.003 136.08
0.444 0.002 136.12
0.444 0.002 136.14
0.443 0.002 136.17
0.44 0.003 136.21
0.438 0.002 136.24
0.437 0.003 136.27
0.434 0.003 136.31
0.434 0.004 136.34
0.432 0.002 136.37
0.431 0.002 136.41
0.43 0.002 136.44
0.429 0.001 136.47
0.429 0.0 136.51
0.429 0.001 136.54
0.43 0.001 136.58
0.431 0.002 136.61
0.431 0.001 136.64
0.433 0.001 136.68
0.433 0.003 136.71
0.435 0.002 136.74
0.436 0.002 136.77
0.437 0.002 136.81
0.438 0.001 136.84
0.438 0.002 136.88
0.437 0.003 136.91
0.435 0.003 136.94
0.433 0.004 136.97
0.43 0.004 137.01
0.427 0.005 137.04
0.424 0.005 137.07
0.421 0.006 137.11
0.416 0.005 137.14
0.413 0.005 137.18
0.41 0.005 137.21
0.406 0.004 137.24
0.404 0.003 137.27
0.403 0.002 137.31
0.4 0.003 137.34
0.398 0.002 137.37
0.396 0.003 137.41
0.393 0.004 137.44
0.391 0.003 137.47
0.389 0.005 137.51
0.389 0.0 137.54
0.387 0.003 137.57
0.387 0.001 137.61
0.388 0.001 137.65
0.39 0.003 137.67
0.393 0.004 137.71
0.398 0.005 137.74
0.403 0.006 137.77
0.409 0.007 137.81
0.415 0.008 137.84
0.423 0.009 137.87
0.432 0.01 137.91
0.441 0.011 137.94
0.45 0.011 137.97
0.461 0.013 138.01
0.472 0.012 138.04
0.484 0.012 138.07
0.496 0.013 138.11
0.51 0.015 138.14
0.524 0.015 138.17
0.538 0.014 138.21
0 0 138.24
0.569 0.033 138.27
0 0 138.3
0 0 138.34
0 0 138.37
0 0 138.4
0 0 138.44
0 0 138.47
0 0 138.5
0 0 138.54
0 0 138.57
0 0 138.6
0 0 138.64
0 0 138.67
0 0 138.7
0 0 138.74
0 0 138.77
0 0 138.81
0 0 138.84
0 0 138.89
0 0 138.92
0 0 138.95
0 0 138.97
0 0 139.01
0 0 139.04
0 0 139.07
0 0 139.1
0 0 139.14
0 0 139.17
0 0 139.25
0 0 139.28
0 0 139.29
0 0 139.31
0 0 139.34
0 0 139.37
0 0 139.41
0 0 139.44
0 0 139.47
0 0 139.5
0 0 139.54
0 0 139.57
0 0 139.6
0 0 139.64
0 0 139.67
0 0 139.7
0 0 139.74
0 0 139.77
0 0 139.8
0 0 139.84
0 0 139.87
0 0 139.9
0 0 139.94
0 0 139.97
0 0 140.0
0 0 140.04
0 0 140.07
0 0 140.1
0 0 140.14
0 0 140.17
0 0 140.21
0 0 140.24
0 0 140.27
0 0 140.3
0 0 140.34
0 0 140.37
0 0 140.4
0 0 140.44
0 0 140.47
0 0 140.5
0 0 140.54
0 0 140.57
0 0 140.6
0 0 140.66
0 0 140.67
0 0 140.7
0 0 140.74
0 0 140.77
0 0 140.8
0 0 140.84
0 0 140.87
0 0 140.91
0 0 140.94
0 0 140.97
0 0 141.0
0 0 141.04
0 0 141.07
0 0 141.1
0 0 141.14
0 0 141.17
0 0 141.2
0 0 141.24
0 0 141.27
0 0 141.3
0 0 141.34
0 0 141.37
0 0 141.4
0 0 141.44
0 0 141.47
0 0 141.5
0 0 141.55
0 0 141.58
0 0 141.61
0 0 141.64
0 0 141.67
0 0 141.7
0 0 141.74
0 0 141.77
0 0 141.8
0 0 141.84
0 0 141.87
0 0 141.9
0 0 141.94
0 0 141.97
0 0 142.01
0 0 142.04
0 0 142.08
0 0 142.1
0 0 142.14
0 0 142.17
0 0 142.2
0 0 142.24
0 0 142.27
0 0 142.3
0 0 142.34
0 0 142.37
0 0 142.4
0 0 142.44
0 0 142.47
0 0 142.5
0 0 142.54
0 0 142.57
0 0 142.6
0 0 142.64
0 0 142.67
0 0 142.7
0 0 142.74
0 0 142.77
0 0 142.82
0 0 142.85
0 0 142.87
0 0 142.91
0 0 142.94
0 0 142.97
0 0 143.0
0 0 143.04
0 0 143.07
0 0 143.1
0 0 143.14
0 0 143.17
0 0 143.2
0 0 143.24
0 0 143.27
0 0 143.3
0 0 143.34
0 0 143.37
0 0 143.4
0 0 143.44
0 0 143.47
0 0 143.5
0 0 143.54
0 0 143.57
0 0 143.61
0 0 143.64
0 0 143.67
0 0 143.7
0 0 143.73
0 0 143.77
0 0 143.8
0 0 143.84
0 0 143.87
0 0 143.9
0 0 143.93
0 0 143.97
0 0 144.0
0 0 144.03
0 0 144.07
0 0 144.1
0 0 144.13
0 0 144.17
0 0 144.2
0 0 144.23
0 0 144.28
0 0 144.31
0 0 144.34
0 0 144.37
0 0 144.41
0 0 144.44
0 0 144.47
0 0 144.5
0 0 144.53
0 0 144.58
0 0 144.6
0 0 144.64
0 0 144.67
0 0 144.7
0 0 144.73
0 0 144.77
0 0 144.8
0 0 144.84
0 0 144.87
0 0 144.9
0 0 144.94
0 0 144.97
0 0 145.0
0 0 145.04
0 0 145.07
0 0 145.1
0 0 145.13
0 0 145.17
0 0 145.2
0 0 145.24
0 0 145.27
0 0 145.31
0 0 145.34
0 0 145.37
0 0 145.4
0 0 145.43
0 0 145.47
0 0 145.5
0 0 145.53
0 0 145.57
0 0 145.61
0 0 145.64
0 0 145.67
0 0 145.7
0 0 145.73
0 0 145.77
0 0 145.8
0 0 145.84
0 0 145.87
0 0 145.91
0 0 145.94
0 0 145.97
0 0 146.0
0 0 146.04
0 0 146.07
0 0 146.1
0 0 146.14
0 0 146.17
0 0 146.22
0 0 146.23
0 0 146.27
0 0 146.3
0 0 146.34
0 0 146.37
0 0 146.4
0 0 146.44
0 0 146.47
0 0 146.5
0 0 146.54
0 0 146.57
0 0 146.6
0 0 146.66
0 0 146.68
0 0 146.7
0 0 146.73
0 0 146.77
0 0 146.8
0 0 146.84
0 0 146.87
0 0 146.9
0 0 146.94
0 0 146.97
0 0 147.0
0 0 147.04
0 0 147.07
0 0 147.1
0 0 147.14
0 0 147.17
0 0 147.2
0 0 147.24
0 0 147.27
0 0 147.3
0 0 147.34
0 0 147.37
0 0 147.4
0 0 147.43
0 0 147.47
0 0 147.5
0 0 147.53
0 0 147.57
0 0 147.6
0 0 147.63
0 0 147.67
0 0 147.7
0 0 147.73
0 0 147.77
0 0 147.8
0 0 147.84
0 0 147.87
0 0 147.9
0 0 147.93
0 0 147.97
0 0 148.01
0 0 148.04
0 0 148.07
0 0 148.1
0 0 148.14
0 0 148.17
0 0 148.2
0 0 148.23
0 0 148.27
0 0 148.3
0 0 148.34
0 0 148.37
0 0 148.4
0 0 148.43
0 0 148.47
0 0 148.51
0 0 148.54
0 0 148.57
0 0 148.6
0 0 148.63
0 0 148.67
0 0 148.7
0 0 148.73
0 0 148.77
0 0 148.8
0 0 148.84
0 0 148.87
0 0 148.9
0 0 148.93
0 0 148.97
0 0 149.0
0 0 149.04
0 0 149.07
0 0 149.1
0 0 149.14
0 0 149.17
0 0 149.2
0 0 149.24
0 0 149.27
0 0 149.3
0 0 149.34
0 0 149.37
0 0 149.41
0 0 149.44
0 0 149.47
0 0 149.5
0 0 149.53
0 0 149.57
0 0 149.6
0 0 149.63
0 0 149.67
0 0 149.7
0 0 149.74
0 0 149.77
0 0 149.8
0 0 149.84
0 0 149.87
0 0 149.9
0 0 149.93
0 0 149.97
0 0 150.0
0 0 150.03
0 0 150.07
0 0 150.1
0 0 150.13
0 0 150.17
0 0 150.2
0 0 150.23
0 0 150.27
0 0 150.3
0 0 150.34
0 0 150.37
0 0 150.4
0 0 150.44
0 0 150.47
0 0 150.5
0 0 150.53
0 0 150.58
0 0 150.62
0 0 150.64
0 0 150.67
0 0 150.7
0 0 150.73
0 0 150.77
0 0 150.8
0 0 150.84
0 0 150.87
0 0 150.9
0 0 150.94
0 0 150.97
0 0 151.0
0 0 151.04
0 0 151.07
0 0 151.1
0 0 151.13
0 0 151.17
0 0 151.2
0 0 151.24
0 0 151.27
0 0 151.3
0 0 151.33
0 0 151.37
0 0 151.4
0 0 151.43
0 0 151.47
0 0 151.5
0 0 151.53
0 0 151.57
0 0 151.6
0 0 151.63
0 0 151.67
0 0 151.7
0 0 151.74
0 0 151.77
0 0 151.8
0 0 151.84
0 0 151.87
0 0 151.9
0 0 151.94
0 0 151.97
0 0 152.0
0 0 152.04
0 0 152.07
0 0 152.1
0 0 152.13
0 0 152.17
0 0 152.2
0 0 152.23
0 0 152.27
0 0 152.3
0 0 152.34
0 0 152.37
0 0 152.4
0 0 152.43
0 0 152.47
0 0 152.5
0 0 152.53
0 0 152.57
0 0 152.6
0 0 152.63
0 0 152.67
0 0 152.7
0 0 152.73
0 0 152.77
0 0 152.8
0 0 152.85
0 0 152.88
0 0 152.9
0 0 152.93
0 0 152.97
0 0 153.0
0 0 153.03
0 0 153.07
0 0 153.1
0 0 153.13
0 0 153.17
0 0 153.2
0 0 153.23
0 0 153.27
0 0 153.3
0 0 153.33
0 0 153.37
0 0 153.41
0 0 153.43
0 0 153.47
0 0 153.5
0 0 153.54
0 0 153.57
0 0 153.6
0 0 153.63
0 0 153.67
0 0 153.7
0 0 153.73
0 0 153.77
0 0 153.8
0 0 153.83
0 0 153.87
0 0 153.9
0 0 153.93
0 0 153.97
0 0 154.0
0 0 154.03
0 0 154.07
0 0 154.1
0 0 154.13
0 0 154.17
0 0 154.2
0 0 154.23
0 0 154.27
0 0 154.3
0 0 154.33
0 0 154.37
0 0 154.4
0 0 154.43
0 0 154.47
0 0 154.5
0 0 154.53
0 0 154.58
0 0 154.6
0 0 154.63
0 0 154.67
0 0 154.7
0 0 154.73
0 0 154.77
0 0 154.8
0 0 154.83
0 0 154.87
0 0 154.9
0 0 154.93
0 0 154.97
0 0 155.0
0 0 155.03
0 0 155.06
0 0 155.1
0 0 155.14
0 0 155.17
0 0 155.2
0 0 155.23
0 0 155.27
0 0 155.3
0 0 155.33
0 0 155.37
0 0 155.4
0 0 155.43
0 0 155.47
0 0 155.5
0 0 155.53
0 0 155.57
0 0 155.6
0 0 155.63
0 0 155.67
0 0 155.7
0 0 155.73
0 0 155.77
0 0 155.8
0 0 155.83
0 0 155.87
0 0 155.9
0 0 155.93
0 0 155.97
0 0 156.0
0 0 156.03
0 0 156.07
0 0 156.1
0 0 156.13
0 0 156.17
0 0 156.2
0 0 156.23
0 0 156.27
0 0 156.3
0 0 156.33
0 0 156.37
0 0 156.4
0 0 156.43
0 0 156.47
0 0 156.5
0 0 156.53
0 0 156.57
0 0 156.6
0 0 156.63
0 0 156.67
0 0 156.7
0 0 156.73
0 0 156.77
0 0 156.8
0 0 156.83
0 0 156.87
0 0 156.9
0 0 156.93
0 0 156.97
0 0 157.0
0 0 157.03
0 0 157.06
0 0 157.1
0 0 157.13
0.699 0.26 157.17
0 0 157.2
0.692 0.007 157.24
0.7 0.009 157.27
0 0 157.31
0 0 157.34
0 0 157.37
0 0 157.4
0 0 157.43
0 0 157.46
0 0 157.5
0 0 157.53
0 0 157.57
0 0 157.6
0 0 157.63
0 0 157.67
0 0 157.7
0 0 157.73
0 0 157.77
0 0 157.8
0 0 157.83
0 0 157.87
0 0 157.9
0 0 157.93
0 0 157.97
0 0 158.0
0 0 158.03
0 0 158.06
0 0 158.1
0 0 158.13
0 0 158.17
0 0 158.2
0 0 158.23
0 0 158.27
0 0 158.3
0 0 158.33
0 0 158.37
0 0 158.4
0 0 158.43
0.646 0.116 158.47
0.643 0.011 158.5
0.643 0.011 158.53
0.654 0.019 158.57
0.645 0.01 158.6
0.652 0.011 158.63
0.652 0.003 158.67
0.656 0.004 158.7
0.655 0.006 158.74
0.659 0.004 158.77
0.659 0.008 158.8
0 0 158.84
0.66 0.015 158.87
0.654 0.019 158.9
0.657 0.006 158.94
0.665 0.008 158.97
0.668 0.007 159.0
0.667 0.007 159.03
0.668 0.003 159.09
0.667 0.004 159.12
0 0 159.15
0.657 0.011 159.18
0 0 159.21
0 0 159.23
0 0 159.27
0 0 159.3
0.663 0.012 159.33
0.665 0.002 159.37
0.665 0.003 159.4
0.671 0.005 159.43
0.671 0.004 159.47
0.674 0.004 159.5
0.671 0.009 159.53
0 0 159.57
0 0 159.6
0 0 159.63
0.674 0.013 159.68
0 0 159.71
0.671 0.008 159.74
0.672 0.003 159.77
0.669 0.007 159.8
0.67 0.003 159.84
0.676 0.004 159.87
0.673 0.008 159.9
0.674 0.002 159.95
0.677 0.002 159.97
0 0 160.0
0.679 0.006 160.03
0.679 0.002 160.07
0.684 0.003 160.1
0.683 0.003 160.13
0 0 160.17
0.695 0.014 160.2
0.692 0.006 160.23
0 0 160.26
0.699 0.007 160.31
0.705 0.005 160.34
0.707 0.006 160.37
0 0 160.4
0 0 160.43
0 0 160.46
0.716 0.02 160.51
0 0 160.53
0 0 160.57
0 0 160.6
0 0 160.63
0 0 160.67
0 0 160.7
0 0 160.74
0 0 160.77
0 0 160.81
0.715 0.018 160.84
0 0 160.87
0.712 0.015 160.9
0.704 0.008 160.94
0.703 0.006 160.97
0.698 0.006 161.0
0.694 0.006 161.03
0.692 0.005 161.07
0.691 0.004 161.1
0.689 0.004 161.14
0.691 0.007 161.17
0.688 0.005 161.2
0.688 0.003 161.23
0.688 0.002 161.27
0.687 0.002 161.3
0.683 0.006 161.35
0.684 0.002 161.38
0.685 0.001 161.41
0.683 0.004 161.44
0 0 161.47
0.686 0.005 161.5
0.687 0.001 161.55
0.687 0.001 161.57
0.688 0.001 161.6
0.686 0.004 161.64
0.685 0.002 161.68
0.685 0.001 161.71
0 0 161.73
0.687 0.001 161.77
0.688 0.002 161.81
0.692 0.003 161.84
0.691 0.002 161.88
0.689 0.004 161.91
0.696 0.008 161.94
0.692 0.008 161.97
0.698 0.007 162.0
0.702 0.004 162.03
0.704 0.003 162.08
0.707 0.003 162.11
0.705 0.006 162.14
0.711 0.006 162.18
0.709 0.007 162.2
0.712 0.004 162.23
0.714 0.002 162.27
0 0 162.3
0.718 0.005 162.34
0.719 0.001 162.37
0.725 0.007 162.4
0.722 0.005 162.43
0.721 0.002 162.47
0.726 0.006 162.5
0 0 162.53
0 0 162.57
0.729 0.003 162.6
0.726 0.004 162.63
0.729 0.005 162.67
0 0 162.7
0.73 0.0 162.74
0.725 0.008 162.77
0.727 0.003 162.8
0.725 0.004 162.84
0.726 0.001 162.87
0 0 162.9
0.73 0.005 162.93
0.731 0.003 162.97
0.731 0.003 163.0
0 0 163.03
0 0 163.07
0.733 0.015 163.1
0 0 163.13
0 0 163.17
0 0 163.2
0 0 163.23
0 0 163.26
0 0 163.3
0 0 163.33
0 0 163.36
0 0 163.4
0 0 163.43
0 0 163.46
0 0 163.5
0 0 163.53
0 0 163.56
0 0 163.61
0 0 163.63
0 0 163.67
0 0 163.7
0 0 163.73
0.575 0.201 163.77
0 0 163.8
0.547 0.038 163.84
0 0 163.86
0 0 163.9
0.523 0.033 163.93
0.516 0.011 163.97
0.509 0.01 164.0
0.504 0.007 164.04
0.498 0.009 164.07
0.492 0.008 164.1
0.488 0.007 164.14
0.483 0.007 164.17
0.478 0.007 164.2
0.473 0.007 164.24
0.47 0.006 164.28
0.465 0.006 164.32
0.46 0.006 164.35
0.455 0.007 164.38
0.45 0.006 164.41
0.446 0.005 164.44
0.442 0.005 164.47
0.438 0.005 164.5
0.435 0.005 164.54
0.432 0.003 164.57
0.43 0.003 164.6
0.429 0.003 164.64
0.429 0.001 164.67
0.428 0.001 164.73
0.429 0.001 164.76
0.43 0.001 164.78
0.43 0.001 164.82
0.43 0.001 164.85
0.429 0.001 164.88
0.428 0.001 164.91
0.427 0.001 164.94
0.426 0.001 164.97
0.425 0.001 165.0
0.424 0.002 165.03
0.423 0.002 165.07
0.423 0.001 165.1
0.423 0.002 165.13
0.422 0.002 165.17
0.421 0.001 165.2
0.42 0.002 165.23
0.42 0.0 165.27
0.421 0.0 165.3
0.421 0.001 165.34
0.421 0.001 165.37
0.42 0.001 165.4
0.42 0.0 165.44
0.42 0.001 165.47
0.421 0.001 165.5
0.421 0.001 165.54
0.422 0.001 165.57
0.423 0.002 165.6
0.426 0.003 165.63
0.428 0.002 165.67
0.43 0.003 165.7
0.432 0.003 165.74
0.434 0.003 165.77
0.436 0.002 165.81
0.437 0.002 165.84
0.439 0.002 165.87
0.441 0.003 165.9
0.442 0.002 165.96
0.443 0.003 165.98
0.445 0.003 166.02
0.446 0.004 166.05
0.448 0.005 166.08
0.451 0.007 166.11
0.456 0.008 166.13
0.462 0.01 166.17
0.469 0.011 166.2
0.477 0.012 166.24
0.488 0.014 166.27
0.5 0.014 166.3
0.512 0.013 166.33
0.524 0.014 166.37
0.538 0.015 166.4
0.554 0.02 166.43
0 0 166.46
0 0 166.5
0 0 166.53
0 0 166.56
0 0 166.6
0 0 166.63
0 0 166.67
0 0 166.7
0 0 166.73
0 0 166.76
0 0 166.8
0 0 166.83
0 0 166.86
0 0 166.9
0 0 166.93
0 0 166.96
0 0 167.0
0 0 167.03
0 0 167.06
0 0 167.1
0 0 167.13
0 0 167.17
0 0 167.2
0 0 167.23
0 0 167.26
0 0 167.3
0 0 167.33
0 0 167.36
0 0 167.4
0 0 167.43
0 0 167.47
0 0 167.5
0 0 167.53
0 0 167.57
0 0 167.6
0 0 167.65
0 0 167.68
0 0 167.7
0 0 167.73
0 0 167.77
0 0 167.8
0 0 167.83
0 0 167.86
0 0 167.9
0 0 167.93
0 0 167.96
0 0 168.0
0 0 168.03
0 0 168.07
0 0 168.1
0 0 168.13
0 0 168.17
0 0 168.2
0 0 168.23
0 0 168.27
0 0 168.3
0 0 168.33
0 0 168.37
0 0 168.41
0 0 168.44
0 0 168.47
0 0 168.5
0 0 168.53
0 0 168.57
0 0 168.6
0 0 168.63
0 0 168.67
0 0 168.7
0 0 168.73
0 0 168.77
0 0 168.8
0 0 168.83
0 0 168.86
0 0 168.9
0 0 168.93
0 0 168.96
0 0 169.0
0 0 169.03
0 0 169.06
0 0 169.1
0 0 169.13
0 0 169.17
0 0 169.2
0 0 169.23
0 0 169.26
0 0 169.3
0 0 169.33
0 0 169.36
0 0 169.4
0 0 169.43
0 0 169.47
0 0 169.5
0 0 169.53
0 0 169.57
0 0 169.6
0 0 169.63
0 0 169.67
0 0 169.7
0 0 169.73
0 0 169.76
0 0 169.8
0 0 169.83
0 0 169.86
0 0 169.9
0 0 169.93
0 0 169.96
0 0 170.0
0 0 170.03
0 0 170.06
0 0 170.1
0 0 170.13
0 0 170.17
0 0 170.2
0 0 170.23
0 0 170.26
0 0 170.3
0 0 170.33
0 0 170.37
0 0 170.4
0.662 0.11 170.44
0 0 170.47
0.625 0.039 170.5
0.602 0.027 170.54
0.581 0.022 170.57
0.562 0.021 170.6
0.544 0.02 170.64
0.527 0.02 170.67
0.513 0.015 170.7
0.5 0.015 170.73
0.489 0.013 170.77
0.48 0.011 170.8
0.471 0.012 170.84
0.465 0.01 170.87
0.459 0.009 170.9
0.456 0.008 170.94
0.453 0.007 170.97
0.452 0.007 171.0
0.452 0.006 171.03
0.451 0.005 171.07
0.451 0.005 171.1
0.45 0.005 171.13
0.449 0.004 171.17
0.447 0.004 171.2
0.445 0.004 171.24
0.443 0.003 171.27
0.442 0.003 171.3
0.441 0.003 171.34
0.44 0.003 171.37
0.438 0.004 171.4
0.437 0.003 171.43
0.436 0.001 171.47
0.436 0.002 171.51
0.435 0.001 171.54
0.435 0.002 171.57
0.434 0.001 171.6
0.434 0.002 171.63
0.433 0.001 171.67
0.433 0.002 171.7
0.432 0.001 171.73
0.431 0.001 171.77
0.431 0.004 171.8
0.43 0.004 171.84
0.431 0.001 171.87
0.432 0.002 171.9
0.433 0.002 171.93
0.434 0.003 171.97
0.434 0.001 172.0
0.433 0.001 172.03
0.433 0.002 172.07
0.433 0.003 172.1
0.434 0.003 172.15
0.436 0.004 172.18
0.438 0.004 172.21
0.441 0.005 172.23
0.444 0.006 172.27
0.449 0.007 172.3
0.453 0.008 172.34
0.459 0.01 172.37
0.466 0.011 172.4
0.474 0.012 172.45
0.483 0.013 172.49
0.494 0.014 172.52
0.506 0.015 172.54
0.52 0.015 172.57
0.535 0.018 172.6
0.551 0.018 172.63
0.568 0.018 172.67
0.585 0.019 172.7
0.603 0.019 172.73
0.623 0.023 172.77
0 0 172.8
0 0 172.83
0 0 172.86
0 0 172.9
0 0 172.93
0 0 172.96
0 0 173.0
0 0 173.03
0 0 173.06
0 0 173.1
0 0 173.13
0 0 173.16
0 0 173.2
0 0 173.23
0 0 173.26
0 0 173.3
0 0 173.33
0 0 173.36
0 0 173.4
0 0 173.43
0 0 173.46
0 0 173.5
0 0 173.53
0 0 173.56
0 0 173.6
0 0 173.63
0 0 173.66
0 0 173.7
0 0 173.73
0 0 173.76
0 0 173.8
0 0 173.83
0 0 173.86
0 0 173.9
0 0 173.93
0 0 173.96
0 0 174.0
0 0 174.03
0 0 174.06
0 0 174.1
0 0 174.13
0 0 174.16
0 0 174.2
0 0 174.23
0 0 174.26
0 0 174.3
0 0 174.33
0 0 174.36
0 0 174.4
0 0 174.43
0 0 174.47
0 0 174.5
0 0 174.53
0 0 174.57
0 0 174.6
0 0 174.63
0 0 174.67
0 0 174.7
0 0 174.73
0 0 174.76
0.608 0.029 174.8
0.587 0.023 174.83
0.57 0.017 174.87
0.553 0.019 174.9
0.539 0.015 174.94
0.525 0.016 174.97
0.515 0.012 175.0
0.505 0.012 175.04
0.496 0.011 175.07
0.488 0.011 175.1
0.483 0.008 175.13
0.477 0.009 175.17
0.473 0.007 175.2
0.47 0.006 175.23
0.468 0.005 175.27
0.465 0.005 175.3
0.463 0.005 175.33
0.46 0.005 175.37
0.457 0.004 175.4
0.455 0.004 175.43
0.454 0.004 175.47
0.452 0.003 175.5
0.45 0.003 175.53
0.448 0.002 175.57
0.447 0.002 175.6
0.446 0.002 175.63
0.446 0.001 175.67
0.445 0.004 175.7
0.444 0.001 175.73
0.443 0.002 175.77
0.443 0.001 175.8
0.442 0.001 175.83
0.443 0.001 175.87
0.443 0.001 175.9
0.443 0.002 175.93
0.444 0.002 175.97
0.446 0.002 176.0
0.448 0.003 176.03
0.448 0.002 176.07
0.449 0.002 176.1
0.449 0.002 176.13
0.449 0.0 176.17
0.448 0.001 176.2
0.448 0.002 176.23
0.447 0.002 176.27
0.446 0.003 176.3
0.445 0.002 176.34
0.443 0.002 176.37
0.443 0.002 176.4
0.442 0.003 176.43
0.441 0.001 176.47
0.44 0.001 176.5
0.439 0.002 176.53
0.438 0.001 176.57
0.436 0.002 176.6
0.434 0.002 176.63
0.432 0.002 176.67
0.43 0.002 176.7
0.428 0.002 176.73
0.428 0.002 176.77
0.429 0.001 176.8
0.429 0.002 176.83
0.43 0.001 176.87
0.431 0.001 176.9
0.43 0.001 176.93
0.431 0.001 176.97
0.431 0.001 177.0
0.431 0.001 177.03
0.431 0.001 177.07
0.43 0.002 177.1
0.43 0.002 177.13
0.429 0.002 177.17
0.429 0.001 177.2
0.428 0.002 177.23
0.426 0.001 177.27
0.426 0.002 177.3
0.426 0.001 177.33
0.426 0.001 177.37
0.426 0.003 177.4
0.426 0.002 177.43
0.425 0.002 177.47
0.425 0.001 177.5
0.425 0.001 177.53
0.426 0.002 177.57
0.427 0.004 177.6
0.429 0.004 177.63
0.431 0.003 177.67
0.433 0.005 177.7
0.435 0.004 177.73
0.437 0.005 177.77
0.438 0.006 177.8
0.441 0.005 177.83
0.446 0.005 177.87
0.45 0.006 177.9
0.456 0.007 177.93
0.463 0.009 177.97
0.473 0.011 178.0
0.483 0.013 178.03
0.494 0.013 178.07
0.507 0.015 178.1
0.521 0.017 178.14
0.537 0.018 178.17
0.554 0.02 178.21
0.571 0.02 178.23
0 0 178.26
0 0 178.3
0 0 178.33
0 0 178.36
0 0 178.4
0 0 178.43
0 0 178.46
0 0 178.5
0 0 178.53
0 0 178.56
0 0 178.6
0 0 178.63
0 0 178.66
0 0 178.7
0 0 178.73
0 0 178.76
0 0 178.8
0 0 178.83
0 0 178.87
0 0 178.9
0 0 178.93
0 0 178.96
0 0 179.0
0 0 179.03
0 0 179.06
0 0 179.09
0 0 179.13
0 0 179.16
0 0 179.2
0 0 179.23
0 0 179.26
0 0 179.29
0 0 179.33
0 0 179.36
0 0 179.39
0 0 179.43
0 0 179.46
0 0 179.5
0 0 179.53
0 0 179.56
0 0 179.59
0 0 179.63
0 0 179.66
0 0 179.69
0 0 179.73
0 0 179.76
0 0 179.79
0 0 179.83
0 0 179.86
0 0 179.9
0 0 179.93
0 0 179.96
0 0 180.0
0 0 180.03
0 0 180.06
0 0 180.09
0 0 180.13
0 0 180.16
0 0 180.19
0 0 180.23
0 0 180.26
0 0 180.3
0 0 180.33
0 0 180.36
0 0 180.39
0 0 180.43
0 0 180.46
0 0 180.5
0 0 180.53
0 0 180.56
0 0 180.6
0 0 180.63
0 0 180.66
0 0 180.69
0 0 180.73
0 0 180.76
0 0 180.8
0 0 180.83
0 0 180.86
0 0 180.89
0 0 180.93
0 0 180.97
0 0 180.99
0 0 181.03
0 0 181.06
0 0 181.09
0 0 181.13
0 0 181.16
0 0 181.19
0 0 181.23
0 0 181.26
0 0 181.29
0 0 181.33
0 0 181.36
0 0 181.39
0 0 181.43
0 0 181.46
0 0 181.5
0 0 181.53
0 0 181.56
0 0 181.6
0 0 181.63
0 0 181.66
0 0 181.69
0 0 181.73
0 0 181.76
0 0 181.79
0 0 181.83
0 0 181.86
0 0 181.9
0 0 181.93
0 0 181.96
0 0 182.0
0 0 182.03
0 0 182.06
0 0 182.09
0 0 182.13
0 0 182.16
0 0 182.19
0.574 0.014 182.23
0.559 0.016 182.26
0.541 0.018 182.32
0.525 0.019 182.33
0.511 0.016 182.36
0.499 0.014 182.4
0.49 0.011 182.43
0.483 0.01 182.46
0.477 0.008 182.5
0.472 0.008 182.53
0.469 0.007 182.56
0.466 0.005 182.6
0.463 0.005 182.63
0.462 0.004 182.66
0.46 0.004 182.7
0.457 0.003 182.73
0.456 0.003 182.76
0.454 0.003 182.8
0.452 0.002 182.83
0.451 0.002 182.86
0.45 0.001 182.9
0.447 0.002 182.93
0.446 0.002 182.98
0.445 0.003 183.01
0.443 0.002 183.04
0.442 0.001 183.07
0.442 0.002 183.1
0.442 0.001 183.13
0.441 0.001 183.16
0.441 0.001 183.2
0.441 0.002 183.24
0.44 0.002 183.27
0.439 0.002 183.3
0.438 0.002 183.33
0.438 0.001 183.36
0.435 0.003 183.4
0.434 0.004 183.43
0.434 0.001 183.46
0.433 0.001 183.5
0.434 0.001 183.53
0.435 0.002 183.56
0.434 0.001 183.6
0.436 0.001 183.63
0.436 0.002 183.67
0.436 0.002 183.7
0.437 0.002 183.73
0.437 0.004 183.76
0.437 0.003 183.8
0.436 0.003 183.83
0.436 0.003 183.86
0.437 0.003 183.9
0.437 0.001 183.93
0.438 0.002 183.96
0.439 0.001 184.0
0.438 0.001 184.03
0.438 0.001 184.06
0.438 0.001 184.1
0.438 0.003 184.13
0.436 0.001 184.16
0.437 0.003 184.2
0.438 0.002 184.23
0.437 0.002 184.26
0.438 0.003 184.3
0.439 0.002 184.33
0.438 0.003 184.36
0.44 0.002 184.4
0.442 0.002 184.43
0.441 0.002 184.46
0.443 0.003 184.5
0.444 0.003 184.53
0.446 0.003 184.56
0.446 0.002 184.6
0.448 0.002 184.63
0.45 0.002 184.66
0.45 0.002 184.7
0.451 0.002 184.73
0.453 0.002 184.76
0.453 0.002 184.8
0.455 0.002 184.83
0.458 0.003 184.87
0.46 0.004 184.9
0.464 0.005 184.93
0.468 0.007 184.96
0.474 0.006 185.0
0.477 0.007 185.03
0 0 185.06
0.492 0.019 185.1
0.5 0.015 185.13
0 0 185.16
0 0 185.19
0 0 185.23
0 0 185.26
0 0 185.29
0 0 185.33
0 0 185.36
0 0 185.39
0 0 185.43
0 0 185.46
0 0 185.5
0 0 185.53
0 0 185.56
0 0 185.59
0 0 185.63
0 0 185.66
0 0 185.69
0 0 185.73
0 0 185.76
0 0 185.79
0 0 185.83
0 0 185.86
0 0 185.9
0 0 185.93
0 0 185.96
0 0 186.0
0 0 186.03
0 0 186.06
0 0 186.1
0 0 186.13
0 0 186.16
0 0 186.2
0 0 186.24
0 0 186.27
0 0 186.29
0 0 186.33
0 0 186.36
0 0 186.39
0 0 186.43
0 0 186.46
0 0 186.49
0 0 186.53
0 0 186.56
0 0 186.59
0 0 186.63
0 0 186.66
0 0 186.69
0 0 186.73
0 0 186.76
0 0 186.79
0 0 186.83
0 0 186.86
0 0 186.89
0 0 186.93
0 0 186.96
0 0 187.0
0 0 187.03
0 0 187.06
0 0 187.09
0 0 187.13
0 0 187.16
0 0 187.19
0 0 187.23
0 0 187.26
0 0 187.29
0 0 187.33
0 0 187.36
0 0 187.39
0 0 187.43
0 0 187.46
0 0 187.5
0 0 187.53
0 0 187.56
0 0 187.59
0 0 187.63
0 0 187.66
0 0 187.69
0 0 187.73
0 0 187.76
0 0 187.79
0 0 187.83
0 0 187.86
0 0 187.89
0 0 187.93
0 0 187.96
0 0 187.99
0 0 188.03
0 0 188.06
0 0 188.09
0 0 188.13
0 0 188.16
0 0 188.19
0 0 188.23
0 0 188.26
0 0 188.29
0 0 188.33
0 0 188.36
0 0 188.4
0 0 188.43
0 0 188.46
0 0 188.49
0 0 188.53
0 0 188.56
0 0 188.59
0 0 188.63
0 0 188.66
0 0 188.69
0 0 188.73
0 0 188.76
0 0 188.79
0 0 188.83
0 0 188.86
0 0 188.89
0 0 188.93
0 0 188.96
0 0 188.99
0 0 189.03
0 0 189.06
0 0 189.09
0 0 189.13
0 0 189.16
0 0 189.19
0 0 189.23
0 0 189.26
0 0 189.29
0 0 189.33
0 0 189.36
0 0 189.39
0 0 189.43
0 0 189.46
0 0 189.52
0 0 189.54
0 0 189.56
0 0 189.59
0 0 189.63
0 0 189.66
0 0 189.69
0 0 189.73
0 0 189.76
0 0 189.79
0 0 189.83
0 0 189.86
0 0 189.89
0 0 189.93
0 0 189.96
0 0 189.99
0 0 190.03
0 0 190.06
0 0 190.09
0 0 190.13
0 0 190.18
0 0 190.19
0 0 190.23
0 0 190.26
0 0 190.29
0 0 190.33
0 0 190.36
0 0 190.39
0 0 190.43
0 0 190.46
0 0 190.49
0 0 190.52
0 0 190.56
0 0 190.59
0 0 190.63
0 0 190.66
0 0 190.69
0 0 190.73
0 0 190.76
0 0 190.79
0 0 190.83
0 0 190.86
0 0 190.89
0 0 190.93
0 0 190.96
0 0 190.99
0 0 191.02
0 0 191.06
0 0 191.09
0 0 191.13
0 0 191.16
0 0 191.19
0 0 191.23
0 0 191.26
0 0 191.3
0 0 191.33
0 0 191.36
0 0 191.39
0 0 191.43
0 0 191.46
0 0 191.49
0 0 191.53
0 0 191.56
0 0 191.59
0 0 191.63
0 0 191.66
0 0 191.69
0 0 191.73
0 0 191.76
0 0 191.79
0 0 191.83
0 0 191.86
0 0 191.89
0 0 191.93
0 0 191.97
0 0 191.99
0 0 192.02
0 0 192.06
0 0 192.09
0 0 192.13
0 0 192.16
0 0 192.19
0 0 192.23
0 0 192.26
0 0 192.29
0 0 192.33
0 0 192.36
0 0 192.39
0 0 192.43
0 0 192.46
0 0 192.49
0 0 192.53
0 0 192.56
0 0 192.59
0 0 192.63
0 0 192.66
0 0 192.69
0 0 192.72
0 0 192.76
0 0 192.79
0 0 192.83
0 0 192.86
0 0 192.89
0 0 192.93
0 0 192.96
0 0 192.99
0 0 193.03
0 0 193.06
0 0 193.09
0 0 193.13
0 0 193.16
0 0 193.19
0 0 193.23
0 0 193.26
0 0 193.29
0 0 193.33
0 0 193.38
0 0 193.41
0 0 193.43
0 0 193.46
0 0 193.49
0 0 193.53
0 0 193.56
0 0 193.59
0 0 193.63
0 0 193.66
0 0 193.69
0 0 193.73
0 0 193.76
0 0 193.79
0 0 193.83
0 0 193.86
0 0 193.89
0 0 193.92
0 0 193.96
0 0 193.99
0 0 194.03
0 0 194.06
0 0 194.09
0 0 194.13
0 0 194.16
0 0 194.19
0 0 194.23
0 0 194.26
0 0 194.29
0 0 194.33
0 0 194.36
0 0 194.39
0 0 194.43
0 0 194.46
0 0 194.49
0 0 194.53
0 0 194.56
0 0 194.59
0 0 194.63
0 0 194.66
0 0 194.69
0 0 194.72
0 0 194.76
0 0 194.79
0 0 194.83
0 0 194.86
0 0 194.89
0 0 194.94
0 0 194.96
0 0 194.99
0 0 195.03
0 0 195.06
0 0 195.11
0 0 195.14
0 0 195.16
0 0 195.19
0 0 195.23
0 0 195.26
0 0 195.29
0 0 195.33
0 0 195.36
0 0 195.39
0 0 195.42
0 0 195.46
0 0 195.49
0 0 195.53
0 0 195.56
0 0 195.59
0 0 195.62
0 0 195.66
0 0 195.69
0 0 195.76
0 0 195.78
0 0 195.79
0 0 195.83
0 0 195.86
0 0 195.89
0 0 195.93
0 0 195.96
0 0 195.99
0 0 196.02
0 0 196.06
0 0 196.09
0 0 196.13
0 0 196.16
0 0 196.19
0 0 196.23
0 0 196.26
0 0 196.29
0 0 196.33
0 0 196.36
0 0 196.39
0 0 196.42
0 0 196.46
0 0 196.49
0 0 196.53
0 0 196.56
0 0 196.59
0 0 196.62
0 0 196.66
0 0 196.69
0 0 196.72
0 0 196.76
0 0 196.79
0 0 196.83
0 0 196.86
0 0 196.89
0 0 196.92
0 0 196.96
0 0 196.99
0 0 197.03
0 0 197.06
0 0 197.1
0 0 197.13
0 0 197.16
0 0 197.19
0 0 197.22
0 0 197.26
0 0 197.29
0 0 197.33
0 0 197.37
0 0 197.39
0 0 197.42
0 0 197.46
0 0 197.49
0 0 197.53
0 0 197.56
0 0 197.59
0 0 197.63
0 0 197.66
0 0 197.69
0 0 197.73
0 0 197.76
0 0 197.79
0 0 197.84
0 0 197.87
0 0 197.89
0 0 197.93
0 0 197.96
0 0 197.99
0 0 198.03
0 0 198.06
0 0 198.09
0 0 198.12
0 0 198.16
0 0 198.19
0 0 198.22
0 0 198.26
0 0 198.29
0 0 198.33
0 0 198.36
0 0 198.39
0 0 198.42
0 0 198.46
0 0 198.49
0 0 198.52
0 0 198.56
0 0 198.59
0 0 198.62
0 0 198.66
0 0 198.69
0 0 198.72
0 0 198.76
0 0 198.79
0 0 198.83
0 0 198.86
0 0 198.89
0 0 198.92
0 0 198.96
0 0 198.99
0 0 199.03
0 0 199.06
0 0 199.09
0 0 199.12
0 0 199.16
0 0 199.19
0 0 199.23
0 0 199.26
0 0 199.29
0 0 199.33
0 0 199.36
0 0 199.39
0 0 199.42
0 0 199.46
0 0 199.49
0 0 199.53
0 0 199.56
0 0 199.59
0 0 199.62
0 0 199.66
0 0 199.69
0 0 199.73
0 0 199.76
0 0 199.79
0 0 199.83
0 0 199.86
0 0 199.89
0 0 199.92
0 0 199.96
0 0 199.99
0 0 200.02
0 0 200.06
0 0 200.09
0 0 200.12
0 0 200.16
0 0 200.19
0 0 200.23
0 0 200.26
0 0 200.29
0 0 200.33
0 0 200.36
0 0 200.39
0 0 200.42
0 0 200.46
0 0 200.49
0 0 200.52
0 0 200.56
0 0 200.59
0 0 200.62
0 0 200.66
0 0 200.69
0 0 200.72
0 0 200.77
0 0 200.8
0 0 200.83
0 0 200.86
0 0 200.92
0 0 200.95
0 0 200.97
0 0 201.0
0 0 201.03
0 0 201.06
0 0 201.09
0 0 201.12
0 0 201.16
0 0 201.19
0 0 201.23
0 0 201.26
0 0 201.29
0 0 201.33
0 0 201.36
0 0 201.39
0 0 201.42
0 0 201.46
0 0 201.49
0 0 201.52
0 0 201.56
0 0 201.59
0 0 201.62
0 0 201.66
0 0 201.69
0 0 201.72
0 0 201.78
0 0 201.79
0 0 201.83
0 0 201.86
0 0 201.89
0 0 201.92
0 0 201.96
0 0 202.0
0 0 202.02
0 0 202.06
0 0 202.09
0 0 202.14
0 0 202.17
0 0 202.19
0 0 202.22
0 0 202.26
0 0 202.29
0 0 202.32
0 0 202.36
0 0 202.39
0 0 202.42
0 0 202.46
0 0 202.49
0 0 202.52
0 0 202.56
0 0 202.59
0 0 202.62
0 0 202.66
0 0 202.69
0 0 202.72
0 0 202.76
0 0 202.79
0 0 202.82
0 0 202.86
0 0 202.89
0 0 202.92
0 0 202.96
0 0 202.99
0 0 203.02
0 0 203.06
0 0 203.09
0 0 203.12
0 0 203.16
0 0 203.19
0 0 203.22
0 0 203.26
0 0 203.29
0 0 203.32
0 0 203.36
0 0 203.39
0 0 203.42
0 0 203.46
0 0 203.49
0 0 203.52
0 0 203.56
0 0 203.59
0 0 203.62
0 0 203.67
0 0 203.7
0 0 203.72
0 0 203.76
0 0 203.79
0 0 203.82
0 0 203.86
0 0 203.89
0 0 203.92
0 0 203.96
0 0 203.99
0 0 204.02
0 0 204.06
0 0 204.09
0 0 204.12
0 0 204.16
0 0 204.19
0 0 204.23
0 0 204.26
0 0 204.29
0 0 204.33
0 0 204.36
0 0 204.39
0 0 204.42
0 0 204.46
0 0 204.49
0 0 204.52
0 0 204.57
0 0 204.6
0 0 204.62
0 0 204.66
0 0 204.69
0 0 204.72
0 0 204.76
0 0 204.79
0 0 204.83
0 0 204.86
0 0 204.89
0 0 204.92
0 0 204.96
0 0 204.99
0 0 205.02
0 0 205.06
0 0 205.09
0 0 205.12
0 0 205.16
0 0 205.19
0 0 205.22
0 0 205.26
0 0 205.29
0 0 205.32
0 0 205.36
0 0 205.39
0 0 205.42
0 0 205.46
0 0 205.49
0 0 205.52
0 0 205.56
0 0 205.59
0 0 205.62
0 0 205.66
0 0 205.69
0 0 205.77
0 0 205.78
0 0 205.8
0 0 205.82
0 0 205.86
0 0 205.89
0 0 205.92
0 0 205.96
0 0 205.99
0 0 206.02
0 0 206.06
0 0 206.09
0 0 206.12
0 0 206.16
0 0 206.19
0 0 206.22
0 0 206.26
0 0 206.29
0 0 206.32
0 0 206.36
0 0 206.39
0 0 206.42
0 0 206.46
0 0 206.49
0 0 206.52
0 0 206.56
0 0 206.59
0 0 206.62
0 0 206.66
0 0 206.69
0 0 206.72
0 0 206.76
0 0 206.79
0 0 206.82
0 0 206.86
0 0 206.89
0 0 206.92
0 0 206.96
0 0 206.99
0 0 207.02
0 0 207.06
0 0 207.09
0 0 207.12
0 0 207.16
0 0 207.19
0 0 207.22
0 0 207.26
0 0 207.29
0 0 207.32
0 0 207.35
0 0 207.39
0 0 207.43
0 0 207.45
0 0 207.49
0 0 207.52
0 0 207.56
0 0 207.59
0 0 207.62
0 0 207.66
0 0 207.69
0 0 207.72
0 0 207.76
0 0 207.79
0 0 207.82
0 0 207.86
0 0 207.89
0 0 207.92
0 0 207.95
0 0 207.99
0 0 208.02
0 0 208.05
0 0 208.09
0 0 208.12
0 0 208.16
0 0 208.19
0 0 208.22
0 0 208.25
0 0 208.29
0 0 208.32
0 0 208.36
0 0 208.39
0 0 208.42
0 0 208.48
0 0 208.5
0 0 208.52
0 0 208.56
0 0 208.59
0 0 208.62
0 0 208.66
0 0 208.69
0 0 208.72
0 0 208.75
0 0 208.79
0 0 208.82
0 0 208.85
0 0 208.89
0 0 208.92
0 0 208.96
0 0 208.99
0 0 209.02
0 0 209.06
0 0 209.09
0 0 209.12
0 0 209.16
0 0 209.19
0 0 209.22
0 0 209.25
0 0 209.29
0 0 209.32
0 0 209.35
0 0 209.39
0 0 209.42
0 0 209.46
0 0 209.5
0 0 209.52
0 0 209.56
0 0 209.59
0 0 209.62
0 0 209.67
0 0 209.69
0 0 209.72
0 0 209.8
0 0 209.82
0 0 209.84
0 0 209.86
0 0 209.89
0 0 209.92
0 0 209.95
0 0 209.99
0 0 210.02
0 0 210.06
0 0 210.09
0 0 210.12
0 0 210.16
0 0 210.19
0 0 210.22
0 0 210.26
0 0 210.29
0 0 210.33
0 0 210.36
0 0 210.4
0 0 210.42
0 0 210.45
0 0 210.49
0 0 210.52
0 0 210.56
0 0 210.59
0 0 210.62
0 0 210.66
0 0 210.69
0 0 210.72
0 0 210.75
0 0 210.79
0 0 210.82
0 0 210.86
0 0 210.89
0 0 210.92
0 0 210.95
0 0 210.99
0 0 211.02
0 0 211.06
0 0 211.09
0 0 211.12
0 0 211.16
0 0 211.19
0 0 211.22
0 0 211.25
0 0 211.31
0 0 211.32
0 0 211.36
0 0 211.39
0 0 211.42
0 0 211.45
0 0 211.49
0 0 211.55
0 0 211.56
0 0 211.59
0 0 211.62
0 0 211.66
0 0 211.7
0 0 211.72
0 0 211.75
0 0 211.79
0 0 211.82
0 0 211.85
0 0 211.89
0 0 211.92
0 0 211.95
0 0 211.99
0 0 212.02
0 0 212.05
0 0 212.09
0 0 212.12
0 0 212.16
0 0 212.19
0 0 212.23
0 0 212.25
0 0 212.29
0 0 212.32
0 0 212.35
0 0 212.39
0 0 212.42
0 0 212.46
0 0 212.49
0 0 212.52
0 0 212.56
0 0 212.59
0 0 212.62
0 0 212.66
0 0 212.69
0 0 212.72
0 0 212.75
0 0 212.79
0 0 212.82
0 0 212.85
0 0 212.89
0 0 212.92
0 0 212.95
0 0 212.99
0 0 213.02
0 0 213.05
0 0 213.09
0 0 213.12
0 0 213.15
0 0 213.19
0 0 213.22
0 0 213.25
0 0 213.29
0 0 213.32
0 0 213.35
0 0 213.39
0 0 213.42
0 0 213.45
0 0 213.49
0 0 213.52
0 0 213.55
0 0 213.59
0 0 213.62
0 0 213.66
0 0 213.69
0 0 213.72
0 0 213.75
0 0 213.79
0 0 213.82
0 0 213.85
0 0 213.89
0 0 213.92
0 0 213.95
0 0 213.99
0 0 214.02
0 0 214.05
0 0 214.09
0 0 214.12
0 0 214.16
0 0 214.19
0 0 214.22
0 0 214.25
0 0 214.29
0 0 214.32
0 0 214.35
0 0 214.39
0 0 214.42
0 0 214.45
0 0 214.49
0 0 214.52
0 0 214.55
0 0 214.61
0 0 214.63
0 0 214.65
0 0 214.69
0 0 214.72
0 0 214.75
0 0 214.79
0 0 214.82
0 0 214.85
0 0 214.89
0 0 214.92
0 0 214.95
0 0 214.99
0 0 215.02
0 0 215.05
0 0 215.09
0 0 215.12
0 0 215.15
0 0 215.19
0 0 215.22
0 0 215.25
0 0 215.29
0 0 215.32
0 0 215.35
0 0 215.39
0 0 215.42
0 0 215.45
0 0 215.49
0 0 215.52
0 0 215.55
0 0 215.59
0 0 215.62
0 0 215.66
0 0 215.69
0 0 215.72
0 0 215.75
0 0 215.79
0 0 215.82
0 0 215.85
0 0 215.89
0 0 215.92
0 0 215.96
0 0 215.99
0 0 216.02
0 0 216.05
0 0 216.09
0 0 216.12
0 0 216.16
0 0 216.19
0 0 216.22
0 0 216.26
0 0 216.29
0 0 216.32
0 0 216.35
0 0 216.39
0 0 216.42
0 0 216.46
0 0 216.49
0 0 216.52
0 0 216.56
0 0 216.59
0 0 216.62
0 0 216.66
0 0 216.69
0 0 216.72
0 0 216.75
0 0 216.79
0 0 216.82
0 0 216.85
0 0 216.89
0 0 216.92
0 0 216.96
0 0 216.99
0 0 217.02
0 0 217.05
0 0 217.09
0 0 217.12
0 0 217.16
0 0 217.19
0 0 217.22
0 0 217.25
0 0 217.29
0 0 217.32
0 0 217.35
0 0 217.39
0 0 217.42
0 0 217.45
0 0 217.49
0 0 217.52
0 0 217.55
0 0 217.59
0 0 217.62
0 0 217.66
0 0 217.69
0 0 217.72
0 0 217.76
0 0 217.8
0 0 217.82
0 0 217.85
0 0 217.89
0 0 217.92
0 0 217.95
0 0 217.99
0 0 218.02
0 0 218.05
0 0 218.09
0 0 218.12
0 0 218.16
0 0 218.19
0 0 218.22
0 0 218.25
0 0 218.29
0 0 218.32
0 0 218.35
0 0 218.39
0 0 218.42
0 0 218.45
0 0 218.49
0 0 218.52
0 0 218.55
0 0 218.59
0 0 218.62
0 0 218.65
0 0 218.69
0 0 218.72
0 0 218.75
0 0 218.79
0 0 218.82
0 0 218.85
0 0 218.89
0 0 218.92
0 0 218.96
0 0 218.99
0 0 219.02
0 0 219.05
0 0 219.09
0 0 219.12
0 0 219.16
0 0 219.19
0 0 219.22
0 0 219.25
0 0 219.29
0 0 219.32
0 0 219.35
0 0 219.41
0 0 219.43
0 0 219.45
0 0 219.49
0 0 219.52
0 0 219.55
0 0 219.59
0 0 219.62
0 0 219.65
0 0 219.69
0 0 219.72
0 0 219.75
0 0 219.79
0 0 219.82
0 0 219.85
0 0 219.89
0 0 219.92
0 0 219.95
0 0 219.99
0 0 220.02
0 0 220.05
0 0 220.09
0 0 220.12
0 0 220.15
0 0 220.19
0 0 220.22
0 0 220.25
0 0 220.29
0 0 220.32
0 0 220.35
0 0 220.39
0 0 220.42
0 0 220.45
0 0 220.49
0 0 220.52
0 0 220.55
0 0 220.59
0 0 220.62
0 0 220.66
0 0 220.69
0 0 220.72
0 0 220.75
0 0 220.79
0 0 220.82
0 0 220.85
0 0 220.89
0 0 220.92
0 0 220.95
0 0 220.99
0 0 221.02
0 0 221.05
0 0 221.09
0 0 221.12
0.537 0.1 221.16
0 0 221.19
0 0 221.22
0 0 221.27
0 0 221.29
0 0 221.32
0 0 221.35
0 0 221.39
0 0 221.42
0 0 221.45
0.551 0.014 221.49
0 0 221.52
0 0 221.55
0.534 0.019 221.59
0 0 221.62
0.515 0.022 221.66
0 0 221.69
0 0 221.72
0.488 0.028 221.75
0.481 0.009 221.79
0.475 0.008 221.82
0.468 0.008 221.88
0.463 0.007 221.91
0.458 0.006 221.94
0.455 0.005 221.97
0.454 0.005 222.0
0.453 0.004 222.02
0.453 0.004 222.05
0.454 0.003 222.09
0 0 222.12
0 0 222.16
0 0 222.19
0.458 0.012 222.22
0.457 0.005 222.26
0 0 222.29
0.459 0.003 222.32
0.46 0.0 222.36
0.459 0.003 222.39
0.458 0.001 222.42
0.457 0.002 222.46
0.455 0.003 222.49
0.453 0.002 222.52
0.452 0.001 222.56
0.451 0.002 222.62
0.451 0.003 222.64
0.45 0.004 222.68
0.45 0.001 222.71
0.451 0.002 222.72
0.452 0.001 222.76
0.452 0.001 222.79
0.453 0.002 222.82
0.456 0.003 222.85
0.458 0.002 222.89
0.46 0.004 222.92
0.462 0.003 222.95
0.464 0.003 222.99
0.466 0.003 223.02
0.468 0.003 223.05
0.471 0.003 223.09
0.474 0.007 223.13
0.477 0.004 223.17
0.48 0.005 223.2
0.484 0.005 223.23
0 0 223.26
0.493 0.013 223.29
0 0 223.32
0 0 223.35
0 0 223.39
0 0 223.42
0 0 223.45
0 0 223.49
0 0 223.52
0 0 223.55
0 0 223.59
0 0 223.62
0 0 223.65
0 0 223.69
0 0 223.72
0 0 223.75
0 0 223.79
0 0 223.82
0 0 223.85
0 0 223.89
0 0 223.92
0 0 223.95
0 0 223.99
0 0 224.02
0 0 224.05
0 0 224.08
0 0 224.12
0 0 224.15
0 0 224.19
0 0 224.22
0 0 224.25
0 0 224.29
0 0 224.32
0 0 224.35
0 0 224.39
0 0 224.42
0 0 224.45
0 0 224.49
0 0 224.52
0 0 224.55
0 0 224.59
0 0 224.62
0 0 224.65
0 0 224.69
0 0 224.72
0 0 224.75
0 0 224.79
0 0 224.82
0 0 224.88
0 0 224.89
0 0 224.92
0 0 224.95
0 0 224.99
0 0 225.02
0 0 225.05
0 0 225.09
0 0 225.12
0 0 225.16
0 0 225.19
0 0 225.22
0 0 225.25
0 0 225.29
0 0 225.32
0 0 225.35
0 0 225.39
0 0 225.42
0 0 225.45
0 0 225.49
0 0 225.52
0 0 225.55
0 0 225.59
0 0 225.62
0 0 225.65
0 0 225.69
0 0 225.72
0 0 225.75
0 0 225.8
0 0 225.83
0 0 225.85
0 0 225.89
0 0 225.92
0 0 225.95
0 0 225.99
0 0 226.02
0 0 226.05
0 0 226.09
0 0 226.12
0 0 226.15
0 0 226.19
0 0 226.22
0 0 226.25
0 0 226.29
0 0 226.32
0 0 226.35
0 0 226.39
0 0 226.42
0 0 226.45
0 0 226.49
0 0 226.52
0 0 226.55
0 0 226.59
0 0 226.62
0 0 226.65
0 0 226.69
0 0 226.72
0 0 226.75
0 0 226.79
0 0 226.82
0 0 226.85
0 0 226.89
0 0 226.92
0 0 226.95
0 0 226.99
0 0 227.02
0 0 227.05
0 0 227.09
0 0 227.12
0 0 227.15
0 0 227.19
0 0 227.22
0 0 227.25
0 0 227.29
0 0 227.32
0 0 227.35
0 0 227.39
0 0 227.44
0 0 227.46
0 0 227.49
0 0 227.52
0 0 227.55
0 0 227.59
0 0 227.62
0 0 227.65
0 0 227.69
0 0 227.72
0 0 227.75
0 0 227.79
0 0 227.82
0 0 227.85
0 0 227.89
0 0 227.92
0 0 227.95
0 0 227.99
0 0 228.03
0 0 228.05
0 0 228.09
0 0 228.12
0 0 228.15
0 0 228.18
0 0 228.22
0 0 228.25
0 0 228.29
0 0 228.32
0 0 228.35
0 0 228.39
0 0 228.42
0 0 228.45
0 0 228.49
0 0 228.52
0 0 228.55
0 0 228.58
0 0 228.62
0 0 228.65
0 0 228.69
0 0 228.72
0 0 228.75
0 0 228.78
0 0 228.82
0 0 228.85
0 0 228.89
0 0 228.92
0 0 228.95
0 0 228.99
0 0 229.03
0 0 229.06
0 0 229.09
0 0 229.12
0 0 229.15
0 0 229.19
0 0 229.22
0 0 229.25
0 0 229.28
0 0 229.32
0 0 229.35
0 0 229.38
0 0 229.42
0 0 229.45
0 0 229.49
0 0 229.52
0 0 229.55
0 0 229.58
0 0 229.62
0 0 229.65
0 0 229.69
0 0 229.72
0 0 229.75
0 0 229.79
0 0 229.82
0 0 229.85
0 0 229.88
0 0 229.92
0 0 229.95
0 0 229.99
0 0 230.02
0 0 230.05
0 0 230.09
0 0 230.12
0 0 230.15
0 0 230.19
0 0 230.22
0 0 230.25
0 0 230.29
0 0 230.32
0 0 230.35
0.586 0.127 230.39
0.583 0.007 230.43
0.583 0.002 230.46
0.588 0.007 230.49
0 0 230.52
0 0 230.55
0 0 230.6
0 0 230.65
0 0 230.66
0 0 230.69
0 0 230.72
0 0 230.75
0 0 230.78
0 0 230.82
0 0 230.85
0 0 230.89
0 0 230.92
0 0 230.95
0 0 230.99
0 0 231.02
0 0 231.05
0 0 231.09
0 0 231.12
0 0 231.15
0 0 231.19
0 0 231.22
0 0 231.25
0 0 231.29
0 0 231.32
0 0 231.35
0 0 231.39
0 0 231.42
0 0 231.45
0 0 231.49
0 0 231.52
0 0 231.55
0 0 231.58
0 0 231.62
0 0 231.65
0 0 231.68
0 0 231.72
0 0 231.75
0 0 231.79
0 0 231.82
0 0 231.85
0 0 231.89
0 0 231.92
0 0 231.95
0 0 231.99
0 0 232.02
0 0 232.05
0 0 232.08
0 0 232.12
0 0 232.15
0 0 232.19
0 0 232.22
0 0 232.26
0 0 232.29
0 0 232.32
0 0 232.37
0 0 232.4
0 0 232.42
0 0 232.45
0 0 232.49
0 0 232.52
0 0 232.55
0 0 232.58
0 0 232.62
0 0 232.65
0 0 232.69
0 0 232.72
0 0 232.75
0 0 232.78
0 0 232.82
0 0 232.85
0 0 232.89
0 0 232.92
0 0 232.95
0 0 232.99
0 0 233.03
0 0 233.07
0 0 233.09
0 0 233.12
0 0 233.15
0 0 233.19
0 0 233.22
0 0 233.25
0 0 233.28
0 0 233.32
0 0 233.35
0 0 233.39
0 0 233.42
0 0 233.45
0 0 233.49
0 0 233.52
0 0 233.55
0 0 233.59
0 0 233.62
0 0 233.65
0 0 233.68
0 0 233.72
0 0 233.75
0 0 233.8
0 0 233.82
0 0 233.85
0 0 233.88
0 0 233.92
0 0 233.95
0 0 233.99
0 0 234.02
0 0 234.05
0 0 234.08
0 0 234.12
0 0 234.15
0 0 234.18
0 0 234.22
0 0 234.25
0 0 234.29
0 0 234.32
0 0 234.35
0 0 234.38
0 0 234.42
0 0 234.45
0 0 234.49
0 0 234.52
0 0 234.55
0 0 234.58
0 0 234.62
0 0 234.65
0 0 234.68
0 0 234.72
0 0 234.75
0 0 234.78
0 0 234.82
0 0 234.85
0 0 234.88
0 0 234.92
0 0 234.95
0 0 234.99
0 0 235.02
0 0 235.05
0 0 235.08
0 0 235.12
0 0 235.15
0 0 235.18
