0 0 2.31
0 0 2.4
0 0 2.41
0 0 2.43
0 0 2.45
0 0 2.47
0 0 2.49
0 0 2.5
0 0 2.52
0 0 2.53
0 0 2.56
0 0 2.6
0 0 2.63
0 0 2.66
0 0 2.69
0 0 2.73
0 0 2.76
0 0 2.79
0 0 2.83
0 0 2.86
0 0 2.89
0 0 2.93
0 0 2.96
0 0 3.0
0 0 3.03
0 0 3.07
0 0 3.1
0 0 3.13
0 0 3.16
0 0 3.2
0 0 3.23
0 0 3.26
0 0 3.3
0 0 3.33
0 0 3.36
0 0 3.4
0 0 3.43
0 0 3.46
0 0 3.5
0 0 3.53
0 0 3.56
0 0 3.6
0 0 3.63
0 0 3.67
0 0 3.7
0 0 3.73
0 0 3.76
0 0 3.8
0 0 3.84
0 0 3.87
0 0 3.9
0 0 3.93
0 0 3.96
0 0 4.0
0 0 4.03
0 0 4.06
0 0 4.1
0 0 4.13
0 0 4.16
0 0 4.2
0 0 4.23
0 0 4.26
0 0 4.3
0 0 4.33
0 0 4.37
0 0 4.39
0 0 4.43
0 0 4.46
0 0 4.49
0 0 4.53
0 0 4.56
0 0 4.6
0 0 4.63
0 0 4.66
0 0 4.7
0 0 4.73
0 0 4.76
0 0 4.79
0 0 4.83
0 0 4.86
0 0 4.9
0 0 4.93
0 0 4.96
0 0 5.0
0 0 5.03
0 0 5.06
0 0 5.11
0 0 5.14
0 0 5.16
0 0 5.2
0 0 5.23
0 0 5.26
0 0 5.3
0 0 5.33
0 0 5.36
0 0 5.39
0 0 5.43
0 0 5.46
0 0 5.49
0 0 5.53
0 0 5.56
0 0 5.6
0 0 5.63
0 0 5.66
0 0 5.7
0 0 5.73
0 0 5.76
0 0 5.79
0 0 5.83
0 0 5.86
0 0 5.89
0 0 5.93
0 0 5.96
0 0 5.99
0 0 6.03
0 0 6.06
0 0 6.09
0 0 6.13
0 0 6.16
0 0 6.2
0 0 6.24
0 0 6.27
0 0 6.29
0 0 6.33
0 0 6.36
0 0 6.39
0 0 6.43
0 0 6.46
0 0 6.49
0 0 6.53
0 0 6.56
0 0 6.6
0 0 6.63
0 0 6.66
0 0 6.7
0 0 6.73
0 0 6.76
0 0 6.8
0 0 6.83
0 0 6.86
0 0 6.89
0 0 6.93
0 0 6.96
0 0 7.0
0 0 7.03
0 0 7.06
0 0 7.09
0 0 7.13
0 0 7.16
0 0 7.2
0 0 7.23
0 0 7.26
0 0 7.29
0 0 7.33
0 0 7.36
0 0 7.39
0 0 7.43
0 0 7.46
0 0 7.49
0 0 7.53
0 0 7.56
0 0 7.59
0 0 7.63
0 0 7.66
0 0 7.7
0 0 7.73
0 0 7.76
0 0 7.79
0 0 7.83
0 0 7.86
0 0 7.92
0 0 7.94
0 0 7.96
0 0 7.99
0 0 8.03
0 0 8.06
0 0 8.1
0 0 8.13
0 0 8.16
0 0 8.2
0 0 8.23
0 0 8.26
0 0 8.29
0 0 8.33
0 0 8.36
0 0 8.4
0 0 8.43
0 0 8.46
0 0 8.49
0 0 8.53
0 0 8.56
0 0 8.6
0 0 8.63
0 0 8.66
0 0 8.71
0 0 8.73
0 0 8.76
0 0 8.79
0 0 8.83
0 0 8.86
0 0 8.89
0 0 8.93
0 0 8.96
0 0 8.99
0 0 9.03
0 0 9.06
0 0 9.09
0 0 9.13
0 0 9.16
0 0 9.19
0 0 9.23
0 0 9.26
0 0 9.29
0 0 9.33
0 0 9.36
0 0 9.39
0 0 9.43
0 0 9.46
0 0 9.49
0 0 9.53
0 0 9.56
0 0 9.59
0 0 9.63
0 0 9.68
0 0 9.71
0 0 9.73
0 0 9.76
0 0 9.79
0.735 0.961 9.83
0 0 9.86
0 0 9.89
0 0 9.93
0 0 9.96
0 0 9.99
0 0 10.03
0 0 10.06
0 0 10.09
0 0 10.13
0 0 10.16
0 0 10.19
0 0 10.23
0 0 10.26
0 0 10.29
0 0 10.33
0 0 10.36
0 0 10.39
0 0 10.43
0 0 10.46
0 0 10.49
0 0 10.53
0 0 10.56
0 0 10.59
0 0 10.63
0 0 10.66
0 0 10.69
0 0 10.72
0 0 10.76
0 0 10.79
0 0 10.83
0 0 10.86
0 0 10.89
0.749 0.041 10.93
0 0 10.99
0 0 11.0
0 0 11.03
0 0 11.06
0 0 11.09
0 0 11.13
0 0 11.16
0 0 11.19
0 0 11.23
0 0 11.26
0 0 11.29
0 0 11.33
0 0 11.36
0 0 11.39
0 0 11.42
0 0 11.46
0 0 11.49
0 0 11.53
0 0 11.56
0 0 11.59
0 0 11.63
0 0 11.66
0 0 11.69
0 0 11.73
0 0 11.76
0 0 11.79
0 0 11.83
0 0 11.86
0 0 11.89
0 0 11.93
0 0 11.96
0 0 11.99
0 0 12.03
0 0 12.06
0 0 12.12
0 0 12.13
0 0 12.16
0.785 0.038 12.19
0.788 0.005 12.23
0 0 12.26
0.793 0.009 12.3
0 0 12.33
0 0 12.36
0 0 12.39
0 0 12.43
0 0 12.47
0.823 0.025 12.49
0 0 12.53
0 0 12.56
0 0 12.59
0 0 12.63
0 0 12.66
0 0 12.69
0 0 12.72
0 0 12.76
0 0 12.82
0 0 12.85
0 0 12.86
0 0 12.89
0 0 12.93
0 0 12.96
0 0 12.99
0 0 13.03
0 0 13.06
0 0 13.09
0 0 13.13
0 0 13.16
0 0 13.2
0.834 0.022 13.23
0.832 0.007 13.26
0 0 13.29
0 0 13.33
0 0 13.36
0.844 0.014 13.4
0.829 0.019 13.43
0 0 13.46
0 0 13.49
0 0 13.53
0 0 13.56
0 0 13.59
0 0 13.63
0.813 0.032 13.66
0.818 0.006 13.7
0 0 13.73
0 0 13.76
0 0 13.79
0 0 13.82
0.806 0.026 13.86
0.825 0.024 13.9
0 0 13.93
0 0 13.97
0 0 13.99
0 0 14.03
0 0 14.06
0 0 14.09
0 0 14.13
0 0 14.16
0 0 14.19
0 0 14.23
0 0 14.26
0 0 14.29
0 0 14.33
0 0 14.36
0 0 14.39
0 0 14.43
0 0 14.46
0 0 14.49
0 0 14.53
0 0 14.56
0 0 14.59
0 0 14.63
0 0 14.66
0 0 14.69
0 0 14.73
0 0 14.76
0 0 14.79
0 0 14.83
0 0 14.86
0 0 14.89
0 0 14.93
0 0 14.96
0 0 14.99
0 0 15.03
0 0 15.06
0 0 15.09
0 0 15.13
0 0 15.17
0 0 15.19
0 0 15.23
0 0 15.26
0 0 15.29
0 0 15.33
0 0 15.36
0 0 15.39
0 0 15.43
0 0 15.46
0 0 15.49
0 0 15.53
0 0 15.56
0 0 15.6
0 0 15.63
0 0 15.66
0 0 15.69
0 0 15.73
0 0 15.76
0 0 15.79
0 0 15.83
0 0 15.86
0 0 15.89
0 0 15.93
0 0 15.96
0 0 15.99
0 0 16.03
0 0 16.06
0 0 16.09
0 0 16.13
0 0 16.16
0 0 16.19
0 0 16.23
0 0 16.26
0 0 16.29
0 0 16.33
0 0 16.36
0 0 16.39
0 0 16.42
0 0 16.46
0 0 16.5
0 0 16.53
0 0 16.56
0 0 16.59
0 0 16.63
0 0 16.66
0 0 16.69
0 0 16.72
0 0 16.76
0 0 16.79
0 0 16.83
0 0 16.86
0 0 16.89
0 0 16.93
0 0 16.96
0 0 17.0
0 0 17.03
0 0 17.06
0 0 17.09
0 0 17.13
0 0 17.16
0 0 17.19
0 0 17.22
0 0 17.26
0 0 17.29
0 0 17.33
0 0 17.36
0 0 17.39
0 0 17.43
0 0 17.46
0 0 17.49
0 0 17.53
0 0 17.56
0 0 17.59
0 0 17.62
0 0 17.66
0 0 17.69
0 0 17.72
0 0 17.76
0 0 17.8
0 0 17.83
0 0 17.86
0 0 17.89
0 0 17.93
0 0 17.96
0 0 17.99
0 0 18.03
0 0 18.06
0 0 18.09
0 0 18.13
0 0 18.16
0 0 18.21
0 0 18.24
0 0 18.27
0 0 18.29
0 0 18.32
0 0 18.36
0 0 18.39
0 0 18.44
0 0 18.46
0 0 18.49
0 0 18.53
0 0 18.56
0 0 18.59
0 0 18.62
0 0 18.66
0 0 18.69
0 0 18.72
0 0 18.76
0 0 18.79
0 0 18.83
0 0 18.86
0 0 18.89
0 0 18.93
0 0 18.96
0 0 18.99
0 0 19.03
0 0 19.07
0 0 19.1
0 0 19.13
0 0 19.16
0 0 19.19
0 0 19.22
0 0 19.26
0 0 19.29
0 0 19.32
0 0 19.36
0 0 19.39
0 0 19.43
0 0 19.46
0 0 19.49
0 0 19.53
0 0 19.56
0 0 19.59
0 0 19.63
0 0 19.66
0 0 19.69
0 0 19.73
0 0 19.76
0 0 19.79
0 0 19.83
0 0 19.86
0 0 19.89
0 0 19.92
0 0 19.97
0 0 19.99
0 0 20.03
0 0 20.06
0 0 20.09
0 0 20.13
0 0 20.16
0 0 20.19
0 0 20.22
0.795 0.103 20.26
0 0 20.29
0 0 20.33
0 0 20.36
0 0 20.4
0 0 20.43
0 0 20.46
0 0 20.49
0 0 20.53
0 0 20.56
0 0 20.59
0 0 20.62
0.826 0.032 20.66
0 0 20.69
0 0 20.72
0 0 20.76
0 0 20.79
0.796 0.042 20.83
0 0 20.86
0.791 0.009 20.9
0 0 20.92
0 0 20.96
0.81 0.022 21.0
0.787 0.028 21.03
0 0 21.07
0 0 21.1
0 0 21.13
0.785 0.002 21.16
0 0 21.19
0.787 0.002 21.23
0.788 0.002 21.26
0.784 0.005 21.29
0.793 0.011 21.33
0.781 0.014 21.36
0.794 0.015 21.39
0 0 21.43
0.8 0.007 21.46
0 0 21.49
0.788 0.013 21.53
0.793 0.006 21.56
0.787 0.004 21.6
0.784 0.004 21.63
0.787 0.003 21.67
0 0 21.69
0.783 0.005 21.73
0 0 21.76
0 0 21.79
0 0 21.82
0 0 21.86
0.794 0.014 21.9
0 0 21.93
0 0 21.96
0 0 21.99
0.788 0.003 22.03
0 0 22.06
0.813 0.03 22.1
0 0 22.13
0.785 0.031 22.17
0 0 22.19
0.789 0.005 22.22
0.784 0.001 22.26
0 0 22.29
0.777 0.009 22.32
0 0 22.36
0.777 0.005 22.39
0.774 0.004 22.43
0.78 0.013 22.46
0.771 0.012 22.5
0.776 0.006 22.53
0.779 0.008 22.56
0.776 0.003 22.59
0.772 0.004 22.63
0.774 0.001 22.66
0.769 0.0 22.7
0 0 22.72
0.767 0.003 22.76
0.765 0.008 22.8
0.756 0.011 22.83
0 0 22.86
0.754 0.004 22.89
0.753 0.001 22.93
0 0 22.96
0.763 0.012 22.99
0.756 0.003 23.04
0.754 0.002 23.07
0 0 23.1
0 0 23.13
0 0 23.16
0.746 0.003 23.19
0.748 0.009 23.23
0 0 23.26
0.74 0.009 23.29
0.737 0.004 23.32
0 0 23.36
0 0 23.39
0.745 0.009 23.43
0 0 23.46
0 0 23.49
0 0 23.53
0 0 23.56
0 0 23.6
0 0 23.62
0 0 23.68
0.726 0.003 23.7
0 0 23.72
0.724 0.003 23.76
0 0 23.79
0 0 23.82
0 0 23.86
0.717 0.004 23.89
0 0 23.92
0 0 23.98
0 0 24.01
0 0 24.03
0 0 24.06
0 0 24.09
0 0 24.12
0 0 24.16
0 0 24.19
0 0 24.22
0 0 24.26
0 0 24.29
0 0 24.32
0 0 24.36
0.695 0.001 24.39
0 0 24.42
0 0 24.46
0 0 24.49
0.694 0.003 24.53
0.701 0.013 24.56
0 0 24.59
0 0 24.62
0 0 24.67
0 0 24.71
0 0 24.72
0 0 24.76
0 0 24.79
0.682 0.015 24.83
0.685 0.007 24.86
0.701 0.02 24.9
0 0 24.93
0 0 24.96
0 0 25.0
0.684 0.018 25.03
0.682 0.003 25.06
0 0 25.09
0 0 25.12
0.685 0.007 25.16
0 0 25.19
0 0 25.22
0 0 25.26
0 0 25.29
0.669 0.013 25.33
0 0 25.36
0 0 25.39
0 0 25.42
0 0 25.46
0.666 0.002 25.5
0 0 25.52
0.675 0.013 25.56
0.666 0.011 25.6
0 0 25.62
0 0 25.66
0 0 25.69
0 0 25.72
0.67 0.008 25.76
0 0 25.79
0 0 25.82
0 0 25.86
0.681 0.014 25.9
0 0 25.93
0 0 25.96
0.669 0.014 26.0
0.694 0.031 26.03
0 0 26.06
0 0 26.09
0 0 26.13
0.669 0.031 26.16
0.667 0.002 26.2
0 0 26.23
0 0 26.27
0 0 26.29
0 0 26.33
0 0 26.36
0 0 26.39
0 0 26.42
0.678 0.014 26.46
0 0 26.49
0 0 26.52
0 0 26.57
0 0 26.6
0 0 26.62
0 0 26.66
0 0 26.69
0 0 26.73
0 0 26.76
0 0 26.82
0 0 26.85
0 0 26.88
0 0 26.91
0 0 26.93
0 0 26.96
0 0 26.99
0 0 27.03
0 0 27.06
0 0 27.09
0 0 27.12
0 0 27.16
0 0 27.19
0 0 27.23
0 0 27.27
0 0 27.3
0 0 27.34
0.703 0.023 27.37
0 0 27.4
0 0 27.42
0 0 27.46
0 0 27.49
0 0 27.53
0 0 27.56
0 0 27.59
0 0 27.62
0 0 27.66
0 0 27.69
0 0 27.72
0 0 27.76
0 0 27.79
0 0 27.82
0 0 27.86
0 0 27.89
0 0 27.92
0 0 27.96
0 0 27.99
0 0 28.03
0 0 28.06
0 0 28.09
0 0 28.12
0 0 28.16
0 0 28.19
0 0 28.22
0 0 28.26
0 0 28.29
0 0 28.32
0.692 0.031 28.37
0 0 28.39
0 0 28.42
0 0 28.46
0.701 0.006 28.5
0 0 28.53
0 0 28.56
0.724 0.029 28.6
0.703 0.031 28.63
0 0 28.66
0 0 28.69
0 0 28.72
0 0 28.76
0.737 0.037 28.8
0 0 28.83
0.711 0.036 28.87
0 0 28.9
0.712 0.003 28.93
0.709 0.003 28.96
0 0 29.0
0.71 0.001 29.03
0.719 0.007 29.06
0 0 29.1
0 0 29.12
0 0 29.16
0.715 0.008 29.2
0 0 29.22
0.721 0.004 29.26
0 0 29.29
0.725 0.007 29.33
0 0 29.36
0 0 29.4
0.72 0.011 29.44
0 0 29.46
0 0 29.49
0 0 29.53
0 0 29.56
0.732 0.006 29.6
0.722 0.012 29.63
0 0 29.66
0.728 0.003 29.7
0 0 29.72
0 0 29.76
0.728 0.001 29.8
0.733 0.004 29.83
0 0 29.86
0 0 29.89
0 0 29.92
0.73 0.011 29.97
0.729 0.003 30.0
0 0 30.03
0.731 0.009 30.06
0 0 30.09
0 0 30.12
0.726 0.019 30.16
0.731 0.004 30.2
0 0 30.22
0 0 30.26
0 0 30.29
0 0 30.32
0.725 0.018 30.36
0 0 30.39
0 0 30.42
0 0 30.46
0.72 0.008 30.5
0.725 0.008 30.53
0.718 0.007 30.56
0.719 0.003 30.6
0.752 0.046 30.63
0 0 30.66
0.732 0.03 30.71
0 0 30.74
0.715 0.024 30.78
0.721 0.005 30.81
0.725 0.006 30.84
0 0 30.86
0.721 0.006 30.9
0 0 30.92
0.728 0.003 30.96
0 0 30.99
0.728 0.005 31.03
0.721 0.011 31.06
0 0 31.09
0 0 31.12
0 0 31.16
0.721 0.008 31.2
0 0 31.22
0 0 31.26
0.716 0.017 31.29
0 0 31.32
0 0 31.36
0 0 31.39
0 0 31.42
0 0 31.46
0.693 0.04 31.49
0.697 0.005 31.53
0.688 0.016 31.56
0.678 0.016 31.63
0.679 0.003 31.67
0.669 0.018 31.7
0.666 0.007 31.73
0.662 0.011 31.76
0 0 31.79
0 0 31.82
0 0 31.83
0 0 31.87
0 0 31.9
0 0 31.92
0 0 31.96
0 0 31.99
0 0 32.03
0 0 32.06
0.64 0.068 32.11
0 0 32.13
0 0 32.16
0 0 32.19
0.632 0.021 32.23
0 0 32.26
0.624 0.016 32.29
0 0 32.32
0 0 32.36
0 0 32.39
0.612 0.02 32.43
0.611 0.002 32.46
0 0 32.49
0 0 32.53
0.6 0.016 32.56
0 0 32.59
0 0 32.62
0 0 32.66
0 0 32.69
0.58 0.028 32.73
0 0 32.76
0 0 32.8
0.571 0.011 32.83
0 0 32.86
0.564 0.009 32.89
0.563 0.004 32.93
0.556 0.01 32.96
0.554 0.004 32.99
0 0 33.02
0 0 33.06
0 0 33.09
0.54 0.016 33.13
0.535 0.006 33.16
0.532 0.004 33.2
0.527 0.005 33.23
0.524 0.004 33.26
0.519 0.005 33.29
0.516 0.004 33.33
0.513 0.004 33.36
0.51 0.004 33.39
0.506 0.005 33.43
0.503 0.004 33.46
0.5 0.005 33.49
0.497 0.004 33.53
0.496 0.005 33.56
0.493 0.004 33.6
0.492 0.004 33.63
0.49 0.004 33.66
0.49 0.004 33.7
0.489 0.003 33.73
0.489 0.003 33.76
0.488 0.002 33.79
0.487 0.002 33.83
0.485 0.002 33.86
0.484 0.003 33.89
0.483 0.002 33.93
0.483 0.002 33.96
0.483 0.002 33.99
0.483 0.002 34.03
0.483 0.003 34.06
0.483 0.004 34.1
0.481 0.004 34.13
0.48 0.003 34.16
0.48 0.005 34.2
0.48 0.002 34.23
0.479 0.004 34.27
0.48 0.002 34.3
0.481 0.001 34.33
0.483 0.003 34.36
0.483 0.001 34.41
0.483 0.001 34.44
0 0 34.46
0.485 0.003 34.49
0 0 34.53
0.486 0.003 34.56
0.487 0.002 34.59
0.488 0.004 34.63
0.488 0.002 34.66
0.489 0.001 34.7
0.49 0.006 34.73
0 0 34.76
0.492 0.003 34.79
0.494 0.002 34.83
0.494 0.002 34.86
0 0 34.89
0.497 0.003 34.93
0.498 0.002 34.96
0.501 0.007 35.0
0.501 0.005 35.03
0.503 0.003 35.06
0.504 0.003 35.09
0.507 0.005 35.13
0.509 0.004 35.16
0.512 0.005 35.2
0.515 0.005 35.24
0.518 0.006 35.27
0.521 0.006 35.29
0.524 0.007 35.33
0.528 0.007 35.36
0.531 0.008 35.4
0.535 0.008 35.43
0 0 35.46
0.546 0.017 35.49
0.553 0.011 35.53
0 0 35.56
0.57 0.02 35.6
0 0 35.62
0 0 35.66
0 0 35.69
0 0 35.72
0 0 35.76
0 0 35.79
0 0 35.82
0 0 35.86
0 0 35.89
0 0 35.92
0 0 35.97
0 0 35.99
0 0 36.02
0 0 36.06
0 0 36.09
0 0 36.12
0 0 36.16
0 0 36.19
0 0 36.22
0 0 36.26
0 0 36.29
0 0 36.32
0 0 36.36
0 0 36.39
0 0 36.42
0 0 36.46
0 0 36.49
0 0 36.53
0 0 36.56
0 0 36.6
0 0 36.62
0 0 36.66
0 0 36.69
0 0 36.72
0 0 36.76
0 0 36.79
0 0 36.82
0 0 36.86
0 0 36.89
0 0 36.92
0 0 36.96
0 0 36.99
0 0 37.02
0 0 37.06
0 0 37.09
0 0 37.12
0 0 37.16
0 0 37.19
0 0 37.22
0 0 37.26
0 0 37.29
0 0 37.32
0 0 37.36
0 0 37.39
0 0 37.42
0 0 37.45
0 0 37.49
0 0 37.52
0 0 37.55
0 0 37.59
0 0 37.62
0 0 37.66
0 0 37.69
0 0 37.72
0 0 37.75
0 0 37.79
0 0 37.82
0 0 37.86
0 0 37.89
0 0 37.92
0 0 37.96
0 0 37.99
0 0 38.02
0 0 38.05
0 0 38.11
0 0 38.14
0 0 38.17
0 0 38.19
0 0 38.22
0 0 38.26
0 0 38.29
0 0 38.32
0 0 38.36
0 0 38.39
0 0 38.42
0 0 38.45
0 0 38.49
0 0 38.52
0 0 38.55
0 0 38.59
0 0 38.62
0 0 38.66
0 0 38.69
0 0 38.72
0 0 38.75
0 0 38.79
0 0 38.82
0 0 38.86
0 0 38.89
0 0 38.92
0 0 38.96
0 0 38.99
0 0 39.02
0 0 39.06
0 0 39.09
0 0 39.12
0 0 39.16
0 0 39.19
0 0 39.22
0 0 39.26
0 0 39.29
0 0 39.32
0 0 39.37
0 0 39.39
0 0 39.42
0 0 39.45
0 0 39.49
0 0 39.52
0 0 39.55
0 0 39.59
0 0 39.63
0 0 39.66
0 0 39.69
0 0 39.72
0 0 39.75
0 0 39.79
0 0 39.82
0 0 39.86
0 0 39.89
0 0 39.92
0 0 39.95
0 0 39.99
0 0 40.03
0 0 40.06
0 0 40.09
0 0 40.12
0 0 40.15
0 0 40.19
0 0 40.22
0 0 40.26
0 0 40.29
0 0 40.33
0 0 40.36
0 0 40.39
0 0 40.42
0 0 40.46
0 0 40.49
0 0 40.52
0 0 40.55
0 0 40.6
0 0 40.63
0 0 40.65
0 0 40.69
0 0 40.72
0 0 40.76
0 0 40.79
0 0 40.82
0 0 40.86
0 0 40.89
0 0 40.92
0 0 40.96
0 0 40.99
0 0 41.02
0 0 41.05
0 0 41.09
0 0 41.12
0 0 41.16
0 0 41.19
0 0 41.22
0 0 41.26
0 0 41.29
0 0 41.33
0 0 41.36
0 0 41.42
0 0 41.44
0 0 41.47
0 0 41.49
0 0 41.52
0 0 41.55
0 0 41.59
0 0 41.62
0 0 41.65
0 0 41.69
0 0 41.72
0 0 41.75
0 0 41.79
0 0 41.82
0 0 41.86
0 0 41.89
0 0 41.92
0 0 41.96
0 0 41.99
0 0 42.02
0 0 42.06
0 0 42.09
0 0 42.12
0 0 42.16
0 0 42.19
0 0 42.22
0 0 42.26
0 0 42.29
0 0 42.32
0 0 42.36
0 0 42.39
0 0 42.42
0 0 42.46
0 0 42.49
0 0 42.52
0 0 42.56
0 0 42.59
0 0 42.62
0 0 42.65
0 0 42.69
0 0 42.72
0 0 42.75
0 0 42.79
0 0 42.82
0 0 42.85
0 0 42.89
0 0 42.92
0 0 42.95
0 0 42.99
0 0 43.02
0 0 43.05
0 0 43.09
0 0 43.12
0 0 43.16
0 0 43.19
0 0 43.22
0 0 43.26
0 0 43.29
0 0 43.32
0 0 43.35
0 0 43.39
0 0 43.42
0 0 43.45
0 0 43.49
0 0 43.52
0 0 43.55
0 0 43.59
0 0 43.62
0 0 43.65
0 0 43.69
0 0 43.73
0 0 43.76
0 0 43.79
0 0 43.82
0 0 43.85
0 0 43.89
0 0 43.92
0 0 43.95
0 0 43.99
0 0 44.02
0 0 44.05
0 0 44.09
0 0 44.12
0 0 44.15
0 0 44.19
0 0 44.22
0 0 44.25
0 0 44.29
0 0 44.32
0 0 44.35
0 0 44.39
0 0 44.42
0 0 44.45
0 0 44.49
0 0 44.52
0 0 44.55
0 0 44.59
0 0 44.62
0 0 44.65
0 0 44.69
0 0 44.72
0 0 44.75
0 0 44.79
0 0 44.82
0 0 44.85
0 0 44.89
0 0 44.92
0 0 44.95
0 0 44.99
0 0 45.02
0 0 45.05
0 0 45.09
0 0 45.16
0 0 45.19
0 0 45.21
0 0 45.22
0 0 45.25
0 0 45.29
0 0 45.32
0 0 45.36
0 0 45.39
0 0 45.42
0 0 45.45
0 0 45.49
0 0 45.52
0 0 45.57
0 0 45.59
0 0 45.62
0 0 45.65
0 0 45.69
0 0 45.72
0 0 45.75
0 0 45.79
0 0 45.82
0 0 45.85
0 0 45.89
0 0 45.92
0 0 45.95
0 0 45.99
0 0 46.02
0 0 46.05
0 0 46.09
0 0 46.12
0 0 46.15
0 0 46.19
0 0 46.22
0 0 46.25
0 0 46.29
0 0 46.32
0 0 46.36
0 0 46.39
0 0 46.42
0 0 46.45
0 0 46.49
0 0 46.52
0 0 46.55
0 0 46.59
0 0 46.62
0 0 46.66
0 0 46.69
0 0 46.72
0 0 46.75
0 0 46.79
0 0 46.82
0 0 46.86
0 0 46.89
0 0 46.92
0 0 46.95
0 0 46.99
0 0 47.02
0 0 47.05
0 0 47.09
0 0 47.12
0 0 47.15
0 0 47.2
0 0 47.22
0 0 47.26
0 0 47.29
0 0 47.32
0 0 47.36
0 0 47.39
0 0 47.43
0 0 47.46
0 0 47.49
0 0 47.52
0 0 47.55
0 0 47.59
0 0 47.62
0 0 47.66
0 0 47.69
0 0 47.72
0 0 47.75
0 0 47.79
0 0 47.82
0 0 47.85
0 0 47.89
0 0 47.92
0 0 47.95
0 0 47.99
0 0 48.02
0 0 48.05
0 0 48.09
0 0 48.12
0 0 48.15
0 0 48.2
0 0 48.22
0 0 48.26
0 0 48.29
0 0 48.32
0 0 48.36
0 0 48.39
0 0 48.42
0 0 48.45
0 0 48.49
0 0 48.52
0 0 48.55
0 0 48.59
0 0 48.62
0 0 48.65
0 0 48.69
0 0 48.72
0 0 48.75
0 0 48.79
0 0 48.82
0 0 48.86
0 0 48.89
0 0 48.92
0 0 48.95
0 0 48.99
0 0 49.02
0 0 49.05
0 0 49.09
0 0 49.12
0 0 49.15
0 0 49.22
0 0 49.25
0 0 49.28
0 0 49.3
0 0 49.33
0 0 49.36
0 0 49.39
0 0 49.42
0 0 49.45
0 0 49.49
0 0 49.52
0 0 49.56
0 0 49.59
0 0 49.62
0 0 49.65
0 0 49.69
0 0 49.72
0 0 49.75
0 0 49.79
0 0 49.82
0 0 49.85
0 0 49.89
0 0 49.92
0 0 49.95
0 0 49.99
0 0 50.02
0 0 50.05
0 0 50.09
0 0 50.12
0 0 50.15
0 0 50.19
0 0 50.22
0 0 50.25
0 0 50.29
0 0 50.32
0 0 50.35
0 0 50.39
0 0 50.42
0 0 50.45
0 0 50.49
0 0 50.52
0 0 50.55
0 0 50.59
0 0 50.62
0 0 50.65
0 0 50.69
0 0 50.72
0 0 50.75
0 0 50.79
0 0 50.82
0 0 50.85
0 0 50.88
0 0 50.92
0 0 50.95
0 0 50.99
0 0 51.02
0 0 51.05
0 0 51.09
0 0 51.12
0 0 51.15
0 0 51.19
0 0 51.22
0 0 51.25
0 0 51.29
0 0 51.32
0 0 51.35
0 0 51.38
0 0 51.42
0 0 51.45
0 0 51.49
0 0 51.52
0 0 51.55
0 0 51.59
0 0 51.62
0 0 51.65
0 0 51.7
0 0 51.73
0 0 51.76
0 0 51.79
0 0 51.82
0 0 51.85
0 0 51.88
0 0 51.92
0 0 51.95
0 0 51.98
0 0 52.02
0 0 52.05
0 0 52.09
0 0 52.12
0 0 52.15
0 0 52.19
0 0 52.22
0 0 52.25
0 0 52.29
0 0 52.32
0 0 52.35
0 0 52.39
0 0 52.42
0 0 52.45
0 0 52.49
0 0 52.52
0 0 52.55
0 0 52.59
0 0 52.62
0 0 52.65
0 0 52.69
0 0 52.72
0 0 52.75
0 0 52.78
0 0 52.82
0 0 52.85
0 0 52.88
0 0 52.92
0 0 52.95
0 0 52.98
0 0 53.02
0 0 53.05
0 0 53.09
0 0 53.12
0 0 53.15
0 0 53.21
0 0 53.23
0 0 53.27
0 0 53.31
0 0 53.33
0 0 53.35
0 0 53.38
0 0 53.42
0 0 53.45
0 0 53.49
0 0 53.52
0 0 53.55
0 0 53.59
0 0 53.62
0 0 53.65
0 0 53.69
0 0 53.72
0 0 53.75
0 0 53.79
0 0 53.82
0 0 53.85
0 0 53.88
0 0 53.93
0 0 53.96
0 0 53.99
0 0 54.02
0 0 54.05
0 0 54.09
0 0 54.12
0 0 54.15
0 0 54.19
0 0 54.22
0 0 54.25
0 0 54.29
0 0 54.32
0 0 54.35
0 0 54.39
0 0 54.42
0 0 54.45
0 0 54.48
0 0 54.52
0 0 54.55
0 0 54.59
0 0 54.62
0 0 54.65
0 0 54.69
0 0 54.72
0 0 54.75
0 0 54.78
0 0 54.82
0 0 54.85
0 0 54.88
0 0 54.92
0 0 54.95
0 0 54.98
0 0 55.02
0 0 55.05
0 0 55.08
0 0 55.12
0 0 55.15
0 0 55.18
0 0 55.22
0 0 55.25
0 0 55.28
0 0 55.32
0 0 55.35
0 0 55.38
0 0 55.42
0 0 55.45
0 0 55.49
0 0 55.52
0 0 55.55
0 0 55.59
0 0 55.62
0 0 55.65
0 0 55.69
0 0 55.72
0 0 55.75
0 0 55.78
0 0 55.82
0 0 55.85
0 0 55.88
0 0 55.92
0 0 55.95
0 0 55.98
0 0 56.02
0 0 56.05
0 0 56.08
0 0 56.12
0 0 56.15
0 0 56.19
0 0 56.22
0 0 56.25
0 0 56.28
0 0 56.32
0 0 56.35
0 0 56.38
0 0 56.43
0 0 56.45
0 0 56.48
0 0 56.52
0 0 56.55
0 0 56.59
0 0 56.62
0 0 56.65
0 0 56.69
0 0 56.72
0 0 56.75
0 0 56.78
0 0 56.82
0 0 56.85
0 0 56.88
0 0 56.92
0 0 56.95
0 0 56.99
0 0 57.02
0 0 57.05
0 0 57.08
0 0 57.12
0 0 57.15
0 0 57.19
0 0 57.22
0 0 57.25
0 0 57.28
0 0 57.32
0 0 57.35
0 0 57.38
0 0 57.42
0 0 57.45
0 0 57.48
0 0 57.52
0 0 57.55
0 0 57.59
0 0 57.62
0 0 57.65
0 0 57.68
0 0 57.72
0 0 57.75
0 0 57.79
0 0 57.82
0.603 0.095 57.86
0 0 57.88
0 0 57.92
0 0 57.95
0 0 57.98
0 0 58.02
0 0 58.07
0 0 58.1
0 0 58.12
0 0 58.17
0 0 58.19
0 0 58.22
0 0 58.25
0 0 58.28
0 0 58.32
0 0 58.35
0 0 58.38
0 0 58.42
0 0 58.45
0 0 58.48
0 0 58.52
0 0 58.55
0.587 0.05 58.59
0.59 0.006 58.62
0.59 0.005 58.65
0 0 58.69
0 0 58.72
0 0 58.75
0 0 58.78
0 0 58.82
0 0 58.85
0 0 58.89
0 0 58.92
0 0 58.95
0 0 58.98
0 0 59.02
0 0 59.05
0 0 59.08
0 0 59.12
0 0 59.15
0 0 59.19
0 0 59.22
0 0 59.25
0 0 59.28
0 0 59.32
0 0 59.35
0.65 0.087 59.39
0 0 59.42
0 0 59.45
0 0 59.48
0 0 59.52
0.655 0.046 59.55
0.658 0.012 59.59
0 0 59.62
0.658 0.011 59.65
0.662 0.008 59.69
0 0 59.72
0 0 59.75
0 0 59.78
0 0 59.82
0 0 59.85
0 0 59.88
0 0 59.92
0 0 59.95
0 0 59.98
0 0 60.02
0 0 60.05
0 0 60.08
0 0 60.12
0 0 60.15
0 0 60.18
0 0 60.22
0 0 60.25
0 0 60.28
0 0 60.32
0 0 60.35
0 0 60.39
0 0 60.43
0 0 60.45
0 0 60.48
0 0 60.52
0 0 60.55
0 0 60.58
0 0 60.62
0 0 60.65
0 0 60.68
0 0 60.72
0 0 60.75
0 0 60.79
0 0 60.82
0 0 60.85
0 0 60.88
0 0 60.92
0 0 60.95
0 0 60.98
0 0 61.02
0 0 61.05
0 0 61.08
0 0 61.12
0 0 61.15
0 0 61.18
0 0 61.22
0 0 61.25
0 0 61.28
0 0 61.32
0 0 61.35
0 0 61.38
0 0 61.42
0 0 61.45
0 0 61.48
0 0 61.52
0 0 61.55
0 0 61.58
0 0 61.62
0 0 61.65
0 0 61.69
0 0 61.72
0 0 61.75
0 0 61.78
0 0 61.82
0 0 61.85
0 0 61.88
0 0 61.92
0 0 61.95
0 0 61.98
0 0 62.02
0 0 62.05
0 0 62.1
0 0 62.12
0 0 62.15
0 0 62.18
0 0 62.22
0 0 62.25
0 0 62.28
0 0 62.32
0 0 62.35
0 0 62.38
0 0 62.42
0 0 62.45
0 0 62.48
0 0 62.52
0 0 62.55
0 0 62.58
0 0 62.62
0 0 62.65
0 0 62.69
0 0 62.72
0 0 62.75
0 0 62.78
0.765 0.104 62.82
0.75 0.016 62.86
0.745 0.007 62.89
0.734 0.012 62.92
0 0 62.95
0.728 0.009 62.99
0.728 0.005 63.02
0.727 0.005 63.05
0.728 0.006 63.09
0 0 63.13
0.731 0.012 63.16
0.73 0.002 63.19
0.731 0.002 63.22
0.735 0.005 63.25
0.735 0.001 63.28
0.74 0.005 63.32
0.74 0.002 63.35
0.743 0.003 63.39
0.746 0.003 63.42
0.749 0.003 63.45
0.751 0.003 63.48
0.753 0.003 63.52
0.762 0.012 63.55
0.759 0.004 63.58
0 0 63.62
0.764 0.008 63.67
0.771 0.008 63.69
0 0 63.72
0 0 63.75
0.775 0.007 63.78
0.778 0.003 63.82
0 0 63.89
0.788 0.01 63.91
0 0 63.94
0.791 0.006 63.97
0 0 64.0
0.798 0.007 64.02
0.796 0.005 64.05
0 0 64.08
0 0 64.12
0.806 0.01 64.16
0 0 64.19
0 0 64.22
0.8 0.011 64.25
0.815 0.018 64.28
0 0 64.32
0.803 0.016 64.35
0.814 0.013 64.38
0.8 0.017 64.42
0.806 0.007 64.45
0.804 0.003 64.48
0 0 64.52
0.798 0.007 64.55
0.807 0.012 64.58
0.803 0.006 64.62
0.801 0.002 64.65
0.796 0.005 64.69
0 0 64.72
0.796 0.001 64.75
0.798 0.003 64.79
0 0 64.82
0.809 0.013 64.85
0 0 64.88
0 0 64.92
0.796 0.014 64.95
0 0 64.98
0 0 65.02
0.791 0.004 65.05
0.796 0.007 65.08
0.795 0.001 65.12
0.795 0.001 65.15
0.791 0.002 65.19
0 0 65.21
0 0 65.25
0.797 0.006 65.28
0.793 0.003 65.32
0.787 0.009 65.35
0.795 0.01 65.38
0.793 0.001 65.42
0.796 0.004 65.45
0 0 65.48
0 0 65.52
0.778 0.02 65.55
0 0 65.58
0 0 65.62
0 0 65.65
0 0 65.68
0 0 65.71
0 0 65.75
0 0 65.78
0.775 0.008 65.82
0 0 65.85
0.771 0.013 65.88
0 0 65.92
0 0 65.95
0.764 0.02 65.99
0.757 0.007 66.02
0.758 0.007 66.05
0.751 0.005 66.08
0.753 0.007 66.12
0 0 66.15
0.744 0.006 66.19
0.751 0.011 66.22
0.747 0.005 66.25
0.751 0.011 66.28
0.747 0.005 66.32
0.744 0.003 66.35
0.749 0.007 66.38
0.749 0.005 66.42
0.758 0.011 66.45
0.754 0.005 66.49
0.744 0.001 66.52
0 0 66.55
0 0 66.58
0.752 0.015 66.62
0.75 0.003 66.65
0 0 66.68
0.746 0.002 66.72
0.745 0.002 66.75
0.748 0.004 66.78
0 0 66.81
0.744 0.002 66.85
0.739 0.007 66.88
0.742 0.003 66.92
0.738 0.003 66.95
0.737 0.002 66.99
0 0 67.02
0 0 67.05
0 0 67.08
0 0 67.12
0.737 0.006 67.15
0 0 67.18
0.734 0.004 67.22
0 0 67.26
0 0 67.28
0.731 0.003 67.32
0.731 0.001 67.35
0.737 0.014 67.39
0.731 0.008 67.42
0 0 67.45
0.74 0.018 67.49
0 0 67.52
0.741 0.001 67.56
0.736 0.001 67.6
0.725 0.014 67.63
0 0 67.65
0.719 0.008 67.69
0 0 67.71
0 0 67.75
0 0 67.78
0 0 67.82
0 0 67.85
0.712 0.009 67.88
0 0 67.91
0.72 0.015 67.95
0 0 67.98
0.703 0.021 68.03
0 0 68.05
0.705 0.007 68.08
0.694 0.013 68.12
0 0 68.15
0 0 68.18
0.697 0.008 68.22
0.694 0.003 68.25
0.693 0.003 68.28
0 0 68.32
0.692 0.002 68.35
0.695 0.009 68.38
0.69 0.007 68.42
0 0 68.45
0.686 0.0 68.49
0.685 0.002 68.52
0.681 0.005 68.55
0.687 0.008 68.59
0.703 0.023 68.62
0.689 0.017 68.65
0 0 68.68
0.695 0.01 68.72
0.681 0.018 68.76
0.681 0.001 68.79
0 0 68.82
0.675 0.002 68.85
0 0 68.88
0 0 68.91
0.677 0.004 68.95
0.671 0.008 68.98
0 0 69.03
0 0 69.06
0 0 69.08
0 0 69.12
0.676 0.011 69.15
0.67 0.008 69.19
0 0 69.22
0.677 0.009 69.25
0 0 69.28
0.672 0.005 69.32
0.671 0.001 69.35
0 0 69.38
0.67 0.0 69.42
0.677 0.009 69.45
0.671 0.007 69.48
0 0 69.52
0 0 69.55
0 0 69.58
0.675 0.006 69.62
0 0 69.65
0 0 69.68
0 0 69.72
0.686 0.013 69.75
0 0 69.78
0.669 0.021 69.82
0.672 0.004 69.85
0 0 69.88
0.688 0.02 69.92
0.668 0.025 69.95
0.671 0.004 69.99
0 0 70.02
0.675 0.005 70.06
0.667 0.01 70.09
0.669 0.003 70.12
0.672 0.003 70.15
0.67 0.003 70.18
0 0 70.21
0 0 70.25
0 0 70.28
0 0 70.32
0.679 0.012 70.35
0 0 70.38
0 0 70.41
0 0 70.45
0.675 0.006 70.48
0 0 70.52
0 0 70.55
0 0 70.58
0.681 0.007 70.62
0 0 70.65
0 0 70.68
0 0 70.72
0 0 70.75
0 0 70.78
0.671 0.014 70.82
0 0 70.85
0 0 70.88
0 0 70.92
0 0 70.95
0 0 70.98
0 0 71.02
0 0 71.05
0 0 71.08
0 0 71.11
0.678 0.006 71.15
0 0 71.18
0 0 71.22
0 0 71.25
0 0 71.28
0 0 71.32
0.678 0.004 71.35
0 0 71.38
0.681 0.005 71.42
0.68 0.004 71.45
0 0 71.48
0 0 71.52
0.68 0.002 71.55
0.685 0.007 71.59
0 0 71.62
0.685 0.0 71.66
0.701 0.017 71.69
0 0 71.72
0.692 0.011 71.76
0.689 0.006 71.79
0 0 71.82
0.69 0.001 71.86
0.689 0.004 71.89
0.694 0.007 71.92
0.698 0.005 71.95
0 0 71.98
0.7 0.0 72.02
0.694 0.008 72.06
0 0 72.08
0.693 0.003 72.12
0.705 0.014 72.15
0 0 72.18
0.719 0.015 72.22
0 0 72.25
0.699 0.024 72.29
0.704 0.002 72.32
0.702 0.002 72.35
0.707 0.006 72.38
0.702 0.007 72.42
0.721 0.018 72.45
0.709 0.015 72.48
0.711 0.002 72.52
0.727 0.017 72.55
0.709 0.023 72.58
0 0 72.61
0.715 0.005 72.65
0.719 0.005 72.68
0.714 0.007 72.72
0 0 72.75
0 0 72.78
0.719 0.002 72.82
0 0 72.85
0.737 0.018 72.88
0.725 0.015 72.92
0.718 0.008 72.96
0.724 0.003 72.99
0 0 73.01
0.727 0.003 73.05
0.731 0.001 73.08
0 0 73.11
0.745 0.018 73.15
0 0 73.18
0.734 0.019 73.22
0 0 73.25
0.733 0.001 73.28
0 0 73.31
0 0 73.35
0.738 0.001 73.39
0 0 73.41
0 0 73.45
0.742 0.001 73.49
0.752 0.001 73.52
0 0 73.56
0 0 73.59
0.749 0.004 73.62
0 0 73.65
0.755 0.002 73.68
0 0 73.71
0 0 73.75
0.751 0.01 73.78
0 0 73.81
0 0 73.85
0.761 0.007 73.88
0.758 0.004 73.92
0 0 73.95
0.757 0.006 73.98
0.757 0.001 74.02
0.76 0.003 74.05
0 0 74.08
0.756 0.011 74.12
0 0 74.15
0 0 74.18
0 0 74.21
0.75 0.013 74.25
0.751 0.002 74.28
0 0 74.31
0 0 74.35
0.755 0.002 74.38
0.757 0.002 74.42
0 0 74.45
0.75 0.011 74.48
0.754 0.001 74.52
0.753 0.003 74.55
0.744 0.013 74.59
0.749 0.002 74.62
0 0 74.65
0 0 74.68
0 0 74.72
0 0 74.75
0 0 74.78
0 0 74.81
0 0 74.85
0.735 0.045 74.88
0.727 0.013 74.92
0.725 0.009 74.95
0 0 74.98
0 0 75.02
0 0 75.05
0 0 75.08
0 0 75.11
0 0 75.15
0 0 75.18
0 0 75.21
0.709 0.036 75.25
0 0 75.28
0 0 75.31
0 0 75.35
0 0 75.38
0 0 75.41
0 0 75.45
0 0 75.48
0 0 75.52
0 0 75.55
0 0 75.58
0 0 75.62
0 0 75.65
0 0 75.68
0.66 0.09 75.72
0 0 75.75
0.643 0.023 75.78
0 0 75.82
0 0 75.85
0 0 75.88
0.609 0.042 75.92
0.6 0.013 75.95
0.591 0.01 75.98
0 0 76.02
0 0 76.05
0 0 76.08
0.56 0.038 76.12
0.555 0.007 76.15
0.549 0.008 76.19
0.543 0.007 76.22
0 0 76.25
0.531 0.016 76.29
0.526 0.007 76.32
0.519 0.009 76.35
0.513 0.009 76.39
0.508 0.007 76.42
0.504 0.007 76.45
0.5 0.008 76.5
0.495 0.009 76.53
0.49 0.007 76.56
0.485 0.009 76.59
0.48 0.006 76.63
0.475 0.006 76.66
0.469 0.007 76.69
0.463 0.009 76.72
0.458 0.007 76.75
0.452 0.007 76.78
0.446 0.007 76.82
0.44 0.008 76.85
0.433 0.008 76.88
0.428 0.008 76.92
0.423 0.007 76.95
0.419 0.007 76.99
0.416 0.006 77.02
0.413 0.005 77.05
0.412 0.005 77.09
0.41 0.003 77.12
0.409 0.003 77.15
0.41 0.002 77.19
0.41 0.002 77.22
0.412 0.002 77.25
0.412 0.003 77.28
0.412 0.001 77.32
0.412 0.0 77.35
0.412 0.0 77.38
0.412 0.001 77.42
0.411 0.001 77.45
0.41 0.002 77.48
0.408 0.002 77.52
0.406 0.002 77.57
0.405 0.002 77.6
0.404 0.001 77.63
0.404 0.001 77.66
0.405 0.001 77.69
0.406 0.001 77.72
0.406 0.002 77.75
0.407 0.002 77.78
0.409 0.003 77.82
0.413 0.003 77.85
0.417 0.004 77.88
0.42 0.005 77.92
0.423 0.004 77.95
0.426 0.004 77.98
0.428 0.004 78.02
0.43 0.004 78.05
0.433 0.004 78.08
0.436 0.005 78.12
0.439 0.005 78.15
0.443 0.006 78.2
0.446 0.007 78.23
0.451 0.007 78.27
0.457 0.008 78.3
0.462 0.009 78.33
0.469 0.01 78.36
0.478 0.012 78.4
0.486 0.012 78.43
0.496 0.013 78.46
0.506 0.013 78.49
0 0 78.52
0.526 0.026 78.55
0.536 0.012 78.58
0.548 0.013 78.62
0.559 0.013 78.65
0.569 0.013 78.68
0.582 0.014 78.72
0 0 78.75
0 0 78.78
0 0 78.82
0 0 78.85
0 0 78.88
0 0 78.91
0 0 78.95
0 0 78.98
0 0 79.01
0 0 79.05
0 0 79.08
0 0 79.11
0 0 79.15
0 0 79.18
0 0 79.21
0 0 79.25
0 0 79.28
0 0 79.31
0 0 79.35
0 0 79.38
0 0 79.42
0 0 79.45
0 0 79.48
0 0 79.52
0 0 79.55
0 0 79.59
0 0 79.62
0 0 79.65
0 0 79.68
0 0 79.72
0 0 79.75
0 0 79.78
0 0 79.81
0 0 79.85
0 0 79.88
0 0 79.92
0 0 79.95
0 0 79.98
0 0 80.03
0 0 80.06
0 0 80.08
0 0 80.11
0 0 80.15
0 0 80.18
0 0 80.21
0 0 80.26
0 0 80.3
0 0 80.32
0 0 80.35
0 0 80.38
0 0 80.41
0 0 80.45
0 0 80.48
0 0 80.52
0 0 80.55
0 0 80.58
0 0 80.62
0 0 80.66
0 0 80.68
0 0 80.71
0 0 80.75
0 0 80.78
0 0 80.81
0 0 80.89
0 0 80.91
0 0 80.94
0.626 0.064 80.96
0.608 0.019 80.99
0 0 81.02
0.569 0.044 81.05
0.552 0.018 81.09
0.536 0.017 81.12
0.521 0.017 81.15
0.508 0.015 81.19
0.495 0.014 81.22
0.484 0.012 81.25
0.474 0.012 81.28
0.466 0.01 81.32
0.457 0.01 81.37
0.45 0.009 81.4
0.444 0.009 81.43
0.438 0.008 81.46
0.434 0.007 81.49
0.431 0.007 81.52
0.427 0.006 81.55
0.424 0.005 81.59
0.422 0.005 81.62
0.419 0.004 81.65
0.417 0.004 81.69
0.416 0.003 81.72
0.414 0.003 81.75
0.411 0.003 81.78
0.409 0.003 81.82
0.405 0.004 81.85
0.401 0.005 81.89
0.398 0.003 81.92
0.396 0.003 81.95
0.393 0.003 81.98
0.391 0.003 82.02
0.389 0.003 82.05
0.389 0.002 82.08
0.39 0.002 82.12
0.392 0.002 82.15
0.393 0.002 82.18
0.394 0.003 82.22
0.395 0.003 82.25
0.397 0.004 82.28
0.398 0.006 82.32
0.4 0.006 82.35
0.402 0.006 82.4
0.404 0.007 82.43
0.407 0.008 82.46
0.412 0.009 82.49
0.417 0.01 82.52
0.423 0.011 82.57
0.432 0.013 82.6
0.441 0.014 82.63
0.453 0.016 82.66
0.467 0.017 82.69
0.482 0.018 82.73
0.496 0.019 82.76
0.514 0.02 82.79
0.532 0.021 82.82
0 0 82.85
0 0 82.88
0 0 82.91
0 0 82.95
0 0 82.98
0 0 83.02
0 0 83.05
0 0 83.08
0 0 83.11
0 0 83.15
0 0 83.18
0 0 83.21
0 0 83.25
0 0 83.28
0 0 83.31
0 0 83.35
0 0 83.38
0 0 83.41
0 0 83.45
0 0 83.48
0 0 83.52
0 0 83.55
0 0 83.58
0 0 83.62
0 0 83.65
0 0 83.68
0 0 83.71
0 0 83.75
0 0 83.78
0 0 83.81
0 0 83.85
0 0 83.88
0 0 83.91
0 0 83.95
0 0 83.98
0 0 84.01
0 0 84.05
0 0 84.09
0 0 84.12
0 0 84.15
0 0 84.18
0 0 84.21
0 0 84.25
0 0 84.28
0 0 84.31
0 0 84.35
0 0 84.38
0 0 84.41
0 0 84.44
0 0 84.48
0 0 84.51
0 0 84.55
0 0 84.58
0 0 84.61
0 0 84.65
0 0 84.68
0 0 84.71
0 0 84.75
0 0 84.78
0 0 84.81
0 0 84.85
0 0 84.88
0 0 84.91
0 0 84.94
0 0 84.98
0 0 85.01
0 0 85.05
0 0 85.08
0 0 85.11
0 0 85.14
0 0 85.18
0 0 85.21
0 0 85.25
0 0 85.28
0 0 85.31
0 0 85.35
0 0 85.38
0 0 85.41
0 0 85.45
0 0 85.48
0 0 85.51
0 0 85.54
0 0 85.58
0 0 85.61
0 0 85.64
0 0 85.68
0 0 85.71
0 0 85.75
0 0 85.78
0 0 85.81
0 0 85.85
0 0 85.88
0 0 85.91
0 0 85.97
0 0 85.99
0 0 86.01
0 0 86.05
0 0 86.08
0 0 86.11
0 0 86.14
0 0 86.18
0 0 86.21
0 0 86.25
0 0 86.28
0 0 86.31
0 0 86.35
0 0 86.38
0 0 86.41
0 0 86.45
0 0 86.48
0 0 86.51
0 0 86.55
0 0 86.58
0 0 86.61
0 0 86.64
0 0 86.68
0 0 86.71
0 0 86.74
0 0 86.78
0 0 86.81
0 0 86.85
0 0 86.88
0 0 86.91
0 0 86.94
0 0 86.98
0 0 87.01
0 0 87.04
0 0 87.08
0 0 87.11
0 0 87.14
0 0 87.18
0 0 87.21
0 0 87.25
0 0 87.28
0 0 87.31
0 0 87.35
0 0 87.38
0 0 87.41
0 0 87.45
0 0 87.48
0 0 87.51
0 0 87.54
0 0 87.58
0 0 87.61
0 0 87.65
0 0 87.69
0 0 87.71
0 0 87.74
0 0 87.78
0 0 87.81
0 0 87.85
0 0 87.88
0 0 87.91
0 0 87.94
0 0 87.98
0 0 88.01
0 0 88.04
0 0 88.08
0 0 88.11
0 0 88.14
0 0 88.18
0 0 88.21
0 0 88.25
0 0 88.28
0 0 88.31
0 0 88.35
0 0 88.38
0 0 88.41
0 0 88.44
0 0 88.51
0 0 88.52
0 0 88.58
0 0 88.6
0 0 88.62
0 0 88.65
0 0 88.68
0 0 88.71
0 0 88.74
0 0 88.78
0 0 88.81
0 0 88.85
0 0 88.88
0 0 88.91
0 0 88.94
0 0 88.98
0 0 89.01
0 0 89.05
0 0 89.08
0 0 89.11
0 0 89.15
0 0 89.18
0 0 89.21
0 0 89.26
0 0 89.28
0 0 89.31
0 0 89.35
0 0 89.38
0 0 89.41
0 0 89.45
0 0 89.48
0 0 89.51
0 0 89.54
0 0 89.58
0 0 89.62
0 0 89.65
0 0 89.68
0 0 89.71
0 0 89.74
0 0 89.78
0 0 89.81
0 0 89.85
0 0 89.88
0 0 89.91
0 0 89.94
0 0 89.98
0 0 90.01
0 0 90.04
0 0 90.08
0 0 90.11
0 0 90.14
0 0 90.18
0 0 90.21
0 0 90.25
0 0 90.28
0 0 90.32
0 0 90.35
0 0 90.38
0 0 90.41
0.543 0.376 90.45
0 0 90.48
0 0 90.51
0 0 90.54
0 0 90.58
0 0 90.61
0 0 90.65
0 0 90.68
0 0 90.71
0 0 90.74
0 0 90.78
0 0 90.81
0 0 90.85
0.562 0.038 90.88
0 0 90.91
0.548 0.021 90.96
0 0 90.98
0 0 91.01
0.567 0.025 91.05
0.558 0.014 91.08
0 0 91.11
0 0 91.15
0 0 91.18
0 0 91.22
0 0 91.25
0 0 91.29
0 0 91.31
0 0 91.35
0 0 91.38
0 0 91.41
0 0 91.45
0 0 91.48
0 0 91.51
0 0 91.55
0 0 91.58
0 0 91.61
0.577 0.024 91.65
0 0 91.68
0 0 91.71
0 0 91.75
0 0 91.81
0 0 91.84
0 0 91.87
0 0 91.9
0 0 91.93
0 0 91.96
0 0 91.99
0 0 92.02
0 0 92.05
0 0 92.08
0 0 92.12
0 0 92.15
0 0 92.18
0 0 92.22
0 0 92.25
0 0 92.28
0 0 92.31
0 0 92.35
0 0 92.39
0 0 92.42
0 0 92.44
0 0 92.48
0 0 92.51
0 0 92.54
0 0 92.58
0 0 92.61
0 0 92.65
0 0 92.69
0 0 92.72
0 0 92.75
0 0 92.78
0 0 92.81
0 0 92.86
0 0 92.88
0 0 92.91
0 0 92.94
0 0 92.98
0 0 93.01
0 0 93.04
0 0 93.08
0 0 93.11
0 0 93.14
0 0 93.18
0 0 93.21
0 0 93.25
0 0 93.28
0 0 93.31
0 0 93.35
0 0 93.38
0 0 93.41
0 0 93.44
0 0 93.48
0 0 93.51
0 0 93.54
0 0 93.58
0 0 93.61
0 0 93.67
0 0 93.7
0 0 93.72
0 0 93.75
0 0 93.78
0 0 93.81
0 0 93.87
0 0 93.9
0 0 93.92
0 0 93.94
0 0 93.98
0 0 94.01
0 0 94.04
0 0 94.08
0 0 94.11
0 0 94.14
0 0 94.18
0 0 94.21
0 0 94.24
0 0 94.28
0 0 94.31
0 0 94.34
0 0 94.38
0 0 94.41
0 0 94.44
0 0 94.48
0 0 94.51
0 0 94.54
0 0 94.58
0 0 94.61
0 0 94.67
0 0 94.68
0 0 94.71
0 0 94.74
0 0 94.78
0 0 94.81
0 0 94.85
0 0 94.88
0 0 94.91
0 0 94.94
0 0 94.98
0 0 95.02
0 0 95.05
0 0 95.08
0 0 95.11
0 0 95.15
0 0 95.18
0 0 95.21
0 0 95.24
0 0 95.28
0 0 95.31
0 0 95.35
0 0 95.38
0 0 95.41
0 0 95.44
0 0 95.48
0 0 95.51
0 0 95.54
0 0 95.58
0 0 95.61
0 0 95.66
0 0 95.68
0 0 95.71
0 0 95.74
0 0 95.78
0 0 95.81
0 0 95.84
0 0 95.88
0 0 95.91
0 0 95.94
0 0 95.98
0 0 96.01
0 0 96.04
0 0 96.08
0 0 96.11
0 0 96.14
0 0 96.18
0 0 96.21
0 0 96.24
0 0 96.28
0 0 96.31
0 0 96.34
0 0 96.38
0 0 96.41
0 0 96.44
0 0 96.47
0 0 96.51
0 0 96.54
0 0 96.58
0 0 96.61
0 0 96.64
0 0 96.68
0 0 96.71
0 0 96.74
0 0 96.78
0 0 96.81
0 0 96.84
0 0 96.88
0 0 96.91
0 0 96.95
0 0 96.98
0 0 97.02
0 0 97.04
0 0 97.08
0 0 97.11
0 0 97.14
0 0 97.18
0 0 97.21
0 0 97.24
0 0 97.28
0 0 97.31
0 0 97.34
0 0 97.38
0 0 97.41
0 0 97.44
0 0 97.48
0 0 97.51
0 0 97.54
0 0 97.58
0 0 97.61
0 0 97.64
0 0 97.68
0 0 97.71
0 0 97.74
0 0 97.78
0 0 97.81
0 0 97.84
0 0 97.87
0 0 97.91
0 0 97.94
0 0 97.98
0 0 98.01
0 0 98.04
0 0 98.07
0 0 98.11
0 0 98.14
0 0 98.18
0 0 98.21
0 0 98.24
0 0 98.28
0 0 98.31
0 0 98.34
0 0 98.37
0 0 98.41
0 0 98.44
0 0 98.48
0 0 98.51
0 0 98.54
0 0 98.58
0 0 98.61
0 0 98.64
0 0 98.68
0 0 98.71
0 0 98.74
0 0 98.77
0 0 98.81
0 0 98.85
0 0 98.88
0 0 98.94
0 0 98.96
0 0 98.98
0 0 99.01
0 0 99.04
0 0 99.07
0 0 99.11
0 0 99.14
0 0 99.18
0 0 99.21
0 0 99.24
0 0 99.28
0 0 99.31
0 0 99.35
0 0 99.38
0 0 99.41
0 0 99.45
0 0 99.49
0 0 99.52
0 0 99.54
0 0 99.58
0 0 99.61
0 0 99.64
0 0 99.68
0 0 99.71
0 0 99.74
0 0 99.78
0 0 99.81
0 0 99.85
0 0 99.88
0 0 99.91
0 0 99.94
0 0 99.97
0 0 100.01
0 0 100.04
0 0 100.08
0 0 100.11
0 0 100.14
0 0 100.18
0 0 100.21
0 0 100.25
0 0 100.28
0 0 100.31
0 0 100.34
0 0 100.38
0 0 100.41
0 0 100.45
0 0 100.48
0 0 100.51
0 0 100.54
0 0 100.58
0 0 100.61
0 0 100.64
0 0 100.68
0 0 100.72
0 0 100.74
0 0 100.78
0 0 100.81
0 0 100.84
0 0 100.88
0 0 100.91
0 0 100.94
0 0 100.98
0 0 101.01
0 0 101.04
0 0 101.08
0 0 101.11
0 0 101.14
0 0 101.18
0 0 101.21
0 0 101.24
0 0 101.27
0 0 101.31
0 0 101.34
0 0 101.38
0 0 101.41
0 0 101.44
0 0 101.48
0 0 101.51
0 0 101.54
0 0 101.58
0 0 101.61
0 0 101.64
0 0 101.68
0 0 101.71
0 0 101.74
0 0 101.78
0 0 101.81
0 0 101.84
0 0 101.88
0 0 101.91
0 0 101.94
0 0 101.98
0 0 102.01
0 0 102.04
0 0 102.08
0 0 102.11
0 0 102.14
0 0 102.18
0 0 102.21
0 0 102.24
0 0 102.28
0 0 102.31
0 0 102.34
0 0 102.37
0 0 102.41
0 0 102.44
0 0 102.48
0 0 102.54
0 0 102.57
0 0 102.61
0 0 102.64
0 0 102.66
0 0 102.68
0 0 102.71
0.566 0.37 102.74
0.549 0.019 102.78
0.535 0.015 102.81
0.517 0.021 102.85
0.504 0.014 102.88
0.49 0.017 102.91
0.478 0.014 102.94
0.468 0.012 102.98
0.46 0.01 103.01
0.452 0.011 103.04
0.445 0.009 103.08
0.438 0.009 103.11
0.432 0.008 103.14
0.427 0.008 103.18
0.423 0.006 103.22
0.419 0.006 103.25
0.416 0.005 103.28
0.414 0.004 103.31
0.412 0.004 103.35
0.41 0.003 103.38
0.409 0.003 103.41
0.408 0.003 103.44
0.407 0.002 103.48
0.405 0.002 103.51
0.405 0.002 103.55
0.405 0.002 103.58
0.404 0.001 103.61
0.403 0.001 103.65
0.403 0.001 103.68
0.401 0.001 103.71
0.4 0.001 103.75
0.399 0.002 103.78
0.396 0.002 103.81
0.395 0.003 103.85
0.395 0.002 103.88
0.394 0.001 103.91
0.392 0.001 103.94
0.391 0.002 103.98
0.391 0.003 104.01
0.389 0.001 104.05
0.39 0.004 104.08
0.392 0.004 104.12
0.395 0.005 104.15
0.397 0.005 104.18
0.399 0.003 104.22
0.399 0.002 104.25
0.401 0.002 104.28
0.402 0.003 104.31
0.403 0.002 104.35
0.402 0.002 104.38
0.402 0.001 104.41
0.401 0.002 104.45
0.399 0.002 104.48
0.399 0.001 104.51
0.399 0.003 104.54
0.398 0.001 104.58
0.398 0.002 104.61
0.398 0.002 104.65
0.397 0.001 104.69
0.397 0.002 104.71
0.396 0.001 104.75
0.396 0.001 104.78
0.394 0.001 104.81
0.393 0.001 104.85
0.393 0.0 104.88
0.392 0.001 104.91
0.394 0.003 104.95
0.396 0.002 104.98
0.398 0.005 105.01
0.399 0.005 105.04
0.403 0.006 105.08
0.408 0.008 105.12
0.412 0.009 105.15
0.419 0.01 105.19
0.426 0.011 105.22
0.432 0.011 105.25
0.442 0.013 105.28
0.454 0.014 105.31
0.465 0.015 105.35
0.479 0.016 105.38
0.495 0.017 105.41
0.513 0.02 105.44
0.531 0.021 105.48
0 0 105.51
0 0 105.54
0 0 105.58
0 0 105.61
0 0 105.64
0 0 105.68
0 0 105.71
0 0 105.74
0 0 105.77
0 0 105.82
0 0 105.84
0 0 105.87
0 0 105.91
0 0 105.94
0 0 105.97
0 0 106.01
0 0 106.04
0 0 106.08
0 0 106.11
0 0 106.14
0 0 106.18
0 0 106.21
0 0 106.24
0 0 106.27
0 0 106.31
0 0 106.34
0 0 106.37
0 0 106.41
0 0 106.44
0 0 106.47
0 0 106.51
0 0 106.54
0 0 106.57
0 0 106.61
0 0 106.64
0 0 106.67
0 0 106.71
0 0 106.74
0 0 106.78
0 0 106.81
0 0 106.84
0 0 106.87
0 0 106.92
0 0 106.94
0 0 106.98
0 0 107.01
0 0 107.04
0 0 107.08
0 0 107.11
0 0 107.14
0 0 107.18
0 0 107.21
0 0 107.24
0 0 107.27
0 0 107.31
0 0 107.34
0 0 107.37
0 0 107.41
0 0 107.44
0 0 107.47
0 0 107.51
0 0 107.54
0 0 107.57
0 0 107.61
0 0 107.64
0 0 107.67
0 0 107.72
0 0 107.76
0 0 107.78
0 0 107.81
0 0 107.85
0 0 107.88
0 0 107.91
0 0 107.94
0 0 107.97
0 0 108.03
0 0 108.05
0 0 108.07
0 0 108.11
0 0 108.14
0 0 108.17
0 0 108.21
0 0 108.24
0 0 108.27
0 0 108.31
0 0 108.34
0 0 108.37
0 0 108.41
0 0 108.44
0 0 108.47
0 0 108.51
0 0 108.54
0 0 108.57
0 0 108.61
0 0 108.64
0 0 108.68
0 0 108.71
0 0 108.74
0 0 108.77
0 0 108.81
0 0 108.84
0 0 108.87
0 0 108.91
0 0 108.94
0 0 108.97
0 0 109.01
0 0 109.04
0 0 109.07
0 0 109.11
0 0 109.14
0 0 109.18
0 0 109.21
0 0 109.24
0 0 109.27
0 0 109.31
0 0 109.34
0 0 109.37
0 0 109.41
0 0 109.44
0 0 109.47
0 0 109.51
0 0 109.54
0 0 109.57
0 0 109.61
0 0 109.64
0 0 109.68
0 0 109.71
0 0 109.74
0 0 109.77
0 0 109.81
0 0 109.84
0 0 109.87
0 0 109.91
0 0 109.94
0 0 109.97
0 0 110.02
0 0 110.04
0 0 110.07
0 0 110.11
0 0 110.14
0 0 110.17
0 0 110.21
0 0 110.28
0 0 110.3
0 0 110.32
0 0 110.34
0 0 110.37
0 0 110.41
0 0 110.44
0 0 110.47
0 0 110.51
0 0 110.54
0 0 110.57
0 0 110.61
0 0 110.64
0 0 110.67
0 0 110.71
0 0 110.74
0 0 110.77
0 0 110.81
0 0 110.84
0 0 110.87
0 0 110.91
0 0 110.94
0 0 110.97
0 0 111.01
0 0 111.04
0 0 111.07
0 0 111.12
0 0 111.14
0 0 111.17
0 0 111.21
0 0 111.24
0 0 111.27
0 0 111.31
0 0 111.34
0 0 111.37
0 0 111.41
0 0 111.44
0 0 111.47
0 0 111.51
0 0 111.54
0 0 111.57
0 0 111.61
0 0 111.64
0 0 111.67
0 0 111.71
0 0 111.74
0 0 111.77
0 0 111.81
0 0 111.84
0 0 111.87
0 0 111.91
0 0 111.94
0 0 111.97
0 0 112.01
0 0 112.04
0 0 112.07
0 0 112.11
0 0 112.14
0 0 112.17
0 0 112.21
0 0 112.24
0 0 112.27
0 0 112.31
0 0 112.34
0 0 112.37
0 0 112.41
0 0 112.44
0 0 112.47
0 0 112.51
0 0 112.54
0 0 112.58
0 0 112.61
0 0 112.64
0 0 112.67
0 0 112.71
0 0 112.74
0 0 112.77
0 0 112.81
0 0 112.84
0 0 112.87
0 0 112.91
0 0 112.94
0 0 112.97
0 0 113.01
0 0 113.04
0 0 113.07
0 0 113.11
0 0 113.14
0 0 113.18
0 0 113.21
0 0 113.24
0 0 113.28
0 0 113.31
0 0 113.34
0 0 113.37
0 0 113.41
0 0 113.44
0 0 113.47
0 0 113.51
0 0 113.54
0 0 113.57
0 0 113.61
0 0 113.64
0 0 113.67
0 0 113.71
0 0 113.74
0 0 113.78
0 0 113.81
0 0 113.84
0 0 113.87
0 0 113.91
0 0 113.95
0 0 113.97
0 0 114.01
0 0 114.04
0 0 114.07
0 0 114.11
0 0 114.14
0 0 114.17
0 0 114.21
0 0 114.24
0 0 114.27
0 0 114.31
0 0 114.34
0 0 114.37
0 0 114.41
0 0 114.45
0 0 114.47
0 0 114.51
0 0 114.54
0 0 114.57
0 0 114.61
0 0 114.64
0 0 114.67
0 0 114.71
0 0 114.74
0 0 114.77
0 0 114.81
0 0 114.84
0 0 114.87
0 0 114.91
0 0 114.94
0 0 114.97
0 0 115.01
0 0 115.04
0 0 115.07
0 0 115.11
0 0 115.14
0 0 115.17
0 0 115.21
0 0 115.24
0 0 115.31
0 0 115.33
0 0 115.34
0 0 115.37
0 0 115.41
0 0 115.44
0 0 115.47
0 0 115.51
0 0 115.54
0 0 115.57
0 0 115.61
0 0 115.64
0 0 115.67
0 0 115.71
0 0 115.74
0 0 115.77
0 0 115.81
0 0 115.84
0 0 115.87
0 0 115.91
0 0 115.94
0 0 115.97
0 0 116.01
0 0 116.04
0 0 116.07
0 0 116.11
0 0 116.14
0 0 116.17
0 0 116.2
0 0 116.24
0 0 116.27
0 0 116.31
0 0 116.34
0 0 116.37
0 0 116.41
0 0 116.44
0 0 116.47
0 0 116.51
0 0 116.54
0 0 116.57
0 0 116.6
0 0 116.64
0 0 116.67
0 0 116.71
0 0 116.74
0 0 116.77
0 0 116.8
0 0 116.84
0 0 116.87
0 0 116.91
0 0 116.94
0 0 116.97
0 0 117.01
0 0 117.04
0 0 117.07
0 0 117.1
0 0 117.14
0 0 117.17
0 0 117.21
0 0 117.24
0 0 117.27
0 0 117.3
0 0 117.34
0 0 117.37
0 0 117.4
0 0 117.44
0 0 117.47
0 0 117.51
0 0 117.54
0 0 117.57
0 0 117.6
0 0 117.64
0 0 117.68
0 0 117.7
0 0 117.74
0 0 117.77
0 0 117.81
0 0 117.84
0 0 117.87
0 0 117.91
0 0 117.94
0 0 117.97
0 0 118.01
0 0 118.04
0 0 118.07
0 0 118.1
0 0 118.14
0 0 118.17
0 0 118.21
0 0 118.24
0 0 118.27
0 0 118.3
0 0 118.34
0 0 118.37
0 0 118.41
0 0 118.44
0 0 118.47
0 0 118.51
0 0 118.54
0 0 118.57
0 0 118.6
0 0 118.64
0 0 118.67
0 0 118.7
0 0 118.74
0 0 118.77
0 0 118.8
0 0 118.84
0 0 118.87
0 0 118.91
0 0 118.94
0 0 118.97
0 0 119.01
0 0 119.04
0 0 119.07
0 0 119.1
0 0 119.14
0 0 119.17
0 0 119.2
0 0 119.24
0 0 119.27
0 0 119.3
0 0 119.34
0 0 119.37
0 0 119.4
0 0 119.44
0 0 119.47
0 0 119.51
0 0 119.54
0 0 119.57
0 0 119.6
0 0 119.64
0 0 119.67
0 0 119.72
0 0 119.74
0 0 119.77
0 0 119.81
0 0 119.84
0 0 119.87
0 0 119.92
0 0 119.94
0 0 119.97
0 0 120.01
0 0 120.04
0.679 0.22 120.07
0 0 120.11
0 0 120.14
0 0 120.17
0 0 120.2
0.636 0.063 120.24
0.635 0.004 120.27
0 0 120.3
0 0 120.35
0 0 120.38
0 0 120.41
0 0 120.44
0 0 120.47
0.607 0.046 120.51
0 0 120.54
0.608 0.004 120.57
0.604 0.009 120.61
0.605 0.001 120.64
0 0 120.67
0 0 120.71
0 0 120.74
0.589 0.03 120.77
0 0 120.8
0 0 120.84
0.57 0.025 120.87
0.563 0.009 120.91
0.557 0.007 120.94
0 0 120.97
0 0 121.01
0 0 121.04
0.521 0.041 121.07
0.512 0.009 121.11
0.502 0.013 121.14
0.492 0.012 121.18
0.482 0.011 121.21
0.474 0.01 121.24
0.466 0.01 121.27
0.459 0.009 121.31
0.452 0.009 121.34
0.445 0.008 121.38
0.439 0.008 121.41
0.434 0.007 121.44
0.429 0.007 121.48
0.425 0.006 121.52
0.421 0.005 121.54
0.418 0.005 121.57
0.415 0.005 121.61
0.412 0.004 121.64
0.41 0.004 121.67
0.408 0.003 121.71
0.406 0.003 121.74
0.405 0.002 121.77
0.404 0.001 121.81
0.404 0.002 121.84
0.404 0.001 121.87
0.405 0.001 121.91
0.405 0.001 121.94
0.404 0.001 121.97
0.404 0.001 122.01
0.404 0.002 122.04
0.404 0.001 122.07
0.404 0.001 122.11
0.405 0.001 122.14
0.406 0.001 122.17
0.407 0.002 122.21
0.41 0.002 122.24
0.41 0.001 122.27
0.411 0.001 122.31
0.412 0.001 122.34
0.413 0.002 122.37
0.415 0.003 122.41
0.419 0.003 122.44
0.421 0.004 122.47
0.425 0.005 122.51
0.428 0.005 122.54
0.432 0.005 122.57
0.437 0.006 122.61
0.441 0.007 122.64
0.447 0.007 122.68
0.452 0.008 122.71
0.459 0.01 122.74
0.468 0.011 122.77
0.477 0.012 122.81
0.486 0.013 122.84
0.496 0.013 122.87
0.507 0.014 122.91
0 0 122.94
0.529 0.029 122.97
0 0 123.01
0.556 0.032 123.04
0 0 123.07
0 0 123.1
0 0 123.16
0 0 123.19
0 0 123.2
0 0 123.24
0 0 123.27
0 0 123.3
0 0 123.34
0 0 123.37
0 0 123.41
0 0 123.44
0 0 123.47
0 0 123.51
0 0 123.54
0 0 123.57
0 0 123.6
0 0 123.64
0 0 123.67
0 0 123.71
0 0 123.74
0 0 123.77
0 0 123.8
0 0 123.84
0 0 123.87
0 0 123.9
0 0 123.94
0 0 123.97
0 0 124.01
0 0 124.05
0 0 124.07
0 0 124.1
0 0 124.14
0 0 124.17
0 0 124.2
0 0 124.24
0 0 124.29
0 0 124.3
0 0 124.34
0 0 124.37
0 0 124.4
0 0 124.44
0 0 124.47
0 0 124.51
0 0 124.54
0 0 124.57
0 0 124.6
0 0 124.64
0 0 124.67
0 0 124.7
0 0 124.74
0 0 124.77
0 0 124.84
0 0 124.86
0 0 124.88
0 0 124.9
0 0 124.94
0 0 124.97
0 0 125.0
0 0 125.04
0 0 125.07
0 0 125.1
0 0 125.14
0 0 125.17
0 0 125.2
0 0 125.24
0 0 125.27
0.645 0.136 125.31
0 0 125.34
0.613 0.035 125.37
0.597 0.017 125.41
0.58 0.019 125.44
0.564 0.019 125.47
0.548 0.016 125.51
0.534 0.017 125.54
0.522 0.015 125.57
0.51 0.012 125.62
0.499 0.013 125.65
0.491 0.011 125.68
0.482 0.011 125.72
0.475 0.01 125.74
0.469 0.009 125.77
0.464 0.009 125.81
0.458 0.008 125.84
0.453 0.008 125.87
0.449 0.007 125.91
0.444 0.007 125.94
0.441 0.006 125.97
0.439 0.006 126.01
0.436 0.005 126.04
0.434 0.005 126.07
0.431 0.005 126.11
0.428 0.004 126.14
0.425 0.004 126.17
0.424 0.003 126.21
0.422 0.003 126.24
0.42 0.002 126.28
0.419 0.001 126.31
0.418 0.002 126.34
0.416 0.002 126.38
0.415 0.002 126.43
0.414 0.004 126.46
0.412 0.002 126.49
0.411 0.001 126.52
0.411 0.002 126.55
0.412 0.001 126.57
0.412 0.0 126.61
0.413 0.001 126.64
0.414 0.002 126.67
0.416 0.003 126.71
0.418 0.003 126.74
0.422 0.004 126.77
0.425 0.005 126.81
0.428 0.005 126.85
0.432 0.007 126.88
0.436 0.006 126.91
0.44 0.007 126.94
0.445 0.008 126.98
0.45 0.009 127.01
0.456 0.009 127.04
0.462 0.01 127.07
0.47 0.011 127.11
0.478 0.012 127.14
0.488 0.014 127.17
0.499 0.014 127.21
0.51 0.014 127.24
0.521 0.015 127.27
0.533 0.015 127.31
0 0 127.34
0 0 127.37
0 0 127.4
0.582 0.059 127.44
0 0 127.47
0 0 127.51
0 0 127.54
0 0 127.57
0 0 127.61
0 0 127.64
0 0 127.68
0 0 127.71
0 0 127.75
0 0 127.77
0 0 127.8
0 0 127.84
0 0 127.87
0 0 127.91
0 0 127.94
0 0 127.97
0 0 128.01
0 0 128.04
0 0 128.07
0 0 128.1
0 0 128.14
0 0 128.17
0 0 128.2
0 0 128.24
0 0 128.27
0 0 128.3
0 0 128.34
0 0 128.37
0 0 128.4
0 0 128.44
0 0 128.47
0 0 128.5
0 0 128.54
0 0 128.57
0 0 128.6
0 0 128.65
0 0 128.67
0 0 128.7
0 0 128.74
0 0 128.77
0 0 128.8
0 0 128.84
0 0 128.87
0 0 128.9
0 0 128.94
0 0 128.98
0 0 129.0
0 0 129.04
0 0 129.07
0 0 129.1
0 0 129.14
0 0 129.18
0 0 129.2
0 0 129.24
0 0 129.27
0 0 129.3
0 0 129.34
0 0 129.37
0 0 129.4
0 0 129.44
0 0 129.47
0 0 129.5
0 0 129.55
0 0 129.57
0 0 129.6
0 0 129.64
0 0 129.67
0 0 129.71
0 0 129.74
0 0 129.77
0 0 129.81
0 0 129.84
0 0 129.87
0 0 129.9
0 0 129.94
0 0 129.97
0 0 130.0
0 0 130.04
0 0 130.07
0 0 130.1
0 0 130.14
0 0 130.17
0 0 130.2
0 0 130.24
0 0 130.27
0 0 130.3
0 0 130.34
0 0 130.37
0 0 130.4
0 0 130.44
0 0 130.47
0 0 130.5
0 0 130.54
0 0 130.57
0 0 130.6
0 0 130.64
0 0 130.67
0 0 130.7
0 0 130.74
0 0 130.77
0 0 130.8
0 0 130.84
0 0 130.87
0 0 130.9
0 0 130.94
0 0 130.97
0 0 131.0
0 0 131.03
0 0 131.07
0 0 131.1
0 0 131.14
0 0 131.17
0 0 131.2
0 0 131.24
0 0 131.27
0 0 131.3
0 0 131.34
0 0 131.37
0 0 131.4
0 0 131.44
0 0 131.47
0 0 131.5
0 0 131.54
0 0 131.57
0 0 131.6
0 0 131.64
0 0 131.67
0 0 131.7
0 0 131.73
0 0 131.77
0 0 131.8
0 0 131.84
0 0 131.87
0 0 131.9
0 0 131.94
0 0 131.97
0 0 132.0
0 0 132.04
0 0 132.07
0 0 132.1
0 0 132.14
0 0 132.17
0 0 132.2
0 0 132.26
0 0 132.27
0 0 132.3
0 0 132.34
0 0 132.37
0 0 132.4
0 0 132.43
0 0 132.47
0 0 132.5
0 0 132.54
0 0 132.57
0 0 132.6
0 0 132.65
0 0 132.67
0 0 132.7
0 0 132.74
0 0 132.77
0 0 132.8
0 0 132.84
0 0 132.87
0 0 132.9
0 0 132.94
0 0 132.97
0 0 133.0
0 0 133.04
0 0 133.07
0 0 133.1
0 0 133.14
0 0 133.17
0 0 133.2
0 0 133.24
0 0 133.27
0 0 133.3
0 0 133.34
0 0 133.37
0 0 133.4
0 0 133.43
0 0 133.47
0 0 133.5
0 0 133.54
0 0 133.57
0 0 133.6
0 0 133.63
0 0 133.67
0 0 133.7
0 0 133.74
0 0 133.77
0 0 133.8
0 0 133.84
0 0 133.87
0 0 133.9
0 0 133.95
0 0 133.98
0 0 134.01
0 0 134.04
0 0 134.07
0 0 134.1
0 0 134.13
0 0 134.17
0 0 134.2
0 0 134.24
0 0 134.27
0 0 134.3
0 0 134.34
0 0 134.37
0 0 134.4
0 0 134.43
0 0 134.47
0 0 134.5
0 0 134.54
0 0 134.57
0 0 134.6
0 0 134.64
0 0 134.67
0 0 134.7
0 0 134.74
0 0 134.77
0 0 134.8
0 0 134.84
0 0 134.87
0 0 134.9
0 0 134.94
0 0 134.97
0 0 135.0
0 0 135.04
0 0 135.07
0 0 135.1
0 0 135.14
0 0 135.17
0 0 135.2
0 0 135.24
0 0 135.27
0 0 135.3
0 0 135.34
0 0 135.37
0 0 135.4
0 0 135.44
0 0 135.47
0 0 135.5
0 0 135.54
0 0 135.57
0 0 135.62
0 0 135.63
0 0 135.67
0 0 135.7
0 0 135.74
0 0 135.77
0 0 135.8
0 0 135.84
0 0 135.87
0 0 135.9
0 0 135.96
0 0 135.99
0 0 136.01
0 0 136.04
0 0 136.07
0 0 136.1
0 0 136.14
0 0 136.17
0 0 136.2
0 0 136.24
0 0 136.27
0 0 136.3
0 0 136.34
0 0 136.37
0 0 136.4
0 0 136.44
0 0 136.47
0 0 136.5
0 0 136.54
0 0 136.57
0 0 136.6
0 0 136.65
0 0 136.68
0 0 136.7
0 0 136.74
0 0 136.77
0 0 136.8
0 0 136.84
0 0 136.87
0 0 136.9
0 0 136.93
0 0 136.97
0 0 137.0
0 0 137.04
0 0 137.07
0 0 137.1
0 0 137.13
0 0 137.17
0 0 137.2
0 0 137.24
0 0 137.27
0 0 137.3
0 0 137.34
0 0 137.37
0 0 137.4
0 0 137.43
0 0 137.47
0 0 137.5
0 0 137.53
0 0 137.57
0 0 137.6
0 0 137.65
0 0 137.67
0 0 137.7
0 0 137.74
0 0 137.77
0 0 137.8
0 0 137.84
0 0 137.87
0 0 137.93
0 0 137.95
0 0 137.98
0 0 138.0
0 0 138.04
0 0 138.07
0 0 138.1
0 0 138.13
0 0 138.17
0 0 138.2
0 0 138.24
0 0 138.27
0 0 138.3
0 0 138.34
0 0 138.37
0 0 138.4
0 0 138.43
0 0 138.47
0 0 138.5
0 0 138.54
0 0 138.57
0 0 138.6
0 0 138.63
0 0 138.67
0 0 138.7
0 0 138.73
0 0 138.77
0 0 138.81
0 0 138.83
0 0 138.87
0 0 138.9
0 0 138.93
0 0 138.97
0 0 139.02
0 0 139.05
0 0 139.07
0 0 139.1
0 0 139.13
0 0 139.17
0 0 139.2
0 0 139.24
0 0 139.27
0 0 139.3
0 0 139.34
0 0 139.37
0 0 139.41
0 0 139.43
0 0 139.47
0 0 139.5
0 0 139.53
0 0 139.57
0 0 139.6
0 0 139.63
0 0 139.67
0 0 139.7
0 0 139.73
0 0 139.77
0 0 139.8
0 0 139.83
0 0 139.87
0 0 139.9
0 0 139.93
0 0 139.97
0 0 140.0
0 0 140.03
0 0 140.07
0 0 140.1
0 0 140.13
0 0 140.17
0 0 140.2
0 0 140.24
0 0 140.27
0 0 140.3
0 0 140.34
0 0 140.37
0 0 140.4
0 0 140.43
0 0 140.47
0 0 140.5
0 0 140.53
0 0 140.57
0 0 140.6
0 0 140.64
0 0 140.67
0 0 140.7
0 0 140.73
0 0 140.77
0 0 140.8
0 0 140.84
0 0 140.87
0 0 140.93
0 0 140.96
0 0 140.98
0 0 141.0
0 0 141.03
0 0 141.07
0 0 141.1
0 0 141.13
0 0 141.17
0 0 141.2
0 0 141.24
0 0 141.27
0 0 141.3
0 0 141.34
0 0 141.37
0 0 141.4
0 0 141.43
0 0 141.47
0 0 141.5
0 0 141.53
0 0 141.57
0 0 141.6
0 0 141.63
0 0 141.67
0 0 141.7
0 0 141.73
0 0 141.79
0 0 141.8
0 0 141.84
0 0 141.87
0 0 141.9
0 0 141.93
0 0 141.97
0 0 142.0
0 0 142.03
0 0 142.07
0 0 142.1
0 0 142.13
0 0 142.17
0 0 142.2
0 0 142.24
0 0 142.27
0 0 142.3
0 0 142.34
0 0 142.37
0 0 142.4
0 0 142.43
0 0 142.47
0 0 142.5
0 0 142.53
0 0 142.57
0 0 142.6
0 0 142.63
0 0 142.68
0 0 142.7
0 0 142.74
0 0 142.77
0 0 142.8
0 0 142.84
0 0 142.87
0 0 142.9
0 0 142.93
0 0 142.97
0 0 143.0
0 0 143.03
0 0 143.07
0 0 143.1
0 0 143.13
0 0 143.17
0 0 143.2
0 0 143.23
0 0 143.27
0 0 143.3
0 0 143.34
0 0 143.37
0 0 143.4
0 0 143.43
0 0 143.46
0 0 143.5
0 0 143.53
0 0 143.57
0 0 143.6
0 0 143.63
0 0 143.67
0 0 143.7
0 0 143.73
0 0 143.77
0 0 143.8
0 0 143.83
0 0 143.87
0 0 143.9
0 0 143.93
0 0 143.97
0 0 144.0
0 0 144.03
0 0 144.07
0 0 144.1
0 0 144.13
0 0 144.17
0 0 144.22
0 0 144.24
0 0 144.27
0 0 144.3
0 0 144.33
0 0 144.37
0 0 144.4
0 0 144.43
0 0 144.47
0 0 144.5
0 0 144.54
0 0 144.57
0 0 144.6
0 0 144.63
0 0 144.67
0 0 144.7
0 0 144.73
0 0 144.77
0 0 144.8
0 0 144.84
0 0 144.87
0 0 144.9
0 0 144.93
0 0 144.97
0 0 145.0
0 0 145.03
0 0 145.07
0 0 145.12
0 0 145.13
0 0 145.17
0 0 145.2
0 0 145.23
0 0 145.27
0 0 145.3
0 0 145.34
0 0 145.37
0 0 145.4
0 0 145.43
0 0 145.47
0 0 145.5
0 0 145.53
0 0 145.57
0 0 145.6
0 0 145.63
0 0 145.67
0 0 145.7
0 0 145.74
0 0 145.77
0 0 145.8
0 0 145.84
0 0 145.87
0 0 145.9
0 0 145.93
0 0 145.97
0 0 146.0
0 0 146.03
0 0 146.07
0 0 146.1
0 0 146.13
0 0 146.17
0 0 146.2
0 0 146.23
0 0 146.27
0 0 146.3
0 0 146.34
0 0 146.37
0 0 146.4
0 0 146.43
0 0 146.47
0 0 146.5
0 0 146.53
0 0 146.57
0 0 146.61
0 0 146.65
0 0 146.68
0 0 146.71
0 0 146.73
0 0 146.77
0 0 146.8
0 0 146.83
0 0 146.88
0 0 146.91
0 0 146.93
0 0 146.97
0 0 147.0
0 0 147.04
0 0 147.07
0 0 147.1
0 0 147.13
0 0 147.17
0 0 147.2
0 0 147.23
0 0 147.27
0 0 147.3
0 0 147.34
0 0 147.37
0 0 147.41
0 0 147.44
0 0 147.47
0 0 147.5
0 0 147.54
0 0 147.57
0 0 147.6
0 0 147.63
0 0 147.67
0 0 147.71
0 0 147.74
0 0 147.77
0 0 147.8
0 0 147.84
0 0 147.87
0 0 147.9
0 0 147.93
0 0 147.97
0 0 148.0
0 0 148.03
0 0 148.07
0 0 148.1
0 0 148.13
0 0 148.17
0 0 148.2
0 0 148.23
0 0 148.27
0 0 148.3
0 0 148.33
0 0 148.37
0 0 148.4
0 0 148.44
0 0 148.47
0 0 148.5
0 0 148.53
0 0 148.57
0 0 148.6
0 0 148.64
0 0 148.68
0 0 148.7
0 0 148.73
0 0 148.77
0 0 148.8
0 0 148.83
0 0 148.86
0 0 148.9
0 0 148.93
0 0 148.97
0 0 149.0
0 0 149.03
0 0 149.07
0 0 149.1
0 0 149.13
0 0 149.17
0 0 149.2
0 0 149.23
0 0 149.26
0 0 149.3
0 0 149.33
0 0 149.36
0 0 149.4
0 0 149.43
0 0 149.46
0 0 149.5
0 0 149.53
0 0 149.57
0 0 149.61
0 0 149.63
0 0 149.67
0 0 149.7
0 0 149.73
0 0 149.77
0 0 149.8
0 0 149.84
0 0 149.87
0 0 149.9
0 0 149.93
0 0 149.97
0 0 150.0
0 0 150.03
0 0 150.06
0 0 150.1
0 0 150.13
0 0 150.17
0 0 150.2
0 0 150.23
0 0 150.27
0 0 150.3
0 0 150.33
0 0 150.36
0 0 150.4
0 0 150.43
0 0 150.46
0 0 150.5
0 0 150.53
0 0 150.57
0 0 150.6
0 0 150.63
0 0 150.68
0 0 150.7
0 0 150.73
0 0 150.77
0 0 150.8
0 0 150.83
0 0 150.87
0 0 150.9
0 0 150.93
0 0 150.96
0 0 151.0
0 0 151.03
0 0 151.07
0 0 151.1
0 0 151.13
0 0 151.17
0 0 151.2
0 0 151.23
0 0 151.26
0 0 151.3
0 0 151.33
0 0 151.37
0 0 151.4
0 0 151.43
0 0 151.46
0 0 151.5
0 0 151.53
0 0 151.56
0 0 151.6
0 0 151.63
0 0 151.67
0 0 151.7
0 0 151.73
0 0 151.77
0 0 151.8
0 0 151.83
0 0 151.86
0 0 151.9
0 0 151.93
0 0 151.97
0 0 152.0
0 0 152.03
0 0 152.07
0 0 152.1
0 0 152.13
0 0 152.17
0 0 152.2
0 0 152.23
0 0 152.26
0 0 152.3
0 0 152.33
0 0 152.37
0 0 152.4
0 0 152.43
0 0 152.47
0 0 152.5
0 0 152.53
0 0 152.57
0 0 152.6
0 0 152.63
0 0 152.67
0 0 152.7
0 0 152.73
0 0 152.77
0 0 152.8
0 0 152.83
0 0 152.86
0 0 152.9
0 0 152.93
0 0 152.97
0 0 153.0
0 0 153.03
0 0 153.06
0 0 153.1
0 0 153.13
0 0 153.17
0 0 153.2
0 0 153.23
0 0 153.27
0 0 153.3
0 0 153.33
0 0 153.37
0 0 153.4
0 0 153.43
0 0 153.47
0 0 153.5
0 0 153.53
0 0 153.57
0 0 153.6
0 0 153.63
0 0 153.67
0 0 153.7
0 0 153.73
0 0 153.77
0 0 153.8
0 0 153.83
0 0 153.87
0 0 153.9
0 0 153.93
0 0 153.97
0 0 154.0
0 0 154.03
0 0 154.06
0 0 154.1
0 0 154.13
0 0 154.17
0 0 154.2
0 0 154.23
0 0 154.26
0 0 154.3
0 0 154.33
0 0 154.37
0 0 154.4
0 0 154.43
0 0 154.46
0 0 154.5
0 0 154.53
0 0 154.56
0 0 154.6
0 0 154.63
0 0 154.67
0 0 154.7
0 0 154.73
0 0 154.76
0 0 154.8
0 0 154.83
0 0 154.87
0 0 154.9
0 0 154.93
0 0 154.97
0 0 155.01
0 0 155.04
0 0 155.06
0 0 155.1
0 0 155.13
0 0 155.17
0 0 155.2
0 0 155.23
0 0 155.26
0 0 155.3
0 0 155.33
0 0 155.36
0 0 155.4
0 0 155.43
0 0 155.46
0 0 155.5
0 0 155.53
0 0 155.57
0 0 155.6
0 0 155.65
0 0 155.68
0 0 155.7
0 0 155.73
0 0 155.76
0 0 155.8
0 0 155.83
0 0 155.86
0 0 155.9
0 0 155.93
0 0 155.96
0 0 156.01
0 0 156.04
0 0 156.07
0 0 156.13
0 0 156.16
0 0 156.18
0 0 156.21
0 0 156.23
0 0 156.27
0 0 156.3
0 0 156.33
0 0 156.37
0 0 156.4
0 0 156.43
0 0 156.47
0 0 156.5
0 0 156.53
0 0 156.57
0 0 156.6
0 0 156.63
0 0 156.67
0 0 156.7
0 0 156.73
0 0 156.76
0 0 156.8
0 0 156.83
0 0 156.87
0 0 156.9
0 0 156.93
0 0 156.97
0 0 157.0
0 0 157.04
0 0 157.07
0 0 157.1
0 0 157.13
0 0 157.17
0 0 157.21
0 0 157.23
0 0 157.27
0 0 157.3
0 0 157.33
0 0 157.37
0 0 157.4
0 0 157.43
0 0 157.46
0 0 157.5
0 0 157.53
0 0 157.56
0 0 157.6
0 0 157.63
0 0 157.66
0 0 157.7
0 0 157.73
0 0 157.76
0 0 157.8
0 0 157.83
0 0 157.86
0 0 157.9
0.612 0.123 157.93
0.591 0.028 157.97
0.578 0.013 158.0
0 0 158.03
0.545 0.042 158.07
0.529 0.02 158.1
0.514 0.016 158.13
0.503 0.015 158.17
0.49 0.015 158.2
0.478 0.013 158.23
0.468 0.014 158.27
0.458 0.012 158.3
0.45 0.01 158.34
0.444 0.009 158.37
0.438 0.008 158.4
0.434 0.007 158.43
0.432 0.006 158.46
0.429 0.006 158.5
0.426 0.005 158.53
0.424 0.005 158.57
0.422 0.004 158.6
0.42 0.004 158.63
0.418 0.004 158.67
0.417 0.004 158.7
0.416 0.004 158.73
0.415 0.004 158.77
0.414 0.003 158.8
0.414 0.002 158.84
0.414 0.002 158.87
0.415 0.002 158.91
0.415 0.001 158.94
0.415 0.0 158.97
0.415 0.0 159.0
0.415 0.001 159.04
0.414 0.001 159.07
0.414 0.001 159.1
0.414 0.001 159.14
0.414 0.001 159.17
0.416 0.002 159.2
0.418 0.003 159.24
0.421 0.004 159.27
0.426 0.005 159.3
0.432 0.007 159.34
0.438 0.007 159.37
0.444 0.008 159.4
0.45 0.009 159.43
0.455 0.009 159.47
0.462 0.01 159.5
0.469 0.011 159.53
0.477 0.012 159.57
0.488 0.014 159.6
0.499 0.015 159.63
0.512 0.016 159.67
0.526 0.018 159.7
0 0 159.73
0 0 159.76
0 0 159.8
0 0 159.83
0 0 159.86
0 0 159.9
0 0 159.93
0 0 159.96
0 0 160.0
0 0 160.03
0 0 160.06
0 0 160.1
0 0 160.13
0 0 160.16
0 0 160.2
0 0 160.23
0 0 160.26
0 0 160.3
0 0 160.33
0 0 160.38
0 0 160.42
0 0 160.45
0 0 160.46
0 0 160.5
0 0 160.53
0 0 160.56
0 0 160.6
0 0 160.63
0 0 160.66
0 0 160.7
0 0 160.73
0 0 160.76
0 0 160.8
0 0 160.83
0 0 160.86
0 0 160.9
0 0 160.93
0 0 160.96
0 0 161.0
0 0 161.03
0 0 161.06
0 0 161.1
0 0 161.13
0 0 161.16
0 0 161.2
0 0 161.23
0 0 161.26
0 0 161.3
0 0 161.33
0 0 161.36
0 0 161.4
0 0 161.43
0 0 161.46
0 0 161.5
0 0 161.53
0 0 161.56
0 0 161.6
0 0 161.65
0 0 161.66
0 0 161.7
0 0 161.73
0 0 161.76
0 0 161.8
0 0 161.83
0 0 161.86
0 0 161.9
0 0 161.93
0 0 161.96
0 0 162.01
0 0 162.03
0 0 162.06
0 0 162.1
0 0 162.13
0 0 162.17
0 0 162.2
0 0 162.23
0 0 162.26
0 0 162.3
0 0 162.33
0 0 162.36
0 0 162.4
0 0 162.43
0 0 162.46
0 0 162.5
0 0 162.53
0 0 162.56
0 0 162.6
0 0 162.63
0 0 162.67
0 0 162.7
0 0 162.74
0 0 162.76
0 0 162.81
0 0 162.83
0 0 162.86
0 0 162.9
0 0 162.93
0.641 0.124 162.97
0.626 0.015 163.0
0.609 0.02 163.03
0.593 0.017 163.07
0.577 0.019 163.1
0.561 0.018 163.13
0.547 0.016 163.17
0.533 0.015 163.2
0.52 0.017 163.23
0.508 0.013 163.27
0.496 0.014 163.3
0.485 0.013 163.33
0.475 0.013 163.37
0.466 0.011 163.4
0.457 0.01 163.43
0.45 0.01 163.47
0.442 0.009 163.5
0.436 0.009 163.53
0.429 0.008 163.57
0.423 0.007 163.6
0.419 0.007 163.63
0.415 0.006 163.67
0.412 0.005 163.7
0.41 0.004 163.73
0.409 0.004 163.77
0.409 0.003 163.8
0.409 0.002 163.84
0.408 0.002 163.87
0.407 0.001 163.9
0.408 0.002 163.93
0.409 0.001 164.0
0.409 0.002 164.02
0.411 0.002 164.06
0.412 0.002 164.09
0.413 0.002 164.1
0.413 0.001 164.13
0.414 0.001 164.17
0.415 0.003 164.21
0.416 0.002 164.23
0.418 0.002 164.27
0.421 0.003 164.3
0.424 0.004 164.33
0.428 0.005 164.37
0.431 0.004 164.4
0.434 0.005 164.43
0.439 0.006 164.47
0.444 0.006 164.5
0.449 0.008 164.53
0.457 0.009 164.57
0.465 0.01 164.6
0.473 0.011 164.63
0.481 0.012 164.67
0.491 0.013 164.7
0.502 0.015 164.73
0.513 0.014 164.77
0.525 0.015 164.8
0.541 0.022 164.84
0.556 0.02 164.87
0 0 164.9
0 0 164.93
0 0 164.96
0 0 165.0
0 0 165.03
0 0 165.06
0 0 165.1
0 0 165.13
0 0 165.16
0 0 165.2
0 0 165.23
0 0 165.26
0 0 165.3
0 0 165.33
0 0 165.36
0 0 165.4
0 0 165.43
0 0 165.46
0 0 165.5
0 0 165.53
0 0 165.56
0 0 165.6
0 0 165.63
0 0 165.67
0 0 165.7
0 0 165.73
0 0 165.76
0 0 165.79
0 0 165.84
0 0 165.86
0 0 165.9
0 0 165.93
0 0 165.96
0 0 166.0
0 0 166.03
0 0 166.06
0 0 166.09
0 0 166.13
0 0 166.16
0 0 166.19
0 0 166.23
0 0 166.26
0 0 166.29
0 0 166.33
0 0 166.36
0 0 166.4
0 0 166.44
0 0 166.46
0 0 166.5
0 0 166.54
0 0 166.56
0 0 166.6
0 0 166.63
0 0 166.66
0 0 166.7
0 0 166.73
0 0 166.76
0 0 166.8
0 0 166.83
0 0 166.86
0 0 166.9
0 0 166.93
0 0 166.96
0 0 167.0
0 0 167.03
0 0 167.06
0 0 167.09
0 0 167.14
0 0 167.16
0 0 167.2
0 0 167.23
0 0 167.26
0 0 167.3
0 0 167.33
0 0 167.36
0 0 167.39
0 0 167.43
0 0 167.46
0 0 167.5
0 0 167.53
0 0 167.56
0 0 167.6
0 0 167.63
0 0 167.66
0 0 167.69
0 0 167.73
0 0 167.76
0 0 167.8
0 0 167.83
0 0 167.86
0 0 167.9
0 0 167.93
0 0 167.96
0 0 168.0
0 0 168.03
0 0 168.06
0 0 168.1
0 0 168.13
0 0 168.16
0 0 168.19
0 0 168.23
0 0 168.26
0 0 168.32
0 0 168.33
0 0 168.36
0 0 168.39
0 0 168.43
0 0 168.46
0 0 168.5
0 0 168.53
0 0 168.56
0 0 168.6
0 0 168.63
0 0 168.66
0 0 168.69
0 0 168.73
0 0 168.76
0 0 168.8
0 0 168.83
0 0 168.86
0 0 168.89
0 0 168.93
0 0 168.96
0 0 169.0
0 0 169.03
0 0 169.06
0 0 169.1
0 0 169.13
0 0 169.16
0 0 169.19
0 0 169.23
0 0 169.26
0 0 169.32
0 0 169.33
0 0 169.36
0 0 169.39
0 0 169.43
0 0 169.46
0 0 169.5
0 0 169.53
0 0 169.56
0 0 169.59
0 0 169.63
0 0 169.66
0 0 169.7
0 0 169.73
0 0 169.76
0 0 169.79
0 0 169.83
0 0 169.86
0 0 169.89
0 0 169.93
0 0 169.96
0 0 170.0
0 0 170.03
0 0 170.06
0 0 170.1
0 0 170.13
0 0 170.16
0 0 170.19
0 0 170.23
0 0 170.26
0 0 170.29
0 0 170.33
0 0 170.36
0 0 170.39
0 0 170.43
0 0 170.46
0 0 170.5
0 0 170.53
0 0 170.56
0 0 170.59
0 0 170.63
0 0 170.66
0 0 170.69
0 0 170.73
0 0 170.76
0 0 170.8
0 0 170.83
0 0 170.86
0 0 170.9
0 0 170.93
0 0 170.96
0 0 171.0
0 0 171.03
0 0 171.06
0 0 171.09
0 0 171.13
0 0 171.16
0 0 171.19
0 0 171.23
0 0 171.26
0 0 171.3
0 0 171.33
0 0 171.36
0 0 171.39
0 0 171.43
0 0 171.46
0 0 171.5
0 0 171.53
0 0 171.56
0 0 171.59
0 0 171.63
0 0 171.66
0 0 171.69
0 0 171.73
0 0 171.79
0 0 171.8
0 0 171.83
0 0 171.86
0 0 171.9
0 0 171.93
0 0 171.96
0 0 172.0
0 0 172.03
0 0 172.06
0 0 172.1
0 0 172.13
0 0 172.16
0 0 172.2
0 0 172.23
0 0 172.26
0 0 172.3
0 0 172.33
0 0 172.36
0 0 172.39
0 0 172.43
0 0 172.46
0 0 172.5
0 0 172.53
0 0 172.56
0 0 172.6
0 0 172.63
0 0 172.66
0 0 172.69
0 0 172.73
0 0 172.76
0 0 172.79
0 0 172.83
0 0 172.86
0 0 172.9
0 0 172.93
0 0 172.96
0 0 172.99
0 0 173.03
0 0 173.06
0 0 173.09
0 0 173.13
0 0 173.16
0 0 173.2
0 0 173.23
0 0 173.26
0 0 173.29
0 0 173.33
0 0 173.36
0 0 173.4
0 0 173.43
0 0 173.46
0 0 173.5
0 0 173.53
0 0 173.56
0 0 173.6
0 0 173.63
0 0 173.66
0 0 173.7
0 0 173.73
0 0 173.76
0 0 173.79
0 0 173.83
0 0 173.86
0 0 173.9
0 0 173.93
0 0 173.96
0 0 174.0
0 0 174.03
0 0 174.06
0 0 174.09
0 0 174.13
0 0 174.16
0 0 174.19
0 0 174.23
0 0 174.26
0 0 174.31
0 0 174.34
0 0 174.37
0 0 174.4
0 0 174.43
0 0 174.46
0 0 174.5
0 0 174.53
0 0 174.56
0 0 174.59
0 0 174.63
0 0 174.66
0 0 174.69
0 0 174.73
0 0 174.76
0 0 174.79
0 0 174.83
0 0 174.86
0 0 174.9
0 0 174.93
0 0 174.96
0 0 175.0
0 0 175.03
0 0 175.08
0 0 175.09
0 0 175.13
0 0 175.16
0 0 175.2
0 0 175.23
0 0 175.26
0 0 175.29
0 0 175.33
0 0 175.36
0 0 175.39
0 0 175.43
0 0 175.46
0 0 175.5
0 0 175.53
0 0 175.56
0 0 175.59
0 0 175.65
0 0 175.69
0 0 175.72
0 0 175.73
0 0 175.76
0 0 175.79
0 0 175.83
0 0 175.86
0 0 175.9
0 0 175.93
0 0 175.96
0 0 176.0
0 0 176.03
0 0 176.06
0 0 176.09
0 0 176.13
0 0 176.16
0 0 176.2
0 0 176.23
0 0 176.26
0 0 176.29
0 0 176.33
0 0 176.36
0 0 176.39
0 0 176.43
0 0 176.46
0 0 176.5
0 0 176.53
0 0 176.56
0 0 176.59
0 0 176.63
0 0 176.66
0 0 176.69
0 0 176.73
0 0 176.76
0 0 176.79
0 0 176.83
0 0 176.86
0 0 176.89
0 0 176.93
0 0 176.96
0 0 176.99
0 0 177.03
0 0 177.06
0 0 177.09
0 0 177.13
0 0 177.16
0 0 177.19
0 0 177.23
0 0 177.26
0 0 177.29
0 0 177.33
0 0 177.36
0 0 177.39
0 0 177.43
0 0 177.46
0 0 177.49
0 0 177.53
0 0 177.56
0 0 177.61
0 0 177.63
0 0 177.66
0 0 177.7
0 0 177.73
0 0 177.76
0 0 177.79
0 0 177.83
0 0 177.86
0 0 177.89
0 0 177.93
0 0 177.96
0 0 177.99
0 0 178.03
0 0 178.06
0 0 178.1
0 0 178.14
0 0 178.16
0 0 178.19
0 0 178.24
0 0 178.26
0 0 178.29
0 0 178.33
0 0 178.36
0 0 178.39
0 0 178.43
0 0 178.46
0 0 178.49
0 0 178.53
0 0 178.56
0 0 178.59
0 0 178.63
0 0 178.66
0 0 178.69
0 0 178.73
0 0 178.76
0 0 178.79
0 0 178.83
0 0 178.86
0 0 178.89
0 0 178.93
0 0 178.96
0 0 178.99
0 0 179.04
0 0 179.06
0 0 179.09
0 0 179.12
0 0 179.16
0 0 179.19
0 0 179.23
0 0 179.28
0 0 179.3
0 0 179.33
0 0 179.36
0 0 179.39
0 0 179.42
0 0 179.46
0 0 179.49
0 0 179.53
0 0 179.56
0 0 179.59
0 0 179.63
0 0 179.66
0 0 179.69
0 0 179.73
0 0 179.76
0 0 179.79
0 0 179.83
0 0 179.86
0 0 179.9
0 0 179.93
0 0 179.96
0 0 179.99
0 0 180.03
0 0 180.08
0 0 180.1
0 0 180.13
0 0 180.16
0 0 180.19
0 0 180.23
0 0 180.26
0 0 180.29
0 0 180.33
0 0 180.36
0 0 180.39
0 0 180.43
0 0 180.46
0 0 180.49
0 0 180.53
0 0 180.56
0 0 180.59
0 0 180.63
0 0 180.66
0 0 180.69
0 0 180.73
0 0 180.76
0 0 180.79
0 0 180.83
0 0 180.86
0 0 180.89
0 0 180.94
0 0 180.96
0 0 180.99
0 0 181.02
0 0 181.06
0 0 181.09
0 0 181.12
0 0 181.16
0 0 181.19
0 0 181.23
0 0 181.26
0 0 181.29
0 0 181.33
0 0 181.36
0 0 181.39
0 0 181.43
0 0 181.46
0 0 181.49
0 0 181.52
0 0 181.56
0 0 181.59
0 0 181.63
0 0 181.66
0 0 181.69
0 0 181.72
0 0 181.76
0 0 181.79
0 0 181.83
0 0 181.86
0 0 181.89
0 0 181.93
0 0 181.96
0 0 181.99
0 0 182.04
0 0 182.06
0 0 182.09
0 0 182.13
0 0 182.16
0 0 182.19
0 0 182.23
0 0 182.26
0 0 182.29
0 0 182.33
0 0 182.36
0 0 182.39
0 0 182.45
0 0 182.48
0 0 182.51
0 0 182.53
0 0 182.56
0 0 182.59
0 0 182.63
0 0 182.66
0 0 182.69
0 0 182.73
0 0 182.76
0 0 182.79
0 0 182.83
0 0 182.86
0 0 182.89
0 0 182.93
0 0 182.96
0 0 183.0
0 0 183.03
0 0 183.06
0 0 183.09
0 0 183.13
0 0 183.16
0 0 183.22
0 0 183.25
0 0 183.28
0 0 183.29
0 0 183.33
0 0 183.36
0 0 183.39
0 0 183.43
0 0 183.46
0 0 183.5
0 0 183.53
0 0 183.56
0 0 183.59
0 0 183.63
0 0 183.66
0 0 183.69
0 0 183.73
0 0 183.76
0 0 183.79
0 0 183.83
0 0 183.86
0 0 183.89
0 0 183.93
0 0 183.96
0 0 184.0
0 0 184.03
0 0 184.06
0 0 184.09
0 0 184.13
0 0 184.16
0 0 184.19
0 0 184.23
0 0 184.26
0 0 184.29
0 0 184.33
0 0 184.36
0 0 184.39
0 0 184.43
0 0 184.46
0 0 184.5
0 0 184.53
0 0 184.56
0 0 184.59
0 0 184.62
0 0 184.66
0 0 184.69
0 0 184.73
0 0 184.76
0 0 184.79
0 0 184.83
0 0 184.86
0 0 184.9
0 0 184.93
0 0 184.97
0 0 184.99
0 0 185.02
0 0 185.06
0 0 185.09
0 0 185.13
0 0 185.16
0 0 185.19
0 0 185.22
0 0 185.26
0 0 185.29
0 0 185.33
0 0 185.36
0 0 185.39
0 0 185.42
0 0 185.46
0 0 185.49
0 0 185.52
0 0 185.56
0 0 185.59
0 0 185.63
0 0 185.66
0 0 185.69
0 0 185.72
0 0 185.76
0 0 185.79
0 0 185.83
0 0 185.86
0 0 185.9
0 0 185.93
0 0 185.96
0 0 185.99
0 0 186.02
0 0 186.06
0 0 186.09
0 0 186.13
0 0 186.16
0 0 186.19
0 0 186.23
0 0 186.26
0 0 186.29
0 0 186.33
0 0 186.36
0 0 186.39
0 0 186.43
0 0 186.46
0 0 186.49
0 0 186.53
0 0 186.56
0 0 186.59
0 0 186.63
0 0 186.66
0 0 186.69
0 0 186.73
0 0 186.76
0 0 186.79
0 0 186.83
0 0 186.86
0 0 186.89
0 0 186.92
0 0 186.96
0 0 186.99
0 0 187.03
0 0 187.06
0 0 187.1
0 0 187.12
0 0 187.16
0 0 187.19
0 0 187.23
0 0 187.26
0 0 187.29
0 0 187.33
0 0 187.36
0 0 187.39
0 0 187.42
0 0 187.46
0 0 187.49
0 0 187.53
0 0 187.56
0 0 187.59
0 0 187.62
0 0 187.66
0 0 187.69
0 0 187.73
0 0 187.76
0 0 187.79
0 0 187.83
0 0 187.86
0 0 187.89
0 0 187.92
0 0 187.96
0 0 187.99
0 0 188.03
0 0 188.06
0 0 188.09
0 0 188.12
0 0 188.16
0 0 188.19
0 0 188.22
0 0 188.26
0 0 188.29
0 0 188.33
0 0 188.36
0 0 188.39
0 0 188.42
0 0 188.46
0 0 188.49
0 0 188.53
0 0 188.56
0 0 188.59
0 0 188.62
0 0 188.66
0 0 188.69
0 0 188.72
0 0 188.76
0 0 188.79
0 0 188.83
0 0 188.86
0 0 188.89
0 0 188.92
0 0 188.96
0 0 188.99
0 0 189.03
0 0 189.06
0 0 189.09
0 0 189.12
0 0 189.16
0 0 189.19
0 0 189.22
0 0 189.26
0 0 189.29
0 0 189.33
0 0 189.37
0 0 189.39
0 0 189.42
0 0 189.46
0 0 189.49
0 0 189.52
0 0 189.56
0 0 189.59
0 0 189.62
0 0 189.66
0 0 189.69
0 0 189.72
0 0 189.76
0 0 189.79
0 0 189.83
0 0 189.86
0 0 189.89
0 0 189.92
0 0 189.96
0 0 189.99
0 0 190.02
0 0 190.06
0 0 190.09
0 0 190.12
0 0 190.16
0 0 190.19
0 0 190.23
0 0 190.26
0 0 190.29
0 0 190.32
0 0 190.36
0 0 190.39
0 0 190.42
0 0 190.46
0 0 190.49
0 0 190.54
0 0 190.56
0 0 190.59
0 0 190.62
0 0 190.66
0 0 190.69
0 0 190.72
0 0 190.76
0 0 190.82
0 0 190.83
0 0 190.86
0 0 190.89
0 0 190.92
0 0 190.96
0 0 190.99
0 0 191.03
0 0 191.07
0 0 191.09
0 0 191.12
0 0 191.16
0 0 191.19
0 0 191.23
0 0 191.26
0 0 191.29
0 0 191.32
0 0 191.36
0 0 191.4
0 0 191.45
0 0 191.47
0 0 191.49
0 0 191.52
0 0 191.56
0 0 191.59
0 0 191.62
0 0 191.66
0 0 191.69
0 0 191.72
0 0 191.76
0 0 191.79
0 0 191.82
0 0 191.86
0 0 191.89
0 0 191.92
0 0 191.96
0 0 191.99
0 0 192.02
0 0 192.06
0 0 192.09
0 0 192.12
0 0 192.16
0 0 192.19
0 0 192.22
0 0 192.26
0 0 192.29
0 0 192.32
0 0 192.36
0 0 192.39
0 0 192.42
0 0 192.46
0 0 192.49
0 0 192.52
0 0 192.56
0 0 192.59
0 0 192.62
0 0 192.66
0 0 192.69
0 0 192.72
0 0 192.76
0 0 192.79
0 0 192.82
0 0 192.86
0 0 192.89
0 0 192.92
0 0 192.96
0 0 192.99
0 0 193.02
0 0 193.06
0 0 193.09
0 0 193.12
0 0 193.16
0 0 193.19
0 0 193.23
0 0 193.26
0 0 193.29
0 0 193.33
0 0 193.36
0 0 193.39
0 0 193.42
0 0 193.46
0 0 193.49
0 0 193.52
0 0 193.56
0 0 193.59
0 0 193.62
0 0 193.66
0 0 193.69
0 0 193.72
0 0 193.76
0 0 193.79
0 0 193.82
0 0 193.86
0 0 193.89
0 0 193.92
0 0 193.96
0 0 193.99
0 0 194.02
0 0 194.06
0 0 194.09
0 0 194.12
0 0 194.16
0 0 194.19
0 0 194.22
0 0 194.26
0 0 194.29
0 0 194.32
0 0 194.36
0 0 194.39
0 0 194.42
0 0 194.46
0 0 194.49
0 0 194.53
0 0 194.56
0 0 194.59
0 0 194.63
0 0 194.66
0 0 194.69
0 0 194.72
0 0 194.76
0 0 194.79
0 0 194.82
0 0 194.86
0 0 194.89
0 0 194.92
0 0 194.96
0 0 194.99
0 0 195.02
0 0 195.06
0 0 195.09
0 0 195.12
0 0 195.16
0 0 195.19
0 0 195.22
0 0 195.26
0 0 195.29
0 0 195.32
0 0 195.36
0 0 195.39
0 0 195.42
0 0 195.46
0 0 195.49
0 0 195.52
0 0 195.57
0 0 195.6
0 0 195.62
0 0 195.66
0 0 195.69
0 0 195.72
0 0 195.76
0 0 195.79
0 0 195.82
0 0 195.86
0 0 195.89
0 0 195.92
0 0 195.96
0 0 196.0
0 0 196.02
0 0 196.06
0 0 196.09
0 0 196.13
0 0 196.16
0 0 196.19
0 0 196.23
0 0 196.26
0 0 196.29
0 0 196.32
0 0 196.37
0 0 196.39
0 0 196.42
0 0 196.46
0 0 196.49
0 0 196.52
0 0 196.56
0 0 196.59
0 0 196.62
0 0 196.66
0 0 196.69
0 0 196.72
0 0 196.76
0 0 196.79
0 0 196.85
0 0 196.87
0 0 196.89
0 0 196.92
0 0 196.96
0 0 196.99
0 0 197.03
0 0 197.06
0 0 197.09
0 0 197.12
0 0 197.16
0 0 197.19
0 0 197.22
0 0 197.26
0 0 197.29
0 0 197.34
0 0 197.35
0 0 197.39
0 0 197.42
0 0 197.46
0 0 197.49
0 0 197.52
0 0 197.56
0 0 197.59
0 0 197.62
0 0 197.66
0 0 197.69
0 0 197.72
0 0 197.76
0 0 197.79
0 0 197.82
0 0 197.86
0 0 197.89
0 0 197.92
0 0 197.96
0 0 197.99
0 0 198.02
0 0 198.06
0 0 198.09
0 0 198.12
0 0 198.16
0 0 198.19
0 0 198.24
0 0 198.27
0 0 198.29
0 0 198.32
0 0 198.35
0 0 198.39
0 0 198.42
0 0 198.46
0 0 198.49
0 0 198.52
0 0 198.56
0 0 198.59
0 0 198.62
0 0 198.66
0 0 198.69
0 0 198.72
0 0 198.75
0 0 198.79
0 0 198.82
0 0 198.85
0 0 198.89
0 0 198.92
0 0 198.96
0 0 198.99
0 0 199.02
0 0 199.05
0 0 199.09
0 0 199.12
0 0 199.16
0 0 199.19
0 0 199.23
0 0 199.25
0 0 199.29
0 0 199.32
0 0 199.38
0 0 199.4
0 0 199.43
0 0 199.46
0 0 199.49
0 0 199.52
0 0 199.56
0 0 199.59
0 0 199.62
0 0 199.66
0 0 199.69
0 0 199.73
0 0 199.75
0 0 199.79
0 0 199.82
0 0 199.85
0 0 199.89
0 0 199.92
0 0 199.96
0 0 199.99
0 0 200.02
0 0 200.05
0 0 200.09
0 0 200.12
0 0 200.16
0 0 200.19
0 0 200.22
0 0 200.25
0 0 200.29
0 0 200.32
0 0 200.35
0 0 200.39
0 0 200.42
0 0 200.45
0 0 200.49
0 0 200.52
0 0 200.56
0 0 200.59
0 0 200.62
0 0 200.66
0 0 200.69
0 0 200.72
0 0 200.75
0 0 200.79
0 0 200.83
0 0 200.85
0 0 200.89
0 0 200.92
0 0 200.95
0 0 200.99
0 0 201.02
0 0 201.06
0 0 201.09
0 0 201.12
0 0 201.16
0 0 201.19
0 0 201.22
0 0 201.26
0 0 201.29
0 0 201.32
0 0 201.36
0 0 201.39
0 0 201.42
0 0 201.46
0 0 201.49
0 0 201.52
0 0 201.56
0 0 201.59
0 0 201.62
0 0 201.66
0 0 201.69
0 0 201.72
0 0 201.76
0 0 201.79
0 0 201.82
0 0 201.86
0 0 201.89
0 0 201.92
0 0 201.96
0 0 201.99
0 0 202.02
0.529 0.052 202.06
0.516 0.014 202.09
0.5 0.017 202.13
0.483 0.017 202.16
0.469 0.015 202.19
0.456 0.014 202.23
0.444 0.013 202.26
0.436 0.011 202.3
0.428 0.009 202.33
0.422 0.008 202.36
0.417 0.007 202.4
0.414 0.006 202.43
0.413 0.005 202.47
0.412 0.004 202.5
0.413 0.004 202.53
0.414 0.003 202.56
0.413 0.002 202.6
0.413 0.002 202.63
0.412 0.002 202.68
0.411 0.002 202.71
0.411 0.002 202.75
0.411 0.001 202.77
0.411 0.001 202.81
0.41 0.002 202.84
0.41 0.002 202.86
0.41 0.001 202.89
0.41 0.002 202.92
0.409 0.003 202.96
0.409 0.002 202.99
0.408 0.003 203.02
0.409 0.002 203.06
0.41 0.002 203.09
0.411 0.002 203.13
0.413 0.004 203.16
0.414 0.003 203.19
0.416 0.003 203.22
0.417 0.003 203.26
0.417 0.003 203.29
0.417 0.002 203.33
0.417 0.002 203.36
0.416 0.001 203.4
0.416 0.001 203.43
0.417 0.003 203.46
0.417 0.002 203.5
0.416 0.004 203.53
0.414 0.002 203.56
0.413 0.003 203.59
0.411 0.002 203.63
0.411 0.002 203.66
0.41 0.002 203.69
0.409 0.002 203.73
0.407 0.002 203.76
0.407 0.002 203.79
0.405 0.001 203.83
0.405 0.001 203.86
0.405 0.001 203.89
0.405 0.001 203.93
0.405 0.001 203.96
0.406 0.001 203.99
0.408 0.001 204.02
0.408 0.001 204.06
0.409 0.001 204.09
0.411 0.001 204.13
0.414 0.002 204.16
0.416 0.003 204.2
0.42 0.003 204.23
0.423 0.004 204.26
0.428 0.006 204.29
0.433 0.006 204.33
0.439 0.006 204.36
0.444 0.006 204.39
0.448 0.005 204.43
0.451 0.003 204.46
0.453 0.002 204.49
0.455 0.002 204.53
0.457 0.002 204.56
0.458 0.002 204.59
0.457 0.003 204.63
0.456 0.002 204.66
0.456 0.002 204.69
0.454 0.002 204.73
0.452 0.003 204.76
0.452 0.002 204.8
0.45 0.002 204.83
0.448 0.003 204.86
0.447 0.002 204.89
0.444 0.003 204.93
0.443 0.002 204.96
0.441 0.003 204.99
0.44 0.005 205.02
0.437 0.004 205.06
0.435 0.005 205.12
0.434 0.003 205.15
0.433 0.003 205.18
0.433 0.002 205.21
0.432 0.002 205.24
0.431 0.002 205.27
0.431 0.001 205.3
0.431 0.001 205.33
0.431 0.003 205.36
0.432 0.002 205.39
0.434 0.002 205.43
0.434 0.001 205.46
0.436 0.002 205.49
0.438 0.002 205.53
0.441 0.003 205.56
0.444 0.004 205.6
0.448 0.005 205.63
0.453 0.006 205.66
0.459 0.007 205.71
0.465 0.008 205.74
0.472 0.01 205.77
0.478 0.009 205.8
0.486 0.012 205.83
0.495 0.012 205.86
0.504 0.014 205.9
0.514 0.014 205.93
0.526 0.016 205.96
0.54 0.017 206.0
0.555 0.018 206.03
0 0 206.06
0 0 206.09
0 0 206.12
0 0 206.16
0 0 206.19
0 0 206.23
0 0 206.25
0 0 206.29
0 0 206.32
0 0 206.36
0 0 206.39
0 0 206.43
0 0 206.46
0 0 206.49
0 0 206.52
0 0 206.56
0 0 206.59
0 0 206.62
0 0 206.66
0 0 206.69
0 0 206.72
0 0 206.75
0 0 206.79
0 0 206.82
0 0 206.85
0 0 206.89
0 0 206.92
0 0 206.96
0 0 206.99
0 0 207.02
0 0 207.05
0 0 207.09
0 0 207.12
0 0 207.16
0 0 207.19
0 0 207.22
0 0 207.26
0 0 207.29
0 0 207.32
0 0 207.4
0 0 207.42
0 0 207.44
0 0 207.46
0 0 207.49
0 0 207.52
0 0 207.56
0 0 207.59
0 0 207.62
0 0 207.66
0 0 207.69
0 0 207.72
0 0 207.76
0 0 207.79
0 0 207.82
0 0 207.85
0 0 207.89
0 0 207.92
0 0 207.95
0 0 207.99
0 0 208.02
0 0 208.05
0 0 208.09
0 0 208.12
0 0 208.16
0 0 208.19
0 0 208.22
0 0 208.25
0 0 208.29
0 0 208.32
0 0 208.35
0 0 208.39
0 0 208.42
0 0 208.46
0 0 208.49
0 0 208.52
0 0 208.55
0 0 208.59
0 0 208.62
0 0 208.66
0 0 208.69
0 0 208.72
0 0 208.75
0 0 208.79
0 0 208.82
0 0 208.86
0 0 208.89
0 0 208.92
0 0 208.96
0 0 208.99
0 0 209.02
0 0 209.07
0 0 209.1
0 0 209.12
0 0 209.16
0.556 0.025 209.19
0.535 0.023 209.23
0.518 0.019 209.26
0.502 0.017 209.29
0.488 0.016 209.33
0.476 0.013 209.36
0.466 0.012 209.39
0.458 0.011 209.43
0.452 0.009 209.45
0.446 0.008 209.49
0.442 0.007 209.52
0.438 0.006 209.57
0.435 0.005 209.6
0.431 0.005 209.63
0.428 0.005 209.67
0.425 0.004 209.7
0.422 0.005 209.73
0.42 0.004 209.76
0.418 0.003 209.81
0.417 0.004 209.84
0.417 0.003 209.87
0.417 0.002 209.9
0.417 0.002 209.93
0.417 0.002 209.96
0.416 0.001 210.0
0.416 0.002 210.03
0.415 0.002 210.06
0.415 0.001 210.09
0.414 0.001 210.13
0.412 0.002 210.16
0.411 0.002 210.2
0.409 0.001 210.24
0.408 0.001 210.28
0.408 0.002 210.31
0.408 0.002 210.34
0.408 0.002 210.37
0.409 0.002 210.4
0.411 0.003 210.43
0.414 0.004 210.46
0.418 0.006 210.49
0.421 0.006 210.53
0.425 0.007 210.56
0.429 0.007 210.59
0.433 0.008 210.63
0.438 0.008 210.66
0.442 0.008 210.7
0.448 0.009 210.73
0.454 0.009 210.76
0.461 0.01 210.79
0.469 0.011 210.83
0.478 0.011 210.86
0.488 0.013 210.89
0.5 0.013 210.92
0.512 0.015 210.96
0.525 0.017 210.99
0 0 211.02
0 0 211.06
0 0 211.09
0 0 211.12
0 0 211.16
0 0 211.19
0 0 211.22
0 0 211.25
0 0 211.29
0 0 211.32
0 0 211.35
0 0 211.39
0 0 211.42
0 0 211.46
0 0 211.49
0 0 211.52
0 0 211.56
0 0 211.59
0 0 211.65
0 0 211.67
0 0 211.69
0 0 211.72
0 0 211.75
0 0 211.79
0 0 211.82
0 0 211.85
0 0 211.89
0 0 211.92
0 0 211.95
0 0 211.99
0 0 212.02
0 0 212.05
0 0 212.09
0 0 212.12
0 0 212.15
0 0 212.19
0 0 212.22
0 0 212.25
0 0 212.3
0 0 212.32
0 0 212.35
0 0 212.39
0 0 212.42
0 0 212.45
0 0 212.49
0 0 212.52
0 0 212.55
0 0 212.59
0 0 212.63
0 0 212.66
0 0 212.71
0 0 212.74
0 0 212.75
0 0 212.79
0 0 212.82
0 0 212.85
0 0 212.89
0 0 212.92
0 0 212.95
0 0 212.99
0 0 213.02
0 0 213.05
0 0 213.09
0 0 213.12
0 0 213.16
0 0 213.19
0 0 213.22
0 0 213.25
0 0 213.29
0 0 213.32
0 0 213.35
0 0 213.39
0 0 213.42
0 0 213.45
0 0 213.49
0 0 213.52
0 0 213.55
0 0 213.59
0 0 213.62
0 0 213.66
0 0 213.69
0 0 213.72
0 0 213.75
0 0 213.79
0 0 213.82
0 0 213.85
0 0 213.89
0 0 213.92
0 0 213.95
0 0 213.99
0 0 214.02
0 0 214.05
0 0 214.09
0 0 214.12
0 0 214.15
0 0 214.19
0 0 214.22
0 0 214.25
0 0 214.29
0 0 214.32
0 0 214.35
0 0 214.39
0 0 214.42
0 0 214.45
0 0 214.49
0 0 214.52
0 0 214.55
0 0 214.59
0 0 214.62
0 0 214.65
0 0 214.69
0 0 214.72
0 0 214.75
0 0 214.79
0 0 214.82
0 0 214.85
0 0 214.89
0 0 214.92
0 0 214.95
0 0 214.99
0 0 215.02
0 0 215.05
0 0 215.09
0 0 215.13
0 0 215.15
0 0 215.19
0 0 215.22
0 0 215.25
0 0 215.28
0 0 215.32
0 0 215.35
0 0 215.39
0 0 215.42
0 0 215.45
0 0 215.49
0 0 215.52
0 0 215.55
0 0 215.59
0 0 215.62
0 0 215.66
0 0 215.69
0 0 215.72
0 0 215.75
0 0 215.8
0 0 215.83
0 0 215.85
0 0 215.89
0 0 215.92
0 0 215.95
0 0 215.99
0 0 216.02
0 0 216.05
0 0 216.13
0 0 216.16
0 0 216.18
0 0 216.21
0 0 216.25
0 0 216.27
0 0 216.3
0 0 216.32
0 0 216.35
0 0 216.41
0 0 216.44
0 0 216.46
0 0 216.49
0 0 216.52
0 0 216.55
0 0 216.59
0 0 216.62
0 0 216.65
0 0 216.69
0 0 216.72
0 0 216.75
0 0 216.79
0 0 216.82
0 0 216.85
0 0 216.89
0 0 216.92
0 0 216.95
0 0 216.99
0 0 217.02
0 0 217.07
0 0 217.09
0 0 217.13
0 0 217.15
0 0 217.19
0 0 217.22
0 0 217.25
0 0 217.29
0 0 217.34
0 0 217.37
0 0 217.39
0 0 217.42
0 0 217.45
0 0 217.49
0 0 217.52
0 0 217.55
0 0 217.59
0 0 217.62
0 0 217.65
0 0 217.69
0 0 217.72
0 0 217.75
0 0 217.79
0 0 217.85
0 0 217.86
0 0 217.89
0 0 217.92
0 0 217.95
0 0 217.99
0 0 218.02
0 0 218.05
0 0 218.09
0 0 218.12
0 0 218.16
0 0 218.19
0 0 218.22
0 0 218.25
0 0 218.29
0 0 218.32
0 0 218.35
0 0 218.39
0 0 218.42
0 0 218.45
0 0 218.49
0 0 218.52
0 0 218.55
0 0 218.58
0 0 218.62
0 0 218.65
0 0 218.68
0 0 218.72
0 0 218.75
0 0 218.78
0 0 218.82
0 0 218.85
0 0 218.89
0 0 218.92
0 0 218.95
0 0 218.99
0 0 219.02
0 0 219.05
0 0 219.08
0 0 219.12
0 0 219.15
0 0 219.18
0 0 219.22
0 0 219.25
0 0 219.28
0 0 219.32
0 0 219.35
0 0 219.38
0 0 219.42
0 0 219.45
0 0 219.49
0 0 219.52
0 0 219.55
0 0 219.58
0 0 219.62
0 0 219.65
0 0 219.68
0 0 219.72
0 0 219.75
0 0 219.78
0 0 219.82
0 0 219.85
0 0 219.89
0 0 219.92
0 0 219.95
0 0 219.99
0 0 220.02
0 0 220.05
0 0 220.08
0 0 220.12
0 0 220.16
0 0 220.19
0 0 220.22
0 0 220.25
0 0 220.29
0 0 220.32
0 0 220.35
0 0 220.38
0 0 220.42
0 0 220.45
0 0 220.49
0 0 220.52
0 0 220.55
0 0 220.58
0 0 220.62
0 0 220.65
0 0 220.68
0 0 220.72
0 0 220.75
0 0 220.79
0 0 220.82
0 0 220.85
0 0 220.89
0 0 220.92
0 0 220.95
0 0 220.99
0 0 221.02
0 0 221.05
0 0 221.09
0 0 221.12
0 0 221.15
0 0 221.18
0 0 221.22
0 0 221.25
0 0 221.28
0 0 221.32
0 0 221.35
0 0 221.39
0 0 221.42
0 0 221.45
0 0 221.49
0 0 221.52
0 0 221.55
0 0 221.58
0 0 221.63
0 0 221.66
0 0 221.68
0 0 221.72
0 0 221.75
0 0 221.78
0 0 221.82
0 0 221.85
0 0 221.89
0 0 221.92
0 0 221.95
0 0 221.99
0 0 222.02
0 0 222.05
0 0 222.09
0 0 222.12
0 0 222.15
0 0 222.18
0 0 222.22
0 0 222.25
0 0 222.28
0 0 222.32
0 0 222.35
0 0 222.38
0 0 222.42
0 0 222.45
0 0 222.49
0 0 222.52
0 0 222.55
0 0 222.61
0 0 222.62
0 0 222.65
0 0 222.68
0 0 222.72
0 0 222.75
0 0 222.78
0 0 222.82
0 0 222.85
0 0 222.88
0 0 222.92
0 0 222.95
0 0 222.98
0 0 223.02
0 0 223.05
0 0 223.08
0 0 223.12
0 0 223.16
0 0 223.19
0 0 223.22
0 0 223.25
0 0 223.28
0 0 223.32
0 0 223.35
0 0 223.38
0 0 223.42
0 0 223.45
0 0 223.49
0 0 223.52
0 0 223.55
0 0 223.58
0 0 223.62
0 0 223.65
0 0 223.69
0 0 223.72
0 0 223.75
0 0 223.78
0 0 223.82
0 0 223.85
0 0 223.88
0 0 223.92
0 0 223.95
0 0 223.98
0 0 224.02
0 0 224.05
0 0 224.08
0 0 224.12
0 0 224.15
0 0 224.19
0 0 224.22
0 0 224.25
0 0 224.29
0 0 224.32
0 0 224.35
0 0 224.38
0 0 224.42
0 0 224.45
0 0 224.48
0 0 224.52
0 0 224.55
0 0 224.58
0 0 224.62
0 0 224.65
0 0 224.68
0 0 224.72
0 0 224.75
0 0 224.78
0 0 224.82
0 0 224.85
0 0 224.88
0 0 224.92
0 0 224.95
0 0 224.99
0 0 225.02
0 0 225.05
0 0 225.09
0 0 225.12
0 0 225.15
0 0 225.19
0 0 225.22
0 0 225.25
0 0 225.28
0 0 225.32
0 0 225.35
0 0 225.38
0 0 225.42
0 0 225.45
0 0 225.48
0 0 225.52
0 0 225.55
0 0 225.59
0 0 225.62
0 0 225.67
0 0 225.68
0 0 225.72
0 0 225.75
0 0 225.78
0 0 225.82
0 0 225.85
0 0 225.88
0 0 225.93
0 0 225.95
0 0 225.99
0 0 226.02
0 0 226.05
0 0 226.08
0 0 226.12
0 0 226.15
0 0 226.2
0 0 226.22
0 0 226.25
0 0 226.28
0 0 226.32
0 0 226.35
0 0 226.38
0 0 226.42
0 0 226.45
0 0 226.49
0 0 226.52
0 0 226.56
0 0 226.58
0 0 226.62
0 0 226.65
0 0 226.68
0 0 226.72
0 0 226.75
0 0 226.78
0 0 226.82
0 0 226.85
0 0 226.88
0 0 226.92
0 0 226.95
0 0 226.98
0 0 227.02
0 0 227.05
0 0 227.08
0 0 227.12
0 0 227.15
0 0 227.18
0 0 227.22
0 0 227.25
0 0 227.28
0 0 227.32
0 0 227.35
0 0 227.38
0 0 227.42
0 0 227.46
0 0 227.48
0 0 227.52
0 0 227.55
0 0 227.58
0 0 227.62
0 0 227.65
0 0 227.68
0 0 227.72
0 0 227.75
0 0 227.78
0 0 227.82
0 0 227.85
0 0 227.88
0 0 227.92
0 0 227.95
0 0 227.98
0 0 228.02
0 0 228.05
0 0 228.09
0 0 228.12
0 0 228.15
0 0 228.18
0 0 228.22
0 0 228.25
0 0 228.28
0 0 228.32
0 0 228.35
0 0 228.38
0 0 228.42
0 0 228.45
0 0 228.49
0 0 228.52
0 0 228.55
0 0 228.58
0 0 228.62
0 0 228.65
0 0 228.68
0 0 228.72
0 0 228.75
0 0 228.78
0 0 228.82
0 0 228.86
0 0 228.89
0 0 228.91
0 0 228.95
0 0 228.98
0 0 229.02
0 0 229.05
0 0 229.08
0 0 229.12
0 0 229.15
0 0 229.18
0 0 229.22
0.638 0.266 229.25
0 0 229.28
0.631 0.011 229.32
0 0 229.35
0 0 229.38
0.635 0.006 229.42
0.635 0.003 229.45
0.637 0.002 229.49
0.637 0.003 229.52
0.641 0.004 229.55
0 0 229.58
0.64 0.006 229.62
0 0 229.65
0.641 0.002 229.69
0 0 229.72
0.64 0.002 229.75
0 0 229.78
0.64 0.002 229.82
0.657 0.028 229.85
0.639 0.03 229.89
0.641 0.003 229.93
0.64 0.004 229.96
0 0 229.99
0 0 230.02
0 0 230.05
0.664 0.03 230.08
0.648 0.029 230.12
0.649 0.005 230.16
0.652 0.003 230.19
0 0 230.22
0 0 230.25
0.662 0.01 230.28
0.663 0.003 230.32
0 0 230.35
0.668 0.005 230.38
0 0 230.42
0.669 0.002 230.45
0 0 230.48
0.668 0.002 230.52
0.669 0.003 230.55
0.668 0.002 230.58
0 0 230.62
0.665 0.004 230.65
0 0 230.68
0 0 230.72
0 0 230.75
0.66 0.011 230.78
0 0 230.82
0 0 230.85
0 0 230.88
0 0 230.92
0.649 0.016 230.95
0.647 0.003 230.99
0.651 0.009 231.02
0.648 0.003 231.05
0.649 0.004 231.08
0.651 0.005 231.12
0.649 0.003 231.15
0 0 231.18
0 0 231.22
0 0 231.25
0.658 0.015 231.28
0.656 0.002 231.32
0.663 0.012 231.35
0.662 0.002 231.38
0 0 231.42
0.662 0.002 231.45
0.662 0.001 231.49
0.664 0.002 231.52
0.664 0.001 231.55
0.664 0.001 231.58
0 0 231.62
0 0 231.65
0.667 0.003 231.69
0.673 0.006 231.72
0.672 0.002 231.75
0.674 0.002 231.78
0 0 231.82
0 0 231.85
0 0 231.88
0 0 231.92
0.681 0.007 231.95
0.683 0.002 231.99
0 0 232.02
0 0 232.05
0 0 232.11
0 0 232.13
0.691 0.007 232.15
0 0 232.18
0 0 232.22
0 0 232.25
0 0 232.28
0 0 232.32
0.696 0.005 232.35
0 0 232.38
0.694 0.004 232.42
0 0 232.45
0 0 232.48
0.697 0.003 232.52
0 0 232.55
0 0 232.58
0 0 232.62
0 0 232.65
0 0 232.68
0 0 232.71
0 0 232.75
0.709 0.011 232.78
0 0 232.82
0.705 0.006 232.85
0 0 232.88
0 0 232.92
0 0 232.95
0 0 232.98
0 0 233.02
0 0 233.05
0 0 233.08
0 0 233.12
0 0 233.15
0 0 233.18
0.709 0.003 233.22
0 0 233.26
0 0 233.28
0 0 233.32
0 0 233.35
0.702 0.011 233.38
0 0 233.41
0 0 233.45
0 0 233.48
0 0 233.52
0 0 233.55
0 0 233.58
0 0 233.61
0 0 233.65
0 0 233.69
0 0 233.71
0 0 233.75
0 0 233.78
0 0 233.82
0 0 233.85
0 0 233.88
0 0 233.91
0 0 233.96
0 0 233.98
0 0 234.02
0 0 234.05
0 0 234.08
0 0 234.12
0 0 234.16
0 0 234.19
0 0 234.22
0 0 234.25
0 0 234.28
0.722 0.03 234.32
0.717 0.008 234.35
0 0 234.38
0.72 0.004 234.42
0.718 0.003 234.45
0 0 234.48
0.721 0.005 234.52
0 0 234.57
0.717 0.005 234.59
0 0 234.61
0 0 234.65
0.716 0.001 234.68
0 0 234.71
0 0 234.75
0 0 234.78
0.717 0.003 234.82
0 0 234.85
0 0 234.88
0 0 234.92
0 0 234.95
0 0 234.98
0 0 235.01
0 0 235.05
0 0 235.08
0.712 0.003 235.12
0 0 235.15
0 0 235.18
0 0 235.22
0 0 235.25
0.712 0.007 235.28
0.709 0.003 235.34
0 0 235.37
0 0 235.38
0 0 235.41
0 0 235.45
0 0 235.48
0 0 235.51
0 0 235.55
0 0 235.58
0 0 235.61
0.703 0.001 235.65
0 0 235.68
0 0 235.71
0 0 235.75
0 0 235.78
0 0 235.82
0 0 235.85
0 0 235.88
0 0 235.92
0 0 235.95
0 0 235.98
0 0 236.02
0 0 236.05
0 0 236.08
0 0 236.12
0.69 0.007 236.15
0 0 236.18
0 0 236.22
0 0 236.25
0 0 236.28
0 0 236.32
0 0 236.35
0 0 236.38
0 0 236.41
0.691 0.013 236.45
0.683 0.002 236.49
0.689 0.007 236.52
0 0 236.55
0 0 236.6
0 0 236.63
0 0 236.66
0 0 236.68
0 0 236.72
0 0 236.75
0 0 236.79
0 0 236.82
0 0 236.85
0 0 236.88
0 0 236.92
0 0 236.97
0 0 237.0
0 0 237.03
0 0 237.05
0 0 237.08
0 0 237.12
0 0 237.15
0 0 237.18
0 0 237.22
0 0 237.25
0 0 237.28
0 0 237.32
0 0 237.35
0 0 237.38
0 0 237.41
0 0 237.45
0 0 237.48
0 0 237.51
0 0 237.55
0 0 237.58
0 0 237.61
