0 0 2.3
0 0 2.39
0 0 2.41
0.673 0.731 2.43
0 0 2.45
0.642 0.031 2.48
0.631 0.013 2.5
0.626 0.015 2.52
0.617 0.011 2.55
0.614 0.014 2.57
0.612 0.011 2.58
0.609 0.009 2.6
0.607 0.009 2.63
0.601 0.008 2.66
0 0 2.69
0.595 0.014 2.72
0.59 0.002 2.76
0.586 0.002 2.79
0 0 2.82
0 0 2.9
0.572 0.002 2.93
0.568 0.002 2.96
0.562 0.003 2.99
0.556 0.005 3.01
0.547 0.01 3.04
0.542 0.006 3.06
0.536 0.008 3.09
0.533 0.006 3.13
0.529 0.006 3.16
0.519 0.012 3.2
0.52 0.008 3.23
0.513 0.006 3.26
0.506 0.006 3.3
0.492 0.007 3.35
0 0 3.38
0.485 0.008 3.42
0.486 0.008 3.44
0.477 0.012 3.48
0.478 0.008 3.51
0.47 0.011 3.54
0.469 0.006 3.57
0.465 0.007 3.6
0.46 0.008 3.63
0.453 0.005 3.66
0.453 0.006 3.69
0.455 0.006 3.73
0.457 0.007 3.76
0.459 0.006 3.8
0 0 3.83
0 0 3.86
0.461 0.014 3.89
0 0 3.92
0 0 3.96
0 0 3.99
0 0 4.03
0 0 4.1
0 0 4.13
0 0 4.16
0 0 4.17
0 0 4.19
0 0 4.22
0 0 4.26
0 0 4.29
0 0 4.32
0 0 4.36
0 0 4.39
0 0 4.42
0 0 4.46
0 0 4.49
0 0 4.53
0 0 4.56
0 0 4.59
0 0 4.62
0 0 4.66
0 0 4.69
0 0 4.72
0 0 4.76
0 0 4.79
0 0 4.82
0 0 4.86
0 0 4.89
0 0 4.92
0 0 4.96
0 0 4.99
0 0 5.03
0.35 0.238 5.06
0.34 0.022 5.09
0.333 0.015 5.13
0.329 0.015 5.16
0.326 0.014 5.2
0.324 0.01 5.23
0.326 0.011 5.26
0.326 0.008 5.29
0.326 0.006 5.33
0.327 0.006 5.36
0.327 0.006 5.39
0.327 0.006 5.43
0.326 0.006 5.46
0.325 0.006 5.49
0.325 0.006 5.53
0.324 0.006 5.56
0.324 0.005 5.59
0.325 0.005 5.63
0.326 0.004 5.67
0.331 0.004 5.7
0.334 0.003 5.73
0.336 0.002 5.76
0.337 0.002 5.79
0.338 0.001 5.83
0.338 0.001 5.86
0.337 0.006 5.9
0.337 0.002 5.93
0.337 0.002 5.96
0.339 0.002 6.0
0.34 0.002 6.03
0.34 0.001 6.06
0.34 0.003 6.09
0.339 0.002 6.13
0.338 0.002 6.16
0.337 0.002 6.2
0.336 0.002 6.23
0.335 0.001 6.26
0.335 0.001 6.3
0.336 0.0 6.34
0.337 0.001 6.37
0.339 0.001 6.4
0.34 0.004 6.43
0.344 0.003 6.46
0.348 0.006 6.49
0.351 0.006 6.53
0.355 0.007 6.56
0.36 0.009 6.59
0.366 0.011 6.65
0.374 0.013 6.67
0.384 0.015 6.7
0.397 0.016 6.74
0.416 0.019 6.77
0 0 6.8
0 0 6.83
0 0 6.86
0 0 6.89
0 0 6.93
0 0 6.96
0 0 6.99
0 0 7.03
0 0 7.06
0 0 7.09
0 0 7.12
0 0 7.16
0 0 7.19
0 0 7.22
0 0 7.26
0 0 7.29
0 0 7.32
0 0 7.36
0 0 7.39
0 0 7.42
0 0 7.46
0 0 7.49
0 0 7.53
0 0 7.55
0 0 7.59
0 0 7.62
0 0 7.66
0 0 7.69
0 0 7.72
0 0 7.76
0 0 7.79
0 0 7.82
0 0 7.86
0 0 7.89
0 0 7.92
0 0 7.96
0 0 7.99
0 0 8.02
0 0 8.06
0 0 8.09
0 0 8.12
0 0 8.16
0 0 8.19
0 0 8.22
0 0 8.26
0 0 8.29
0 0 8.32
0 0 8.36
0 0 8.39
0 0 8.42
0 0 8.46
0 0 8.49
0 0 8.52
0 0 8.55
0 0 8.59
0 0 8.62
0 0 8.66
0 0 8.69
0 0 8.72
0 0 8.76
0 0 8.79
0 0 8.82
0 0 8.86
0 0 8.89
0 0 8.92
0 0 8.96
0 0 8.99
0 0 9.02
0 0 9.06
0 0 9.09
0 0 9.12
0 0 9.16
0 0 9.19
0 0 9.22
0 0 9.25
0 0 9.29
0 0 9.33
0 0 9.36
0 0 9.39
0 0 9.42
0 0 9.46
0 0 9.49
0 0 9.52
0 0 9.56
0 0 9.59
0 0 9.62
0 0 9.65
0 0 9.69
0 0 9.72
0 0 9.75
0 0 9.79
0 0 9.82
0 0 9.86
0 0 9.89
0 0 9.92
0 0 9.96
0 0 9.99
0 0 10.02
0 0 10.06
0 0 10.09
0 0 10.12
0 0 10.16
0 0 10.19
0 0 10.22
0 0 10.27
0 0 10.29
0 0 10.32
0 0 10.36
0 0 10.39
0 0 10.42
0 0 10.48
0 0 10.5
0 0 10.52
0 0 10.56
0 0 10.59
0 0 10.62
0 0 10.65
0 0 10.69
0 0 10.72
0 0 10.75
0 0 10.79
0 0 10.82
0 0 10.86
0 0 10.89
0 0 10.92
0 0 10.95
0 0 10.99
0 0 11.02
0 0 11.06
0 0 11.09
0 0 11.12
0 0 11.15
0 0 11.19
0 0 11.22
0 0 11.26
0 0 11.29
0 0 11.32
0 0 11.36
0 0 11.39
0 0 11.42
0 0 11.45
0 0 11.5
0 0 11.52
0 0 11.55
0 0 11.59
0 0 11.62
0 0 11.66
0 0 11.69
0 0 11.72
0 0 11.75
0 0 11.79
0 0 11.82
0 0 11.86
0 0 11.89
0 0 11.92
0 0 11.95
0 0 11.99
0 0 12.02
0 0 12.06
0 0 12.09
0 0 12.12
0 0 12.15
0 0 12.19
0 0 12.22
0 0 12.25
0 0 12.29
0 0 12.32
0 0 12.36
0 0 12.39
0 0 12.42
0 0 12.45
0 0 12.49
0 0 12.52
0 0 12.56
0 0 12.59
0 0 12.62
0 0 12.65
0 0 12.69
0 0 12.72
0 0 12.75
0 0 12.79
0 0 12.82
0 0 12.86
0 0 12.89
0 0 12.92
0 0 12.95
0 0 12.99
0 0 13.02
0 0 13.05
0 0 13.09
0 0 13.12
0 0 13.15
0 0 13.19
0 0 13.22
0 0 13.26
0 0 13.29
0 0 13.32
0 0 13.35
0 0 13.39
0 0 13.42
0 0 13.45
0 0 13.49
0 0 13.52
0 0 13.55
0 0 13.59
0 0 13.62
0 0 13.65
0 0 13.69
0 0 13.72
0 0 13.75
0 0 13.79
0 0 13.82
0 0 13.87
0 0 13.9
0 0 13.92
0 0 13.95
0 0 13.99
0 0 14.02
0 0 14.06
0 0 14.09
0 0 14.12
0 0 14.15
0 0 14.19
0 0 14.22
0 0 14.26
0 0 14.29
0 0 14.32
0 0 14.36
0 0 14.39
0 0 14.42
0 0 14.46
0 0 14.49
0 0 14.52
0 0 14.56
0 0 14.59
0 0 14.62
0 0 14.66
0 0 14.69
0 0 14.72
0 0 14.76
0 0 14.79
0 0 14.82
0 0 14.86
0 0 14.89
0 0 14.92
0 0 14.95
0 0 14.99
0 0 15.02
0 0 15.06
0 0 15.09
0 0 15.12
0 0 15.16
0 0 15.19
0 0 15.22
0 0 15.26
0 0 15.29
0 0 15.32
0 0 15.36
0 0 15.39
0 0 15.42
0 0 15.45
0 0 15.49
0 0 15.52
0 0 15.55
0 0 15.59
0 0 15.64
0 0 15.67
0 0 15.69
0 0 15.72
0 0 15.76
0 0 15.79
0 0 15.82
0 0 15.86
0 0 15.89
0 0 15.92
0 0 15.96
0 0 15.99
0 0 16.02
0 0 16.06
0 0 16.09
0 0 16.12
0 0 16.16
0 0 16.19
0 0 16.22
0 0 16.26
0 0 16.29
0 0 16.32
0 0 16.36
0 0 16.39
0 0 16.42
0 0 16.45
0 0 16.49
0 0 16.52
0 0 16.56
0 0 16.59
0 0 16.63
0 0 16.65
0 0 16.69
0 0 16.72
0 0 16.75
0 0 16.79
0 0 16.82
0 0 16.86
0 0 16.89
0 0 16.92
0 0 16.95
0 0 16.99
0 0 17.03
0 0 17.06
0 0 17.09
0 0 17.12
0 0 17.15
0 0 17.19
0 0 17.22
0 0 17.26
0 0 17.29
0 0 17.32
0 0 17.36
0 0 17.39
0 0 17.43
0 0 17.46
0 0 17.49
0 0 17.52
0 0 17.55
0 0 17.59
0 0 17.62
0 0 17.65
0 0 17.69
0 0 17.72
0 0 17.75
0 0 17.79
0 0 17.82
0 0 17.85
0 0 17.89
0 0 17.92
0 0 17.95
0 0 17.99
0 0 18.02
0 0 18.05
0 0 18.09
0 0 18.13
0 0 18.15
0 0 18.19
0 0 18.22
0 0 18.25
0 0 18.29
0 0 18.32
0 0 18.35
0 0 18.39
0 0 18.42
0 0 18.46
0 0 18.49
0 0 18.54
0 0 18.56
0 0 18.59
0 0 18.62
0 0 18.65
0 0 18.69
0 0 18.72
0 0 18.75
0 0 18.78
0 0 18.82
0 0 18.85
0 0 18.89
0 0 18.92
0 0 18.95
0 0 18.99
0 0 19.02
0 0 19.05
0 0 19.08
0 0 19.12
0 0 19.15
0 0 19.19
0 0 19.22
0 0 19.25
0 0 19.29
0 0 19.32
0 0 19.35
0 0 19.39
0 0 19.42
0 0 19.45
0 0 19.49
0 0 19.52
0 0 19.55
0 0 19.59
0 0 19.62
0 0 19.65
0 0 19.69
0 0 19.72
0 0 19.75
0 0 19.79
0 0 19.82
0 0 19.85
0 0 19.89
0 0 19.92
0 0 19.95
0 0 19.98
0 0 20.02
0 0 20.05
0 0 20.08
0 0 20.12
0 0 20.15
0 0 20.19
0 0 20.22
0 0 20.25
0 0 20.29
0 0 20.32
0 0 20.35
0 0 20.39
0 0 20.42
0 0 20.45
0 0 20.49
0 0 20.52
0 0 20.55
0 0 20.59
0 0 20.62
0 0 20.65
0 0 20.69
0 0 20.72
0 0 20.75
0 0 20.79
0 0 20.82
0 0 20.85
0 0 20.89
0 0 20.92
0 0 20.95
0 0 20.99
0 0 21.02
0 0 21.05
0 0 21.09
0 0 21.12
0.574 0.185 21.16
0 0 21.19
0 0 21.22
0.547 0.039 21.27
0.536 0.014 21.29
0.53 0.012 21.32
0 0 21.36
0.514 0.024 21.39
0.51 0.01 21.42
0.504 0.011 21.45
0.499 0.008 21.49
0.496 0.01 21.52
0 0 21.55
0.491 0.023 21.59
0.49 0.009 21.62
0.493 0.01 21.66
0.494 0.008 21.69
0.496 0.011 21.72
0.499 0.007 21.76
0.5 0.008 21.79
0.499 0.007 21.82
0.498 0.006 21.86
0.496 0.006 21.89
0.493 0.005 21.92
0.491 0.007 21.96
0.488 0.004 21.99
0.486 0.006 22.03
0.484 0.005 22.06
0.483 0.005 22.09
0.481 0.005 22.12
0.48 0.005 22.16
0.479 0.004 22.19
0.477 0.005 22.23
0.475 0.005 22.26
0.474 0.005 22.29
0.471 0.004 22.33
0.469 0.004 22.36
0.467 0.003 22.39
0.465 0.003 22.42
0.463 0.002 22.47
0.462 0.001 22.5
0.462 0.003 22.53
0.462 0.001 22.56
0.462 0.001 22.6
0.461 0.002 22.63
0.46 0.001 22.65
0.46 0.001 22.69
0.459 0.001 22.72
0.458 0.002 22.75
0.456 0.002 22.79
0.454 0.002 22.82
0.452 0.003 22.86
0.452 0.001 22.89
0.452 0.002 22.92
0.452 0.003 22.95
0.454 0.003 22.99
0.455 0.004 23.02
0.457 0.004 23.05
0 0 23.09
0.46 0.007 23.12
0.462 0.005 23.16
0.465 0.005 23.19
0.468 0.006 23.22
0.47 0.004 23.26
0.474 0.005 23.29
0.477 0.007 23.32
0.481 0.007 23.36
0.486 0.009 23.39
0.491 0.01 23.42
0 0 23.45
0.509 0.026 23.49
0 0 23.52
0 0 23.55
0 0 23.59
0 0 23.62
0 0 23.65
0 0 23.69
0 0 23.72
0 0 23.75
0 0 23.79
0 0 23.82
0 0 23.85
0 0 23.89
0 0 23.92
0 0 23.95
0 0 23.99
0 0 24.02
0 0 24.05
0 0 24.09
0 0 24.12
0 0 24.15
0 0 24.19
0 0 24.22
0 0 24.25
0 0 24.29
0 0 24.34
0 0 24.37
0 0 24.38
0 0 24.42
0 0 24.45
0 0 24.48
0 0 24.52
0 0 24.55
0 0 24.59
0 0 24.62
0 0 24.65
0 0 24.69
0 0 24.72
0 0 24.75
0 0 24.78
0 0 24.82
0 0 24.85
0 0 24.88
0 0 24.92
0 0 24.95
0 0 24.98
0 0 25.02
0 0 25.09
0 0 25.1
0 0 25.12
0 0 25.15
0 0 25.19
0 0 25.22
0 0 25.25
0 0 25.29
0 0 25.32
0 0 25.35
0 0 25.39
0 0 25.42
0 0 25.45
0 0 25.48
0 0 25.52
0 0 25.55
0 0 25.58
0 0 25.62
0 0 25.65
0 0 25.69
0 0 25.72
0 0 25.75
0 0 25.78
0 0 25.82
0 0 25.85
0 0 25.88
0 0 25.92
0 0 25.95
0 0 25.98
0 0 26.02
0 0 26.05
0 0 26.08
0 0 26.12
0 0 26.15
0 0 26.19
0 0 26.22
0 0 26.25
0 0 26.29
0 0 26.32
0 0 26.35
0 0 26.39
0 0 26.42
0 0 26.45
0 0 26.49
0 0 26.52
0 0 26.55
0 0 26.59
0 0 26.62
0 0 26.65
0 0 26.69
0 0 26.72
0 0 26.75
0 0 26.78
0.554 0.06 26.82
0 0 26.85
0.541 0.021 26.89
0.535 0.01 26.92
0.528 0.01 26.95
0.522 0.01 26.99
0.516 0.009 27.02
0.51 0.009 27.05
0.504 0.01 27.09
0.499 0.009 27.12
0.494 0.008 27.15
0.489 0.007 27.19
0 0 27.22
0 0 27.25
0 0 27.29
0.472 0.024 27.32
0.469 0.006 27.35
0.467 0.004 27.39
0.464 0.003 27.42
0.463 0.002 27.45
0.463 0.002 27.49
0.463 0.003 27.52
0.465 0.002 27.55
0.466 0.002 27.59
0.464 0.001 27.62
0.464 0.001 27.66
0.463 0.003 27.69
0.462 0.002 27.72
0.462 0.001 27.75
0.462 0.002 27.79
0.461 0.001 27.82
0 0 27.85
0.461 0.003 27.89
0.462 0.001 27.92
0.461 0.001 27.95
0.46 0.002 27.99
0.46 0.002 28.02
0.459 0.003 28.05
0.459 0.002 28.09
0.458 0.001 28.12
0.457 0.001 28.15
0.457 0.002 28.19
0.456 0.001 28.22
0.456 0.002 28.25
0.454 0.003 28.29
0.454 0.002 28.32
0.453 0.001 28.35
0.451 0.002 28.39
0.45 0.002 28.42
0.45 0.001 28.45
0.45 0.002 28.49
0.452 0.003 28.53
0.455 0.005 28.55
0.458 0.005 28.59
0.461 0.007 28.62
0.466 0.009 28.65
0 0 28.68
0.478 0.019 28.74
0.486 0.011 28.77
0.496 0.013 28.79
0 0 28.82
0.519 0.03 28.85
0.533 0.018 28.88
0 0 28.92
0 0 28.95
0 0 28.98
0 0 29.02
0 0 29.05
0 0 29.08
0 0 29.12
0 0 29.15
0 0 29.19
0 0 29.22
0 0 29.25
0 0 29.3
0 0 29.32
0 0 29.35
0 0 29.38
0 0 29.42
0 0 29.45
0 0 29.48
0 0 29.52
0 0 29.55
0 0 29.58
0 0 29.62
0 0 29.65
0 0 29.69
0 0 29.72
0 0 29.75
0 0 29.79
0 0 29.82
0 0 29.85
0 0 29.88
0 0 29.92
0 0 29.96
0 0 29.98
0 0 30.02
0 0 30.05
0 0 30.09
0 0 30.12
0 0 30.15
0 0 30.19
0 0 30.22
0 0 30.25
0 0 30.28
0 0 30.32
0 0 30.35
0 0 30.38
0 0 30.42
0 0 30.45
0 0 30.48
0 0 30.52
0 0 30.55
0 0 30.58
0 0 30.62
0 0 30.65
0 0 30.69
0 0 30.72
0 0 30.75
0 0 30.78
0.504 0.028 30.82
0.495 0.011 30.85
0 0 30.9
0.475 0.02 30.92
0.467 0.01 30.95
0.458 0.01 30.99
0 0 31.02
0.445 0.019 31.06
0 0 31.08
0.436 0.015 31.12
0 0 31.15
0.431 0.008 31.19
0.427 0.003 31.23
0.426 0.003 31.26
0.426 0.002 31.29
0 0 31.32
0.423 0.004 31.36
0.422 0.004 31.39
0.417 0.006 31.42
0 0 31.45
0.418 0.003 31.49
0.42 0.004 31.52
0.422 0.005 31.57
0.425 0.008 31.6
0.425 0.01 31.63
0.432 0.011 31.65
0 0 31.68
0 0 31.72
0 0 31.75
0.47 0.06 31.79
0 0 31.82
0 0 31.85
0 0 31.88
0 0 31.92
0 0 31.95
0 0 31.98
0 0 32.02
0 0 32.05
0 0 32.08
0 0 32.12
0 0 32.15
0 0 32.18
0 0 32.22
0 0 32.25
0 0 32.28
0 0 32.32
0 0 32.35
0 0 32.38
0 0 32.42
0 0 32.45
0 0 32.48
0 0 32.52
0 0 32.55
0 0 32.58
0 0 32.61
0 0 32.65
0 0 32.68
0 0 32.72
0 0 32.75
0 0 32.78
0 0 32.82
0 0 32.85
0 0 32.88
0 0 32.92
0 0 32.95
0 0 32.98
0 0 33.02
0 0 33.05
0 0 33.08
0 0 33.12
0 0 33.15
0 0 33.18
0 0 33.22
0 0 33.25
0 0 33.28
0 0 33.32
0 0 33.35
0 0 33.38
0 0 33.42
0 0 33.45
0 0 33.48
0 0 33.52
0 0 33.55
0 0 33.58
0 0 33.62
0 0 33.65
0 0 33.68
0 0 33.73
0 0 33.75
0 0 33.8
0 0 33.82
0 0 33.85
0 0 33.88
0 0 33.92
0 0 33.95
0 0 33.98
0 0 34.02
0 0 34.05
0 0 34.08
0 0 34.14
0 0 34.16
0 0 34.18
0 0 34.22
0 0 34.25
0 0 34.28
0 0 34.32
0 0 34.35
0 0 34.38
0 0 34.42
0 0 34.45
0 0 34.48
0 0 34.52
0 0 34.58
0 0 34.6
0 0 34.62
0 0 34.65
0 0 34.68
0 0 34.72
0 0 34.75
0 0 34.78
0 0 34.82
0 0 34.85
0 0 34.88
0 0 34.93
0 0 34.95
0 0 34.98
0 0 35.02
0 0 35.05
0 0 35.08
0 0 35.12
0 0 35.15
0 0 35.18
0 0 35.22
0 0 35.27
0 0 35.28
0 0 35.32
0 0 35.35
0 0 35.38
0 0 35.42
0 0 35.45
0 0 35.48
0 0 35.52
0 0 35.57
0 0 35.6
0 0 35.62
0 0 35.65
0 0 35.68
0 0 35.72
0 0 35.75
0 0 35.78
0 0 35.82
0 0 35.85
0 0 35.88
0 0 35.92
0 0 35.95
0 0 35.98
0 0 36.02
0 0 36.05
0 0 36.08
0 0 36.12
0 0 36.15
0 0 36.19
0 0 36.22
0 0 36.25
0 0 36.28
0 0 36.32
0 0 36.35
0 0 36.38
0 0 36.42
0 0 36.45
0 0 36.48
0 0 36.52
0 0 36.55
0 0 36.59
0 0 36.62
0 0 36.65
0 0 36.68
0 0 36.72
0 0 36.75
0 0 36.79
0 0 36.82
0 0 36.85
0 0 36.88
0 0 36.92
0 0 36.95
0 0 36.98
0 0 37.02
0 0 37.05
0 0 37.08
0 0 37.12
0 0 37.15
0 0 37.18
0 0 37.22
0 0 37.25
0 0 37.28
0 0 37.32
0 0 37.35
0 0 37.38
0 0 37.42
0 0 37.45
0 0 37.48
0 0 37.52
0 0 37.55
0 0 37.58
0 0 37.63
0 0 37.66
0 0 37.69
0 0 37.72
0 0 37.75
0 0 37.78
0 0 37.82
0 0 37.85
0 0 37.88
0 0 37.92
0 0 37.95
0 0 37.98
0 0 38.02
0 0 38.05
0 0 38.1
0 0 38.12
0 0 38.15
0 0 38.18
0 0 38.22
0 0 38.25
0 0 38.29
0 0 38.32
0 0 38.35
0 0 38.38
0 0 38.44
0 0 38.45
0 0 38.48
0 0 38.52
0 0 38.55
0 0 38.58
0 0 38.61
0 0 38.65
0 0 38.68
0 0 38.72
0 0 38.75
0 0 38.78
0 0 38.82
0 0 38.85
0 0 38.88
0 0 38.92
0 0 38.95
0 0 38.98
0 0 39.02
0 0 39.05
0 0 39.08
0 0 39.11
0 0 39.15
0 0 39.18
0 0 39.21
0 0 39.25
0 0 39.28
0 0 39.32
0 0 39.35
0 0 39.4
0 0 39.42
0 0 39.45
0 0 39.48
0 0 39.52
0 0 39.55
0 0 39.58
0 0 39.62
0 0 39.65
0 0 39.68
0 0 39.72
0 0 39.75
0 0 39.78
0 0 39.82
0 0 39.85
0 0 39.88
0 0 39.92
0 0 39.95
0 0 39.98
0 0 40.02
0 0 40.05
0 0 40.08
0 0 40.12
0 0 40.15
0 0 40.18
0 0 40.22
0 0 40.25
0 0 40.28
0 0 40.31
0 0 40.35
0 0 40.38
0 0 40.42
0 0 40.45
0 0 40.48
0 0 40.52
0 0 40.55
0 0 40.58
0 0 40.62
0 0 40.65
0 0 40.68
0 0 40.71
0 0 40.75
0 0 40.78
0 0 40.81
0 0 40.85
0 0 40.88
0 0 40.92
0 0 40.95
0 0 40.98
0 0 41.02
0 0 41.05
0 0 41.08
0 0 41.11
0 0 41.15
0 0 41.18
0 0 41.21
0 0 41.25
0 0 41.28
0 0 41.31
0 0 41.35
0 0 41.38
0 0 41.41
0 0 41.45
0 0 41.48
0 0 41.52
0 0 41.55
0 0 41.58
0 0 41.62
0 0 41.65
0 0 41.68
0 0 41.71
0 0 41.76
0 0 41.8
0 0 41.82
0 0 41.85
0 0 41.88
0 0 41.91
0 0 41.95
0 0 41.98
0 0 42.02
0 0 42.05
0 0 42.09
0 0 42.11
0 0 42.15
0 0 42.18
0 0 42.21
0 0 42.25
0 0 42.28
0 0 42.31
0 0 42.35
0 0 42.38
0 0 42.42
0 0 42.45
0 0 42.5
0 0 42.53
0 0 42.55
0 0 42.58
0 0 42.61
0 0 42.65
0 0 42.68
0 0 42.71
0 0 42.75
0 0 42.78
0 0 42.81
0 0 42.86
0 0 42.88
0 0 42.91
0 0 42.95
0 0 42.98
0 0 43.02
0 0 43.05
0 0 43.08
0 0 43.11
0.419 0.101 43.15
0.41 0.015 43.19
0 0 43.21
0 0 43.25
0.383 0.047 43.28
0 0 43.32
0.367 0.029 43.35
0.362 0.014 43.38
0.357 0.014 43.42
0.353 0.01 43.45
0.35 0.009 43.51
0.347 0.008 43.54
0.344 0.006 43.58
0.342 0.006 43.61
0.34 0.005 43.64
0.337 0.005 43.67
0.335 0.004 43.7
0.333 0.003 43.73
0.331 0.003 43.76
0.331 0.003 43.79
0.331 0.001 43.82
0.33 0.004 43.85
0.329 0.002 43.89
0.33 0.002 43.92
0.329 0.002 43.95
0.328 0.003 43.98
0.327 0.003 44.02
0.327 0.001 44.05
0.326 0.003 44.09
0.327 0.001 44.12
0.33 0.002 44.15
0.332 0.003 44.19
0.333 0.004 44.22
0.335 0.005 44.25
0.336 0.007 44.29
0.337 0.009 44.32
0.339 0.011 44.35
0.347 0.014 44.38
0.355 0.016 44.42
0 0 44.45
0 0 44.48
0.398 0.058 44.52
0 0 44.55
0 0 44.58
0 0 44.62
0 0 44.65
0 0 44.69
0 0 44.71
0 0 44.75
0 0 44.78
0 0 44.82
0 0 44.85
0 0 44.88
0 0 44.92
0 0 44.95
0 0 45.02
0 0 45.04
0 0 45.05
0 0 45.08
0 0 45.11
0 0 45.15
0 0 45.18
0 0 45.22
0 0 45.25
0 0 45.28
0 0 45.32
0 0 45.35
0 0 45.38
0 0 45.41
0 0 45.45
0 0 45.48
0 0 45.52
0 0 45.55
0 0 45.58
0 0 45.62
0 0 45.65
0 0 45.68
0 0 45.72
0 0 45.75
0 0 45.78
0 0 45.82
0 0 45.85
0 0 45.9
0 0 45.92
0 0 45.95
0 0 45.98
0 0 46.02
0 0 46.05
0 0 46.08
0 0 46.12
0 0 46.18
0 0 46.19
0 0 46.21
0 0 46.25
0 0 46.28
0 0 46.31
0 0 46.35
0 0 46.38
0 0 46.41
0 0 46.45
0 0 46.48
0 0 46.52
0 0 46.55
0 0 46.58
0 0 46.61
0 0 46.65
0 0 46.68
0 0 46.71
0 0 46.75
0 0 46.78
0 0 46.82
0 0 46.85
0 0 46.88
0 0 46.94
0 0 46.96
0 0 46.99
0 0 47.02
0 0 47.05
0 0 47.08
0 0 47.12
0 0 47.15
0 0 47.18
0 0 47.21
0 0 47.25
0 0 47.28
0 0 47.31
0 0 47.35
0 0 47.38
0 0 47.42
0 0 47.45
0 0 47.48
0 0 47.52
0 0 47.55
0 0 47.58
0 0 47.61
0 0 47.65
0 0 47.68
0 0 47.71
0 0 47.75
0 0 47.78
0 0 47.81
0 0 47.85
0 0 47.88
0 0 47.91
0 0 47.95
0 0 47.98
0 0 48.02
0 0 48.05
0 0 48.08
0 0 48.11
0 0 48.15
0 0 48.18
0 0 48.21
0 0 48.25
0 0 48.28
0 0 48.31
0 0 48.35
0 0 48.38
0 0 48.41
0 0 48.45
0 0 48.48
0 0 48.51
0 0 48.55
0 0 48.58
0 0 48.62
0 0 48.65
0.508 0.009 48.69
0.497 0.015 48.72
0.486 0.017 48.77
0.478 0.013 48.8
0 0 48.82
0.464 0.024 48.85
0 0 48.88
0.456 0.019 48.92
0.453 0.009 48.95
0.451 0.007 48.98
0.45 0.006 49.02
0.449 0.003 49.08
0.447 0.002 49.1
0.446 0.003 49.12
0.445 0.001 49.15
0.445 0.001 49.18
0.444 0.0 49.21
0.445 0.001 49.25
0.445 0.001 49.28
0.445 0.004 49.32
0.444 0.002 49.35
0.444 0.002 49.38
0.445 0.004 49.42
0 0 49.45
0.45 0.013 49.49
0 0 49.51
0.459 0.022 49.55
0.467 0.014 49.59
0.477 0.016 49.62
0.488 0.016 49.65
0 0 49.68
0 0 49.71
0 0 49.75
0 0 49.78
0 0 49.81
0 0 49.85
0 0 49.88
0 0 49.91
0 0 49.95
0 0 49.98
0 0 50.01
0 0 50.05
0 0 50.08
0 0 50.11
0 0 50.15
0 0 50.18
0 0 50.21
0 0 50.25
0 0 50.28
0 0 50.31
0 0 50.35
0 0 50.38
0 0 50.42
0 0 50.45
0 0 50.48
0 0 50.52
0 0 50.55
0 0 50.58
0 0 50.61
0 0 50.65
0 0 50.68
0 0 50.71
0 0 50.75
0 0 50.78
0 0 50.81
0 0 50.85
0 0 50.88
0 0 50.91
0 0 50.95
0 0 50.98
0 0 51.01
0 0 51.05
0 0 51.08
0 0 51.11
0 0 51.15
0 0 51.18
0 0 51.21
0 0 51.25
0 0 51.28
0 0 51.31
0 0 51.35
0 0 51.38
0 0 51.41
0 0 51.45
0 0 51.48
0 0 51.51
0 0 51.55
0 0 51.58
0 0 51.61
0 0 51.65
0 0 51.68
0 0 51.71
0 0 51.75
0 0 51.78
0 0 51.81
0 0 51.85
0 0 51.88
0 0 51.91
0 0 51.95
0 0 51.98
0 0 52.01
0 0 52.05
0 0 52.08
0 0 52.11
0 0 52.15
0 0 52.18
0 0 52.21
0 0 52.25
0 0 52.28
0 0 52.31
0 0 52.35
0 0 52.38
0 0 52.41
0 0 52.45
0 0 52.48
0 0 52.51
0 0 52.55
0 0 52.58
0 0 52.61
0 0 52.65
0 0 52.68
0 0 52.71
0 0 52.75
0 0 52.78
0 0 52.82
0 0 52.85
0 0 52.88
0 0 52.91
0 0 52.95
0 0 52.98
0 0 53.01
0 0 53.05
0 0 53.08
0 0 53.11
0 0 53.15
0 0 53.18
0.431 0.126 53.21
0.42 0.008 53.25
0.41 0.013 53.28
0 0 53.31
0.395 0.016 53.35
0.383 0.011 53.38
0.376 0.007 53.41
0.371 0.005 53.45
0.364 0.005 53.49
0.36 0.004 53.52
0.358 0.003 53.55
0 0 53.58
0 0 53.61
0.362 0.008 53.65
0.37 0.008 53.68
0 0 53.71
0.394 0.028 53.75
0 0 53.78
0 0 53.81
0 0 53.85
0 0 53.88
0 0 53.91
0 0 53.94
0 0 53.98
0 0 54.02
0 0 54.05
0 0 54.08
0 0 54.11
0 0 54.15
0 0 54.18
0 0 54.21
0 0 54.25
0 0 54.28
0 0 54.31
0 0 54.35
0 0 54.38
0 0 54.41
0 0 54.45
0 0 54.48
0 0 54.51
0 0 54.55
0 0 54.58
0 0 54.61
0 0 54.65
0 0 54.68
0 0 54.71
0 0 54.75
0 0 54.79
0 0 54.81
0 0 54.85
0 0 54.88
0 0 54.91
0 0 54.95
0 0 54.98
0 0 55.01
0 0 55.05
0 0 55.08
0 0 55.11
0 0 55.15
0 0 55.18
0 0 55.21
0 0 55.25
0 0 55.28
0 0 55.32
0 0 55.35
0 0 55.38
0 0 55.41
0 0 55.45
0 0 55.48
0 0 55.51
0 0 55.55
0 0 55.58
0 0 55.61
0 0 55.65
0 0 55.68
0 0 55.71
0 0 55.75
0 0 55.78
0 0 55.81
0 0 55.85
0 0 55.88
0 0 55.92
0 0 55.95
0 0 55.98
0 0 56.01
0 0 56.05
0 0 56.08
0 0 56.11
0 0 56.15
0 0 56.18
0 0 56.21
0 0 56.25
0 0 56.28
0 0 56.31
0 0 56.35
0 0 56.38
0 0 56.43
0 0 56.45
0 0 56.48
0 0 56.51
0 0 56.55
0 0 56.58
0 0 56.61
0 0 56.65
0 0 56.68
0 0 56.71
0 0 56.75
0 0 56.78
0 0 56.81
0 0 56.85
0 0 56.88
0 0 56.91
0 0 56.95
0 0 56.98
0 0 57.01
0 0 57.05
0 0 57.08
0 0 57.11
0 0 57.15
0 0 57.18
0 0 57.21
0 0 57.25
0 0 57.28
0 0 57.31
0 0 57.35
0.445 0.047 57.38
0.43 0.018 57.42
0.416 0.015 57.45
0.405 0.016 57.48
0.392 0.017 57.52
0.38 0.016 57.55
0.371 0.017 57.58
0.362 0.012 57.61
0.354 0.015 57.65
0.347 0.012 57.68
0.346 0.009 57.71
0.342 0.008 57.75
0.338 0.006 57.78
0.339 0.006 57.82
0.336 0.005 57.85
0.334 0.005 57.88
0.342 0.004 57.92
0.342 0.005 57.95
0.342 0.003 57.98
0.346 0.004 58.02
0.345 0.005 58.05
0.344 0.004 58.08
0.343 0.005 58.11
0.346 0.005 58.15
0.346 0.005 58.18
0.345 0.003 58.21
0.347 0.003 58.26
0.344 0.005 58.29
0.341 0.003 58.32
0.344 0.003 58.35
0.342 0.003 58.38
0.341 0.002 58.41
0.34 0.001 58.45
0.345 0.001 58.48
0.345 0.001 58.51
0.346 0.002 58.55
0.351 0.001 58.58
0.351 0.001 58.61
0.352 0.001 58.67
0.358 0.001 58.68
0.359 0.002 58.71
0.36 0.001 58.75
0.367 0.002 58.78
0.368 0.001 58.81
0.369 0.001 58.85
0.369 0.002 58.88
0.375 0.0 58.92
0.375 0.001 58.95
0.375 0.0 58.98
0.386 0.0 59.02
0.385 0.001 59.05
0.385 0.001 59.08
0.39 0.002 59.11
0.389 0.0 59.15
0.389 0.002 59.18
0.389 0.003 59.21
0.395 0.001 59.25
0.396 0.002 59.28
0.397 0.002 59.31
0.403 0.003 59.35
0.404 0.003 59.38
0.406 0.006 59.42
0.414 0.005 59.45
0.418 0.007 59.48
0.423 0.008 59.52
0.433 0.009 59.55
0.441 0.011 59.58
0.45 0.011 59.64
0.463 0.012 59.67
0.472 0.013 59.68
0.482 0.014 59.71
0.494 0.018 59.75
0 0 59.78
0 0 59.81
0 0 59.85
0 0 59.88
0 0 59.91
0 0 59.94
0 0 59.98
0 0 60.03
0 0 60.04
0 0 60.08
0 0 60.11
0 0 60.14
0 0 60.18
0 0 60.21
0 0 60.25
0 0 60.28
0 0 60.31
0 0 60.35
0 0 60.38
0 0 60.41
0 0 60.44
0 0 60.48
0 0 60.51
0 0 60.54
0 0 60.58
0 0 60.61
0 0 60.65
0 0 60.68
0 0 60.71
0 0 60.75
0 0 60.78
0 0 60.81
0 0 60.85
0 0 60.88
0 0 60.91
0 0 60.95
0 0 60.98
0 0 61.01
0 0 61.04
0 0 61.08
0 0 61.11
0 0 61.15
0 0 61.18
0 0 61.21
0 0 61.25
0 0 61.28
0 0 61.31
0 0 61.35
0 0 61.38
0 0 61.41
0 0 61.44
0 0 61.49
0 0 61.51
0 0 61.55
0 0 61.58
0 0 61.61
0 0 61.65
0 0 61.68
0 0 61.71
0 0 61.74
0 0 61.78
0 0 61.82
0 0 61.85
0 0 61.88
0 0 61.91
0 0 61.95
0 0 61.98
0 0 62.01
0 0 62.05
0 0 62.08
0 0 62.11
0 0 62.15
0 0 62.18
0 0 62.21
0 0 62.25
0 0 62.28
0 0 62.31
0 0 62.35
0 0 62.41
0 0 62.44
0 0 62.46
0 0 62.48
0 0 62.51
0 0 62.54
0 0 62.58
0 0 62.61
0 0 62.65
0 0 62.68
0 0 62.71
0 0 62.74
0 0 62.78
0 0 62.81
0 0 62.85
0 0 62.88
0 0 62.91
0 0 62.94
0 0 63.0
0 0 63.01
0 0 63.04
0 0 63.08
0 0 63.11
0 0 63.14
0 0 63.18
0 0 63.21
0 0 63.24
0 0 63.28
0 0 63.31
0 0 63.36
0 0 63.38
0 0 63.41
0 0 63.44
0 0 63.48
0 0 63.51
0 0 63.54
0 0 63.58
0 0 63.61
0 0 63.65
0 0 63.68
0 0 63.71
0 0 63.74
0 0 63.78
0 0 63.82
0 0 63.85
0 0 63.88
0 0 63.91
0 0 63.94
0 0 63.98
0 0 64.01
0 0 64.05
0 0 64.08
0 0 64.11
0 0 64.14
0 0 64.18
0 0 64.21
0 0 64.24
0 0 64.28
0 0 64.31
0 0 64.35
0 0 64.38
0 0 64.41
0 0 64.45
0 0 64.48
0 0 64.51
0 0 64.54
0 0 64.58
0 0 64.61
0 0 64.64
0 0 64.68
0 0 64.71
0 0 64.74
0 0 64.78
0 0 64.81
0 0 64.85
0 0 64.88
0 0 64.91
0 0 64.95
0 0 64.98
0 0 65.01
0 0 65.05
0 0 65.08
0 0 65.11
0 0 65.15
0 0 65.18
0 0 65.21
0 0 65.25
0 0 65.28
0 0 65.31
0 0 65.35
0 0 65.38
0 0 65.41
0 0 65.44
0 0 65.48
0 0 65.51
0 0 65.54
0 0 65.58
0 0 65.61
0 0 65.65
0 0 65.68
0 0 65.71
0 0 65.74
0 0 65.78
0 0 65.81
0 0 65.85
0 0 65.88
0 0 65.91
0 0 65.94
0 0 65.98
0 0 66.01
0 0 66.04
0 0 66.08
0 0 66.11
0 0 66.15
0 0 66.21
0 0 66.24
0 0 66.25
0 0 66.28
0 0 66.31
0 0 66.35
0 0 66.38
0 0 66.42
0 0 66.45
0 0 66.48
0 0 66.51
0 0 66.54
0 0 66.58
0 0 66.61
0 0 66.64
0 0 66.68
0 0 66.71
0 0 66.74
0 0 66.78
0 0 66.81
0 0 66.84
0 0 66.88
0 0 66.91
0 0 66.94
0 0 66.98
0 0 67.01
0 0 67.04
0 0 67.08
0 0 67.11
0 0 67.14
0 0 67.18
0 0 67.21
0 0 67.25
0 0 67.28
0 0 67.31
0 0 67.35
0 0 67.38
0 0 67.41
0 0 67.44
0 0 67.48
0 0 67.51
0 0 67.54
0 0 67.58
0 0 67.61
0 0 67.64
0 0 67.68
0 0 67.71
0 0 67.74
0 0 67.78
0 0 67.81
0 0 67.84
0 0 67.88
0 0 67.91
0 0 67.94
0 0 67.98
0 0 68.01
0 0 68.04
0 0 68.08
0 0 68.11
0 0 68.15
0 0 68.18
0 0 68.21
0 0 68.25
0 0 68.28
0 0 68.31
0 0 68.34
0 0 68.38
0 0 68.41
0 0 68.44
0 0 68.48
0 0 68.51
0 0 68.54
0 0 68.58
0 0 68.61
0 0 68.64
0 0 68.68
0 0 68.72
0 0 68.74
0 0 68.78
0 0 68.81
0 0 68.85
0 0 68.88
0 0 68.91
0 0 68.94
0 0 68.98
0 0 69.01
0 0 69.04
0 0 69.08
0 0 69.11
0 0 69.14
0 0 69.18
0 0 69.21
0 0 69.25
0 0 69.28
0 0 69.31
0 0 69.34
0 0 69.38
0 0 69.42
0 0 69.45
0 0 69.48
0 0 69.51
0 0 69.54
0 0 69.58
0 0 69.61
0 0 69.64
0 0 69.68
0 0 69.71
0 0 69.74
0 0 69.78
0 0 69.81
0 0 69.84
0 0 69.88
0 0 69.91
0 0 69.94
0 0 69.98
0 0 70.01
0 0 70.04
0 0 70.08
0 0 70.11
0 0 70.14
0 0 70.18
0 0 70.21
0 0 70.24
0 0 70.28
0 0 70.31
0 0 70.35
0 0 70.38
0 0 70.41
0 0 70.44
0 0 70.48
0 0 70.51
0 0 70.54
0 0 70.58
0 0 70.61
0 0 70.64
0 0 70.68
0 0 70.71
0 0 70.74
0 0 70.78
0 0 70.81
0 0 70.85
0 0 70.88
0 0 70.91
0 0 70.95
0 0 70.98
0 0 71.01
0 0 71.04
0 0 71.07
0 0 71.11
0 0 71.14
0 0 71.18
0 0 71.21
0 0 71.25
0 0 71.28
0 0 71.31
0 0 71.35
0 0 71.38
0 0 71.43
0 0 71.45
0 0 71.48
0 0 71.51
0 0 71.54
0 0 71.58
0 0 71.61
0 0 71.64
0 0 71.68
0 0 71.71
0 0 71.74
0.594 0.251 71.78
0 0 71.81
0 0 71.86
0 0 71.88
0 0 71.91
0 0 71.94
0 0 71.98
0 0 72.01
0 0 72.04
0 0 72.07
0 0 72.11
0 0 72.14
0 0 72.2
0 0 72.21
0 0 72.24
0 0 72.28
0 0 72.31
0 0 72.34
0 0 72.38
0 0 72.41
0 0 72.44
0 0 72.48
0 0 72.54
0 0 72.57
0 0 72.58
0 0 72.61
0 0 72.64
0 0 72.68
0 0 72.71
0 0 72.74
0 0 72.78
0 0 72.81
0 0 72.84
0 0 72.88
0 0 72.91
0 0 72.94
0 0 72.98
0 0 73.01
0 0 73.04
0 0 73.07
0 0 73.11
0 0 73.14
0 0 73.18
0 0 73.21
0 0 73.24
0 0 73.28
0 0 73.31
0 0 73.34
0 0 73.38
0 0 73.41
0 0 73.44
0 0 73.48
0 0 73.51
0 0 73.54
0 0 73.58
0 0 73.61
0 0 73.64
0 0 73.68
0 0 73.71
0 0 73.74
0 0 73.77
0 0 73.81
0 0 73.84
0 0 73.88
0 0 73.91
0 0 73.94
0 0 73.98
0 0 74.01
0 0 74.04
0 0 74.07
0 0 74.11
0 0 74.14
0 0 74.18
0 0 74.21
0 0 74.24
0 0 74.28
0 0 74.31
0 0 74.34
0 0 74.39
0 0 74.41
0 0 74.44
0 0 74.48
0 0 74.51
0 0 74.54
0 0 74.58
0 0 74.61
0 0 74.64
0 0 74.68
0 0 74.71
0 0 74.74
0 0 74.78
0 0 74.81
0 0 74.84
0 0 74.88
0 0 74.91
0 0 74.94
0 0 74.98
0 0 75.01
0 0 75.04
0 0 75.08
0 0 75.11
0 0 75.14
0 0 75.18
0 0 75.21
0 0 75.24
0 0 75.27
0 0 75.31
0 0 75.34
0 0 75.38
0 0 75.41
0 0 75.46
0 0 75.49
0 0 75.51
0 0 75.54
0 0 75.58
0 0 75.61
0 0 75.64
0 0 75.68
0 0 75.71
0 0 75.74
0 0 75.77
0 0 75.81
0 0 75.84
0.493 0.13 75.88
0 0 75.91
0 0 75.94
0 0 75.97
0 0 76.01
0 0 76.04
0 0 76.08
0 0 76.11
0 0 76.14
0.477 0.017 76.18
0 0 76.21
0 0 76.24
0 0 76.28
0 0 76.32
0 0 76.34
0 0 76.38
0 0 76.41
0 0 76.44
0 0 76.47
0 0 76.52
0 0 76.55
0 0 76.58
0 0 76.61
0 0 76.64
0 0 76.68
0 0 76.71
0 0 76.74
0 0 76.78
0 0 76.81
0 0 76.84
0 0 76.88
0 0 76.91
0 0 76.94
0 0 76.98
0 0 77.01
0 0 77.04
0 0 77.08
0 0 77.11
0 0 77.14
0 0 77.18
0 0 77.21
0 0 77.24
0 0 77.28
0 0 77.31
0 0 77.35
0 0 77.38
0 0 77.41
0 0 77.44
0 0 77.47
0 0 77.51
0 0 77.56
0 0 77.59
0 0 77.61
0 0 77.64
0 0 77.68
0 0 77.71
0 0 77.74
0 0 77.78
0 0 77.81
0 0 77.84
0 0 77.88
0 0 77.91
0 0 77.94
0 0 77.98
0 0 78.01
0 0 78.04
0 0 78.07
0 0 78.11
0 0 78.14
0 0 78.18
0 0 78.21
0 0 78.24
0 0 78.27
0 0 78.31
0 0 78.34
0 0 78.37
0 0 78.41
0 0 78.44
0 0 78.47
0 0 78.51
0 0 78.54
0 0 78.58
0 0 78.61
0 0 78.64
0 0 78.68
0 0 78.71
0 0 78.74
0 0 78.77
0 0 78.81
0 0 78.84
0 0 78.87
0 0 78.91
0 0 78.94
0 0 78.97
0 0 79.01
0 0 79.04
0 0 79.07
0 0 79.11
0 0 79.14
0 0 79.18
0 0 79.21
0 0 79.24
0 0 79.27
0 0 79.31
0 0 79.34
0 0 79.38
0 0 79.41
0 0 79.44
0 0 79.47
0 0 79.51
0 0 79.54
0 0 79.57
0 0 79.61
0 0 79.64
0 0 79.68
0 0 79.71
0 0 79.74
0 0 79.77
0 0 79.81
0 0 79.84
0 0 79.89
0 0 79.91
0 0 79.94
0 0 79.97
0 0 80.01
0 0 80.04
0 0 80.08
0 0 80.11
0 0 80.14
0 0 80.17
0 0 80.21
0 0 80.24
0 0 80.27
0 0 80.31
0 0 80.34
0 0 80.37
0.458 0.128 80.41
0.451 0.008 80.44
0 0 80.47
0.43 0.033 80.51
0.422 0.012 80.55
0.413 0.015 80.58
0.406 0.016 80.61
0.398 0.014 80.64
0.392 0.012 80.68
0 0 80.71
0 0 80.74
0.378 0.035 80.78
0.372 0.014 80.81
0 0 80.84
0.364 0.022 80.88
0.359 0.011 80.91
0 0 80.94
0.354 0.023 80.97
0.354 0.007 81.01
0.356 0.008 81.04
0.355 0.004 81.08
0.354 0.007 81.11
0.352 0.006 81.14
0.351 0.008 81.18
0.347 0.009 81.21
0.343 0.009 81.24
0.34 0.009 81.28
0.336 0.008 81.31
0.331 0.008 81.34
0.33 0.007 81.38
0.328 0.006 81.41
0.326 0.004 81.44
0.324 0.004 81.47
0.322 0.003 81.51
0.321 0.005 81.54
0.321 0.002 81.58
0.321 0.001 81.61
0.321 0.001 81.65
0.321 0.002 81.68
0.322 0.003 81.71
0.323 0.003 81.74
0.324 0.002 81.78
0.324 0.004 81.81
0 0 81.84
0.324 0.004 81.88
0.324 0.002 81.91
0.325 0.002 81.94
0.326 0.007 81.98
0.326 0.007 82.01
0.327 0.009 82.04
0.329 0.012 82.08
0.332 0.014 82.11
0.339 0.015 82.14
0.349 0.017 82.18
0 0 82.21
0 0 82.24
0 0 82.27
0 0 82.31
0 0 82.35
0 0 82.39
0 0 82.41
0 0 82.44
0 0 82.47
0 0 82.51
0 0 82.54
0 0 82.57
0 0 82.61
0 0 82.64
0 0 82.67
0 0 82.71
0 0 82.74
0 0 82.77
0 0 82.82
0 0 82.84
0 0 82.87
0 0 82.91
0 0 82.94
0 0 82.97
0 0 83.01
0 0 83.04
0 0 83.07
0 0 83.11
0 0 83.14
0 0 83.18
0 0 83.21
0 0 83.24
0 0 83.27
0 0 83.31
0 0 83.34
0 0 83.37
0 0 83.41
0 0 83.44
0 0 83.47
0 0 83.51
0 0 83.54
0 0 83.57
0 0 83.61
0 0 83.64
0 0 83.67
0 0 83.71
0 0 83.74
0 0 83.77
0 0 83.81
0 0 83.84
0 0 83.87
0 0 83.91
0 0 83.94
0 0 83.97
0 0 84.01
0 0 84.04
0 0 84.07
0 0 84.11
0 0 84.14
0 0 84.17
0 0 84.21
0 0 84.24
0 0 84.27
0 0 84.31
0 0 84.34
0 0 84.37
0 0 84.41
0 0 84.44
0 0 84.47
0 0 84.51
0 0 84.54
0 0 84.57
0 0 84.61
0 0 84.64
0 0 84.67
0 0 84.71
0 0 84.74
0 0 84.77
0 0 84.81
0 0 84.84
0 0 84.87
0 0 84.91
0 0 84.94
0 0 84.97
0 0 85.01
0 0 85.04
0 0 85.07
0 0 85.11
0 0 85.14
0 0 85.17
0 0 85.21
0 0 85.24
0 0 85.27
0 0 85.31
0.488 0.079 85.34
0.473 0.02 85.37
0 0 85.41
0 0 85.44
0.441 0.053 85.47
0 0 85.51
0.425 0.027 85.54
0.423 0.01 85.58
0.418 0.009 85.61
0.414 0.008 85.64
0.415 0.007 85.68
0.411 0.006 85.71
0.408 0.004 85.74
0.409 0.004 85.78
0.406 0.004 85.81
0 0 85.84
0.408 0.004 85.88
0.408 0.002 85.91
0.409 0.001 85.94
0.41 0.003 85.98
0.417 0.002 86.01
0.417 0.002 86.04
0.417 0.001 86.08
0 0 86.11
0.423 0.006 86.14
0.425 0.004 86.18
0.431 0.007 86.21
0.436 0.01 86.24
0.443 0.012 86.27
0.455 0.014 86.31
0.467 0.016 86.34
0.479 0.019 86.38
0.494 0.02 86.41
0.511 0.02 86.44
0 0 86.47
0 0 86.51
0 0 86.54
0 0 86.57
0 0 86.61
0 0 86.64
0 0 86.67
0 0 86.71
0 0 86.74
0 0 86.77
0 0 86.81
0 0 86.84
0 0 86.87
0 0 86.91
0 0 86.94
0 0 86.97
0 0 87.01
0 0 87.04
0 0 87.07
0 0 87.11
0 0 87.14
0 0 87.17
0 0 87.21
0 0 87.24
0 0 87.27
0 0 87.31
0 0 87.34
0 0 87.37
0 0 87.41
0 0 87.44
0 0 87.47
0 0 87.51
0 0 87.54
0 0 87.57
0 0 87.61
0 0 87.64
0 0 87.67
0 0 87.71
0 0 87.74
0 0 87.77
0 0 87.81
0 0 87.84
0 0 87.87
0 0 87.91
0 0 87.95
0 0 87.98
0 0 88.01
0 0 88.04
0 0 88.09
0 0 88.12
0 0 88.14
0 0 88.18
0 0 88.21
0 0 88.24
0 0 88.27
0 0 88.31
0 0 88.34
0 0 88.37
0 0 88.41
0 0 88.44
0 0 88.47
0 0 88.51
0 0 88.54
0 0 88.57
0 0 88.61
0 0 88.64
0 0 88.67
0 0 88.71
0 0 88.74
0 0 88.77
0 0 88.81
0 0 88.84
0 0 88.87
0 0 88.91
0 0 88.94
0 0 88.97
0 0 89.01
0 0 89.04
0 0 89.1
0 0 89.12
0 0 89.14
0 0 89.17
0 0 89.21
0 0 89.24
0 0 89.27
0 0 89.31
0 0 89.34
0 0 89.37
0 0 89.41
0 0 89.44
0 0 89.47
0 0 89.51
0 0 89.54
0 0 89.57
0 0 89.61
0 0 89.64
0 0 89.67
0 0 89.71
0 0 89.74
0 0 89.78
0 0 89.81
0 0 89.84
0 0 89.87
0 0 89.91
0 0 89.94
0 0 89.97
0 0 90.01
0 0 90.04
0 0 90.07
0 0 90.11
0 0 90.14
0 0 90.17
0 0 90.21
0 0 90.24
0 0 90.27
0 0 90.31
0 0 90.34
0 0 90.37
0 0 90.41
0 0 90.44
0 0 90.47
0 0 90.51
0 0 90.54
0 0 90.57
0 0 90.61
0 0 90.65
0 0 90.68
0 0 90.71
0 0 90.74
0 0 90.77
0 0 90.81
0 0 90.84
0 0 90.87
0 0 90.91
0 0 90.94
0 0 90.97
0 0 91.01
0 0 91.04
0 0 91.07
0 0 91.11
0 0 91.14
0 0 91.18
0 0 91.21
0 0 91.24
0 0 91.27
0 0 91.31
0 0 91.34
0 0 91.37
0 0 91.4
0 0 91.44
0 0 91.47
0 0 91.51
0 0 91.56
0 0 91.57
0 0 91.61
0 0 91.64
0 0 91.67
0 0 91.71
0 0 91.74
0 0 91.77
0.552 0.088 91.81
0.534 0.019 91.84
0.518 0.019 91.87
0 0 91.91
0.482 0.041 91.94
0.468 0.016 91.97
0.451 0.019 92.01
0.438 0.016 92.04
0.426 0.015 92.08
0.416 0.013 92.11
0.408 0.011 92.14
0.403 0.009 92.18
0.399 0.007 92.21
0 0 92.24
0.396 0.009 92.28
0.396 0.004 92.31
0.396 0.003 92.34
0.396 0.003 92.38
0.396 0.002 92.41
0.396 0.003 92.44
0.395 0.002 92.48
0.395 0.004 92.51
0.394 0.001 92.54
0.394 0.002 92.57
0.393 0.001 92.61
0.392 0.001 92.64
0.391 0.001 92.68
0.39 0.001 92.71
0 0 92.74
0.387 0.003 92.78
0.385 0.002 92.81
0.382 0.003 92.84
0.38 0.003 92.87
0.378 0.002 92.91
0.375 0.003 92.94
0.373 0.003 92.97
0.37 0.003 93.01
0.367 0.003 93.04
0.364 0.005 93.07
0.36 0.004 93.11
0.355 0.006 93.14
0.351 0.006 93.18
0.346 0.005 93.21
0.342 0.005 93.25
0.338 0.006 93.28
0.335 0.004 93.31
0.333 0.005 93.34
0.33 0.003 93.37
0.328 0.003 93.41
0.327 0.002 93.44
0.326 0.001 93.48
0.326 0.001 93.51
0.327 0.001 93.54
0 0 93.57
0.328 0.002 93.61
0.327 0.001 93.64
0.327 0.001 93.68
0.327 0.002 93.71
0.327 0.0 93.74
0.326 0.001 93.77
0.328 0.002 93.81
0.33 0.004 93.84
0.332 0.005 93.87
0.337 0.007 93.91
0.343 0.007 93.94
0.348 0.009 93.98
0.355 0.01 94.01
0.362 0.009 94.04
0.369 0.01 94.08
0.375 0.01 94.11
0.382 0.01 94.14
0.39 0.011 94.18
0.397 0.012 94.21
0.406 0.013 94.24
0.418 0.014 94.27
0.429 0.016 94.31
0.443 0.016 94.35
0.457 0.016 94.38
0.471 0.019 94.41
0 0 94.44
0 0 94.47
0 0 94.51
0 0 94.54
0 0 94.57
0 0 94.61
0 0 94.64
0 0 94.68
0 0 94.7
0 0 94.74
0 0 94.77
0 0 94.81
0 0 94.85
0 0 94.87
0 0 94.91
0 0 94.94
0 0 94.97
0 0 95.01
0 0 95.04
0 0 95.07
0 0 95.1
0 0 95.14
0 0 95.17
0 0 95.2
0 0 95.24
0 0 95.27
0 0 95.3
0 0 95.34
0 0 95.41
0 0 95.44
0 0 95.45
0 0 95.48
0 0 95.51
0 0 95.54
0 0 95.57
0 0 95.61
0 0 95.64
0 0 95.67
0 0 95.71
0 0 95.74
0 0 95.77
0 0 95.81
0 0 95.84
0 0 95.87
0 0 95.91
0 0 95.94
0 0 95.97
0 0 96.01
0 0 96.04
0 0 96.07
0 0 96.11
0 0 96.14
0 0 96.17
0 0 96.21
0 0 96.24
0 0 96.27
0 0 96.3
0 0 96.34
0 0 96.37
0 0 96.4
0 0 96.44
0 0 96.47
0 0 96.51
0 0 96.54
0 0 96.57
0 0 96.61
0 0 96.64
0 0 96.67
0 0 96.71
0 0 96.74
0 0 96.77
0 0 96.81
0 0 96.84
0 0 96.87
0 0 96.91
0 0 96.94
0 0 96.97
0 0 97.01
0 0 97.04
0 0 97.07
0 0 97.11
0 0 97.14
0 0 97.17
0 0 97.21
0 0 97.24
0 0 97.27
0 0 97.31
0 0 97.34
0 0 97.37
0 0 97.4
0 0 97.44
0 0 97.47
0 0 97.51
0 0 97.54
0 0 97.57
0 0 97.61
0 0 97.64
0 0 97.67
0 0 97.71
0 0 97.74
0 0 97.77
0 0 97.81
0 0 97.84
0 0 97.87
0 0 97.91
0 0 97.94
0 0 97.97
0 0 98.01
0 0 98.04
0 0 98.07
0 0 98.11
0 0 98.14
0 0 98.17
0 0 98.21
0 0 98.24
0 0 98.27
0 0 98.31
0 0 98.34
0 0 98.37
0 0 98.41
0 0 98.44
0 0 98.47
0 0 98.51
0 0 98.54
0 0 98.57
0 0 98.6
0 0 98.64
0 0 98.67
0 0 98.7
0 0 98.74
0 0 98.77
0 0 98.81
0 0 98.84
0 0 98.87
0 0 98.91
0 0 98.94
0 0 98.97
0 0 99.02
0 0 99.04
0 0 99.07
0 0 99.11
0 0 99.14
0 0 99.17
0 0 99.21
0 0 99.24
0 0 99.27
0 0 99.31
0 0 99.34
0 0 99.37
0 0 99.41
0 0 99.44
0 0 99.47
0 0 99.51
0 0 99.54
0 0 99.57
0 0 99.6
0 0 99.64
0 0 99.67
0 0 99.7
0 0 99.74
0 0 99.77
0 0 99.8
0 0 99.84
0 0 99.87
0 0 99.91
0 0 99.94
0 0 99.97
0 0 100.01
0 0 100.04
0 0 100.07
0 0 100.1
0 0 100.14
0 0 100.17
0 0 100.21
0 0 100.24
0 0 100.27
0 0 100.31
0 0 100.34
0 0 100.37
0 0 100.41
0 0 100.44
0 0 100.47
0 0 100.51
0 0 100.54
0 0 100.57
0 0 100.61
0 0 100.65
0 0 100.68
0 0 100.72
0 0 100.74
0 0 100.77
0 0 100.8
0 0 100.84
0 0 100.87
0 0 100.91
0 0 100.94
0 0 100.97
0 0 101.01
0 0 101.04
0 0 101.07
0 0 101.1
0 0 101.14
0 0 101.17
0 0 101.2
0 0 101.24
0 0 101.27
0 0 101.3
0 0 101.34
0 0 101.37
0 0 101.4
0 0 101.44
0 0 101.47
0 0 101.51
0 0 101.54
0 0 101.57
0 0 101.6
0 0 101.64
0 0 101.67
0 0 101.7
0 0 101.74
0 0 101.77
0 0 101.8
0 0 101.84
0 0 101.87
0 0 101.91
0 0 101.94
0 0 101.97
0 0 102.01
0 0 102.04
0 0 102.07
0 0 102.1
0 0 102.14
0 0 102.17
0 0 102.2
0 0 102.24
0 0 102.27
0 0 102.31
0 0 102.34
0 0 102.37
0 0 102.4
0 0 102.44
0 0 102.47
0 0 102.51
0 0 102.54
0 0 102.57
0 0 102.6
0 0 102.64
0 0 102.67
0 0 102.71
0 0 102.74
0 0 102.77
0 0 102.8
0 0 102.84
0 0 102.87
0 0 102.9
0 0 102.94
0 0 102.97
0 0 103.01
0 0 103.04
0 0 103.07
0 0 103.1
0 0 103.14
0 0 103.17
0 0 103.2
0 0 103.24
0 0 103.27
0 0 103.3
0 0 103.34
0 0 103.37
0 0 103.4
0 0 103.44
0 0 103.47
0 0 103.5
0 0 103.54
0 0 103.57
0 0 103.6
0 0 103.64
0 0 103.67
0 0 103.7
0 0 103.74
0 0 103.77
0 0 103.82
0 0 103.85
0 0 103.89
0 0 103.92
0 0 103.95
0 0 103.97
0 0 104.01
0 0 104.04
0 0 104.07
0 0 104.11
0 0 104.14
0 0 104.17
0 0 104.2
0 0 104.24
0 0 104.27
0 0 104.3
0 0 104.34
0 0 104.37
0 0 104.4
0 0 104.44
0 0 104.48
0 0 104.51
0 0 104.55
0 0 104.58
0 0 104.62
0 0 104.65
0 0 104.68
0 0 104.71
0 0 104.74
0 0 104.78
0 0 104.8
0 0 104.85
0 0 104.88
0 0 104.91
0 0 104.94
0 0 104.97
0 0 105.01
0 0 105.04
0 0 105.07
0 0 105.1
0 0 105.14
0 0 105.17
0 0 105.2
0 0 105.24
0 0 105.27
0 0 105.34
0 0 105.36
0 0 105.38
0 0 105.41
0 0 105.44
0 0 105.47
0 0 105.5
0 0 105.54
0 0 105.58
0 0 105.6
0 0 105.64
0 0 105.67
0 0 105.7
0 0 105.74
0 0 105.77
0 0 105.8
0 0 105.84
0 0 105.87
0 0 105.9
0 0 105.94
0 0 105.97
0 0 106.0
0 0 106.04
0 0 106.07
0 0 106.1
0 0 106.14
0 0 106.17
0 0 106.2
0 0 106.24
0 0 106.27
0 0 106.3
0 0 106.34
0 0 106.37
0 0 106.4
0 0 106.44
0 0 106.47
0 0 106.51
0 0 106.54
0 0 106.57
0 0 106.6
0 0 106.64
0 0 106.67
0 0 106.71
0 0 106.74
0 0 106.77
0 0 106.81
0 0 106.84
0 0 106.87
0 0 106.91
0 0 106.94
0 0 106.97
0 0 107.0
0 0 107.03
0 0 107.07
0 0 107.1
0 0 107.13
0 0 107.17
0 0 107.2
0 0 107.24
0 0 107.27
0 0 107.3
0 0 107.34
0 0 107.37
0 0 107.4
0 0 107.44
0 0 107.47
0 0 107.5
0 0 107.53
0 0 107.57
0 0 107.6
0 0 107.63
0 0 107.67
0 0 107.7
0 0 107.73
0 0 107.77
0 0 107.8
0 0 107.84
0 0 107.87
0 0 107.9
0 0 107.93
0 0 107.97
0 0 108.0
0 0 108.05
0 0 108.07
0 0 108.1
0 0 108.14
0 0 108.17
0 0 108.2
0 0 108.24
0 0 108.27
0 0 108.3
0 0 108.34
0 0 108.37
0 0 108.4
0 0 108.44
0 0 108.47
0 0 108.5
0 0 108.54
0 0 108.57
0 0 108.6
0 0 108.64
0 0 108.67
0 0 108.7
0 0 108.74
0 0 108.77
0 0 108.8
0 0 108.84
0 0 108.87
0 0 108.91
0 0 108.94
0 0 108.97
0 0 109.0
0 0 109.03
0 0 109.08
0 0 109.11
0 0 109.14
0 0 109.17
0 0 109.2
0 0 109.23
0 0 109.27
0 0 109.3
0 0 109.34
0 0 109.37
0 0 109.4
0 0 109.44
0 0 109.47
0 0 109.5
0 0 109.53
0 0 109.57
0 0 109.6
0 0 109.63
0 0 109.67
0 0 109.7
0 0 109.73
0 0 109.77
0 0 109.8
0 0 109.84
0 0 109.87
0 0 109.9
0 0 109.94
0 0 109.97
0 0 110.0
0 0 110.03
0 0 110.07
0 0 110.1
0 0 110.13
0 0 110.17
0 0 110.2
0 0 110.23
0 0 110.27
0 0 110.3
0 0 110.34
0 0 110.37
0 0 110.4
0 0 110.43
0 0 110.47
0 0 110.5
0 0 110.54
0 0 110.57
0 0 110.6
0 0 110.63
0 0 110.67
0 0 110.7
0 0 110.73
0 0 110.77
0 0 110.8
0 0 110.84
0 0 110.87
0 0 110.9
0 0 110.93
0 0 110.97
0 0 111.0
0 0 111.03
0 0 111.07
0 0 111.1
0 0 111.13
0 0 111.17
0 0 111.2
0 0 111.24
0 0 111.27
0 0 111.3
0 0 111.34
0 0 111.37
0 0 111.42
0 0 111.43
0 0 111.47
0 0 111.5
0 0 111.53
0 0 111.57
0 0 111.6
0 0 111.63
0 0 111.67
0 0 111.7
0 0 111.73
0 0 111.77
0 0 111.8
0 0 111.84
0 0 111.87
0.756 0.387 111.9
0 0 111.93
0 0 111.97
0 0 112.0
0 0 112.03
0.747 0.017 112.07
0.739 0.011 112.11
0.739 0.001 112.14
0.735 0.008 112.18
0 0 112.2
0 0 112.24
0 0 112.27
0.736 0.009 112.31
0.741 0.008 112.34
0.74 0.001 112.37
0.74 0.001 112.4
0 0 112.43
0 0 112.47
0 0 112.5
0 0 112.53
0.735 0.006 112.57
0.739 0.007 112.6
0 0 112.63
0 0 112.67
0 0 112.7
0 0 112.74
0.734 0.005 112.77
0 0 112.8
0 0 112.84
0 0 112.87
0 0 112.9
0 0 112.93
0 0 112.97
0 0 113.0
0.739 0.006 113.04
0 0 113.07
0 0 113.1
0 0 113.13
0 0 113.17
0 0 113.2
0 0 113.23
0 0 113.27
0 0 113.3
0 0 113.34
0 0 113.37
0.732 0.009 113.4
0 0 113.44
0 0 113.47
0.736 0.007 113.51
0.733 0.005 113.54
0 0 113.57
0.734 0.003 113.6
0 0 113.64
0 0 113.67
0 0 113.7
0 0 113.73
0 0 113.77
0 0 113.8
0.734 0.004 113.84
0 0 113.87
0.734 0.001 113.9
0 0 113.93
0.734 0.002 113.97
0 0 114.0
0.732 0.003 114.04
0 0 114.07
0 0 114.1
0 0 114.13
0.728 0.001 114.17
0 0 114.2
0 0 114.23
0 0 114.27
0 0 114.3
0 0 114.33
0 0 114.37
0 0 114.4
0 0 114.43
0 0 114.47
0 0 114.5
0 0 114.53
0.712 0.01 114.57
0 0 114.6
0 0 114.63
0 0 114.67
0.712 0.01 114.7
0 0 114.73
0 0 114.77
0.709 0.005 114.8
0.706 0.002 114.84
0.707 0.0 114.87
0 0 114.9
0 0 114.94
0 0 114.97
0 0 115.0
0 0 115.03
0.699 0.001 115.07
0 0 115.1
0 0 115.14
0 0 115.17
0.694 0.001 115.21
0.696 0.003 115.24
0.698 0.011 115.28
0.69 0.011 115.31
0.694 0.005 115.34
0.688 0.001 115.37
0.684 0.005 115.4
0.682 0.003 115.44
0.676 0.001 115.49
0 0 115.52
0.682 0.01 115.54
0.666 0.008 115.57
0 0 115.6
0 0 115.63
0.667 0.002 115.67
0.666 0.007 115.71
0 0 115.73
0.661 0.008 115.77
0 0 115.8
0 0 115.83
0.655 0.001 115.87
0 0 115.9
0.652 0.006 115.93
0.648 0.006 115.97
0.65 0.002 116.0
0 0 116.05
0 0 116.08
0 0 116.1
0 0 116.13
0 0 116.17
0.644 0.01 116.2
0 0 116.24
0.638 0.002 116.27
0.637 0.002 116.3
0 0 116.34
0.632 0.001 116.37
0 0 116.4
0 0 116.43
0 0 116.47
0 0 116.5
0.626 0.002 116.54
0.614 0.007 116.57
0 0 116.6
0 0 116.63
0 0 116.67
0 0 116.7
0 0 116.73
0.6 0.0 116.77
0.6 0.001 116.8
0 0 116.83
0 0 116.87
0 0 116.9
0.597 0.006 116.93
0.6 0.004 116.97
0.585 0.001 117.0
0 0 117.03
0 0 117.07
0 0 117.1
0.584 0.01 117.13
0 0 117.17
0 0 117.2
0 0 117.23
0 0 117.27
0.583 0.014 117.3
0 0 117.33
0 0 117.37
0 0 117.4
0.566 0.006 117.43
0.564 0.002 117.47
0.567 0.004 117.5
0 0 117.53
0 0 117.57
0 0 117.6
0 0 117.63
0 0 117.67
0.561 0.009 117.7
0 0 117.75
0 0 117.77
0 0 117.8
0 0 117.83
0 0 117.87
0 0 117.9
0 0 117.93
0 0 117.97
0 0 118.0
0 0 118.03
0 0 118.07
0.533 0.004 118.11
0 0 118.14
0.532 0.001 118.17
0.525 0.004 118.21
0.522 0.004 118.24
0 0 118.28
0 0 118.31
0.512 0.009 118.34
0.513 0.002 118.37
0 0 118.4
0 0 118.43
0.498 0.016 118.48
0 0 118.51
0 0 118.53
0 0 118.57
0 0 118.6
0 0 118.63
0 0 118.67
0 0 118.7
0.483 0.01 118.74
0 0 118.77
0 0 118.8
0 0 118.83
0 0 118.87
0.484 0.004 118.92
0 0 118.95
0 0 118.97
0 0 119.0
0.484 0.003 119.04
0 0 119.07
0 0 119.1
0.48 0.004 119.14
0 0 119.17
0.478 0.001 119.21
0 0 119.23
0 0 119.27
0 0 119.3
0.475 0.001 119.34
0.473 0.005 119.37
0.478 0.012 119.4
0 0 119.43
0 0 119.47
0 0 119.5
0 0 119.53
0 0 119.57
0 0 119.6
0 0 119.63
0 0 119.68
0 0 119.7
0 0 119.73
0 0 119.77
0.469 0.011 119.81
0 0 119.83
0 0 119.87
0.467 0.002 119.9
0 0 119.93
0.465 0.003 119.97
0 0 120.0
0 0 120.03
0.472 0.012 120.07
0.469 0.004 120.1
0 0 120.14
0.467 0.004 120.18
0 0 120.2
0 0 120.23
0 0 120.27
0 0 120.3
0 0 120.34
0 0 120.37
0.467 0.0 120.4
0.466 0.001 120.43
0 0 120.47
0 0 120.5
0.466 0.001 120.54
0.468 0.003 120.57
0 0 120.6
0 0 120.63
0 0 120.67
0 0 120.7
0 0 120.73
0.469 0.0 120.77
0 0 120.8
0 0 120.83
0 0 120.87
0 0 120.9
0 0 120.93
0.466 0.007 120.97
0 0 121.0
0.469 0.005 121.04
0 0 121.07
0 0 121.1
0.473 0.005 121.14
0 0 121.17
0.471 0.005 121.2
0.471 0.001 121.24
0 0 121.26
0 0 121.3
0.476 0.006 121.34
0 0 121.37
0 0 121.4
0 0 121.43
0 0 121.47
0.476 0.007 121.51
0 0 121.53
0 0 121.57
0 0 121.6
0 0 121.63
0 0 121.67
0.478 0.0 121.7
0.482 0.004 121.73
0 0 121.77
0 0 121.8
0 0 121.84
0 0 121.87
0.484 0.001 121.9
0 0 121.93
0.48 0.009 121.97
0 0 122.0
0 0 122.03
0 0 122.07
0 0 122.1
0 0 122.13
0 0 122.17
0.487 0.003 122.2
0 0 122.23
0.495 0.008 122.27
0 0 122.3
0 0 122.34
0 0 122.37
0 0 122.4
0 0 122.43
0 0 122.47
0 0 122.5
0 0 122.53
0 0 122.57
0.502 0.005 122.6
0 0 122.63
0 0 122.67
0 0 122.7
0 0 122.73
0 0 122.77
0 0 122.8
0 0 122.83
0 0 122.87
0.507 0.008 122.9
0 0 122.93
0.512 0.002 122.97
0.509 0.004 123.0
0 0 123.03
0 0 123.07
0.52 0.008 123.1
0.519 0.008 123.13
0.525 0.009 123.17
0 0 123.2
0 0 123.23
0.528 0.001 123.27
0.526 0.002 123.3
0.524 0.003 123.34
0.528 0.001 123.37
0.528 0.0 123.42
0 0 123.44
0 0 123.47
0 0 123.5
0.536 0.008 123.54
0 0 123.57
0 0 123.6
0.568 0.037 123.64
0.552 0.03 123.67
0 0 123.7
0.549 0.005 123.74
0 0 123.76
0 0 123.8
0.56 0.012 123.84
0 0 123.87
0 0 123.9
0 0 123.93
0.564 0.001 123.97
0 0 124.0
0 0 124.03
0 0 124.07
0.567 0.008 124.1
0 0 124.13
0 0 124.17
0 0 124.2
0 0 124.25
0.55 0.03 124.27
0 0 124.3
0.529 0.025 124.34
0 0 124.38
0 0 124.4
0 0 124.43
0.457 0.078 124.47
0.437 0.02 124.51
0.415 0.024 124.54
0.394 0.022 124.57
0.371 0.023 124.61
0.35 0.021 124.64
0.334 0.02 124.67
0.316 0.02 124.7
0.299 0.02 124.73
0.286 0.02 124.77
0.273 0.019 124.8
0.258 0.019 124.84
0.248 0.019 124.87
0.237 0.018 124.9
0.226 0.018 124.94
0.217 0.016 124.97
0.213 0.014 125.0
0.211 0.01 125.04
0.207 0.01 125.1
0.206 0.011 125.13
0.202 0.013 125.17
0.202 0.013 125.2
0.201 0.012 125.23
0.198 0.01 125.26
0.198 0.009 125.29
0.201 0.01 125.32
0.203 0.007 125.35
0.204 0.006 125.38
0.209 0.008 125.4
0.212 0.006 125.44
0.215 0.005 125.47
0 0 125.5
0 0 125.53
0.223 0.014 125.57
0.225 0.004 125.6
0 0 125.63
0.228 0.003 125.67
0 0 125.7
0.234 0.01 125.74
0.231 0.006 125.77
0.23 0.002 125.81
0.227 0.003 125.84
0.223 0.006 125.88
0.22 0.003 125.91
0 0 125.93
0 0 125.97
0.219 0.005 126.01
0.228 0.015 126.04
0.227 0.008 126.07
0 0 126.1
0 0 126.13
0 0 126.17
0 0 126.2
0.224 0.01 126.24
0.219 0.012 126.28
0 0 126.31
0.214 0.015 126.34
0.209 0.01 126.37
0 0 126.4
0.198 0.029 126.44
0 0 126.47
0.205 0.042 126.51
0.216 0.031 126.54
0 0 126.57
0 0 126.6
0 0 126.63
0.322 0.154 126.67
0 0 126.7
0.378 0.065 126.74
0 0 126.77
0 0 126.8
0 0 126.83
0 0 126.86
0 0 126.9
0 0 126.93
0 0 126.96
0 0 127.0
0 0 127.03
0 0 127.06
0 0 127.1
0 0 127.13
0 0 127.17
0 0 127.2
0 0 127.23
0 0 127.26
0 0 127.3
0 0 127.33
0 0 127.36
0 0 127.4
0 0 127.43
0 0 127.46
0 0 127.51
0 0 127.54
0 0 127.56
0 0 127.6
0 0 127.63
0 0 127.66
0 0 127.7
0 0 127.73
0 0 127.76
0 0 127.8
0 0 127.83
0 0 127.88
0 0 127.9
0 0 127.93
0 0 127.96
0 0 128.0
0.656 0.294 128.03
0 0 128.06
0 0 128.1
0 0 128.13
0 0 128.17
0 0 128.2
0 0 128.23
0 0 128.26
0 0 128.3
0 0 128.33
0 0 128.36
0 0 128.4
0 0 128.43
0 0 128.46
0 0 128.5
0 0 128.53
0 0 128.56
0 0 128.6
0 0 128.63
0 0 128.67
0 0 128.7
0 0 128.73
0 0 128.78
0 0 128.8
0 0 128.85
0 0 128.86
0 0 128.9
0 0 128.94
0 0 128.96
0.65 0.069 129.0
0 0 129.05
0.649 0.01 129.07
0.635 0.018 129.11
0.623 0.015 129.13
0.628 0.003 129.17
0 0 129.2
0 0 129.23
0 0 129.27
0 0 129.3
0.619 0.02 129.34
0.615 0.007 129.37
0 0 129.4
0 0 129.43
0.624 0.006 129.47
0 0 129.5
0 0 129.53
0 0 129.57
0 0 129.6
0 0 129.63
0 0 129.67
0.615 0.028 129.7
0 0 129.73
0 0 129.76
0 0 129.8
0 0 129.84
0 0 129.86
0 0 129.9
0 0 129.93
0 0 129.96
0 0 130.0
0 0 130.03
0 0 130.06
0 0 130.11
0 0 130.13
0 0 130.16
0 0 130.2
0 0 130.23
0 0 130.26
0 0 130.3
0 0 130.33
0 0 130.36
0 0 130.4
0 0 130.43
0 0 130.46
0 0 130.5
0 0 130.53
0 0 130.56
0 0 130.6
0 0 130.63
0 0 130.67
0 0 130.7
0 0 130.73
0 0 130.76
0 0 130.8
0 0 130.83
0 0 130.86
0 0 130.9
0 0 130.93
0 0 130.96
0 0 131.0
0 0 131.03
0 0 131.06
0 0 131.1
0 0 131.13
0 0 131.17
0 0 131.2
0 0 131.23
0 0 131.26
0 0 131.3
0 0 131.33
0 0 131.36
0 0 131.4
0 0 131.43
0 0 131.46
0 0 131.5
0 0 131.53
0 0 131.56
0 0 131.6
0 0 131.63
0 0 131.67
0 0 131.7
0 0 131.73
0 0 131.76
0 0 131.8
0 0 131.83
0 0 131.86
0 0 131.9
0 0 131.93
0 0 131.96
0 0 132.0
0 0 132.03
0 0 132.06
0 0 132.1
0 0 132.13
0 0 132.16
0 0 132.2
0 0 132.23
0 0 132.26
0 0 132.3
0 0 132.33
0 0 132.36
0 0 132.4
0 0 132.43
0 0 132.46
0 0 132.5
0 0 132.53
0 0 132.56
0 0 132.6
0 0 132.63
0 0 132.66
0 0 132.7
0 0 132.74
0 0 132.76
0 0 132.8
0 0 132.83
0 0 132.86
0 0 132.9
0 0 132.93
0 0 132.96
0 0 133.0
0 0 133.03
0 0 133.06
0 0 133.1
0 0 133.13
0 0 133.16
0 0 133.2
0 0 133.23
0 0 133.26
0 0 133.3
0 0 133.33
0 0 133.36
0 0 133.4
0 0 133.43
0 0 133.46
0 0 133.5
0 0 133.53
0 0 133.56
0 0 133.6
0 0 133.63
0 0 133.67
0 0 133.7
0 0 133.73
0 0 133.76
0 0 133.8
0 0 133.83
0 0 133.86
0 0 133.9
0 0 133.93
0 0 133.96
0 0 134.0
0 0 134.03
0 0 134.06
0 0 134.1
0 0 134.13
0 0 134.16
0 0 134.2
0 0 134.23
0 0 134.26
0 0 134.3
0 0 134.33
0 0 134.36
0 0 134.4
0 0 134.43
0 0 134.46
0 0 134.5
0 0 134.53
0 0 134.56
0 0 134.6
0 0 134.63
0 0 134.66
0 0 134.7
0 0 134.73
0 0 134.76
0 0 134.8
0 0 134.83
0 0 134.86
0 0 134.9
0 0 134.93
0 0 134.96
0 0 135.0
0 0 135.03
0 0 135.06
0 0 135.1
0 0 135.13
0 0 135.16
0 0 135.2
0 0 135.23
0 0 135.26
0 0 135.3
0 0 135.33
0 0 135.36
0 0 135.4
0 0 135.43
0 0 135.46
0 0 135.5
0 0 135.53
0 0 135.56
0 0 135.6
0 0 135.63
0 0 135.66
0 0 135.7
0 0 135.73
0 0 135.76
0 0 135.8
0 0 135.83
0 0 135.86
0 0 135.91
0 0 135.93
0 0 135.96
0 0 136.0
0 0 136.03
0 0 136.07
0 0 136.1
0 0 136.13
0 0 136.17
0 0 136.2
0 0 136.23
0 0 136.26
0 0 136.3
0 0 136.33
0 0 136.36
0 0 136.4
0 0 136.43
0 0 136.46
0 0 136.5
0 0 136.53
0 0 136.56
0 0 136.6
0 0 136.63
0 0 136.66
0 0 136.69
0 0 136.73
0 0 136.76
0 0 136.8
0 0 136.83
0 0 136.87
0 0 136.9
0 0 136.93
0 0 136.96
0 0 137.0
0 0 137.03
0 0 137.06
0 0 137.1
0 0 137.13
0 0 137.16
0 0 137.2
0 0 137.23
0 0 137.26
0 0 137.3
0 0 137.33
0 0 137.36
0 0 137.39
0 0 137.43
0 0 137.46
0 0 137.5
0 0 137.53
0 0 137.56
0 0 137.6
0 0 137.63
0 0 137.66
0 0 137.7
0 0 137.73
0 0 137.76
0 0 137.8
0 0 137.83
0 0 137.86
0 0 137.9
0 0 137.93
0 0 137.96
0 0 138.0
0 0 138.03
0 0 138.06
0 0 138.1
0 0 138.13
0 0 138.16
0 0 138.2
0 0 138.23
0 0 138.26
0 0 138.3
0 0 138.33
0 0 138.36
0 0 138.4
0 0 138.43
0 0 138.46
0 0 138.5
0 0 138.53
0 0 138.56
0 0 138.6
0 0 138.63
0 0 138.66
0 0 138.7
0 0 138.73
0 0 138.76
0 0 138.8
0 0 138.83
0 0 138.86
0 0 138.9
0 0 138.93
0 0 138.96
0 0 139.0
0 0 139.03
0 0 139.06
0 0 139.1
0 0 139.13
0 0 139.16
0 0 139.2
0 0 139.23
0 0 139.26
0 0 139.3
0 0 139.33
0 0 139.36
0 0 139.4
0 0 139.43
0 0 139.46
0 0 139.5
0 0 139.53
0 0 139.56
0 0 139.6
0 0 139.63
0 0 139.66
0 0 139.7
0 0 139.73
0 0 139.76
0 0 139.8
0 0 139.83
0 0 139.86
0 0 139.9
0 0 139.93
0 0 139.96
0 0 140.0
0 0 140.03
0 0 140.06
0 0 140.1
0 0 140.13
0 0 140.16
0 0 140.2
0 0 140.23
0 0 140.26
0 0 140.3
0 0 140.33
0 0 140.36
0 0 140.39
0 0 140.43
0 0 140.46
0 0 140.5
0 0 140.53
0 0 140.56
0 0 140.6
0 0 140.63
0 0 140.66
0 0 140.7
0 0 140.73
0 0 140.76
0 0 140.79
0 0 140.83
0 0 140.86
0 0 140.9
0 0 140.93
0 0 140.96
0 0 141.0
0 0 141.03
0 0 141.06
0 0 141.1
0 0 141.13
0 0 141.16
0 0 141.19
0 0 141.23
0 0 141.26
0 0 141.29
0 0 141.33
0 0 141.36
0 0 141.39
0 0 141.43
0 0 141.46
0 0 141.5
0 0 141.53
0 0 141.57
0 0 141.6
0 0 141.63
0 0 141.66
0 0 141.69
0 0 141.73
0 0 141.76
0 0 141.8
0 0 141.83
0 0 141.86
0 0 141.9
0 0 141.93
0 0 141.96
0 0 142.0
0 0 142.03
0 0 142.06
0 0 142.1
0 0 142.13
0 0 142.16
0 0 142.19
0 0 142.23
0 0 142.26
0 0 142.29
0 0 142.34
0 0 142.36
0 0 142.4
0 0 142.43
0 0 142.46
0 0 142.5
0 0 142.53
0 0 142.56
0 0 142.59
0 0 142.64
0 0 142.66
0 0 142.7
0 0 142.73
0 0 142.76
0 0 142.79
0 0 142.83
0 0 142.86
0 0 142.9
0 0 142.93
0 0 142.96
0 0 143.0
0 0 143.03
0 0 143.06
0 0 143.09
0 0 143.14
0 0 143.16
0 0 143.19
0 0 143.23
0 0 143.26
0 0 143.3
0 0 143.33
0 0 143.36
0 0 143.39
0 0 143.43
0 0 143.46
0 0 143.49
0 0 143.53
0 0 143.56
0 0 143.59
0 0 143.63
0 0 143.66
0 0 143.69
0 0 143.73
0 0 143.76
0 0 143.79
0 0 143.83
0 0 143.86
0 0 143.9
0 0 143.93
0 0 143.96
0 0 144.0
0 0 144.03
0 0 144.06
0 0 144.1
0 0 144.13
0 0 144.19
0 0 144.22
0 0 144.24
0 0 144.26
0 0 144.29
0 0 144.33
0 0 144.36
0 0 144.4
0 0 144.45
0 0 144.48
0 0 144.5
0 0 144.53
0 0 144.56
0 0 144.59
0 0 144.63
0 0 144.66
0 0 144.69
0 0 144.73
0 0 144.76
0 0 144.79
0 0 144.83
0 0 144.86
0 0 144.89
0 0 144.93
0 0 144.96
0 0 144.99
0 0 145.03
0 0 145.06
0 0 145.09
0 0 145.13
0 0 145.16
0 0 145.19
0 0 145.23
0 0 145.26
0 0 145.29
0 0 145.33
0 0 145.36
0 0 145.39
0 0 145.43
0 0 145.46
0 0 145.5
0 0 145.53
0 0 145.56
0 0 145.59
0 0 145.63
0 0 145.66
0 0 145.69
0 0 145.73
0 0 145.76
0 0 145.79
0 0 145.83
0 0 145.86
0 0 145.89
0 0 145.93
0 0 145.96
0 0 146.0
0 0 146.03
0 0 146.06
0 0 146.09
0 0 146.13
0 0 146.16
0 0 146.19
0 0 146.23
0 0 146.26
0 0 146.29
0 0 146.33
0 0 146.36
0 0 146.39
0 0 146.43
0 0 146.46
0 0 146.5
0 0 146.53
0 0 146.56
0 0 146.59
0 0 146.63
0 0 146.66
0 0 146.69
0 0 146.73
0 0 146.76
0 0 146.79
0 0 146.83
0 0 146.86
0 0 146.89
0 0 146.93
0 0 146.96
0 0 146.99
0 0 147.03
0 0 147.06
0 0 147.09
0 0 147.13
0 0 147.16
0 0 147.2
0 0 147.24
0 0 147.29
0 0 147.3
0 0 147.33
0 0 147.36
0 0 147.39
0 0 147.43
0 0 147.46
0 0 147.49
0 0 147.53
0 0 147.56
0 0 147.6
0 0 147.63
0 0 147.66
0 0 147.69
0 0 147.73
0 0 147.76
0 0 147.79
0 0 147.83
0 0 147.86
0 0 147.89
0 0 147.93
0 0 147.96
0 0 147.99
0 0 148.03
0 0 148.06
0 0 148.09
0 0 148.13
0 0 148.16
0 0 148.19
0 0 148.23
0 0 148.26
0 0 148.29
0 0 148.33
0 0 148.36
0 0 148.39
0 0 148.43
0 0 148.46
0 0 148.49
0 0 148.53
0 0 148.56
0 0 148.59
0 0 148.63
0 0 148.66
0 0 148.69
0 0 148.73
0 0 148.76
0 0 148.79
0 0 148.83
0 0 148.86
0 0 148.89
0 0 148.93
0 0 148.96
0 0 148.99
0 0 149.03
0 0 149.06
0 0 149.09
0 0 149.13
0 0 149.16
0 0 149.2
0 0 149.23
0 0 149.26
0 0 149.29
0 0 149.33
0 0 149.36
0 0 149.39
0 0 149.43
0 0 149.46
0 0 149.49
0 0 149.53
0 0 149.56
0 0 149.59
0 0 149.63
0 0 149.66
0 0 149.69
0 0 149.73
0 0 149.76
0 0 149.79
0 0 149.83
0 0 149.86
0 0 149.89
0 0 149.93
0 0 149.96
0 0 150.03
0 0 150.04
0 0 150.06
0 0 150.09
0 0 150.13
0 0 150.16
0 0 150.19
0 0 150.23
0 0 150.26
0 0 150.29
0 0 150.33
0 0 150.36
0 0 150.39
0 0 150.43
0 0 150.46
0 0 150.49
0 0 150.53
0 0 150.56
0 0 150.59
0 0 150.63
0 0 150.66
0 0 150.69
0 0 150.73
0 0 150.76
0 0 150.8
0 0 150.83
0 0 150.86
0 0 150.89
0 0 150.93
0 0 150.96
0 0 151.0
0 0 151.03
0 0 151.06
0 0 151.09
0 0 151.13
0 0 151.16
0 0 151.19
0 0 151.27
0 0 151.29
0 0 151.31
0 0 151.33
0 0 151.36
0 0 151.39
0 0 151.43
0 0 151.46
0 0 151.49
0 0 151.53
0 0 151.56
0 0 151.59
0 0 151.63
0 0 151.66
0 0 151.69
0 0 151.73
0 0 151.76
0 0 151.79
0 0 151.83
0 0 151.86
0 0 151.89
0 0 151.93
0 0 151.96
0 0 151.99
0 0 152.03
0 0 152.06
0 0 152.09
0 0 152.13
0 0 152.16
0 0 152.19
0 0 152.23
0 0 152.26
0 0 152.29
0 0 152.33
0 0 152.36
0 0 152.39
0 0 152.43
0 0 152.46
0 0 152.5
0 0 152.53
0 0 152.56
0 0 152.59
0 0 152.63
0 0 152.66
0 0 152.69
0 0 152.73
0 0 152.76
0 0 152.79
0 0 152.83
0 0 152.87
0 0 152.9
0 0 152.93
0 0 152.96
0 0 152.99
0 0 153.02
0 0 153.06
0 0 153.09
0 0 153.13
0 0 153.16
0 0 153.19
0 0 153.23
0 0 153.26
0 0 153.29
0 0 153.33
0 0 153.36
0 0 153.39
0 0 153.43
0 0 153.46
0 0 153.49
0 0 153.53
0 0 153.56
0 0 153.59
0 0 153.62
0 0 153.66
0 0 153.69
0 0 153.73
0 0 153.76
0 0 153.79
0 0 153.83
0 0 153.86
0 0 153.89
0 0 153.93
0 0 153.96
0 0 154.0
0 0 154.03
0 0 154.06
0.496 0.189 154.12
0.486 0.018 154.13
0.471 0.02 154.16
0.459 0.017 154.2
0 0 154.23
0 0 154.26
0 0 154.29
0.405 0.07 154.33
0.391 0.018 154.36
0.378 0.017 154.39
0.366 0.018 154.43
0.356 0.015 154.46
0.349 0.013 154.5
0.342 0.012 154.53
0.335 0.013 154.56
0 0 154.59
0.325 0.017 154.63
0.321 0.007 154.66
0.319 0.006 154.7
0.317 0.005 154.73
0.316 0.003 154.76
0.315 0.005 154.8
0.312 0.007 154.83
0.308 0.006 154.87
0.302 0.009 154.9
0.299 0.015 154.93
0.293 0.011 154.97
0.288 0.009 155.0
0.285 0.012 155.03
0.284 0.007 155.07
0.287 0.016 155.1
0 0 155.13
0.29 0.007 155.17
0 0 155.19
0 0 155.23
0.298 0.007 155.26
0.299 0.005 155.3
0.302 0.007 155.33
0 0 155.36
0.3 0.009 155.4
0.299 0.002 155.43
0.297 0.003 155.46
0.295 0.004 155.5
0.295 0.008 155.53
0.291 0.011 155.57
0.291 0.001 155.6
0.292 0.003 155.63
0 0 155.66
0 0 155.69
0.297 0.01 155.73
0.297 0.008 155.76
0 0 155.79
0 0 155.83
0.304 0.007 155.86
0 0 155.9
0.306 0.004 155.93
0.305 0.001 155.97
0.302 0.009 156.0
0.302 0.003 156.04
0.303 0.001 156.07
0.304 0.001 156.1
0.306 0.003 156.13
0.311 0.008 156.16
0.312 0.004 156.21
0.313 0.002 156.24
0.314 0.005 156.27
0.315 0.004 156.3
0.315 0.004 156.33
0.317 0.005 156.37
0 0 156.4
0.315 0.001 156.45
0.313 0.003 156.48
0 0 156.5
0.309 0.005 156.54
0.306 0.003 156.57
0 0 156.6
0.302 0.009 156.63
0.302 0.001 156.67
0 0 156.72
0 0 156.74
0 0 156.77
0.301 0.009 156.8
0 0 156.83
0.304 0.015 156.87
0.304 0.002 156.9
0.305 0.002 156.95
0.306 0.002 156.98
0.304 0.005 157.0
0 0 157.03
0.304 0.006 157.06
0 0 157.09
0.302 0.004 157.13
0.3 0.005 157.17
0.296 0.007 157.21
0.291 0.011 157.23
0.288 0.004 157.26
0.283 0.01 157.3
0.28 0.004 157.33
0.278 0.002 157.36
0.28 0.006 157.4
0.28 0.01 157.43
0 0 157.46
0.287 0.009 157.5
0 0 157.53
0.286 0.001 157.56
0.287 0.004 157.6
0 0 157.63
0 0 157.66
0.284 0.006 157.7
0 0 157.73
0.283 0.002 157.76
0.284 0.002 157.79
0.283 0.012 157.83
0.285 0.005 157.86
0.285 0.003 157.9
0.286 0.002 157.93
0 0 157.96
0.284 0.01 158.0
0 0 158.03
0 0 158.06
0 0 158.09
0.273 0.016 158.13
0.274 0.006 158.16
0.271 0.008 158.2
0.271 0.011 158.23
0 0 158.26
0.276 0.026 158.3
0.278 0.014 158.33
0.286 0.017 158.36
0 0 158.39
0.304 0.036 158.43
0.316 0.019 158.46
0.332 0.021 158.5
0.345 0.023 158.53
0.364 0.024 158.56
0.386 0.026 158.59
0.404 0.026 158.63
0.427 0.025 158.66
0.452 0.027 158.71
0.469 0.024 158.73
0.497 0.029 158.76
0.522 0.027 158.8
0 0 158.83
0.569 0.054 158.88
0.598 0.031 158.91
0.62 0.023 158.94
0 0 158.97
0 0 158.99
0 0 159.03
0 0 159.06
0 0 159.09
0 0 159.13
0 0 159.17
0 0 159.2
0 0 159.23
0 0 159.26
0 0 159.29
0 0 159.33
0 0 159.36
0 0 159.39
0 0 159.43
0 0 159.46
0.674 0.096 159.5
0.665 0.006 159.53
0 0 159.56
0 0 159.59
0 0 159.63
0 0 159.66
0.636 0.029 159.7
0.627 0.004 159.73
0 0 159.76
0.623 0.005 159.79
0.624 0.002 159.83
0.615 0.004 159.86
0 0 159.89
0.616 0.007 159.93
0 0 159.96
0 0 159.99
0.619 0.011 160.03
0.609 0.004 160.06
0.611 0.004 160.1
0.606 0.006 160.13
0 0 160.16
0.602 0.006 160.19
0.599 0.004 160.25
0.59 0.002 160.28
0.592 0.006 160.29
0.591 0.002 160.33
0.591 0.001 160.36
0.585 0.001 160.39
0.583 0.002 160.43
0.582 0.002 160.46
0 0 160.49
0.578 0.004 160.53
0.578 0.003 160.56
0.564 0.002 160.6
0.563 0.003 160.64
0.561 0.004 160.67
0 0 160.7
0.553 0.003 160.74
0.549 0.005 160.77
0.547 0.002 160.79
0.539 0.002 160.83
0.535 0.004 160.86
0.533 0.002 160.9
0.522 0.006 160.93
0.523 0.002 160.96
0.522 0.002 161.0
0.524 0.004 161.03
0.515 0.004 161.06
0 0 161.09
0.519 0.008 161.13
0 0 161.16
0.512 0.004 161.19
0.508 0.004 161.23
0.502 0.004 161.26
0.493 0.013 161.29
0.489 0.005 161.33
0.481 0.003 161.37
0.482 0.001 161.4
0.484 0.004 161.43
0.484 0.001 161.48
0 0 161.49
0.481 0.003 161.53
0.487 0.007 161.56
0.48 0.005 161.59
0.482 0.002 161.63
0.481 0.002 161.66
0.477 0.002 161.69
0.476 0.002 161.73
0.477 0.002 161.76
0.471 0.004 161.79
0.473 0.003 161.83
0.472 0.003 161.86
0 0 161.89
0.465 0.005 161.93
0.464 0.002 161.96
0.462 0.002 162.0
0.456 0.002 162.03
0.456 0.002 162.06
0 0 162.09
0.453 0.007 162.13
0 0 162.16
0.443 0.012 162.2
0.438 0.005 162.23
0.434 0.005 162.26
0.431 0.003 162.29
0.427 0.004 162.33
0.424 0.004 162.36
0.422 0.003 162.39
0.417 0.005 162.43
0.413 0.003 162.46
0 0 162.49
0.413 0.007 162.53
0.416 0.004 162.56
0.414 0.003 162.6
0.415 0.003 162.63
0.419 0.004 162.66
0 0 162.69
0.423 0.007 162.73
0.422 0.007 162.76
0.422 0.003 162.79
0 0 162.83
0.422 0.002 162.86
0 0 162.89
0.422 0.003 162.93
0.426 0.004 162.96
0.426 0.001 163.0
0 0 163.02
0.428 0.004 163.06
0.431 0.005 163.1
0.428 0.004 163.13
0.428 0.001 163.16
0.43 0.003 163.2
0.429 0.002 163.23
0.429 0.001 163.26
0.429 0.001 163.3
0.43 0.002 163.34
0.431 0.002 163.37
0.431 0.0 163.39
0.431 0.001 163.43
0.433 0.004 163.46
0.432 0.002 163.49
0.433 0.002 163.52
0 0 163.56
0.431 0.002 163.59
0.431 0.0 163.63
0.43 0.001 163.66
0.43 0.001 163.69
0.43 0.001 163.73
0.43 0.001 163.77
0.43 0.0 163.79
0.429 0.003 163.83
0.431 0.003 163.86
0.431 0.001 163.89
0.433 0.002 163.93
0.434 0.001 163.96
0.435 0.001 163.99
0.436 0.002 164.03
0.438 0.002 164.06
0.435 0.004 164.09
0.436 0.001 164.13
0.435 0.001 164.16
0.436 0.001 164.19
0.434 0.003 164.25
0.436 0.002 164.27
0.436 0.002 164.3
0.437 0.001 164.33
0.437 0.0 164.36
0.438 0.001 164.4
0.439 0.002 164.43
0.441 0.002 164.46
0.442 0.001 164.49
0.44 0.002 164.53
0.441 0.002 164.56
0.443 0.001 164.59
0.442 0.001 164.63
0.443 0.002 164.66
0.444 0.001 164.7
0.445 0.002 164.73
0.447 0.004 164.76
0.447 0.003 164.79
0 0 164.83
0.444 0.003 164.86
0.445 0.002 164.89
0.445 0.002 164.93
0.443 0.002 164.96
0.442 0.001 165.0
0 0 165.02
0.445 0.0 165.06
0.446 0.002 165.1
0.446 0.003 165.13
0.447 0.001 165.16
0.446 0.0 165.19
0.445 0.004 165.23
0.448 0.004 165.26
0.446 0.002 165.29
0.447 0.0 165.33
0.448 0.0 165.36
0.448 0.001 165.39
0.448 0.001 165.43
0.451 0.001 165.46
0.452 0.002 165.49
0.45 0.003 165.53
0.455 0.003 165.56
0.453 0.004 165.59
0.454 0.002 165.63
0.455 0.002 165.66
0.459 0.003 165.69
0.456 0.005 165.73
0.457 0.001 165.76
0.463 0.005 165.79
0.459 0.005 165.83
0.46 0.001 165.86
0.464 0.002 165.9
0.46 0.006 165.93
0.462 0.003 165.96
0.463 0.002 166.0
0.466 0.004 166.02
0.465 0.0 166.06
0 0 166.09
0.467 0.002 166.13
0.464 0.004 166.16
0.465 0.001 166.21
0.473 0.001 166.24
0.474 0.001 166.26
0 0 166.29
0.476 0.003 166.35
0.476 0.001 166.38
0.478 0.002 166.39
0.483 0.002 166.43
0.482 0.002 166.46
0.483 0.001 166.5
0.484 0.001 166.53
0.487 0.001 166.56
0.488 0.002 166.59
0.486 0.002 166.63
0 0 166.66
0.489 0.003 166.69
0.49 0.003 166.72
0.492 0.003 166.76
0.493 0.003 166.79
0.491 0.002 166.83
0.492 0.002 166.86
0.496 0.001 166.89
0.495 0.001 166.93
0.497 0.004 166.96
0.499 0.003 166.99
0.498 0.001 167.03
0.497 0.001 167.06
0.501 0.001 167.09
0.5 0.002 167.13
0.499 0.001 167.16
0.503 0.001 167.19
0.502 0.001 167.24
0.503 0.004 167.27
0.506 0.001 167.3
0.506 0.001 167.33
0.505 0.002 167.36
0.509 0.007 167.39
0.516 0.002 167.43
0.517 0.004 167.46
0 0 167.49
0.523 0.007 167.53
0 0 167.56
0.521 0.004 167.59
0.522 0.001 167.63
0.527 0.002 167.66
0.529 0.003 167.69
0.531 0.003 167.72
0.534 0.0 167.76
0.535 0.001 167.79
0.534 0.002 167.83
0.537 0.0 167.86
0.536 0.002 167.89
0.536 0.002 167.92
0.536 0.003 167.96
0.536 0.003 167.99
0 0 168.02
0.529 0.009 168.06
0.532 0.001 168.09
0.529 0.004 168.13
0.53 0.003 168.16
0.524 0.012 168.2
0.522 0.004 168.23
0.513 0.011 168.26
0.504 0.012 168.29
0.489 0.016 168.33
0.474 0.015 168.36
0.461 0.013 168.39
0.444 0.021 168.42
0.427 0.019 168.46
0 0 168.5
0.397 0.033 168.54
0.378 0.019 168.56
0.366 0.015 168.59
0.355 0.015 168.62
0.341 0.015 168.66
0.329 0.013 168.72
0.319 0.012 168.75
0.31 0.01 168.77
0.302 0.009 168.8
0.301 0.005 168.83
0.298 0.003 168.86
0.299 0.002 168.89
0.303 0.003 168.92
0.309 0.005 168.96
0.316 0.007 168.99
0.323 0.007 169.03
0.331 0.008 169.08
0.339 0.008 169.09
0.344 0.007 169.12
0.352 0.008 169.16
0.361 0.009 169.19
0.367 0.008 169.23
0.376 0.009 169.26
0.385 0.009 169.29
0.392 0.008 169.33
0.399 0.007 169.36
0.403 0.005 169.4
0.4 0.005 169.43
0.396 0.004 169.46
0.39 0.007 169.49
0.38 0.01 169.52
0.37 0.011 169.56
0.358 0.013 169.6
0.347 0.013 169.63
0.334 0.014 169.69
0.321 0.014 169.7
0.31 0.013 169.73
0.298 0.014 169.76
0.29 0.012 169.79
0.282 0.011 169.83
0.275 0.01 169.86
0.268 0.009 169.89
0.262 0.008 169.93
0.258 0.008 169.96
0.254 0.007 169.99
0.25 0.007 170.02
0.247 0.006 170.06
0.245 0.005 170.09
0.243 0.005 170.12
0.239 0.005 170.16
0.237 0.004 170.19
0.233 0.005 170.23
0.229 0.005 170.26
0.226 0.006 170.29
0.221 0.006 170.33
0.217 0.007 170.36
0.215 0.007 170.39
0.211 0.007 170.43
0.208 0.006 170.46
0.205 0.006 170.49
0.204 0.006 170.52
0.202 0.006 170.56
0.2 0.005 170.59
0.2 0.005 170.63
0.199 0.006 170.67
0.2 0.005 170.7
0.202 0.005 170.72
0.203 0.005 170.76
0.204 0.004 170.79
0.208 0.004 170.83
0.21 0.003 170.86
0.214 0.009 170.89
0.215 0.004 170.93
0.217 0.004 170.96
0.22 0.006 170.99
0 0 171.02
0.22 0.005 171.06
0.22 0.007 171.09
0 0 171.12
0.221 0.006 171.16
0 0 171.19
0.221 0.007 171.23
0.22 0.003 171.26
0 0 171.29
0.22 0.004 171.33
0.223 0.009 171.36
0.224 0.001 171.39
0 0 171.42
0 0 171.46
0.23 0.006 171.5
0.23 0.001 171.53
0.226 0.014 171.56
0.227 0.002 171.59
0 0 171.62
0.228 0.009 171.66
0 0 171.69
0 0 171.72
0 0 171.76
0 0 171.79
0 0 171.83
0 0 171.86
0 0 171.89
0 0 171.92
0 0 171.96
0 0 171.99
0.236 0.003 172.03
0 0 172.06
0 0 172.09
0 0 172.12
0 0 172.16
0 0 172.19
0 0 172.22
0 0 172.26
0 0 172.29
0 0 172.32
0 0 172.36
0 0 172.39
0 0 172.42
0 0 172.46
0 0 172.49
0 0 172.52
0 0 172.56
0 0 172.59
0 0 172.62
0 0 172.66
0 0 172.69
0 0 172.72
0 0 172.76
0 0 172.79
0 0 172.82
0 0 172.86
0 0 172.89
0.26 0.023 172.92
0.261 0.005 172.98
0 0 173.01
0.268 0.017 173.03
0.272 0.007 173.06
0.276 0.01 173.09
0 0 173.12
0.291 0.023 173.16
0.3 0.014 173.19
0.31 0.016 173.23
0.328 0.017 173.26
0.34 0.018 173.29
0.354 0.019 173.34
0.373 0.02 173.37
0.39 0.021 173.4
0.412 0.026 173.43
0.433 0.023 173.46
0.456 0.026 173.49
0.479 0.025 173.53
0.504 0.025 173.56
0.527 0.025 173.59
0.551 0.025 173.62
0.572 0.023 173.66
0.597 0.023 173.69
0.613 0.018 173.72
0.631 0.019 173.76
0 0 173.79
0 0 173.82
0 0 173.86
0 0 173.89
0 0 173.92
0 0 173.96
0 0 173.99
0 0 174.02
0 0 174.05
0 0 174.09
0 0 174.12
0 0 174.16
0 0 174.19
0 0 174.22
0 0 174.25
0.709 0.081 174.3
0.709 0.006 174.34
0.711 0.009 174.38
0 0 174.4
0.702 0.01 174.42
0.704 0.004 174.46
0 0 174.49
0.698 0.006 174.52
0 0 174.56
0.699 0.006 174.59
0.698 0.002 174.62
0.7 0.004 174.66
0.696 0.007 174.69
0.696 0.001 174.72
0.699 0.005 174.76
0.697 0.003 174.79
0.699 0.002 174.82
0.701 0.004 174.86
0.702 0.002 174.89
0.706 0.006 174.92
0.704 0.003 174.96
0.704 0.002 174.99
0.706 0.004 175.02
0 0 175.05
0 0 175.09
0.699 0.011 175.14
0.699 0.001 175.17
0.702 0.004 175.2
0.701 0.001 175.23
0.7 0.002 175.26
0.697 0.003 175.29
0.702 0.007 175.32
0.699 0.004 175.36
0.699 0.001 175.39
0.7 0.002 175.42
0.7 0.001 175.45
0.697 0.005 175.49
0.7 0.004 175.53
0.698 0.003 175.56
0.699 0.001 175.59
0.697 0.002 175.63
0.697 0.001 175.66
0.698 0.001 175.69
0.697 0.001 175.72
0 0 175.76
0 0 175.79
0 0 175.82
0.698 0.007 175.86
0 0 175.89
0.694 0.004 175.92
0.696 0.005 175.96
0.693 0.003 175.99
0 0 176.02
0.685 0.009 176.06
0.684 0.001 176.09
0.686 0.004 176.12
0.686 0.002 176.16
0.683 0.003 176.19
0 0 176.22
0.676 0.007 176.26
0 0 176.29
0 0 176.32
0 0 176.35
0.664 0.014 176.39
0.666 0.003 176.42
0.665 0.001 176.46
0.665 0.001 176.49
0.665 0.001 176.52
0.661 0.007 176.56
0.663 0.002 176.59
0.661 0.006 176.63
0.661 0.002 176.66
0.656 0.008 176.69
0.649 0.01 176.72
0 0 176.75
0.631 0.022 176.79
0.621 0.011 176.82
0 0 176.85
0.585 0.037 176.89
0.568 0.017 176.92
0.552 0.017 176.96
0.528 0.024 176.99
0.513 0.024 177.03
0.481 0.033 177.06
0.455 0.026 177.09
0.431 0.025 177.12
0.407 0.026 177.16
0.384 0.024 177.2
0.364 0.023 177.23
0.346 0.021 177.26
0.331 0.021 177.29
0.319 0.018 177.32
0.309 0.017 177.36
0.303 0.015 177.39
0.298 0.013 177.42
0.293 0.013 177.46
0.291 0.011 177.49
0.288 0.01 177.52
0.285 0.009 177.56
0.283 0.007 177.59
0 0 177.62
0 0 177.66
0.279 0.018 177.69
0 0 177.72
0.284 0.02 177.76
0 0 177.79
0.278 0.012 177.83
0.278 0.003 177.86
0 0 177.89
0.277 0.005 177.92
0 0 177.95
0.283 0.012 177.99
0 0 178.02
0 0 178.06
0.281 0.002 178.09
0 0 178.12
0 0 178.16
0 0 178.19
0.275 0.008 178.23
0 0 178.25
0.277 0.002 178.29
0 0 178.32
0.279 0.004 178.36
0 0 178.39
0 0 178.42
0.284 0.009 178.46
0.286 0.005 178.49
0 0 178.52
0.28 0.014 178.56
0.278 0.008 178.59
0.279 0.007 178.63
0.281 0.01 178.66
0.283 0.013 178.69
0.288 0.014 178.73
0.297 0.016 178.78
0.308 0.018 178.81
0.321 0.019 178.84
0.335 0.02 178.87
0.351 0.02 178.9
0.367 0.021 178.94
0.386 0.022 178.96
0.407 0.023 178.99
0.425 0.021 179.02
0.448 0.023 179.06
0.469 0.022 179.09
0.49 0.022 179.12
0.511 0.021 179.16
0.533 0.022 179.19
0.555 0.023 179.25
0.579 0.023 179.27
0.604 0.025 179.31
0.625 0.021 179.34
0.646 0.021 179.37
0.666 0.019 179.4
0.682 0.016 179.42
0.691 0.01 179.46
0.699 0.009 179.49
0.708 0.009 179.54
0 0 179.56
0.723 0.018 179.59
0.724 0.003 179.62
0 0 179.65
0.725 0.006 179.69
0 0 179.72
0.724 0.007 179.76
0 0 179.79
0.72 0.007 179.82
0.71 0.011 179.85
0.712 0.006 179.89
0.71 0.003 179.92
0.709 0.002 179.96
0.708 0.002 179.99
0.708 0.002 180.02
0.707 0.002 180.06
0.707 0.001 180.09
0.705 0.002 180.12
0.706 0.002 180.16
0.705 0.001 180.19
0.704 0.001 180.22
0.7 0.005 180.26
0.697 0.003 180.29
0.695 0.002 180.32
0.693 0.003 180.36
0.688 0.005 180.39
0.683 0.005 180.43
0.677 0.005 180.46
0.675 0.003 180.5
0.671 0.004 180.53
0.667 0.004 180.56
0.671 0.009 180.59
0.667 0.004 180.63
0.659 0.009 180.66
0.656 0.003 180.69
0 0 180.72
0.646 0.01 180.76
0.642 0.004 180.79
0.637 0.006 180.82
0.632 0.004 180.86
0 0 180.89
0.629 0.005 180.93
0 0 180.96
0 0 180.99
0.629 0.007 181.03
0.629 0.002 181.06
0.63 0.003 181.09
0.63 0.001 181.12
0.629 0.001 181.16
0.629 0.002 181.19
0.63 0.002 181.22
0.63 0.004 181.26
0.633 0.004 181.29
0.634 0.003 181.32
0.636 0.003 181.36
0.64 0.004 181.39
0.643 0.004 181.42
0.647 0.005 181.46
0.651 0.004 181.49
0.654 0.004 181.52
0.655 0.004 181.56
0.66 0.005 181.64
0.659 0.004 181.67
0.667 0.009 181.69
0.675 0.007 181.71
0.675 0.003 181.74
0.677 0.002 181.77
0 0 181.79
0 0 181.82
0 0 181.85
0.678 0.006 181.89
0.681 0.004 181.92
0.685 0.004 181.95
0 0 181.99
0.681 0.002 182.02
0.684 0.004 182.05
0.678 0.004 182.09
0 0 182.12
0.677 0.001 182.16
0.674 0.001 182.19
0 0 182.22
0.675 0.003 182.25
0.671 0.004 182.29
0.67 0.004 182.32
0.669 0.001 182.35
0.667 0.002 182.39
0.661 0.003 182.42
0.663 0.003 182.45
0.663 0.001 182.49
0.662 0.004 182.52
0.66 0.003 182.56
0 0 182.59
0.655 0.001 182.62
0 0 182.66
0.654 0.001 182.69
0.652 0.003 182.72
0.646 0.002 182.76
0.646 0.002 182.79
0.646 0.003 182.83
0.641 0.003 182.86
0.636 0.005 182.89
0.634 0.002 182.92
0.626 0.007 182.96
0.619 0.007 182.99
0.613 0.006 183.02
0.612 0.005 183.06
0.599 0.007 183.09
0 0 183.12
0.598 0.008 183.16
0.586 0.007 183.19
0.582 0.004 183.22
0.579 0.003 183.26
0.573 0.005 183.29
0.566 0.008 183.33
0.565 0.003 183.36
0.56 0.001 183.4
0.561 0.001 183.44
0.561 0.001 183.46
0.561 0.001 183.49
0.555 0.001 183.52
0.556 0.002 183.56
0.556 0.0 183.59
0.549 0.001 183.62
0.549 0.001 183.67
0.55 0.001 183.69
0.545 0.002 183.72
0.546 0.001 183.76
0.548 0.004 183.79
0.543 0.002 183.82
0.541 0.002 183.85
0.54 0.003 183.89
0.537 0.003 183.92
0.533 0.002 183.96
0.538 0.005 183.99
0.542 0.004 184.02
0.535 0.005 184.05
0.541 0.007 184.09
0.544 0.004 184.12
0.54 0.002 184.16
0.543 0.003 184.19
0.546 0.003 184.22
0.548 0.002 184.25
0.545 0.008 184.29
0.546 0.002 184.32
0.55 0.007 184.35
0.549 0.005 184.42
0.554 0.007 184.44
0.551 0.002 184.47
0.558 0.009 184.5
0 0 184.52
0 0 184.55
0.566 0.015 184.59
0 0 184.62
0.573 0.009 184.66
0.574 0.004 184.69
0.576 0.006 184.72
0 0 184.75
0.59 0.015 184.79
0.588 0.003 184.82
0.586 0.005 184.86
0 0 184.89
0 0 184.92
0 0 184.95
0 0 184.99
0 0 185.02
0 0 185.05
0 0 185.09
0 0 185.12
0 0 185.16
0.603 0.029 185.19
0 0 185.22
0.602 0.003 185.26
0 0 185.29
0 0 185.32
0 0 185.35
0.593 0.011 185.4
0.591 0.003 185.42
0.591 0.002 185.46
0.586 0.004 185.49
0.584 0.004 185.52
0.584 0.003 185.56
0.585 0.003 185.59
0 0 185.62
0.584 0.005 185.66
0.58 0.005 185.69
0.58 0.002 185.72
0.582 0.002 185.75
0.578 0.007 185.79
0.576 0.003 185.82
0 0 185.85
0.569 0.008 185.89
0.566 0.003 185.92
0.56 0.008 185.96
0.558 0.002 185.99
0.554 0.004 186.02
0.551 0.004 186.06
0.546 0.005 186.09
0.539 0.008 186.12
0.529 0.011 186.16
0.525 0.004 186.19
0.523 0.003 186.22
0 0 186.25
0.518 0.007 186.29
0.517 0.001 186.33
0.513 0.005 186.36
0.513 0.001 186.39
0.514 0.002 186.42
0.516 0.003 186.46
0.516 0.0 186.49
0.518 0.003 186.52
0.518 0.001 186.56
0.519 0.002 186.59
0.524 0.007 186.62
0.524 0.001 186.66
0.524 0.001 186.69
0.526 0.003 186.72
0.53 0.006 186.75
0.532 0.002 186.79
0.532 0.001 186.82
0.534 0.002 186.86
0.536 0.002 186.9
0.537 0.001 186.93
0.538 0.001 186.96
0.539 0.001 186.99
0.542 0.002 187.02
0.542 0.002 187.06
0.541 0.002 187.09
0.545 0.004 187.12
0.539 0.007 187.16
0.538 0.001 187.19
0.536 0.003 187.22
0.535 0.002 187.26
0.533 0.002 187.29
0.531 0.002 187.32
0.531 0.002 187.36
0.533 0.004 187.39
0.531 0.003 187.42
0.529 0.004 187.46
0.532 0.004 187.49
0.53 0.003 187.52
0.529 0.0 187.56
0.53 0.001 187.59
0.529 0.002 187.62
0.523 0.006 187.66
0.523 0.004 187.69
0.52 0.003 187.73
0.519 0.002 187.76
0 0 187.79
0.52 0.002 187.83
0.521 0.002 187.86
0.525 0.001 187.89
0.528 0.003 187.92
0.532 0.004 187.96
0.53 0.003 187.99
0.538 0.006 188.02
0.54 0.002 188.06
0.542 0.002 188.09
0.546 0.001 188.12
0 0 188.15
0 0 188.19
0.554 0.007 188.22
0.554 0.0 188.26
0.553 0.001 188.29
0.553 0.002 188.33
0.557 0.003 188.36
0.56 0.005 188.39
0.556 0.005 188.43
0.558 0.004 188.46
0 0 188.49
0 0 188.52
0.541 0.026 188.56
0 0 188.59
0.52 0.023 188.64
0.515 0.009 188.67
0.506 0.009 188.7
0.499 0.007 188.73
0.496 0.007 188.76
0.491 0.005 188.79
0.487 0.004 188.82
0.488 0.003 188.86
0.492 0.005 188.89
0.491 0.002 188.92
0.494 0.004 188.96
0.5 0.002 188.99
0 0 189.02
0.504 0.004 189.06
0 0 189.08
0.513 0.006 189.12
0.511 0.004 189.16
0.512 0.001 189.2
0.517 0.0 189.23
0.518 0.001 189.26
0.515 0.003 189.29
0 0 189.32
0 0 189.36
0 0 189.38
0 0 189.42
0.522 0.004 189.45
0.523 0.002 189.49
0 0 189.52
0.527 0.001 189.55
0 0 189.61
0.531 0.001 189.63
0.53 0.002 189.66
0.528 0.003 189.69
0.528 0.001 189.72
0 0 189.75
0.526 0.008 189.79
0.523 0.003 189.82
0.522 0.007 189.86
0.516 0.007 189.89
0.511 0.005 189.92
0 0 189.95
0.496 0.022 189.99
0 0 190.02
0.474 0.022 190.06
0 0 190.09
0.46 0.025 190.12
0.447 0.013 190.16
0.438 0.015 190.19
0.424 0.015 190.22
0.409 0.017 190.25
0.39 0.021 190.29
0.381 0.018 190.32
0.365 0.019 190.35
0 0 190.39
0.337 0.04 190.42
0.322 0.02 190.45
0.306 0.02 190.49
0.299 0.018 190.52
0.285 0.018 190.56
0.274 0.016 190.59
0.268 0.015 190.62
0.261 0.014 190.65
0.256 0.012 190.69
0.253 0.012 190.72
0.257 0.009 190.75
0.257 0.008 190.79
0.259 0.008 190.82
0 0 190.85
0.267 0.015 190.89
0.27 0.003 190.92
0.278 0.009 190.96
0.279 0.004 190.99
0.281 0.003 191.03
0.284 0.001 191.06
0.283 0.001 191.09
0.282 0.001 191.12
0.282 0.002 191.17
0.285 0.002 191.2
0.287 0.006 191.23
0.287 0.003 191.26
0.291 0.007 191.29
0.291 0.002 191.33
0.292 0.003 191.36
0.293 0.002 191.39
0.29 0.005 191.42
0 0 191.45
0.289 0.005 191.49
0.292 0.005 191.52
0.29 0.005 191.55
0.289 0.001 191.6
0.293 0.009 191.62
0.29 0.006 191.66
0 0 191.69
0 0 191.72
0 0 191.75
0.292 0.017 191.79
0 0 191.82
0 0 191.85
0 0 191.89
0 0 191.92
0 0 191.96
0 0 192.0
0 0 192.02
0 0 192.06
0 0 192.1
0 0 192.13
0 0 192.16
0 0 192.19
0 0 192.22
0 0 192.25
0 0 192.29
0.298 0.061 192.32
0.299 0.007 192.36
0.303 0.006 192.39
0.305 0.009 192.42
0.308 0.011 192.45
0.313 0.015 192.49
0.32 0.02 192.52
0.334 0.027 192.55
0.354 0.03 192.59
0.375 0.032 192.62
0.4 0.033 192.66
0.429 0.034 192.7
0.46 0.035 192.72
0.491 0.034 192.75
0.519 0.03 192.79
0.546 0.029 192.82
0.573 0.028 192.85
0.597 0.025 192.89
0.617 0.022 192.92
0.635 0.02 192.95
0.65 0.016 192.99
0.659 0.011 193.02
0.666 0.01 193.05
0.67 0.007 193.1
0.674 0.009 193.13
0.671 0.004 193.15
0.672 0.006 193.19
0.67 0.003 193.22
0.674 0.009 193.25
0 0 193.28
0 0 193.32
0.668 0.008 193.35
0.666 0.003 193.39
0 0 193.42
0 0 193.45
0 0 193.49
0 0 193.52
0.669 0.01 193.55
0.671 0.003 193.59
0.672 0.002 193.62
0.673 0.003 193.66
0.674 0.004 193.69
0.676 0.004 193.72
0.674 0.004 193.75
0.677 0.007 193.79
0.676 0.002 193.82
0.676 0.002 193.85
0.675 0.001 193.89
0.675 0.002 193.92
0.674 0.002 193.96
0.675 0.002 193.99
0.674 0.002 194.02
0.676 0.003 194.05
0.674 0.002 194.09
0.674 0.001 194.12
0.673 0.002 194.15
0.672 0.001 194.19
0.674 0.002 194.22
0.675 0.001 194.25
0.676 0.002 194.29
0.675 0.003 194.32
0.675 0.001 194.35
0.676 0.001 194.39
0.676 0.002 194.42
0.676 0.001 194.46
0.673 0.002 194.49
0.672 0.002 194.52
0.669 0.003 194.56
0.664 0.004 194.59
0.66 0.004 194.64
0.656 0.005 194.66
0.653 0.004 194.69
0.647 0.006 194.72
0.642 0.005 194.75
0.643 0.005 194.79
0.641 0.003 194.82
0.638 0.003 194.85
0.637 0.001 194.89
0.637 0.002 194.92
0.636 0.003 194.95
0.635 0.001 194.99
0.639 0.005 195.02
0.636 0.007 195.06
0 0 195.08
0 0 195.12
0.642 0.009 195.16
0.643 0.005 195.19
0.644 0.005 195.22
0.648 0.004 195.25
0.653 0.006 195.29
0.657 0.005 195.34
0.655 0.008 195.37
0.658 0.004 195.4
0.655 0.008 195.43
0.657 0.002 195.46
0.655 0.007 195.49
0.656 0.001 195.53
0.654 0.004 195.56
0.654 0.002 195.59
0.654 0.001 195.62
0.654 0.002 195.66
0.65 0.007 195.69
0.651 0.002 195.72
0.653 0.004 195.79
0.653 0.002 195.8
0 0 195.82
0.654 0.002 195.85
0.655 0.002 195.89
0.655 0.0 195.92
0.657 0.003 195.95
0.657 0.001 195.99
0.657 0.001 196.02
0.657 0.001 196.05
0.659 0.003 196.09
0.659 0.0 196.13
0.66 0.002 196.15
0.658 0.002 196.19
0 0 196.22
0.658 0.001 196.26
0.659 0.001 196.29
0.66 0.002 196.32
0.66 0.0 196.35
0.661 0.001 196.39
0.66 0.002 196.42
0.66 0.0 196.45
0.661 0.001 196.49
0.661 0.001 196.52
0.661 0.001 196.55
0.661 0.0 196.59
0 0 196.62
0.661 0.001 196.65
0.661 0.0 196.69
0.662 0.002 196.72
0.663 0.001 196.75
0.662 0.001 196.79
0.661 0.001 196.82
0.662 0.001 196.85
0.662 0.001 196.89
0.662 0.002 196.92
0.664 0.003 196.95
0 0 196.99
0.663 0.002 197.02
0.663 0.001 197.05
0 0 197.08
0.663 0.001 197.12
0.664 0.002 197.15
0.666 0.003 197.19
0.663 0.005 197.22
0.664 0.002 197.25
0.664 0.0 197.29
0.663 0.001 197.32
0.664 0.002 197.35
0.664 0.0 197.39
0.663 0.002 197.43
0.662 0.001 197.46
0.663 0.002 197.49
0.662 0.002 197.52
0.663 0.002 197.55
0.663 0.001 197.59
0.662 0.0 197.62
0.663 0.001 197.66
0.662 0.002 197.69
0.662 0.0 197.73
0.663 0.002 197.76
0.664 0.001 197.79
0.663 0.001 197.82
0.663 0.0 197.86
0 0 197.91
0.664 0.001 197.93
0.662 0.002 197.96
0.662 0.0 197.99
0.663 0.002 198.02
0.661 0.004 198.06
0.662 0.002 198.09
0.663 0.001 198.12
0.663 0.0 198.16
0.662 0.002 198.19
0.661 0.001 198.22
0.661 0.001 198.25
0.658 0.004 198.29
0 0 198.32
0 0 198.35
0.65 0.011 198.39
0.644 0.008 198.42
0.641 0.004 198.45
0.636 0.006 198.49
0.628 0.012 198.52
0.624 0.004 198.55
0 0 198.58
0.613 0.013 198.62
0.607 0.006 198.66
0.597 0.012 198.69
0.592 0.005 198.72
0.586 0.005 198.76
0 0 198.79
0.572 0.015 198.82
0 0 198.85
0.551 0.021 198.89
0.539 0.013 198.92
0.533 0.01 198.95
0.52 0.014 198.99
0.509 0.011 199.02
0.497 0.013 199.05
0.482 0.015 199.09
0.468 0.016 199.12
0.453 0.017 199.16
0 0 199.18
0.421 0.038 199.22
0.405 0.021 199.25
0.389 0.021 199.29
0.373 0.021 199.32
0.36 0.02 199.35
0.348 0.019 199.39
0.339 0.018 199.42
0.33 0.016 199.45
0.323 0.014 199.49
0.317 0.013 199.52
0.313 0.012 199.55
0 0 199.58
0.305 0.022 199.62
0.304 0.011 199.65
0.302 0.009 199.69
0.302 0.007 199.72
0.305 0.006 199.75
0 0 199.78
0.312 0.008 199.82
0 0 199.85
0.321 0.01 199.89
0.324 0.004 199.95
0.326 0.003 199.98
0.325 0.004 200.01
0.325 0.002 200.03
0.325 0.002 200.06
0.322 0.003 200.09
0.32 0.003 200.12
0.318 0.005 200.16
0 0 200.18
0.317 0.003 200.22
0.317 0.002 200.26
0.315 0.004 200.29
0.314 0.004 200.32
0.314 0.002 200.35
0.314 0.005 200.39
0.315 0.002 200.42
0 0 200.45
0.317 0.003 200.49
0.315 0.005 200.52
0.315 0.007 200.55
0.316 0.006 200.59
0 0 200.62
0.314 0.005 200.66
0 0 200.68
0.318 0.004 200.72
0 0 200.75
0 0 200.79
0.318 0.004 200.82
0 0 200.85
0 0 200.89
0.312 0.006 200.92
0.311 0.002 200.95
0 0 200.99
0 0 201.02
0 0 201.05
0.305 0.012 201.09
0 0 201.12
0.307 0.006 201.15
0.305 0.008 201.19
0.307 0.009 201.22
0.308 0.009 201.26
0.309 0.009 201.29
0.315 0.011 201.33
0.32 0.012 201.36
0.328 0.015 201.39
0.339 0.016 201.42
0.354 0.019 201.45
0.368 0.021 201.53
0.388 0.024 201.55
0.408 0.025 201.57
0.429 0.027 201.6
0.451 0.027 201.63
0.479 0.03 201.66
0.506 0.029 201.69
0.531 0.029 201.72
0.559 0.029 201.75
0.587 0.029 201.79
0.611 0.029 201.82
0.637 0.027 201.85
0.654 0.02 201.89
0.665 0.019 201.92
0.678 0.015 201.95
0.687 0.011 201.99
0.69 0.007 202.02
0 0 202.05
0 0 202.08
0.689 0.004 202.12
0.685 0.006 202.15
0.676 0.01 202.18
0.672 0.009 202.25
0.659 0.011 202.27
0 0 202.28
0.64 0.023 202.32
0.628 0.01 202.35
0.62 0.01 202.39
0.619 0.009 202.42
0.614 0.007 202.45
0.607 0.005 202.49
0.602 0.006 202.52
0.601 0.003 202.55
0 0 202.58
0 0 202.62
0.591 0.006 202.66
0.586 0.001 202.69
0.582 0.004 202.72
0.583 0.003 202.75
0.582 0.001 202.78
0 0 202.82
0 0 202.85
0 0 202.88
0.571 0.01 202.92
0 0 202.95
0 0 202.98
0.564 0.004 203.02
0.564 0.002 203.05
0 0 203.08
0.563 0.007 203.12
0.551 0.002 203.15
0.552 0.002 203.18
0.551 0.004 203.22
0.544 0.003 203.25
0.544 0.002 203.28
0.546 0.002 203.32
0 0 203.35
0.54 0.005 203.39
0.542 0.003 203.42
0.536 0.004 203.45
0.537 0.003 203.49
0.536 0.008 203.52
0.532 0.004 203.55
0.532 0.007 203.59
0.534 0.004 203.62
0.537 0.003 203.67
0.53 0.002 203.69
0 0 203.72
0.53 0.0 203.75
0.525 0.006 203.78
0.523 0.003 203.82
0.522 0.002 203.85
0.516 0.004 203.88
0.518 0.008 203.92
0.513 0.006 203.95
0.512 0.003 203.99
0 0 204.02
0.501 0.004 204.05
0 0 204.08
0.492 0.004 204.12
0 0 204.15
0.488 0.004 204.18
0.482 0.005 204.22
0.484 0.007 204.25
0.478 0.007 204.28
0.464 0.004 204.32
0.464 0.002 204.35
0.463 0.002 204.38
0.461 0.003 204.42
0.457 0.006 204.45
0.456 0.001 204.49
0.459 0.006 204.52
0.45 0.002 204.55
0.452 0.005 204.58
0.451 0.001 204.62
0.445 0.004 204.65
0.446 0.003 204.69
0.445 0.002 204.72
0.445 0.003 204.75
0.439 0.004 204.78
0.438 0.002 204.82
0.437 0.002 204.85
0.433 0.004 204.89
0.433 0.0 204.92
0.433 0.0 204.95
0.427 0.001 204.99
0.428 0.001 205.02
0.426 0.003 205.05
0.42 0.001 205.08
0.421 0.002 205.12
0.421 0.002 205.15
0.421 0.001 205.18
0.419 0.005 205.22
0.418 0.002 205.25
0.418 0.001 205.29
0.413 0.002 205.32
0.413 0.001 205.35
0.412 0.002 205.38
0.408 0.003 205.42
0.404 0.004 205.48
0.405 0.001 205.5
0.403 0.004 205.53
0.4 0.007 205.55
0.4 0.004 205.58
0.401 0.004 205.62
0.392 0.003 205.65
0.393 0.001 205.71
0.393 0.004 205.74
0.391 0.005 205.77
0.39 0.002 205.8
0.39 0.001 205.83
0.384 0.002 205.86
0.381 0.004 205.89
0.38 0.002 205.93
0.374 0.003 205.96
0.373 0.002 205.99
0.371 0.002 206.02
0.371 0.002 206.06
0.369 0.003 206.09
0.367 0.002 206.12
0.366 0.002 206.16
0.363 0.0 206.19
0.366 0.004 206.22
0.364 0.004 206.25
0.361 0.002 206.29
0.362 0.003 206.33
0 0 206.35
0.368 0.007 206.39
0.367 0.003 206.42
0.37 0.003 206.46
0.371 0.003 206.49
0.372 0.003 206.52
0.373 0.003 206.55
0.374 0.002 206.59
0.372 0.005 206.62
0.376 0.004 206.65
0.381 0.006 206.68
0.381 0.006 206.72
0.383 0.004 206.75
0.388 0.005 206.79
0.389 0.005 206.82
0.392 0.006 206.85
0.394 0.004 206.89
0.396 0.003 206.92
0.398 0.004 206.95
0.399 0.003 206.99
0.402 0.004 207.03
0.4 0.003 207.06
0.401 0.002 207.09
0.4 0.002 207.12
0.402 0.003 207.15
0 0 207.18
0 0 207.21
0.402 0.006 207.25
0.401 0.002 207.29
0.399 0.002 207.32
0.4 0.003 207.35
0.399 0.001 207.38
0.399 0.001 207.42
0.399 0.002 207.45
0.397 0.003 207.49
0.396 0.001 207.52
0.393 0.005 207.55
0.395 0.003 207.59
0.394 0.002 207.62
0.395 0.001 207.65
0.395 0.002 207.68
0.396 0.001 207.72
0.397 0.002 207.75
0.401 0.004 207.79
0.402 0.002 207.82
0.402 0.002 207.85
0.402 0.0 207.88
0.405 0.005 207.92
0.404 0.003 207.95
0.405 0.002 207.99
0.405 0.001 208.02
0.407 0.003 208.05
0.408 0.001 208.08
0.41 0.003 208.12
0.408 0.004 208.15
0.409 0.0 208.18
0.411 0.003 208.22
0.412 0.001 208.25
0.413 0.001 208.29
0.418 0.006 208.32
0.415 0.004 208.35
0.416 0.001 208.39
0.417 0.001 208.42
0.419 0.003 208.45
0.417 0.004 208.49
0 0 208.52
0.418 0.001 208.55
0.42 0.003 208.58
0.416 0.005 208.62
0 0 208.65
0 0 208.7
0 0 208.72
0 0 208.75
0.418 0.001 208.79
0.418 0.0 208.82
0.422 0.001 208.85
0.422 0.001 208.88
0.423 0.001 208.92
0.426 0.001 208.95
0.424 0.004 208.99
0 0 209.02
0.423 0.001 209.05
0.426 0.002 209.08
0.428 0.002 209.12
0.43 0.003 209.15
0.431 0.002 209.21
0 0 209.24
0.432 0.002 209.26
0.436 0.002 209.29
0.437 0.003 209.32
0.439 0.003 209.35
0.438 0.007 209.39
0.444 0.009 209.42
0.439 0.009 209.45
0.439 0.001 209.48
0.447 0.006 209.52
0.45 0.004 209.55
0 0 209.58
0 0 209.61
0.455 0.002 209.65
0.455 0.002 209.68
0.456 0.003 209.72
0.456 0.004 209.75
0.448 0.01 209.78
0.454 0.012 209.82
0.446 0.016 209.85
0.443 0.004 209.89
0.445 0.005 209.92
0.445 0.006 209.95
0.443 0.004 209.99
0.446 0.005 210.02
0.454 0.005 210.05
0.46 0.009 210.08
0.46 0.007 210.12
0.469 0.007 210.15
0.475 0.008 210.18
0.479 0.007 210.22
0.483 0.008 210.25
0 0 210.28
0.496 0.014 210.32
0 0 210.35
0 0 210.38
0 0 210.41
0 0 210.45
0 0 210.48
0 0 210.51
0 0 210.55
0 0 210.58
0 0 210.61
0.529 0.021 210.65
0.528 0.003 210.68
0 0 210.72
0.531 0.007 210.75
0.529 0.003 210.78
0 0 210.82
0.533 0.005 210.85
0.527 0.007 210.9
0 0 210.93
0.531 0.002 210.95
0.535 0.005 210.99
0.534 0.008 211.02
0.536 0.002 211.05
0 0 211.09
0.533 0.007 211.13
0 0 211.16
0.531 0.011 211.19
0 0 211.22
0 0 211.25
0 0 211.29
0 0 211.32
0 0 211.35
0 0 211.38
0 0 211.41
0 0 211.45
0 0 211.48
0.52 0.039 211.52
0.515 0.007 211.55
0.517 0.005 211.58
0.517 0.004 211.62
0 0 211.65
0.52 0.003 211.69
0 0 211.71
0.518 0.002 211.75
0.523 0.002 211.79
0.523 0.001 211.82
0 0 211.85
0.524 0.002 211.88
0.527 0.001 211.92
0.544 0.024 211.95
0.53 0.02 211.99
0.532 0.001 212.02
0.534 0.003 212.05
0.533 0.002 212.08
0.534 0.002 212.12
0.534 0.002 212.15
0.532 0.004 212.18
0.532 0.002 212.23
0.53 0.003 212.25
0.53 0.002 212.28
0.527 0.004 212.32
0.525 0.004 212.35
0.521 0.004 212.38
0.517 0.004 212.42
0.514 0.004 212.45
0.505 0.011 212.49
0.498 0.007 212.52
0.492 0.009 212.55
0.486 0.007 212.58
0.475 0.012 212.61
0.465 0.01 212.65
0.458 0.009 212.68
0.448 0.01 212.72
0.441 0.007 212.75
0.432 0.01 212.78
0.424 0.009 212.82
0.417 0.007 212.85
0.412 0.006 212.88
0.408 0.005 212.92
0.406 0.003 212.95
0.403 0.004 212.98
0.404 0.002 213.02
0.404 0.003 213.05
0.408 0.004 213.1
0.411 0.004 213.12
0.415 0.004 213.15
0.42 0.005 213.19
0.423 0.003 213.22
0.427 0.004 213.25
0.432 0.005 213.29
0.435 0.003 213.32
0.438 0.004 213.35
0.439 0.002 213.38
0.444 0.005 213.43
0.445 0.002 213.45
0.449 0.006 213.49
0.449 0.002 213.52
0.451 0.002 213.55
0.452 0.001 213.58
0.455 0.003 213.62
0.454 0.002 213.65
0.454 0.001 213.68
0.455 0.001 213.72
0.456 0.002 213.75
0.451 0.007 213.78
0.453 0.003 213.82
0.454 0.001 213.85
0.451 0.004 213.88
0.451 0.001 213.92
0.449 0.003 213.95
0.449 0.002 213.98
0.45 0.001 214.02
0.451 0.002 214.05
0.451 0.001 214.08
0.45 0.005 214.12
0.453 0.004 214.17
0.453 0.001 214.19
0.455 0.001 214.22
0.459 0.006 214.26
0.459 0.002 214.29
0.46 0.001 214.32
0.462 0.001 214.35
0.462 0.0 214.38
0.463 0.001 214.42
0.466 0.002 214.45
0.464 0.004 214.49
0.465 0.003 214.52
0.464 0.003 214.55
0.467 0.001 214.58
0.466 0.001 214.61
0.465 0.002 214.65
0.47 0.005 214.68
0.473 0.006 214.72
0.467 0.01 214.75
0.466 0.004 214.78
0.466 0.002 214.82
0.466 0.001 214.85
0.466 0.004 214.88
0.465 0.002 214.91
0.465 0.003 214.95
0.465 0.003 214.98
0.465 0.005 215.02
0.465 0.002 215.05
0.462 0.004 215.08
0.465 0.001 215.12
0.464 0.002 215.15
0.462 0.003 215.18
0.457 0.011 215.22
0.449 0.008 215.25
0.442 0.009 215.28
0.429 0.014 215.33
0.416 0.017 215.35
0.4 0.016 215.38
0.382 0.018 215.42
0.368 0.019 215.45
0.352 0.017 215.49
0.334 0.02 215.52
0.323 0.019 215.55
0.313 0.018 215.58
0.297 0.024 215.62
0.296 0.02 215.66
0.282 0.024 215.69
0.279 0.021 215.72
0.274 0.023 215.75
0.269 0.014 215.78
0.263 0.013 215.82
0.258 0.012 215.85
0.258 0.011 215.88
0.256 0.01 215.92
0.256 0.01 215.95
0.261 0.01 215.98
0 0 216.01
0.262 0.013 216.05
0 0 216.08
0.27 0.013 216.12
0.27 0.002 216.15
0.273 0.008 216.18
0.275 0.003 216.22
0.28 0.013 216.25
0.278 0.008 216.28
0.285 0.01 216.32
0 0 216.35
0.284 0.003 216.39
0 0 216.41
0.286 0.003 216.45
0.287 0.004 216.49
0.289 0.001 216.52
0.286 0.004 216.55
0 0 216.58
0 0 216.61
0.281 0.008 216.65
0.28 0.003 216.68
0 0 216.72
0.28 0.003 216.75
0.277 0.01 216.78
0.281 0.009 216.82
0.282 0.015 216.85
0.282 0.012 216.88
0.284 0.012 216.92
0 0 216.95
0.297 0.03 216.98
0.304 0.017 217.02
0.315 0.02 217.06
0.333 0.021 217.09
0.349 0.023 217.13
0.366 0.025 217.16
0.391 0.026 217.19
0.412 0.026 217.22
0.438 0.029 217.25
0.471 0.032 217.28
0.5 0.031 217.32
0.528 0.029 217.35
0.551 0.026 217.38
0.573 0.022 217.42
0.589 0.019 217.45
0.603 0.017 217.48
0.622 0.019 217.52
0 0 217.55
0 0 217.58
0 0 217.61
0 0 217.65
0 0 217.68
0 0 217.71
0 0 217.75
0 0 217.78
0 0 217.81
0 0 217.85
0 0 217.88
0 0 217.91
0 0 217.95
0 0 217.98
0 0 218.01
0 0 218.05
0 0 218.08
0.701 0.079 218.12
0.699 0.003 218.17
0.702 0.004 218.2
0.701 0.002 218.24
0.699 0.006 218.27
0 0 218.3
0.699 0.005 218.32
0.696 0.005 218.35
0.699 0.003 218.38
0.697 0.002 218.42
0.697 0.002 218.45
0.698 0.001 218.48
0.698 0.004 218.52
0.7 0.004 218.55
0.706 0.007 218.58
0.708 0.004 218.62
0.707 0.002 218.65
0.704 0.004 218.69
0.701 0.003 218.72
0.697 0.005 218.77
0.697 0.002 218.8
0.696 0.001 218.83
0 0 218.85
0.697 0.002 218.88
0.697 0.001 218.93
0.698 0.001 218.95
0.696 0.002 218.98
0.698 0.002 219.01
0.701 0.004 219.06
0.7 0.002 219.09
0.701 0.002 219.12
0.701 0.001 219.15
0.704 0.006 219.19
0.706 0.002 219.22
0.706 0.001 219.25
0 0 219.28
0.709 0.007 219.32
0.709 0.003 219.35
0 0 219.38
0.701 0.008 219.41
0.7 0.003 219.45
0.698 0.002 219.49
0 0 219.51
0 0 219.55
0 0 219.59
0.695 0.004 219.62
0.693 0.003 219.65
0.693 0.001 219.69
0.693 0.001 219.72
0.691 0.003 219.75
0.695 0.005 219.78
0.693 0.003 219.82
0.693 0.001 219.85
0.691 0.002 219.88
0.686 0.005 219.92
0.68 0.007 219.95
0.676 0.005 219.98
0.672 0.005 220.02
0.666 0.006 220.05
0.664 0.003 220.08
0.665 0.002 220.12
0.663 0.002 220.15
0.664 0.003 220.18
0.66 0.007 220.22
0.658 0.004 220.25
0.662 0.004 220.28
0.661 0.007 220.32
0 0 220.35
0.661 0.007 220.38
0.655 0.008 220.42
0.644 0.013 220.45
0.637 0.009 220.49
0.625 0.012 220.52
0 0 220.55
0.596 0.03 220.59
0.581 0.015 220.62
0.562 0.018 220.65
0.545 0.017 220.68
0.53 0.017 220.72
0.509 0.021 220.76
0.489 0.021 220.79
0.468 0.021 220.82
0.448 0.021 220.86
0.428 0.021 220.89
0.41 0.02 220.92
0.392 0.019 220.95
0.378 0.017 220.99
0.366 0.015 221.02
0.355 0.014 221.05
0.346 0.013 221.08
0.336 0.014 221.11
0.331 0.013 221.15
0.324 0.012 221.18
0.318 0.011 221.22
0.312 0.011 221.25
0.305 0.01 221.28
0.296 0.014 221.33
0.29 0.008 221.36
0.286 0.008 221.39
0.283 0.007 221.42
0.282 0.007 221.45
0.28 0.005 221.48
0.28 0.005 221.52
0.281 0.004 221.55
0.283 0.005 221.58
0.284 0.004 221.62
0.287 0.005 221.65
0.288 0.002 221.68
0.287 0.001 221.72
0.286 0.001 221.75
0.288 0.006 221.78
0.287 0.001 221.82
0.286 0.002 221.85
0.288 0.003 221.89
0.288 0.003 221.92
0.29 0.003 221.95
0.293 0.003 221.98
0 0 222.01
0.294 0.003 222.05
0.294 0.0 222.08
0.293 0.001 222.11
0.289 0.006 222.15
0.291 0.006 222.18
0.288 0.005 222.22
0.287 0.001 222.26
0.287 0.001 222.29
0.288 0.002 222.32
0.288 0.004 222.35
0.289 0.003 222.38
0.288 0.006 222.42
0 0 222.45
0.292 0.008 222.48
0.293 0.006 222.51
0.294 0.008 222.55
0.3 0.007 222.58
0.304 0.009 222.61
0.314 0.014 222.65
0.32 0.013 222.68
0.329 0.016 222.71
0.344 0.02 222.76
0.361 0.023 222.78
0.383 0.026 222.84
0.407 0.028 222.87
0.435 0.03 222.9
0.461 0.029 222.93
0.492 0.032 222.95
0.519 0.029 222.98
0.552 0.033 223.01
0.58 0.029 223.05
0.609 0.03 223.08
0.637 0.027 223.11
0.66 0.024 223.15
0.679 0.02 223.18
0.692 0.014 223.21
0 0 223.25
0.708 0.018 223.28
0.71 0.003 223.32
0.713 0.002 223.35
0.713 0.002 223.38
0.71 0.004 223.41
0.707 0.005 223.45
0 0 223.48
0.701 0.011 223.51
0 0 223.55
0.693 0.012 223.58
0.691 0.005 223.62
0.687 0.004 223.65
0 0 223.68
0.675 0.013 223.71
0.674 0.002 223.75
0.669 0.005 223.78
0.665 0.004 223.82
0.662 0.004 223.85
0.658 0.004 223.88
0.654 0.004 223.91
0.654 0.003 223.95
0.651 0.004 223.98
0.647 0.004 224.01
0.648 0.004 224.05
0.648 0.002 224.08
0.646 0.002 224.12
0 0 224.15
0.644 0.007 224.19
0 0 224.22
0 0 224.24
0 0 224.28
0.63 0.015 224.32
0.628 0.003 224.35
0.625 0.004 224.38
0.62 0.005 224.42
0 0 224.45
0 0 224.48
0 0 224.51
0.614 0.007 224.55
0 0 224.58
0.608 0.008 224.62
0 0 224.65
0 0 224.69
0.608 0.004 224.72
0 0 224.75
0 0 224.78
0 0 224.81
0 0 224.89
0 0 224.91
0 0 224.94
0.6 0.009 224.97
0 0 225.0
0 0 225.02
0.598 0.002 225.05
0 0 225.08
0.601 0.004 225.12
0 0 225.15
0.605 0.006 225.18
0 0 225.21
0 0 225.25
0.609 0.007 225.28
0 0 225.31
0 0 225.35
0 0 225.38
0.617 0.012 225.41
0 0 225.44
0.621 0.006 225.48
0.623 0.005 225.52
0.624 0.005 225.55
0.623 0.004 225.58
0.622 0.007 225.62
0.62 0.005 225.65
0.619 0.005 225.68
0 0 225.71
0 0 225.75
0 0 225.8
0.597 0.014 225.83
0 0 225.86
0.597 0.002 225.88
0.596 0.003 225.92
0.595 0.005 225.95
0.598 0.004 225.98
0 0 226.01
0.6 0.007 226.05
0 0 226.08
0 0 226.11
0.597 0.011 226.15
0.596 0.006 226.18
0.599 0.003 226.22
0.593 0.005 226.25
0.594 0.003 226.28
0.595 0.003 226.32
0.594 0.003 226.35
0.598 0.004 226.38
0.599 0.004 226.41
0.605 0.007 226.45
0.605 0.004 226.48
0.608 0.003 226.51
0.612 0.004 226.55
0.61 0.003 226.58
0.616 0.007 226.62
0.618 0.002 226.65
0.613 0.001 226.68
0.614 0.001 226.71
0.615 0.002 226.75
0.61 0.0 226.78
0.609 0.0 226.82
0.609 0.0 226.85
0 0 226.88
0.596 0.003 226.92
0.597 0.002 226.95
0.598 0.001 226.98
0.591 0.001 227.03
0.592 0.001 227.06
0.592 0.001 227.11
0.587 0.0 227.14
0.587 0.0 227.16
0.587 0.0 227.18
0.581 0.0 227.21
0.58 0.001 227.25
0.58 0.001 227.28
0.581 0.001 227.32
0.574 0.0 227.35
0.574 0.0 227.38
0.573 0.001 227.41
0.568 0.001 227.45
0.568 0.001 227.48
0.567 0.002 227.52
0.563 0.001 227.56
0.563 0.0 227.58
0.565 0.002 227.62
0.56 0.0 227.65
0.56 0.001 227.68
0.561 0.001 227.71
0.561 0.0 227.75
0.555 0.001 227.78
0.556 0.001 227.82
0.557 0.001 227.85
0 0 227.89
0.55 0.003 227.93
0.553 0.004 227.97
0.546 0.002 228.01
0.548 0.002 228.03
0.548 0.0 228.06
0.543 0.001 228.09
0.545 0.002 228.12
0.545 0.001 228.15
0.545 0.001 228.18
0.541 0.0 228.22
0.541 0.0 228.25
0 0 228.28
0.532 0.003 228.34
0.533 0.001 228.37
0.529 0.002 228.4
0.531 0.003 228.42
0.531 0.002 228.45
0.53 0.001 228.48
0.53 0.004 228.51
0.53 0.001 228.55
0.531 0.002 228.58
0.531 0.001 228.61
0 0 228.65
0.528 0.001 228.68
0.528 0.001 228.71
0.526 0.001 228.75
0.526 0.0 228.78
0.526 0.0 228.81
0.523 0.0 228.85
0.523 0.0 228.88
0.523 0.0 228.91
0.522 0.002 228.95
0.52 0.001 228.98
0.522 0.003 229.01
0.52 0.003 229.05
0.521 0.003 229.08
0.519 0.002 229.14
0.52 0.003 229.17
0.519 0.0 229.2
0.518 0.002 229.23
0 0 229.26
0.518 0.002 229.28
0.515 0.003 229.31
0.519 0.005 229.35
0.518 0.002 229.38
0.517 0.001 229.43
0.516 0.002 229.47
0.515 0.001 229.5
0.515 0.0 229.53
0.517 0.002 229.56
0.515 0.003 229.59
0.514 0.0 229.62
0.514 0.001 229.65
0.515 0.001 229.69
0.512 0.003 229.72
0 0 229.75
0.515 0.004 229.78
0.514 0.001 229.82
0.514 0.0 229.85
0.516 0.002 229.88
0.514 0.002 229.91
0 0 229.95
0.515 0.002 229.98
0.515 0.001 230.02
0 0 230.06
0.513 0.003 230.09
0.514 0.002 230.12
0 0 230.15
0.515 0.001 230.18
0.515 0.001 230.22
0.513 0.002 230.25
0.514 0.001 230.28
0 0 230.31
0.512 0.002 230.35
0 0 230.38
0.513 0.003 230.41
0.511 0.003 230.45
0.512 0.001 230.48
0.513 0.002 230.51
0.513 0.001 230.55
0.515 0.003 230.58
0 0 230.64
0.514 0.001 230.67
0.51 0.006 230.68
0.509 0.001 230.71
0.511 0.002 230.75
0.511 0.0 230.78
0 0 230.81
0 0 230.84
0.511 0.002 230.88
0.511 0.0 230.91
0.511 0.0 230.95
0.516 0.004 230.99
0.516 0.0 231.03
0.514 0.002 231.07
0 0 231.09
0 0 231.11
0.517 0.001 231.15
0.518 0.0 231.19
0.519 0.001 231.22
0.518 0.002 231.25
0 0 231.28
0.52 0.002 231.32
0.521 0.001 231.35
0.52 0.001 231.38
0.524 0.0 231.42
0.525 0.002 231.45
0 0 231.48
0.528 0.002 231.52
0 0 231.54
0.525 0.005 231.58
0.528 0.004 231.61
0.53 0.0 231.65
0.53 0.0 231.69
0 0 231.71
0 0 231.75
0 0 231.78
0.532 0.002 231.82
0.536 0.001 231.85
0.536 0.0 231.88
0.535 0.002 231.91
0.539 0.002 231.95
0 0 231.98
0 0 232.01
0.54 0.002 232.05
0.544 0.0 232.09
0.542 0.002 232.12
0.542 0.001 232.15
0.545 0.0 232.18
0.548 0.004 232.22
0.548 0.001 232.25
0.553 0.003 232.29
0.551 0.003 232.32
0 0 232.35
0.551 0.001 232.39
0 0 232.42
0 0 232.45
0 0 232.49
0.558 0.001 232.52
0.56 0.001 232.55
0.56 0.001 232.58
0 0 232.62
0.569 0.0 232.65
0.57 0.001 232.69
0.575 0.001 232.72
0.574 0.001 232.75
0.574 0.001 232.78
0 0 232.81
0.579 0.0 232.85
0.579 0.001 232.88
0.581 0.003 232.92
0.584 0.004 232.95
0.586 0.003 232.98
0.588 0.003 233.02
0.593 0.001 233.05
0 0 233.08
0.593 0.0 233.12
0.598 0.001 233.15
0.598 0.0 233.18
0.597 0.001 233.21
0.598 0.002 233.25
0.601 0.002 233.28
0 0 233.31
0.598 0.005 233.35
0.601 0.003 233.38
0.599 0.002 233.42
0.597 0.003 233.45
0.596 0.007 233.48
0.593 0.003 233.52
0.59 0.004 233.55
0.593 0.003 233.58
0 0 233.61
0.582 0.012 233.65
0 0 233.68
0.581 0.007 233.71
0.578 0.002 233.75
0 0 233.78
0.577 0.007 233.82
0 0 233.84
0.572 0.005 233.88
0.577 0.005 233.91
0 0 233.94
0.573 0.004 233.98
0.572 0.002 234.01
0.575 0.002 234.05
0 0 234.08
0.57 0.004 234.11
0.574 0.002 234.15
0.57 0.005 234.18
0.564 0.006 234.22
0.563 0.006 234.25
0.553 0.011 234.28
0.545 0.008 234.32
0.54 0.009 234.35
0.529 0.011 234.38
0.516 0.013 234.41
0.503 0.013 234.45
0.491 0.017 234.48
0.475 0.017 234.51
0.457 0.019 234.55
0.445 0.018 234.58
0.426 0.022 234.62
0.408 0.021 234.65
0.393 0.023 234.68
0.377 0.021 234.71
0.362 0.021 234.75
0.346 0.021 234.78
0.337 0.018 234.81
0.325 0.017 234.85
0.314 0.016 234.88
0.31 0.013 234.91
0 0 234.95
0.298 0.021 234.98
0.295 0.008 235.01
0.29 0.007 235.05
0 0 235.08
0 0 235.11
0 0 235.15
0 0 235.18
0 0 235.21
0 0 235.24
0 0 235.28
0 0 235.31
0 0 235.34
0 0 235.38
0 0 235.41
0 0 235.44
0 0 235.48
0 0 235.51
0 0 235.55
0 0 235.58
0 0 235.61
0 0 235.65
0 0 235.68
0 0 235.71
0 0 235.74
0 0 235.78
0 0 235.81
0 0 235.84
0 0 235.88
0 0 235.91
0 0 235.95
0 0 235.98
0 0 236.01
0 0 236.04
0 0 236.08
0 0 236.11
0 0 236.15
0 0 236.18
0 0 236.21
0 0 236.24
0 0 236.28
0 0 236.31
0 0 236.34
0 0 236.38
0 0 236.41
0 0 236.45
0 0 236.48
0 0 236.52
0 0 236.55
0 0 236.58
0 0 236.61
0 0 236.65
0 0 236.68
0 0 236.71
0 0 236.74
0 0 236.78
0 0 236.81
0 0 236.84
0 0 236.88
0 0 236.91
0 0 236.94
0 0 236.98
0 0 237.01
0.308 0.013 237.05
0.314 0.015 237.08
0.325 0.017 237.11
0.34 0.02 237.15
0.357 0.023 237.18
0.375 0.025 237.22
0.396 0.025 237.25
0.419 0.026 237.28
0.444 0.028 237.31
0.47 0.028 237.35
0.497 0.029 237.38
0.525 0.03 237.41
0.554 0.031 237.45
0.581 0.03 237.48
0.602 0.024 237.51
0 0 237.54
0.649 0.052 237.58
0.667 0.02 237.61
0.679 0.015 237.65
0 0 237.68
0 0 237.71
0 0 237.74
0 0 237.78
0 0 237.81
0 0 237.84
0 0 237.88
0 0 237.91
0 0 237.94
0 0 237.98
0 0 238.01
0 0 238.04
0 0 238.08
0 0 238.11
0 0 238.14
0.733 0.061 238.18
0.731 0.004 238.21
0.731 0.005 238.25
0 0 238.28
0.728 0.008 238.31
0 0 238.34
0.722 0.009 238.38
0.722 0.005 238.41
0.722 0.004 238.47
0.718 0.005 238.5
0.717 0.003 238.53
0.715 0.003 238.55
0.712 0.002 238.58
0.712 0.002 238.61
0.71 0.002 238.65
0.709 0.002 238.7
0.708 0.001 238.72
0.707 0.002 238.75
0.704 0.003 238.78
0.706 0.004 238.81
0.705 0.002 238.84
0.708 0.004 238.88
0.706 0.005 238.93
0.708 0.002 238.95
0.707 0.003 238.98
0.705 0.002 239.01
0.703 0.002 239.05
0.701 0.003 239.08
0.697 0.004 239.11
0.693 0.005 239.15
0.687 0.006 239.18
0.681 0.006 239.21
0.677 0.004 239.25
0.674 0.003 239.29
0.672 0.003 239.32
0.668 0.004 239.35
0.667 0.001 239.39
0 0 239.41
0.665 0.004 239.45
0.665 0.001 239.48
0.666 0.001 239.51
0.665 0.002 239.55
0 0 239.57
0.667 0.003 239.61
0.665 0.002 239.65
0.665 0.001 239.68
0.665 0.003 239.71
0.663 0.002 239.74
0.662 0.002 239.78
0.657 0.005 239.81
0.656 0.003 239.84
0.653 0.004 239.88
0 0 239.91
0.65 0.003 239.94
0.651 0.002 239.98
0 0 240.01
0 0 240.04
0 0 240.08
0 0 240.11
0.647 0.019 240.14
0.651 0.005 240.18
0.656 0.006 240.21
0.661 0.006 240.26
0 0 240.29
0.674 0.013 240.32
0.678 0.004 240.35
0.684 0.007 240.38
0.687 0.003 240.41
0.694 0.009 240.44
0.698 0.005 240.48
0.698 0.001 240.51
0.697 0.001 240.54
0.696 0.003 240.59
0.692 0.004 240.62
0.689 0.004 240.65
0.682 0.007 240.68
0.678 0.004 240.71
0.676 0.003 240.74
0.672 0.004 240.78
0.67 0.003 240.81
0.666 0.004 240.84
0.663 0.003 240.88
0.659 0.004 240.91
0.656 0.005 240.94
0.658 0.005 240.98
0.657 0.002 241.01
0.659 0.003 241.04
0.657 0.003 241.08
0 0 241.11
0 0 241.14
0 0 241.18
0 0 241.21
0 0 241.24
0.642 0.015 241.28
0 0 241.31
0 0 241.34
0 0 241.38
0 0 241.41
0 0 241.44
0.628 0.018 241.48
0.625 0.009 241.51
0 0 241.54
0.627 0.004 241.58
0.624 0.007 241.61
0.623 0.005 241.65
0.624 0.004 241.68
0.619 0.007 241.71
0.622 0.01 241.75
0 0 241.78
0.604 0.022 241.81
0 0 241.84
0.582 0.023 241.88
0 0 241.91
0.557 0.026 241.94
0.542 0.016 241.98
0.526 0.017 242.01
0.512 0.016 242.05
0.499 0.015 242.09
0.482 0.018 242.12
0.467 0.017 242.15
0.449 0.019 242.18
0.432 0.019 242.21
0.414 0.02 242.24
0.396 0.021 242.28
0.38 0.021 242.31
0.363 0.021 242.34
0.344 0.024 242.38
0.332 0.019 242.41
0.321 0.017 242.44
0.314 0.018 242.48
0.307 0.017 242.51
0.305 0.012 242.55
0.304 0.01 242.58
0.304 0.009 242.61
0.307 0.015 242.67
0.306 0.006 242.7
0.312 0.02 242.73
0.308 0.013 242.76
0.307 0.004 242.79
0.309 0.011 242.82
0 0 242.85
0.311 0.008 242.9
0.31 0.003 242.93
0.312 0.008 242.96
0.314 0.007 242.98
0 0 243.01
0 0 243.04
0.316 0.003 243.08
0 0 243.11
0.319 0.007 243.14
0 0 243.18
0 0 243.21
0.308 0.016 243.24
0 0 243.27
0.304 0.01 243.31
0 0 243.34
0 0 243.38
0 0 243.41
0.299 0.023 243.44
0.3 0.01 243.48
0.301 0.015 243.51
0.304 0.017 243.54
0.313 0.02 243.58
0.324 0.023 243.61
0.341 0.027 243.65
0.361 0.03 243.68
0 0 243.71
0.411 0.069 243.74
0 0 243.77
0 0 243.81
0.504 0.106 243.84
0.536 0.034 243.88
0.567 0.032 243.91
0.595 0.029 243.94
0.621 0.027 243.98
0.644 0.026 244.01
0.659 0.015 244.05
0.669 0.012 244.08
0 0 244.11
0 0 244.17
0.689 0.028 244.19
0.691 0.006 244.21
0 0 244.24
0 0 244.28
0.691 0.01 244.31
0.687 0.005 244.34
0.687 0.003 244.38
0.685 0.004 244.41
0.682 0.003 244.44
0.681 0.001 244.48
0.679 0.003 244.51
0.676 0.004 244.54
0.672 0.003 244.58
0.67 0.002 244.61
0.67 0.001 244.64
0.668 0.001 244.68
0.668 0.0 244.71
0.667 0.002 244.74
0.668 0.002 244.78
0.667 0.001 244.81
0.666 0.002 244.84
0.664 0.003 244.88
0.661 0.004 244.91
0.656 0.005 244.96
0.653 0.005 244.98
0 0 245.01
0.645 0.008 245.04
0.641 0.004 245.08
0 0 245.11
0.632 0.008 245.14
0.629 0.003 245.18
0.628 0.002 245.21
0 0 245.24
0.628 0.004 245.28
0 0 245.31
0 0 245.34
0.625 0.011 245.38
0.626 0.002 245.41
0 0 245.44
0 0 245.48
