0 0 2.3
0 0 2.38
0 0 2.4
0 0 2.43
0 0 2.46
0 0 2.47
0.5 0.476 2.49
0.489 0.011 2.53
0 0 2.55
0.467 0.022 2.57
0.456 0.011 2.6
0 0 2.63
0.434 0.023 2.65
0.424 0.01 2.67
0.416 0.009 2.7
0.409 0.007 2.75
0 0 2.77
0 0 2.8
0.396 0.015 2.86
0.394 0.004 2.88
0.392 0.003 2.92
0 0 2.93
0 0 2.96
0.384 0.01 3.0
0.38 0.005 3.04
0.377 0.004 3.07
0.374 0.004 3.1
0 0 3.13
0 0 3.17
0.362 0.013 3.2
0.358 0.005 3.25
0.353 0.004 3.27
0.35 0.004 3.31
0.348 0.003 3.34
0 0 3.37
0 0 3.41
0.343 0.007 3.45
0.343 0.002 3.48
0.342 0.005 3.51
0.344 0.005 3.54
0 0 3.57
0.342 0.005 3.6
0.343 0.002 3.63
0 0 3.66
0.344 0.006 3.7
0.342 0.002 3.74
0.342 0.002 3.77
0.341 0.001 3.8
0.339 0.002 3.83
0.339 0.001 3.87
0.339 0.001 3.9
0.337 0.004 3.94
0 0 3.96
0.337 0.003 4.0
0.337 0.001 4.04
0.336 0.001 4.07
0.337 0.002 4.1
0.338 0.005 4.13
0.339 0.003 4.17
0.342 0.005 4.2
0.346 0.005 4.23
0.348 0.006 4.27
0.354 0.007 4.3
0 0 4.33
0.367 0.016 4.37
0.373 0.009 4.4
0.382 0.01 4.44
0.391 0.012 4.47
0.397 0.011 4.5
0.407 0.01 4.53
0.416 0.01 4.58
0.426 0.01 4.6
0.437 0.012 4.63
0.447 0.011 4.71
0.454 0.01 4.73
0 0 4.76
0.477 0.026 4.79
0.489 0.017 4.83
0.502 0.014 4.86
0 0 4.89
0 0 4.92
0 0 4.93
0 0 4.96
0 0 5.0
0 0 5.03
0 0 5.07
0 0 5.1
0 0 5.13
0 0 5.17
0 0 5.2
0 0 5.23
0 0 5.26
0 0 5.3
0 0 5.33
0 0 5.36
0 0 5.4
0 0 5.43
0 0 5.46
0 0 5.5
0 0 5.53
0 0 5.56
0 0 5.6
0 0 5.63
0 0 5.66
0 0 5.7
0 0 5.73
0 0 5.76
0 0 5.8
0 0 5.83
0 0 5.86
0 0 5.9
0 0 5.93
0 0 5.96
0 0 6.0
0 0 6.03
0 0 6.07
0 0 6.1
0 0 6.13
0 0 6.16
0 0 6.2
0 0 6.23
0 0 6.26
0 0 6.3
0 0 6.33
0 0 6.38
0 0 6.4
0 0 6.47
0 0 6.5
0 0 6.52
0 0 6.53
0 0 6.56
0 0 6.6
0 0 6.63
0 0 6.66
0 0 6.7
0 0 6.73
0 0 6.76
0 0 6.8
0 0 6.83
0 0 6.86
0 0 6.9
0 0 6.96
0 0 6.99
0 0 7.02
0 0 7.03
0 0 7.06
0 0 7.1
0 0 7.13
0 0 7.16
0 0 7.2
0 0 7.23
0 0 7.26
0 0 7.29
0 0 7.35
0 0 7.38
0 0 7.41
0 0 7.43
0 0 7.46
0 0 7.5
0 0 7.53
0 0 7.56
0 0 7.6
0 0 7.63
0 0 7.66
0 0 7.7
0 0 7.73
0 0 7.76
0 0 7.83
0 0 7.86
0 0 7.88
0 0 7.91
0 0 7.93
0 0 7.96
0 0 8.0
0 0 8.03
0 0 8.06
0 0 8.09
0 0 8.13
0 0 8.16
0 0 8.2
0 0 8.23
0 0 8.26
0 0 8.29
0 0 8.33
0 0 8.36
0 0 8.4
0 0 8.43
0 0 8.46
0 0 8.5
0 0 8.53
0 0 8.56
0 0 8.6
0 0 8.63
0.487 0.095 8.66
0 0 8.7
0.463 0.028 8.73
0.451 0.011 8.79
0 0 8.82
0.427 0.028 8.85
0.421 0.006 8.88
0.412 0.014 8.91
0.405 0.008 8.94
0.397 0.01 8.97
0.392 0.006 9.0
0.386 0.008 9.04
0.38 0.005 9.07
0.373 0.012 9.1
0.368 0.005 9.13
0.362 0.008 9.17
0.354 0.008 9.2
0.347 0.007 9.23
0.341 0.008 9.27
0.332 0.008 9.3
0.326 0.008 9.33
0.319 0.007 9.37
0.31 0.007 9.4
0.305 0.006 9.43
0.301 0.006 9.47
0.297 0.005 9.5
0.293 0.004 9.54
0.291 0.004 9.58
0.288 0.003 9.61
0 0 9.66
0.285 0.006 9.69
0.282 0.003 9.72
0.282 0.003 9.75
0.28 0.004 9.77
0.279 0.002 9.8
0.275 0.002 9.83
0.273 0.002 9.87
0.271 0.002 9.9
0.27 0.002 9.93
0.268 0.001 9.97
0.266 0.003 10.0
0.264 0.002 10.03
0.261 0.002 10.07
0.26 0.001 10.1
0.259 0.001 10.13
0.258 0.001 10.17
0.259 0.001 10.21
0.26 0.001 10.24
0.26 0.002 10.27
0.262 0.002 10.3
0.265 0.003 10.33
0.268 0.004 10.37
0.271 0.004 10.4
0.275 0.004 10.44
0.279 0.005 10.47
0.282 0.005 10.5
0.287 0.006 10.55
0.292 0.006 10.58
0.297 0.006 10.61
0.303 0.007 10.64
0.309 0.007 10.68
0.315 0.008 10.71
0.322 0.009 10.74
0.329 0.008 10.78
0.336 0.008 10.82
0.341 0.01 10.85
0.348 0.011 10.88
0.355 0.01 10.91
0.361 0.01 10.95
0.368 0.01 10.98
0.376 0.01 11.0
0.385 0.012 11.04
0.396 0.017 11.07
0 0 11.1
0 0 11.13
0 0 11.16
0 0 11.2
0 0 11.25
0 0 11.29
0 0 11.32
0 0 11.35
0 0 11.38
0 0 11.41
0 0 11.44
0 0 11.47
0 0 11.5
0 0 11.53
0 0 11.56
0 0 11.6
0 0 11.63
0 0 11.66
0 0 11.7
0 0 11.73
0 0 11.77
0 0 11.8
0 0 11.83
0 0 11.86
0 0 11.9
0 0 11.93
0 0 11.96
0 0 12.0
0 0 12.03
0 0 12.06
0 0 12.1
0 0 12.13
0 0 12.16
0 0 12.2
0 0 12.23
0 0 12.26
0 0 12.3
0 0 12.33
0 0 12.36
0 0 12.39
0 0 12.43
0 0 12.46
0 0 12.5
0 0 12.53
0 0 12.56
0 0 12.6
0 0 12.63
0 0 12.66
0 0 12.7
0 0 12.73
0 0 12.76
0 0 12.8
0 0 12.83
0 0 12.86
0 0 12.9
0 0 12.93
0 0 12.96
0 0 13.0
0 0 13.03
0 0 13.06
0 0 13.1
0 0 13.13
0 0 13.16
0 0 13.2
0 0 13.23
0 0 13.26
0 0 13.3
0 0 13.33
0 0 13.36
0 0 13.4
0 0 13.43
0 0 13.46
0 0 13.5
0 0 13.53
0 0 13.56
0 0 13.6
0 0 13.63
0 0 13.67
0 0 13.7
0 0 13.73
0 0 13.79
0 0 13.82
0 0 13.85
0 0 13.86
0 0 13.9
0 0 13.93
0 0 13.96
0 0 14.0
0 0 14.03
0 0 14.06
0 0 14.1
0 0 14.13
0 0 14.16
0 0 14.2
0 0 14.23
0 0 14.26
0 0 14.29
0 0 14.33
0 0 14.36
0 0 14.4
0 0 14.43
0 0 14.46
0 0 14.5
0 0 14.53
0 0 14.56
0 0 14.6
0 0 14.63
0 0 14.66
0 0 14.7
0 0 14.73
0 0 14.76
0 0 14.8
0 0 14.83
0 0 14.86
0 0 14.9
0 0 14.93
0 0 14.96
0 0 14.99
0 0 15.03
0 0 15.06
0 0 15.1
0 0 15.13
0 0 15.16
0 0 15.2
0 0 15.23
0 0 15.26
0 0 15.3
0 0 15.33
0 0 15.37
0 0 15.4
0 0 15.43
0 0 15.46
0 0 15.5
0 0 15.53
0 0 15.56
0 0 15.6
0 0 15.63
0 0 15.66
0 0 15.7
0 0 15.73
0 0 15.76
0 0 15.8
0 0 15.83
0 0 15.86
0 0 15.89
0 0 15.93
0 0 15.96
0 0 16.0
0 0 16.03
0 0 16.06
0 0 16.09
0 0 16.14
0 0 16.17
0 0 16.21
0 0 16.24
0 0 16.27
0 0 16.3
0 0 16.34
0 0 16.36
0 0 16.4
0 0 16.43
0 0 16.46
0 0 16.5
0 0 16.53
0 0 16.57
0 0 16.6
0 0 16.63
0 0 16.66
0 0 16.7
0 0 16.73
0 0 16.76
0 0 16.8
0 0 16.83
0 0 16.86
0 0 16.89
0 0 16.93
0 0 16.96
0 0 17.0
0 0 17.03
0 0 17.06
0 0 17.1
0 0 17.13
0 0 17.16
0 0 17.2
0 0 17.23
0 0 17.26
0 0 17.3
0 0 17.35
0 0 17.38
0 0 17.41
0 0 17.44
0 0 17.47
0 0 17.5
0 0 17.53
0 0 17.56
0 0 17.59
0 0 17.63
0 0 17.66
0 0 17.7
0 0 17.73
0 0 17.76
0 0 17.8
0 0 17.83
0 0 17.88
0 0 17.91
0 0 17.93
0 0 17.96
0 0 18.0
0 0 18.03
0 0 18.06
0 0 18.1
0 0 18.13
0 0 18.16
0 0 18.2
0 0 18.23
0 0 18.26
0 0 18.3
0 0 18.33
0 0 18.36
0 0 18.4
0 0 18.43
0 0 18.46
0 0 18.5
0 0 18.53
0 0 18.56
0 0 18.6
0 0 18.63
0 0 18.66
0 0 18.7
0 0 18.73
0 0 18.76
0 0 18.8
0 0 18.83
0 0 18.86
0 0 18.91
0 0 18.93
0 0 18.96
0 0 18.99
0 0 19.03
0 0 19.06
0 0 19.1
0 0 19.13
0 0 19.16
0 0 19.2
0 0 19.23
0 0 19.26
0 0 19.3
0 0 19.33
0 0 19.36
0 0 19.39
0 0 19.43
0 0 19.46
0 0 19.49
0 0 19.53
0 0 19.56
0 0 19.6
0 0 19.63
0 0 19.66
0 0 19.7
0 0 19.73
0 0 19.76
0 0 19.8
0 0 19.83
0 0 19.86
0 0 19.89
0 0 19.93
0 0 19.96
0 0 19.99
0 0 20.03
0 0 20.06
0 0 20.1
0 0 20.13
0 0 20.16
0 0 20.2
0 0 20.23
0 0 20.26
0 0 20.29
0 0 20.33
0 0 20.39
0 0 20.42
0 0 20.44
0 0 20.47
0 0 20.5
0 0 20.53
0 0 20.56
0 0 20.6
0 0 20.63
0 0 20.66
0 0 20.7
0 0 20.73
0 0 20.76
0 0 20.79
0 0 20.83
0 0 20.86
0 0 20.89
0 0 20.93
0 0 20.96
0 0 21.0
0 0 21.03
0 0 21.06
0 0 21.09
0 0 21.13
0 0 21.16
0.393 0.035 21.2
0.386 0.008 21.23
0.376 0.017 21.26
0.367 0.009 21.3
0.358 0.011 21.33
0.349 0.012 21.37
0.34 0.01 21.4
0.331 0.01 21.43
0.323 0.01 21.47
0.316 0.011 21.5
0.31 0.008 21.53
0.305 0.007 21.56
0.301 0.006 21.6
0.298 0.006 21.63
0.295 0.005 21.68
0.292 0.005 21.71
0.29 0.005 21.74
0.287 0.004 21.77
0.285 0.004 21.8
0.281 0.004 21.83
0.278 0.004 21.87
0.273 0.005 21.9
0.27 0.005 21.93
0.267 0.005 21.96
0.263 0.004 22.0
0.261 0.004 22.03
0.26 0.005 22.07
0.258 0.004 22.1
0.257 0.004 22.13
0 0 22.16
0.257 0.008 22.2
0 0 22.23
0.259 0.006 22.27
0 0 22.29
0.258 0.005 22.33
0.258 0.002 22.38
0.257 0.003 22.41
0.256 0.002 22.44
0.254 0.003 22.47
0.254 0.002 22.5
0.254 0.003 22.54
0.255 0.002 22.57
0.256 0.002 22.6
0.257 0.001 22.63
0 0 22.66
0.255 0.003 22.7
0.253 0.002 22.73
0.252 0.002 22.76
0.251 0.002 22.8
0.251 0.003 22.83
0 0 22.86
0.252 0.004 22.9
0.251 0.002 22.93
0.252 0.003 22.96
0.253 0.001 23.0
0.253 0.001 23.03
0.253 0.001 23.06
0.254 0.001 23.1
0 0 23.13
0.255 0.003 23.16
0.255 0.0 23.2
0.256 0.002 23.23
0.256 0.001 23.26
0.255 0.001 23.29
0.256 0.001 23.33
0.255 0.001 23.36
0.256 0.003 23.4
0.257 0.002 23.43
0.258 0.001 23.46
0.257 0.001 23.49
0.257 0.001 23.53
0.256 0.002 23.56
0.256 0.001 23.6
0.255 0.001 23.63
0.255 0.003 23.67
0.254 0.002 23.7
0.254 0.002 23.73
0.255 0.001 23.76
0.255 0.003 23.8
0.255 0.002 23.83
0.255 0.002 23.87
0.257 0.002 23.9
0.258 0.002 23.93
0.259 0.003 23.96
0.262 0.005 24.0
0.266 0.007 24.03
0.272 0.01 24.07
0 0 24.09
0.289 0.027 24.13
0 0 24.16
0.318 0.035 24.21
0.335 0.02 24.23
0.353 0.019 24.27
0.371 0.021 24.3
0.39 0.024 24.34
0.408 0.022 24.37
0 0 24.42
0 0 24.45
0 0 24.48
0 0 24.5
0 0 24.53
0 0 24.56
0 0 24.59
0 0 24.63
0 0 24.66
0 0 24.69
0 0 24.73
0 0 24.76
0 0 24.79
0 0 24.83
0 0 24.86
0 0 24.89
0 0 24.93
0 0 24.96
0 0 24.99
0 0 25.03
0 0 25.06
0 0 25.09
0 0 25.13
0 0 25.16
0 0 25.19
0 0 25.23
0 0 25.26
0 0 25.29
0 0 25.33
0 0 25.36
0 0 25.39
0 0 25.43
0 0 25.46
0 0 25.49
0 0 25.53
0 0 25.56
0 0 25.59
0 0 25.63
0 0 25.66
0 0 25.69
0 0 25.73
0 0 25.76
0 0 25.79
0 0 25.83
0 0 25.86
0 0 25.89
0 0 25.93
0 0 25.96
0 0 25.99
0 0 26.03
0 0 26.06
0 0 26.09
0 0 26.13
0 0 26.16
0 0 26.2
0 0 26.23
0 0 26.26
0 0 26.29
0 0 26.33
0 0 26.36
0 0 26.39
0 0 26.43
0 0 26.46
0 0 26.5
0 0 26.53
0 0 26.56
0 0 26.59
0 0 26.63
0 0 26.66
0 0 26.69
0 0 26.73
0 0 26.76
0 0 26.79
0 0 26.83
0 0 26.86
0 0 26.89
0 0 26.92
0 0 26.96
0 0 26.99
0 0 27.03
0 0 27.06
0 0 27.09
0 0 27.13
0 0 27.16
0 0 27.2
0 0 27.23
0 0 27.26
0 0 27.29
0.456 0.051 27.33
0.442 0.017 27.36
0.428 0.017 27.39
0.415 0.017 27.43
0.403 0.014 27.46
0.391 0.016 27.49
0.381 0.014 27.53
0.372 0.012 27.56
0.364 0.011 27.6
0 0 27.63
0.353 0.017 27.66
0.349 0.008 27.69
0.347 0.006 27.73
0.344 0.006 27.76
0.341 0.005 27.82
0 0 27.84
0.336 0.009 27.87
0 0 27.89
0 0 27.92
0 0 27.96
0.322 0.017 28.0
0.318 0.005 28.03
0.315 0.005 28.06
0.312 0.004 28.09
0 0 28.13
0.307 0.008 28.16
0.305 0.003 28.19
0.302 0.003 28.23
0.301 0.004 28.26
0 0 28.29
0 0 28.32
0.298 0.008 28.36
0.297 0.004 28.39
0.297 0.002 28.43
0.296 0.002 28.46
0 0 28.49
0.297 0.003 28.53
0 0 28.56
0.299 0.002 28.59
0.299 0.001 28.63
0.299 0.0 28.66
0 0 28.69
0 0 28.72
0.298 0.004 28.76
0.297 0.002 28.79
0.297 0.003 28.83
0.296 0.002 28.86
0.297 0.003 28.89
0.297 0.001 28.93
0.298 0.003 28.96
0.298 0.0 29.0
0.297 0.002 29.03
0.296 0.001 29.06
0.296 0.001 29.1
0.297 0.001 29.13
0.297 0.002 29.16
0.297 0.003 29.2
0.297 0.003 29.23
0.298 0.003 29.26
0.299 0.003 29.29
0.302 0.004 29.33
0.305 0.006 29.36
0.31 0.007 29.4
0.317 0.01 29.43
0.326 0.012 29.46
0.337 0.014 29.49
0.35 0.016 29.53
0.366 0.019 29.56
0.383 0.02 29.6
0 0 29.63
0 0 29.69
0 0 29.7
0 0 29.72
0 0 29.76
0 0 29.79
0 0 29.82
0 0 29.86
0 0 29.89
0 0 29.92
0 0 29.96
0 0 29.99
0 0 30.03
0 0 30.06
0 0 30.09
0 0 30.12
0 0 30.16
0 0 30.19
0 0 30.22
0 0 30.26
0 0 30.29
0 0 30.32
0 0 30.36
0 0 30.39
0 0 30.42
0 0 30.46
0 0 30.49
0 0 30.53
0 0 30.56
0 0 30.59
0 0 30.64
0 0 30.67
0 0 30.69
0 0 30.72
0 0 30.76
0 0 30.79
0 0 30.82
0 0 30.86
0 0 30.89
0 0 30.92
0 0 30.96
0 0 30.99
0 0 31.02
0 0 31.06
0 0 31.09
0 0 31.12
0 0 31.16
0 0 31.19
0 0 31.22
0 0 31.26
0 0 31.29
0 0 31.32
0 0 31.36
0 0 31.4
0 0 31.42
0 0 31.46
0 0 31.49
0 0 31.52
0 0 31.56
0 0 31.59
0 0 31.62
0 0 31.66
0 0 31.69
0 0 31.72
0 0 31.76
0 0 31.79
0 0 31.82
0 0 31.87
0 0 31.9
0 0 31.93
0 0 31.96
0 0 31.99
0 0 32.02
0 0 32.06
0 0 32.09
0 0 32.12
0 0 32.16
0 0 32.19
0 0 32.22
0 0 32.29
0 0 32.31
0 0 32.33
0 0 32.36
0 0 32.39
0 0 32.43
0 0 32.46
0 0 32.49
0 0 32.53
0 0 32.56
0 0 32.59
0 0 32.62
0 0 32.66
0 0 32.69
0 0 32.72
0 0 32.76
0 0 32.79
0 0 32.82
0 0 32.86
0 0 32.89
0 0 32.92
0 0 32.96
0 0 32.99
0 0 33.02
0 0 33.06
0 0 33.09
0 0 33.12
0 0 33.16
0 0 33.19
0 0 33.22
0 0 33.26
0 0 33.29
0 0 33.32
0 0 33.36
0 0 33.39
0 0 33.42
0 0 33.46
0 0 33.49
0 0 33.52
0 0 33.56
0 0 33.59
0 0 33.62
0 0 33.66
0 0 33.69
0 0 33.72
0 0 33.76
0 0 33.79
0 0 33.82
0 0 33.86
0 0 33.89
0 0 33.92
0 0 33.96
0 0 33.99
0 0 34.02
0 0 34.06
0 0 34.09
0 0 34.12
0 0 34.16
0 0 34.19
0 0 34.22
0 0 34.26
0 0 34.29
0.488 0.114 34.33
0.481 0.011 34.36
0.47 0.013 34.39
0.461 0.011 34.42
0.453 0.013 34.46
0 0 34.49
0.437 0.02 34.53
0.43 0.008 34.56
0.427 0.008 34.59
0.421 0.009 34.63
0.415 0.007 34.66
0.412 0.006 34.7
0.407 0.007 34.73
0.403 0.006 34.76
0.401 0.005 34.79
0.397 0.005 34.82
0.394 0.006 34.86
0.392 0.005 34.89
0.391 0.005 34.93
0.388 0.004 34.96
0.387 0.004 34.99
0.386 0.004 35.03
0.384 0.004 35.06
0.382 0.004 35.09
0.382 0.003 35.13
0.379 0.003 35.16
0.376 0.003 35.19
0.373 0.003 35.22
0.372 0.003 35.26
0.369 0.004 35.29
0.366 0.004 35.32
0.365 0.003 35.36
0.363 0.003 35.39
0.361 0.003 35.43
0.361 0.002 35.46
0.359 0.002 35.49
0.358 0.002 35.53
0.359 0.001 35.56
0.358 0.001 35.6
0.358 0.0 35.63
0.358 0.0 35.66
0.36 0.001 35.69
0.36 0.0 35.72
0.36 0.001 35.76
0.363 0.002 35.79
0.363 0.0 35.83
0.363 0.001 35.86
0.364 0.001 35.89
0.364 0.001 35.93
0.363 0.002 35.96
0.364 0.002 35.99
0.364 0.001 36.03
0.364 0.001 36.06
0.364 0.001 36.09
0.367 0.001 36.13
0.367 0.001 36.16
0.367 0.001 36.19
0.369 0.001 36.24
0.37 0.002 36.27
0.371 0.002 36.3
0.374 0.001 36.33
0.375 0.002 36.36
0.377 0.003 36.39
0.38 0.004 36.42
0.382 0.005 36.46
0.385 0.006 36.49
0.39 0.007 36.53
0 0 36.56
0.405 0.02 36.59
0.414 0.013 36.63
0.428 0.015 36.66
0.442 0.018 36.7
0.458 0.02 36.73
0.48 0.025 36.76
0 0 36.79
0.524 0.053 36.82
0.548 0.026 36.86
0 0 36.89
0 0 36.92
0 0 36.96
0 0 36.99
0 0 37.02
0 0 37.06
0 0 37.09
0 0 37.12
0 0 37.16
0 0 37.19
0 0 37.22
0 0 37.26
0 0 37.29
0 0 37.32
0 0 37.36
0 0 37.39
0 0 37.42
0 0 37.45
0 0 37.49
0 0 37.52
0 0 37.56
0 0 37.59
0 0 37.62
0 0 37.66
0 0 37.7
0 0 37.72
0 0 37.76
0 0 37.79
0 0 37.82
0 0 37.86
0 0 37.89
0 0 37.92
0 0 37.96
0 0 37.99
0 0 38.03
0 0 38.06
0 0 38.09
0 0 38.12
0 0 38.16
0 0 38.19
0 0 38.22
0 0 38.26
0 0 38.29
0 0 38.32
0 0 38.36
0 0 38.39
0 0 38.42
0 0 38.46
0 0 38.49
0 0 38.52
0 0 38.56
0 0 38.59
0 0 38.62
0.584 0.061 38.66
0.553 0.042 38.7
0.537 0.018 38.73
0.518 0.025 38.76
0.502 0.02 38.79
0.489 0.016 38.83
0.479 0.016 38.86
0.472 0.013 38.89
0.465 0.012 38.93
0.46 0.009 38.96
0.456 0.007 38.99
0.453 0.007 39.03
0.452 0.006 39.06
0.449 0.005 39.09
0.445 0.005 39.13
0 0 39.16
0.438 0.01 39.2
0.432 0.006 39.23
0.427 0.006 39.26
0.423 0.006 39.29
0.419 0.005 39.33
0.416 0.005 39.36
0.416 0.004 39.39
0 0 39.42
0.416 0.007 39.46
0 0 39.49
0 0 39.53
0.417 0.008 39.56
0.416 0.002 39.59
0.417 0.002 39.63
0.415 0.002 39.66
0.414 0.002 39.7
0.413 0.003 39.73
0.41 0.003 39.76
0.408 0.002 39.8
0.406 0.002 39.83
0.404 0.002 39.86
0.402 0.002 39.89
0.401 0.002 39.93
0 0 39.96
0.4 0.002 40.01
0.4 0.001 40.04
0.4 0.002 40.08
0.399 0.001 40.11
0.399 0.001 40.14
0 0 40.17
0 0 40.2
0.399 0.009 40.23
0.401 0.002 40.26
0.402 0.003 40.29
0.404 0.003 40.33
0.405 0.002 40.36
0.408 0.002 40.39
0 0 40.42
0.412 0.005 40.46
0 0 40.49
0.421 0.012 40.53
0.427 0.009 40.56
0 0 40.59
0.446 0.025 40.63
0.46 0.016 40.66
0.474 0.017 40.7
0.491 0.019 40.73
0.509 0.022 40.76
0.529 0.022 40.8
0.553 0.028 40.83
0 0 40.86
0 0 40.89
0 0 40.92
0 0 40.96
0 0 40.99
0 0 41.03
0 0 41.06
0 0 41.09
0 0 41.12
0 0 41.16
0 0 41.19
0 0 41.23
0 0 41.27
0 0 41.3
0 0 41.32
0 0 41.36
0 0 41.39
0 0 41.42
0 0 41.46
0 0 41.49
0 0 41.52
0 0 41.56
0 0 41.59
0 0 41.62
0 0 41.66
0 0 41.69
0 0 41.72
0 0 41.76
0 0 41.79
0 0 41.82
0 0 41.86
0 0 41.89
0 0 41.92
0 0 41.96
0 0 41.99
0 0 42.02
0 0 42.06
0 0 42.09
0 0 42.12
0 0 42.16
0 0 42.19
0 0 42.22
0 0 42.26
0 0 42.29
0 0 42.32
0 0 42.36
0 0 42.39
0 0 42.43
0 0 42.46
0 0 42.49
0 0 42.52
0 0 42.56
0 0 42.59
0 0 42.63
0 0 42.66
0 0 42.69
0 0 42.72
0 0 42.76
0 0 42.8
0 0 42.83
0 0 42.86
0 0 42.89
0 0 42.92
0 0 42.96
0 0 42.99
0 0 43.02
0.571 0.044 43.06
0.55 0.027 43.09
0.532 0.02 43.13
0.515 0.021 43.16
0.498 0.024 43.2
0.485 0.017 43.22
0.473 0.016 43.26
0.462 0.013 43.29
0.452 0.012 43.33
0.443 0.011 43.36
0.436 0.01 43.39
0.43 0.008 43.42
0.425 0.007 43.46
0.42 0.006 43.49
0.417 0.006 43.53
0.414 0.004 43.56
0.412 0.004 43.59
0.411 0.004 43.63
0.409 0.002 43.66
0.408 0.002 43.69
0.407 0.002 43.73
0.407 0.001 43.76
0.407 0.002 43.8
0.407 0.0 43.83
0.407 0.002 43.86
0.407 0.003 43.89
0.407 0.001 43.93
0.408 0.001 43.96
0.408 0.001 43.99
0.409 0.002 44.03
0.409 0.001 44.06
0.409 0.0 44.1
0.409 0.001 44.14
0.409 0.001 44.17
0.409 0.001 44.19
0.41 0.001 44.22
0.412 0.001 44.26
0.412 0.001 44.29
0.413 0.001 44.33
0.414 0.001 44.37
0.414 0.002 44.4
0.415 0.001 44.43
0.416 0.002 44.46
0.416 0.003 44.49
0.418 0.002 44.53
0.419 0.003 44.56
0.419 0.003 44.59
0.421 0.004 44.64
0.423 0.006 44.67
0.425 0.007 44.7
0.428 0.009 44.73
0.433 0.01 44.76
0.439 0.01 44.79
0.446 0.012 44.82
0.456 0.014 44.86
0 0 44.89
0.478 0.03 44.93
0 0 44.96
0.506 0.032 45.02
0.521 0.018 45.04
0 0 45.07
0 0 45.1
0 0 45.13
0 0 45.16
0 0 45.19
0 0 45.22
0 0 45.26
0 0 45.29
0 0 45.34
0 0 45.37
0 0 45.4
0 0 45.42
0 0 45.45
0 0 45.49
0 0 45.54
0 0 45.57
0 0 45.59
0 0 45.62
0 0 45.65
0 0 45.69
0 0 45.72
0 0 45.76
0 0 45.79
0 0 45.82
0 0 45.86
0 0 45.89
0 0 45.92
0 0 45.95
0 0 45.99
0 0 46.02
0 0 46.06
0 0 46.09
0 0 46.12
0 0 46.16
0 0 46.19
0 0 46.22
0 0 46.26
0 0 46.29
0 0 46.32
0 0 46.36
0 0 46.39
0 0 46.42
0 0 46.45
0 0 46.49
0 0 46.52
0 0 46.56
0 0 46.59
0 0 46.62
0 0 46.66
0 0 46.69
0 0 46.72
0 0 46.75
0 0 46.79
0 0 46.82
0 0 46.86
0 0 46.89
0 0 46.92
0 0 46.95
0 0 46.99
0 0 47.02
0 0 47.06
0 0 47.09
0 0 47.12
0 0 47.16
0 0 47.19
0 0 47.22
0 0 47.26
0 0 47.29
0 0 47.32
0 0 47.36
0 0 47.39
0 0 47.42
0 0 47.46
0 0 47.49
0 0 47.52
0.556 0.069 47.56
0.544 0.014 47.59
0.534 0.012 47.62
0.521 0.015 47.66
0.512 0.011 47.69
0.502 0.012 47.72
0.493 0.01 47.76
0.483 0.011 47.79
0.475 0.009 47.82
0.468 0.008 47.86
0.461 0.008 47.89
0.454 0.007 47.93
0.448 0.007 47.96
0.442 0.007 47.99
0.437 0.006 48.03
0.432 0.005 48.06
0.428 0.005 48.09
0.424 0.005 48.12
0.421 0.004 48.16
0.419 0.003 48.19
0.416 0.003 48.23
0.415 0.002 48.26
0.414 0.002 48.29
0.412 0.002 48.32
0.411 0.002 48.36
0.41 0.002 48.39
0.407 0.002 48.42
0.405 0.002 48.46
0.403 0.002 48.49
0 0 48.52
0.4 0.003 48.56
0.399 0.001 48.59
0.398 0.001 48.62
0.397 0.002 48.66
0.397 0.0 48.69
0.396 0.001 48.73
0.395 0.0 48.76
0.395 0.001 48.79
0.395 0.001 48.82
0.394 0.001 48.86
0.393 0.002 48.89
0.392 0.001 48.92
0.393 0.001 48.96
0.393 0.001 48.99
0.394 0.002 49.03
0.395 0.002 49.06
0.396 0.002 49.09
0.398 0.003 49.12
0.4 0.003 49.16
0.402 0.003 49.19
0.405 0.004 49.22
0.408 0.004 49.27
0.411 0.005 49.3
0.414 0.005 49.33
0.418 0.005 49.36
0 0 49.39
0.425 0.011 49.42
0.43 0.006 49.46
0.435 0.006 49.49
0 0 49.52
0.445 0.014 49.56
0.452 0.008 49.59
0.459 0.008 49.63
0.467 0.01 49.66
0.477 0.01 49.69
0.487 0.011 49.73
0.501 0.015 49.76
0.514 0.015 49.82
0 0 49.85
0.548 0.037 49.88
0 0 49.91
0 0 49.93
0 0 49.96
0 0 49.99
0 0 50.02
0 0 50.05
0 0 50.09
0 0 50.12
0 0 50.18
0 0 50.19
0 0 50.22
0 0 50.25
0 0 50.29
0 0 50.32
0 0 50.36
0 0 50.39
0 0 50.42
0 0 50.46
0 0 50.49
0 0 50.52
0 0 50.58
0 0 50.61
0 0 50.64
0 0 50.67
0 0 50.7
0 0 50.73
0 0 50.76
0 0 50.79
0 0 50.82
0 0 50.86
0 0 50.89
0 0 50.92
0 0 50.95
0 0 50.99
0 0 51.02
0 0 51.06
0 0 51.09
0 0 51.12
0 0 51.15
0 0 51.19
0 0 51.22
0 0 51.25
0 0 51.29
0 0 51.32
0 0 51.36
0 0 51.39
0 0 51.42
0 0 51.45
0 0 51.49
0 0 51.53
0 0 51.55
0 0 51.59
0 0 51.62
0 0 51.65
0 0 51.69
0 0 51.72
0 0 51.75
0 0 51.79
0 0 51.82
0 0 51.86
0 0 51.89
0 0 51.92
0 0 51.95
0 0 51.99
0 0 52.02
0 0 52.05
0 0 52.09
0 0 52.12
0 0 52.15
0 0 52.19
0 0 52.22
0 0 52.25
0 0 52.29
0 0 52.32
0 0 52.36
0 0 52.39
0 0 52.42
0 0 52.46
0 0 52.49
0 0 52.52
0 0 52.55
0 0 52.59
0 0 52.62
0 0 52.65
0 0 52.69
0 0 52.72
0 0 52.75
0 0 52.79
0 0 52.82
0 0 52.86
0 0 52.89
0 0 52.92
0 0 52.95
0 0 52.99
0 0 53.02
0.533 0.029 53.06
0.518 0.015 53.09
0.503 0.017 53.12
0.491 0.014 53.16
0.479 0.015 53.19
0.47 0.012 53.22
0.463 0.01 53.26
0.456 0.009 53.29
0.451 0.008 53.32
0 0 53.36
0.44 0.014 53.39
0.434 0.006 53.42
0.429 0.006 53.46
0.423 0.007 53.49
0.417 0.007 53.53
0 0 53.55
0.407 0.012 53.59
0.403 0.006 53.62
0.4 0.003 53.66
0.398 0.003 53.69
0.396 0.003 53.72
0.396 0.004 53.76
0.395 0.002 53.79
0.395 0.002 53.82
0.394 0.001 53.86
0 0 53.89
0.394 0.002 53.92
0.394 0.0 53.96
0.394 0.0 53.99
0.395 0.001 54.02
0.395 0.001 54.06
0.396 0.001 54.09
0.397 0.001 54.12
0.398 0.002 54.16
0 0 54.19
0.399 0.003 54.22
0.399 0.001 54.26
0.4 0.001 54.29
0 0 54.32
0.4 0.001 54.36
0 0 54.39
0.401 0.002 54.43
0.402 0.001 54.46
0 0 54.5
0.401 0.0 54.53
0.4 0.001 54.56
0.399 0.002 54.59
0 0 54.62
0.398 0.002 54.66
0.397 0.001 54.69
0.397 0.001 54.72
0.396 0.001 54.76
0.396 0.001 54.79
0.396 0.001 54.83
0.396 0.001 54.86
0.396 0.001 54.89
0.397 0.001 54.92
0.398 0.001 54.96
0.398 0.001 54.99
0.399 0.002 55.03
0.399 0.001 55.06
0.399 0.002 55.09
0.4 0.001 55.13
0.399 0.002 55.16
0.399 0.002 55.19
0.4 0.002 55.22
0.401 0.002 55.26
0.402 0.001 55.29
0.402 0.001 55.32
0.404 0.002 55.36
0.406 0.002 55.39
0.407 0.002 55.42
0.409 0.002 55.46
0.41 0.002 55.49
0.412 0.002 55.52
0.413 0.002 55.56
0.414 0.002 55.59
0.415 0.002 55.62
0.416 0.003 55.66
0.417 0.003 55.7
0.419 0.004 55.73
0.42 0.004 55.76
0.423 0.004 55.79
0.426 0.005 55.82
0.429 0.005 55.86
0.433 0.006 55.9
0.439 0.007 55.92
0.445 0.008 55.96
0.454 0.009 55.99
0.463 0.01 56.02
0.473 0.011 56.07
0.483 0.011 56.1
0.494 0.012 56.13
0.505 0.012 56.16
0.516 0.013 56.19
0.527 0.012 56.22
0.539 0.012 56.26
0 0 56.29
0.563 0.027 56.32
0 0 56.35
0 0 56.39
0 0 56.42
0 0 56.45
0 0 56.49
0 0 56.52
0 0 56.55
0 0 56.59
0 0 56.62
0 0 56.65
0 0 56.69
0 0 56.72
0 0 56.75
0 0 56.79
0 0 56.82
0 0 56.85
0 0 56.89
0 0 56.92
0 0 56.95
0 0 56.99
0 0 57.02
0 0 57.05
0 0 57.09
0 0 57.12
0 0 57.15
0 0 57.19
0 0 57.22
0 0 57.25
0 0 57.29
0 0 57.32
0 0 57.35
0 0 57.39
0 0 57.42
0 0 57.45
0 0 57.49
0 0 57.52
0 0 57.55
0 0 57.59
0 0 57.63
0 0 57.65
0 0 57.69
0 0 57.72
0 0 57.75
0 0 57.8
0 0 57.82
0 0 57.85
0 0 57.89
0 0 57.92
0 0 57.95
0 0 57.99
0 0 58.02
0 0 58.05
0 0 58.08
0 0 58.12
0 0 58.15
0 0 58.19
0 0 58.22
0 0 58.25
0 0 58.29
0 0 58.32
0 0 58.35
0 0 58.39
0 0 58.42
0 0 58.45
0 0 58.49
0 0 58.52
0 0 58.55
0 0 58.59
0 0 58.62
0 0 58.65
0 0 58.69
0 0 58.72
0 0 58.75
0 0 58.79
0 0 58.82
0 0 58.85
0 0 58.93
0 0 58.96
0 0 58.99
0 0 59.02
0 0 59.04
0 0 59.07
0 0 59.1
0 0 59.13
0 0 59.16
0 0 59.19
0 0 59.22
0 0 59.25
0 0 59.29
0 0 59.32
0 0 59.35
0 0 59.38
0 0 59.42
0 0 59.45
0 0 59.48
0 0 59.52
0 0 59.55
0 0 59.59
0 0 59.62
0 0 59.65
0 0 59.69
0 0 59.72
0 0 59.75
0 0 59.79
0 0 59.82
0 0 59.85
0 0 59.89
0 0 59.92
0 0 59.95
0 0 59.99
0.504 0.016 60.04
0.5 0.005 60.07
0 0 60.1
0.489 0.011 60.12
0.485 0.005 60.16
0.48 0.007 60.19
0.475 0.008 60.22
0.469 0.005 60.26
0.466 0.004 60.29
0 0 60.32
0.455 0.013 60.36
0.451 0.004 60.39
0 0 60.42
0.441 0.009 60.45
0.438 0.003 60.49
0 0 60.52
0.431 0.006 60.55
0.429 0.003 60.59
0.427 0.003 60.62
0.426 0.002 60.65
0.422 0.002 60.69
0.419 0.003 60.72
0.416 0.004 60.75
0.412 0.003 60.79
0.408 0.004 60.82
0.406 0.003 60.86
0.401 0.003 60.89
0.397 0.004 60.92
0.394 0.004 60.95
0.388 0.004 60.99
0.385 0.004 61.02
0.381 0.004 61.06
0.377 0.005 61.09
0.371 0.004 61.12
0.366 0.005 61.16
0.362 0.005 61.19
0.356 0.004 61.22
0.351 0.004 61.26
0.347 0.004 61.29
0 0 61.32
0.338 0.008 61.36
0.335 0.004 61.39
0.33 0.003 61.43
0.329 0.002 61.46
0.327 0.002 61.49
0.326 0.002 61.52
0.323 0.002 61.55
0.321 0.001 61.59
0.32 0.001 61.62
0.316 0.002 61.65
0.315 0.001 61.69
0.315 0.001 61.72
0.315 0.001 61.76
0.312 0.001 61.79
0.311 0.001 61.82
0.309 0.001 61.86
0.307 0.001 61.89
0.307 0.0 61.92
0.308 0.001 61.96
0.307 0.002 61.99
0.308 0.001 62.02
0 0 62.05
0.308 0.002 62.09
0.31 0.002 62.12
0.311 0.002 62.15
0 0 62.19
0.314 0.005 62.22
0.316 0.003 62.25
0.318 0.003 62.29
0.319 0.003 62.32
0.322 0.003 62.36
0 0 62.38
0.327 0.007 62.42
0.331 0.005 62.45
0.335 0.004 62.49
0.339 0.005 62.52
0.343 0.006 62.56
0.348 0.006 62.59
0.354 0.007 62.62
0.358 0.006 62.66
0.364 0.006 62.69
0.37 0.006 62.72
0.374 0.007 62.75
0.379 0.006 62.79
0.384 0.006 62.82
0.387 0.005 62.86
0 0 62.89
0.397 0.013 62.92
0.403 0.008 62.95
0.406 0.005 62.99
0.412 0.009 63.02
0 0 63.05
0.421 0.012 63.09
0.425 0.005 63.12
0.431 0.008 63.15
0.436 0.009 63.19
0.44 0.005 63.22
0 0 63.25
0 0 63.29
0 0 63.32
0 0 63.35
0 0 63.39
0 0 63.42
0 0 63.45
0 0 63.48
0 0 63.52
0 0 63.55
0 0 63.58
0 0 63.62
0 0 63.65
0 0 63.69
0 0 63.72
0 0 63.75
0 0 63.81
0 0 63.83
0 0 63.86
0 0 63.89
0 0 63.93
0 0 63.96
0 0 63.98
0 0 64.02
0 0 64.06
0 0 64.08
0 0 64.12
0 0 64.15
0 0 64.19
0 0 64.22
0 0 64.25
0 0 64.29
0 0 64.32
0 0 64.35
0 0 64.38
0 0 64.42
0 0 64.45
0 0 64.49
0 0 64.52
0 0 64.55
0 0 64.58
0 0 64.62
0 0 64.65
0 0 64.69
0 0 64.72
0 0 64.75
0 0 64.79
0 0 64.82
0 0 64.85
0 0 64.88
0 0 64.92
0 0 64.95
0 0 64.98
0 0 65.04
0 0 65.07
0 0 65.1
0 0 65.13
0 0 65.16
0 0 65.19
0 0 65.22
0 0 65.25
0 0 65.28
0 0 65.32
0 0 65.35
0 0 65.39
0 0 65.42
0 0 65.46
0 0 65.49
0 0 65.52
0 0 65.55
0 0 65.58
0 0 65.62
0 0 65.65
0 0 65.69
0 0 65.72
0 0 65.75
0 0 65.78
0 0 65.82
0 0 65.85
0 0 65.88
0 0 65.92
0 0 65.95
0 0 65.99
0 0 66.02
0 0 66.05
0 0 66.08
0 0 66.12
0 0 66.15
0 0 66.19
0 0 66.22
0 0 66.25
0 0 66.29
0 0 66.32
0 0 66.36
0 0 66.39
0 0 66.42
0 0 66.47
0 0 66.5
0 0 66.52
0 0 66.58
0 0 66.6
0 0 66.63
0 0 66.66
0 0 66.69
0 0 66.72
0 0 66.75
0 0 66.78
0 0 66.82
0 0 66.85
0 0 66.88
0 0 66.92
0 0 66.95
0 0 66.98
0 0 67.02
0 0 67.05
0 0 67.1
0 0 67.13
0 0 67.16
0 0 67.19
0 0 67.22
0 0 67.25
0 0 67.28
0 0 67.32
0 0 67.36
0 0 67.38
0 0 67.42
0 0 67.45
0 0 67.48
0 0 67.52
0 0 67.55
0 0 67.59
0 0 67.62
0 0 67.65
0 0 67.69
0 0 67.72
0 0 67.75
0 0 67.79
0 0 67.83
0 0 67.85
0 0 67.9
0 0 67.93
0 0 67.95
0 0 67.98
0 0 68.02
0 0 68.05
0 0 68.08
0 0 68.12
0 0 68.15
0 0 68.19
0.411 0.028 68.22
0 0 68.27
0.399 0.015 68.3
0.394 0.007 68.33
0.389 0.006 68.37
0.384 0.006 68.4
0 0 68.42
0 0 68.45
0.373 0.016 68.49
0 0 68.52
0.365 0.009 68.55
0.361 0.004 68.59
0.357 0.004 68.62
0.353 0.005 68.65
0.348 0.005 68.69
0.344 0.005 68.72
0.34 0.004 68.75
0.336 0.004 68.79
0.333 0.003 68.82
0.331 0.004 68.86
0 0 68.88
0 0 68.92
0.324 0.007 68.95
0 0 68.98
0.319 0.006 69.03
0.317 0.004 69.05
0.314 0.003 69.09
0 0 69.12
0 0 69.15
0.305 0.011 69.19
0.3 0.005 69.22
0.296 0.005 69.26
0 0 69.29
0.287 0.01 69.33
0.282 0.005 69.37
0.279 0.004 69.4
0.275 0.005 69.43
0.272 0.003 69.46
0.27 0.002 69.49
0.27 0.002 69.52
0.269 0.002 69.55
0.268 0.003 69.59
0.268 0.003 69.62
0 0 69.65
0.27 0.003 69.69
0.271 0.002 69.72
0.272 0.001 69.75
0.273 0.001 69.8
0.275 0.003 69.84
0.275 0.001 69.86
0 0 69.9
0.275 0.003 69.93
0.275 0.001 69.96
0.275 0.001 69.99
0.276 0.001 70.02
0.277 0.001 70.05
0.278 0.002 70.09
0.279 0.002 70.12
0.279 0.001 70.15
0.28 0.001 70.19
0.279 0.0 70.22
0.279 0.002 70.29
0.28 0.001 70.32
0.281 0.001 70.35
0.282 0.001 70.38
0.283 0.001 70.42
0.283 0.001 70.45
0.283 0.001 70.48
0.284 0.002 70.51
0.284 0.001 70.54
0 0 70.57
0 0 70.6
0.284 0.002 70.63
0.284 0.0 70.66
0 0 70.69
0.282 0.002 70.72
0.281 0.002 70.76
0.279 0.004 70.79
0 0 70.82
0.28 0.002 70.86
0.282 0.003 70.89
0.283 0.002 70.92
0 0 70.95
0 0 70.98
0.29 0.006 71.02
0 0 71.05
0 0 71.08
0 0 71.12
0.324 0.034 71.15
0 0 71.19
0.345 0.024 71.23
0.357 0.011 71.26
0.367 0.012 71.31
0.375 0.01 71.34
0.383 0.007 71.37
0.389 0.009 71.4
0.394 0.004 71.43
0 0 71.46
0.405 0.011 71.49
0.41 0.008 71.53
0.419 0.013 71.55
0 0 71.59
0 0 71.62
0 0 71.65
0 0 71.69
0 0 71.72
0 0 71.75
0 0 71.78
0 0 71.82
0 0 71.85
0 0 71.88
0 0 71.92
0 0 71.95
0 0 71.98
0 0 72.02
0 0 72.05
0 0 72.08
0 0 72.12
0 0 72.15
0 0 72.18
0 0 72.22
0 0 72.25
0 0 72.28
0 0 72.32
0 0 72.35
0 0 72.38
0 0 72.41
0 0 72.45
0 0 72.48
0 0 72.52
0 0 72.55
0 0 72.58
0 0 72.62
0 0 72.65
0 0 72.68
0 0 72.72
0 0 72.75
0 0 72.78
0 0 72.82
0 0 72.85
0 0 72.88
0 0 72.92
0 0 72.95
0 0 72.98
0 0 73.02
0 0 73.05
0 0 73.08
0 0 73.12
0 0 73.15
0 0 73.18
0 0 73.22
0 0 73.25
0 0 73.28
0 0 73.32
0 0 73.39
0 0 73.42
0 0 73.44
0 0 73.45
0 0 73.48
0 0 73.52
0.449 0.025 73.55
0 0 73.58
0.429 0.025 73.62
0.421 0.009 73.65
0.416 0.008 73.69
0.41 0.009 73.72
0.403 0.01 73.75
0.399 0.006 73.79
0.393 0.011 73.82
0 0 73.85
0.384 0.012 73.89
0.38 0.004 73.92
0.376 0.006 73.95
0.376 0.003 73.99
0.373 0.003 74.02
0.371 0.003 74.05
0.369 0.003 74.09
0.37 0.004 74.12
0.37 0.004 74.15
0.37 0.001 74.19
0.372 0.003 74.22
0.372 0.004 74.25
0.372 0.003 74.29
0.373 0.001 74.32
0.372 0.001 74.35
0.371 0.002 74.39
0.369 0.003 74.42
0.37 0.002 74.45
0.368 0.002 74.48
0.367 0.003 74.52
0.367 0.003 74.55
0.364 0.003 74.59
0 0 74.62
0.362 0.006 74.68
0.36 0.003 74.7
0.358 0.003 74.72
0.359 0.002 74.75
0.357 0.002 74.78
0.356 0.002 74.83
0.357 0.002 74.86
0.357 0.002 74.89
0.356 0.002 74.92
0.355 0.001 74.96
0.355 0.001 74.99
0.354 0.003 75.02
0.353 0.003 75.06
0.354 0.003 75.1
0.354 0.001 75.13
0.354 0.002 75.15
0.354 0.002 75.19
0.359 0.005 75.22
0 0 75.25
0.36 0.004 75.28
0.363 0.003 75.32
0.363 0.001 75.35
0.362 0.001 75.39
0.364 0.002 75.42
0 0 75.45
0.364 0.002 75.48
0.365 0.001 75.52
0.366 0.002 75.55
0.366 0.001 75.59
0.367 0.001 75.62
0.369 0.001 75.65
0.37 0.0 75.68
0.37 0.002 75.72
0.373 0.001 75.75
0.374 0.003 75.79
0.375 0.001 75.82
0.378 0.002 75.85
0.379 0.001 75.89
0.38 0.001 75.92
0 0 75.95
0 0 75.98
0.386 0.005 76.02
0.387 0.002 76.05
0 0 76.08
0.392 0.004 76.12
0.393 0.003 76.15
0 0 76.18
0.399 0.005 76.22
0.402 0.003 76.26
0.407 0.005 76.29
0.411 0.005 76.32
0.416 0.006 76.35
0.421 0.008 76.39
0.432 0.008 76.42
0.439 0.009 76.45
0.446 0.009 76.48
0.458 0.014 76.52
0.467 0.011 76.55
0 0 76.58
0 0 76.62
0 0 76.65
0 0 76.68
0 0 76.72
0 0 76.75
0 0 76.78
0 0 76.82
0 0 76.85
0 0 76.89
0 0 76.92
0 0 76.95
0 0 77.0
0 0 77.02
0 0 77.05
0 0 77.08
0 0 77.12
0 0 77.15
0 0 77.18
0 0 77.22
0 0 77.25
0 0 77.28
0 0 77.31
0 0 77.35
0 0 77.38
0 0 77.42
0 0 77.45
0 0 77.48
0 0 77.52
0 0 77.55
0 0 77.58
0 0 77.61
0 0 77.66
0 0 77.68
0 0 77.72
0 0 77.75
0 0 77.78
0 0 77.81
0 0 77.85
0 0 77.88
0 0 77.92
0 0 77.95
0 0 77.98
0 0 78.02
0 0 78.05
0 0 78.08
0 0 78.11
0 0 78.15
0 0 78.18
0 0 78.22
0 0 78.25
0 0 78.28
0 0 78.31
0 0 78.35
0 0 78.38
0 0 78.41
0 0 78.45
0 0 78.48
0 0 78.52
0 0 78.55
0 0 78.58
0 0 78.61
0 0 78.65
0 0 78.68
0 0 78.71
0 0 78.75
0 0 78.78
0 0 78.81
0 0 78.85
0 0 78.88
0 0 78.92
0 0 78.95
0 0 78.98
0 0 79.02
0 0 79.05
0 0 79.08
0 0 79.11
0 0 79.15
0 0 79.18
0 0 79.21
0 0 79.25
0 0 79.28
0 0 79.32
0 0 79.35
0 0 79.38
0 0 79.41
0 0 79.45
0 0 79.48
0 0 79.52
0 0 79.55
0 0 79.58
0 0 79.61
0 0 79.65
0 0 79.68
0 0 79.71
0 0 79.75
0 0 79.78
0 0 79.81
0 0 79.85
0 0 79.88
0 0 79.91
0 0 79.95
0 0 79.98
0 0 80.02
0 0 80.05
0 0 80.08
0 0 80.11
0 0 80.15
0 0 80.18
0 0 80.21
0 0 80.25
0 0 80.28
0 0 80.31
0 0 80.35
0 0 80.38
0 0 80.41
0 0 80.45
0 0 80.48
0.551 0.054 80.52
0.543 0.012 80.55
0.535 0.011 80.59
0.528 0.008 80.62
0.522 0.006 80.67
0.517 0.008 80.7
0.511 0.008 80.72
0.506 0.006 80.75
0.5 0.009 80.78
0.495 0.006 80.82
0.491 0.005 80.85
0.486 0.007 80.88
0.482 0.005 80.92
0.479 0.005 80.95
0.476 0.005 80.98
0.473 0.004 81.02
0.471 0.004 81.05
0.469 0.004 81.08
0.467 0.004 81.12
0 0 81.15
0 0 81.18
0.463 0.007 81.22
0 0 81.25
0.46 0.004 81.28
0.46 0.002 81.32
0.458 0.002 81.35
0.457 0.003 81.38
0.457 0.002 81.42
0.456 0.001 81.45
0.455 0.003 81.48
0 0 81.52
0.453 0.003 81.55
0.452 0.001 81.59
0.452 0.001 81.62
