0.277 0.392 2.31
0.279 0.004 2.41
0 0 2.44
0.279 0.01 2.47
0.28 0.007 2.51
0.285 0.009 2.53
0.289 0.01 2.56
0 0 2.59
0.3 0.026 2.61
0.309 0.015 2.63
0 0 2.66
0.33 0.036 2.69
0 0 2.72
0.354 0.048 2.76
0 0 2.79
0 0 2.82
0 0 2.85
0 0 2.88
0 0 2.89
0 0 2.92
0 0 2.95
0 0 2.98
0 0 3.01
0 0 3.05
0 0 3.08
0 0 3.11
0 0 3.14
0 0 3.17
0 0 3.2
0 0 3.23
0 0 3.27
0 0 3.28
0 0 3.31
0 0 3.34
0 0 3.38
0 0 3.4
0 0 3.43
0 0 3.46
0 0 3.5
0 0 3.53
0 0 3.56
0 0 3.6
0 0 3.63
0 0 3.66
0 0 3.7
0 0 3.73
0 0 3.76
0 0 3.8
0 0 3.83
0 0 3.86
0 0 3.9
0 0 3.93
0 0 3.96
0 0 4.0
0 0 4.03
0 0 4.06
0 0 4.1
0 0 4.13
0 0 4.16
0 0 4.2
0 0 4.23
0 0 4.26
0 0 4.3
0 0 4.33
0 0 4.36
0 0 4.4
0 0 4.43
0 0 4.46
0 0 4.5
0 0 4.53
0 0 4.56
0 0 4.6
0 0 4.63
0 0 4.66
0 0 4.7
0 0 4.73
0 0 4.76
0 0 4.8
0 0 4.83
0 0 4.86
0 0 4.89
0 0 4.93
0 0 4.96
0 0 4.99
0 0 5.03
0 0 5.07
0 0 5.09
0 0 5.13
0 0 5.16
0 0 5.2
0 0 5.23
0 0 5.26
0.391 0.034 5.3
0 0 5.35
0.382 0.016 5.38
0.379 0.008 5.41
0 0 5.44
0.375 0.013 5.46
0 0 5.5
0.372 0.011 5.53
0.371 0.005 5.56
0.369 0.007 5.6
0.366 0.007 5.63
0.365 0.004 5.66
0.362 0.005 5.7
0.36 0.005 5.73
0.358 0.004 5.76
0.356 0.004 5.8
0.354 0.004 5.83
0.353 0.004 5.87
0 0 5.89
0.352 0.007 5.93
0 0 5.96
0.35 0.006 6.0
0.348 0.002 6.03
0.346 0.003 6.06
0.345 0.004 6.1
0.342 0.004 6.13
0 0 6.16
0.337 0.009 6.2
0.336 0.005 6.23
0.333 0.004 6.27
0.331 0.004 6.3
0.329 0.004 6.33
0.328 0.004 6.36
0.326 0.003 6.4
0.326 0.003 6.43
0.324 0.003 6.46
0.322 0.003 6.49
0.321 0.004 6.53
0.319 0.004 6.56
0.316 0.004 6.6
0.313 0.004 6.63
0.311 0.004 6.66
0.309 0.004 6.7
0.308 0.003 6.73
0.308 0.002 6.76
0.308 0.002 6.8
0.308 0.001 6.83
0.309 0.001 6.87
0.311 0.002 6.9
0.312 0.002 6.93
0 0 6.96
0.316 0.004 6.99
0.317 0.001 7.03
0.317 0.001 7.07
0.317 0.0 7.1
0.317 0.0 7.13
0.317 0.0 7.16
0.318 0.001 7.2
0.318 0.001 7.23
0.319 0.001 7.26
0.32 0.001 7.29
0.321 0.001 7.33
0.322 0.001 7.37
0.322 0.002 7.4
0.322 0.001 7.43
0.321 0.002 7.46
0.32 0.003 7.5
0.319 0.003 7.53
0 0 7.56
0.316 0.006 7.6
0.314 0.004 7.63
0.313 0.005 7.66
0.312 0.006 7.7
0.313 0.007 7.73
0.314 0.008 7.76
0.315 0.008 7.79
0.318 0.009 7.83
0.324 0.009 7.86
0.33 0.01 7.89
0.337 0.011 7.93
0 0 7.96
0 0 7.99
0.365 0.036 8.03
0 0 8.06
0 0 8.09
0 0 8.13
0 0 8.16
0.418 0.075 8.2
0 0 8.23
0 0 8.3
0 0 8.33
0 0 8.35
0 0 8.38
0 0 8.39
0 0 8.43
0 0 8.46
0 0 8.49
0 0 8.53
0 0 8.56
0 0 8.59
0 0 8.63
0 0 8.68
0 0 8.71
0 0 8.74
0 0 8.76
0 0 8.79
0 0 8.83
0 0 8.86
0 0 8.89
0 0 8.93
0 0 8.97
0 0 9.02
0 0 9.05
0 0 9.06
0 0 9.09
0 0 9.13
0 0 9.16
0 0 9.19
0 0 9.23
0 0 9.26
0 0 9.29
0 0 9.33
0 0 9.36
0 0 9.39
0 0 9.42
0 0 9.46
0 0 9.49
0 0 9.53
0 0 9.59
0 0 9.61
0 0 9.64
0 0 9.66
0 0 9.69
0 0 9.72
0 0 9.77
0 0 9.8
0 0 9.83
0 0 9.86
0 0 9.89
0 0 9.93
0 0 9.96
0 0 9.99
0 0 10.03
0 0 10.06
0 0 10.09
0 0 10.13
0 0 10.16
0 0 10.19
0 0 10.23
0 0 10.26
0 0 10.29
0 0 10.33
0 0 10.36
0 0 10.39
0 0 10.43
0 0 10.46
0 0 10.49
0 0 10.53
0 0 10.56
0 0 10.59
0 0 10.63
0 0 10.66
0 0 10.7
0 0 10.72
0 0 10.77
0 0 10.79
0 0 10.82
0 0 10.86
0.406 0.024 10.9
0.395 0.017 10.93
0.384 0.016 10.96
0.376 0.012 10.99
0.367 0.014 11.03
0.359 0.012 11.06
0.353 0.011 11.09
0.348 0.012 11.13
0.343 0.009 11.16
0.339 0.009 11.2
0.336 0.008 11.23
0.333 0.007 11.26
0.329 0.006 11.3
0.328 0.005 11.33
0 0 11.36
0.324 0.009 11.4
0.323 0.005 11.43
0.322 0.004 11.46
0.321 0.004 11.5
0.321 0.003 11.53
0.321 0.003 11.57
0.321 0.003 11.6
0.321 0.003 11.65
0.321 0.003 11.68
0 0 11.71
0.319 0.004 11.73
0.319 0.002 11.76
0.318 0.003 11.8
0.318 0.002 11.83
0 0 11.89
0.32 0.004 11.91
0.321 0.001 11.94
0 0 11.97
0.324 0.003 11.99
0 0 12.03
0 0 12.06
0.325 0.003 12.09
0.325 0.001 12.13
0 0 12.16
0.326 0.001 12.2
0 0 12.23
0.326 0.002 12.26
0.326 0.001 12.29
0.324 0.002 12.33
0 0 12.36
0.322 0.003 12.41
0.322 0.001 12.43
0.321 0.001 12.46
0 0 12.51
0.322 0.002 12.54
0.322 0.002 12.57
0.321 0.002 12.6
0.322 0.004 12.63
0 0 12.66
0.322 0.001 12.7
0.323 0.0 12.73
0.323 0.002 12.76
0.323 0.001 12.79
0.323 0.001 12.83
0.324 0.001 12.86
0.323 0.001 12.89
0 0 12.93
0.323 0.003 12.96
0.323 0.002 12.99
0.323 0.002 13.03
0.324 0.003 13.06
0.324 0.004 13.09
0.324 0.004 13.13
0.324 0.005 13.16
0.326 0.005 13.2
0 0 13.23
0.329 0.012 13.26
0.332 0.007 13.29
0.335 0.008 13.33
0.34 0.008 13.36
0.348 0.009 13.39
0.354 0.01 13.43
0.362 0.011 13.46
0.37 0.011 13.5
0 0 13.53
0 0 13.56
0 0 13.59
0 0 13.63
0 0 13.67
0 0 13.7
0 0 13.72
0 0 13.76
0 0 13.79
0 0 13.82
0 0 13.86
0 0 13.89
0 0 13.93
0 0 13.96
0 0 13.99
0 0 14.03
0 0 14.06
0 0 14.09
0 0 14.13
0 0 14.16
0 0 14.19
0 0 14.23
0 0 14.27
0 0 14.29
0 0 14.33
0 0 14.36
0 0 14.39
0 0 14.43
0 0 14.46
0 0 14.49
0 0 14.53
0 0 14.56
0 0 14.59
0 0 14.63
0 0 14.67
0 0 14.72
0 0 14.75
0 0 14.76
0 0 14.79
0 0 14.83
0 0 14.86
0 0 14.89
0 0 14.93
0 0 14.96
0 0 15.03
0 0 15.06
0 0 15.08
0 0 15.09
0 0 15.13
0 0 15.16
0 0 15.19
0 0 15.22
0 0 15.28
0 0 15.29
0 0 15.33
0 0 15.36
0 0 15.39
0 0 15.43
0 0 15.46
0 0 15.49
0 0 15.53
0 0 15.56
0 0 15.59
0 0 15.63
0 0 15.66
0 0 15.7
0 0 15.72
0 0 15.76
0 0 15.79
0 0 15.82
0 0 15.86
0 0 15.89
0 0 15.92
0 0 15.96
0 0 15.99
0 0 16.03
0 0 16.06
0 0 16.09
0 0 16.13
0 0 16.16
0.5 0.108 16.2
0.491 0.012 16.23
0.484 0.013 16.26
0.476 0.015 16.3
0 0 16.33
0.463 0.023 16.36
0.456 0.01 16.4
0.449 0.008 16.43
0.445 0.008 16.46
0.439 0.008 16.5
0.433 0.007 16.53
0.428 0.007 16.56
0.426 0.006 16.6
0.422 0.006 16.63
0.418 0.005 16.66
0.416 0.005 16.7
0.413 0.005 16.73
0.411 0.004 16.76
0.41 0.004 16.8
0.408 0.004 16.83
0.405 0.004 16.87
0.405 0.004 16.9
0.403 0.004 16.93
0 0 16.96
0.401 0.007 17.0
0.401 0.004 17.03
0.399 0.004 17.06
0.397 0.003 17.1
0.399 0.003 17.13
0.399 0.002 17.16
0 0 17.2
0.401 0.002 17.23
0 0 17.26
0 0 17.29
0.404 0.003 17.33
0.406 0.001 17.36
0.406 0.001 17.39
0.406 0.0 17.43
0.407 0.001 17.46
0.407 0.002 17.5
0 0 17.53
0.408 0.002 17.56
0.408 0.001 17.6
0.409 0.001 17.63
0.41 0.002 17.66
0.411 0.001 17.7
0.412 0.001 17.73
0.412 0.002 17.77
0 0 17.79
0 0 17.82
0.413 0.002 17.86
0 0 17.89
0.414 0.002 17.93
0.413 0.001 17.97
0.413 0.001 18.0
0.412 0.002 18.03
0.41 0.002 18.06
0 0 18.09
0 0 18.12
0 0 18.16
0.406 0.008 18.2
0 0 18.23
0.404 0.003 18.26
0.403 0.003 18.3
0.405 0.002 18.33
0.405 0.001 18.36
0.405 0.001 18.4
0.406 0.002 18.43
0.407 0.001 18.46
0.408 0.002 18.49
0 0 18.53
0.411 0.002 18.56
0.411 0.001 18.59
0.412 0.001 18.63
0.413 0.001 18.66
0.414 0.001 18.7
0.414 0.002 18.73
0 0 18.76
0.414 0.006 18.8
0.414 0.004 18.83
0.414 0.006 18.88
0.418 0.008 18.91
0.421 0.01 18.94
0.425 0.012 18.97
0.435 0.016 19.0
0 0 19.03
0.462 0.04 19.06
0 0 19.09
0.503 0.05 19.13
0 0 19.16
0 0 19.19
0 0 19.22
0 0 19.26
0 0 19.29
0 0 19.32
0 0 19.36
0 0 19.39
0 0 19.42
0 0 19.46
0 0 19.49
0 0 19.53
0 0 19.56
0 0 19.59
0 0 19.65
0 0 19.68
0 0 19.71
0 0 19.73
0 0 19.76
0 0 19.79
0 0 19.84
0 0 19.87
0 0 19.89
0 0 19.92
0 0 19.96
0 0 19.99
0 0 20.03
0 0 20.06
0 0 20.09
0 0 20.12
0 0 20.16
0 0 20.19
0 0 20.23
0 0 20.26
0 0 20.29
0 0 20.32
0 0 20.36
0 0 20.39
0 0 20.42
0 0 20.46
0 0 20.49
0 0 20.52
0 0 20.56
0 0 20.59
0 0 20.62
0 0 20.66
0 0 20.7
0 0 20.72
0 0 20.76
0 0 20.79
0 0 20.83
0 0 20.86
0 0 20.89
0 0 20.93
0 0 20.96
0 0 20.99
0 0 21.03
0 0 21.06
0 0 21.09
0 0 21.12
0 0 21.16
0.595 0.122 21.2
0 0 21.22
0 0 21.26
0 0 21.3
0.54 0.073 21.34
0 0 21.36
0.517 0.03 21.4
0.505 0.016 21.43
0.494 0.013 21.46
0.484 0.014 21.49
0.475 0.012 21.53
0 0 21.56
0.46 0.021 21.6
0.454 0.01 21.63
0.449 0.009 21.66
0.445 0.007 21.7
0.442 0.007 21.74
0.438 0.006 21.78
0.435 0.006 21.8
0.432 0.005 21.84
0.429 0.005 21.86
0.426 0.004 21.9
0.423 0.004 21.93
0.422 0.004 21.96
0.421 0.005 21.99
0 0 22.02
0.419 0.007 22.06
0.417 0.003 22.09
0.416 0.003 22.13
0.414 0.002 22.16
0.414 0.001 22.2
0.413 0.002 22.23
0.413 0.001 22.26
0.413 0.001 22.29
0.414 0.002 22.33
0 0 22.36
0 0 22.39
0.415 0.002 22.43
0.415 0.001 22.46
0.415 0.001 22.49
0.415 0.003 22.53
0.414 0.003 22.56
0.414 0.003 22.6
0 0 22.62
0.413 0.001 22.66
0.414 0.001 22.7
0.414 0.002 22.73
0.415 0.002 22.76
0.417 0.002 22.79
0.418 0.002 22.83
0.418 0.003 22.86
0.419 0.003 22.89
0.42 0.003 22.93
0.421 0.002 22.96
0.421 0.001 23.0
0.421 0.0 23.03
0.421 0.002 23.08
0.421 0.002 23.12
0.421 0.001 23.15
0.421 0.001 23.19
0.421 0.002 23.22
0.421 0.001 23.25
0.42 0.001 23.28
0.42 0.002 23.31
0.419 0.001 23.34
0.419 0.001 23.37
0.418 0.001 23.4
0.418 0.002 23.45
0.418 0.004 23.48
0.417 0.004 23.5
0.418 0.005 23.53
0.419 0.006 23.56
0.421 0.007 23.6
0.425 0.009 23.63
0.429 0.01 23.66
0.436 0.012 23.7
0.445 0.014 23.73
0.456 0.016 23.76
0 0 23.79
0.487 0.041 23.83
0.506 0.025 23.86
0 0 23.89
0 0 23.92
0 0 23.96
0 0 23.99
0 0 24.03
0 0 24.06
0 0 24.09
0 0 24.12
0 0 24.16
0 0 24.19
0 0 24.23
0 0 24.26
0 0 24.29
0 0 24.32
0 0 24.36
0 0 24.39
0 0 24.43
0 0 24.46
0 0 24.49
0 0 24.52
0 0 24.56
0 0 24.59
0 0 24.63
0 0 24.66
0 0 24.69
0 0 24.72
0 0 24.76
0 0 24.79
0 0 24.82
0 0 24.86
0 0 24.89
0 0 24.92
0 0 24.96
0 0 24.99
0 0 25.03
0 0 25.06
0 0 25.09
0 0 25.12
0 0 25.16
0 0 25.21
0 0 25.24
0 0 25.27
0 0 25.3
0 0 25.34
0 0 25.37
0 0 25.4
0 0 25.45
0 0 25.48
0 0 25.49
0 0 25.53
0 0 25.56
0 0 25.59
0 0 25.63
0 0 25.66
0 0 25.69
0 0 25.72
0 0 25.76
0 0 25.79
0 0 25.82
0 0 25.86
0 0 25.89
0 0 25.92
0 0 25.96
0 0 25.99
0 0 26.03
0 0 26.06
0 0 26.09
0 0 26.12
0 0 26.16
0 0 26.19
0 0 26.22
0.519 0.045 26.26
0.509 0.014 26.29
0 0 26.32
0.49 0.026 26.36
0.481 0.013 26.39
0.473 0.011 26.43
0.464 0.012 26.46
0.455 0.011 26.49
0.447 0.01 26.53
0.438 0.01 26.56
0.432 0.009 26.59
0.426 0.009 26.63
0.42 0.007 26.66
0.416 0.007 26.7
0.412 0.006 26.73
0.409 0.005 26.76
0.407 0.004 26.8
0.405 0.004 26.83
0.403 0.003 26.86
0 0 26.89
0.402 0.005 26.93
0.402 0.003 26.97
0 0 26.99
0.401 0.005 27.03
0 0 27.06
0 0 27.09
0.401 0.005 27.13
0.401 0.001 27.16
0.402 0.0 27.2
0.401 0.001 27.23
0.401 0.0 27.26
0.401 0.0 27.29
0.4 0.002 27.33
0.4 0.0 27.36
0.399 0.001 27.4
0.398 0.001 27.43
0.397 0.001 27.46
0.397 0.002 27.49
0.397 0.001 27.53
0.396 0.001 27.56
0.396 0.001 27.59
0.395 0.0 27.63
0.394 0.001 27.66
0.393 0.001 27.7
0.393 0.002 27.73
0.39 0.001 27.76
0 0 27.79
0.39 0.003 27.83
0.389 0.001 27.86
0.388 0.001 27.89
0.389 0.001 27.93
0.389 0.002 27.96
0.389 0.002 27.99
0.39 0.001 28.03
0 0 28.06
0.391 0.003 28.09
0.392 0.002 28.12
0.392 0.002 28.16
0.391 0.002 28.19
0.391 0.003 28.23
0 0 28.26
0.39 0.007 28.29
0.39 0.005 28.33
0.39 0.005 28.36
0 0 28.39
0.392 0.012 28.43
0.395 0.007 28.46
0.399 0.007 28.51
0.403 0.007 28.53
0.408 0.007 28.57
0.413 0.007 28.6
0.418 0.007 28.63
0.424 0.007 28.66
0.431 0.008 28.7
0.437 0.007 28.73
0.443 0.008 28.76
0.45 0.008 28.79
0.457 0.008 28.84
0.464 0.008 28.88
0.473 0.01 28.91
0.481 0.01 28.95
0.49 0.012 28.98
0 0 29.01
0 0 29.02
0 0 29.06
0.533 0.052 29.09
0 0 29.12
0 0 29.16
0 0 29.2
0 0 29.23
0 0 29.26
0 0 29.29
0 0 29.32
0 0 29.36
0 0 29.39
0 0 29.42
0 0 29.46
0 0 29.49
0 0 29.52
0 0 29.56
0 0 29.59
0 0 29.62
0 0 29.66
0 0 29.69
0 0 29.72
0 0 29.76
0 0 29.79
0 0 29.82
0 0 29.86
0 0 29.89
0 0 29.92
0 0 29.96
0 0 29.99
0 0 30.02
0 0 30.06
0 0 30.09
0 0 30.12
0 0 30.16
0 0 30.19
0 0 30.22
0 0 30.26
0 0 30.29
0 0 30.32
0 0 30.36
0 0 30.39
0 0 30.42
0 0 30.46
0 0 30.49
0 0 30.53
0 0 30.56
0 0 30.59
0 0 30.62
0 0 30.66
0 0 30.69
0 0 30.72
0 0 30.76
0 0 30.79
0 0 30.82
0 0 30.86
0 0 30.89
0 0 30.92
0 0 30.96
0 0 31.0
0 0 31.03
0 0 31.1
0 0 31.11
0 0 31.14
0 0 31.18
0 0 31.21
0 0 31.22
0 0 31.27
0 0 31.3
0 0 31.32
0 0 31.36
0 0 31.39
0 0 31.42
0 0 31.46
0 0 31.49
0 0 31.52
0 0 31.56
0 0 31.59
0 0 31.62
0 0 31.66
0 0 31.69
0 0 31.72
0 0 31.76
0 0 31.79
0 0 31.82
0 0 31.86
0 0 31.89
0 0 31.92
0 0 31.95
0 0 31.99
0 0 32.02
0 0 32.06
0 0 32.09
0 0 32.12
0 0 32.16
0 0 32.19
0 0 32.22
0 0 32.26
0 0 32.29
0 0 32.32
0 0 32.36
0 0 32.39
0 0 32.42
0 0 32.45
0 0 32.49
0 0 32.52
0 0 32.56
0 0 32.59
0 0 32.62
0 0 32.66
0 0 32.69
0 0 32.72
0 0 32.75
0 0 32.79
0 0 32.82
0 0 32.86
0 0 32.89
0 0 32.92
0 0 32.96
0 0 32.99
0 0 33.02
0 0 33.06
0 0 33.09
0 0 33.12
0 0 33.16
0 0 33.19
0 0 33.22
0 0 33.26
0 0 33.29
0 0 33.32
0 0 33.36
0 0 33.39
0 0 33.42
0 0 33.46
0 0 33.49
0 0 33.52
0 0 33.56
0 0 33.59
0 0 33.62
0 0 33.66
0 0 33.69
0 0 33.72
0 0 33.75
0 0 33.79
0 0 33.83
0 0 33.86
0 0 33.89
0 0 33.92
0 0 33.96
0 0 33.99
0 0 34.02
0 0 34.06
0 0 34.09
0 0 34.12
0 0 34.16
0 0 34.19
0 0 34.22
0 0 34.26
0 0 34.3
0 0 34.34
0.553 0.059 34.37
0 0 34.4
0.529 0.028 34.43
0.518 0.013 34.46
0 0 34.49
0.5 0.021 34.53
0.493 0.008 34.56
0.485 0.01 34.59
0 0 34.62
0.472 0.015 34.66
0 0 34.69
0.46 0.013 34.72
0.454 0.007 34.76
0.449 0.005 34.8
0.445 0.006 34.82
0.441 0.005 34.86
0.436 0.006 34.89
0.431 0.005 34.93
0.428 0.006 34.96
0.423 0.006 35.0
0.419 0.006 35.03
0.415 0.006 35.06
0.412 0.006 35.09
0.408 0.006 35.12
0.406 0.005 35.16
0.403 0.005 35.19
0.402 0.004 35.23
0.402 0.004 35.26
0.4 0.003 35.29
0.399 0.002 35.32
0.397 0.002 35.36
0.395 0.002 35.39
0.393 0.002 35.42
0.392 0.002 35.46
0.39 0.002 35.49
0.388 0.002 35.53
0.387 0.002 35.56
0.386 0.002 35.59
0.384 0.001 35.62
0.383 0.001 35.66
0.382 0.001 35.69
0.382 0.001 35.72
0.381 0.001 35.76
0.38 0.001 35.79
0.38 0.001 35.82
0.379 0.001 35.86
0.379 0.001 35.89
0.379 0.002 35.93
0.377 0.001 35.96
0.377 0.001 35.99
0.377 0.003 36.03
0.376 0.001 36.06
0.375 0.001 36.09
0.375 0.001 36.13
0 0 36.16
0.374 0.002 36.2
0.373 0.002 36.23
0.373 0.001 36.26
0.373 0.001 36.29
0.371 0.002 36.33
0.37 0.002 36.36
0.367 0.001 36.39
0.366 0.001 36.43
0.366 0.001 36.46
0 0 36.51
0.365 0.002 36.54
0.364 0.001 36.56
0.364 0.001 36.59
0 0 36.62
0.363 0.001 36.66
0 0 36.69
0.363 0.002 36.74
0.363 0.001 36.77
0.362 0.001 36.81
0 0 36.83
0.361 0.002 36.87
0.361 0.002 36.9
0.36 0.001 36.93
0.361 0.002 36.96
0.361 0.001 36.99
0.361 0.001 37.03
0.361 0.001 37.06
0.362 0.001 37.09
0.363 0.001 37.12
0.362 0.001 37.16
0.364 0.002 37.19
0.365 0.001 37.23
0.365 0.001 37.26
0.365 0.001 37.29
0.366 0.002 37.32
0 0 37.37
0.366 0.003 37.4
0.366 0.002 37.43
0.366 0.002 37.46
0.364 0.001 37.5
0.363 0.002 37.52
0.362 0.002 37.56
0.361 0.002 37.59
0.36 0.003 37.62
0.359 0.003 37.66
0.359 0.004 37.7
0.357 0.004 37.73
0.357 0.004 37.76
0.357 0.005 37.79
0.356 0.006 37.82
0.358 0.005 37.86
0.361 0.006 37.89
0.363 0.008 37.92
0.368 0.008 37.96
0.374 0.009 37.99
0.382 0.01 38.02
0.387 0.01 38.06
0.396 0.011 38.09
0.404 0.011 38.12
0.412 0.012 38.15
0.422 0.012 38.19
0 0 38.22
0.441 0.024 38.26
0.452 0.012 38.29
0 0 38.32
0 0 38.35
0.497 0.051 38.39
0 0 38.42
0 0 38.45
0 0 38.49
0 0 38.52
0 0 38.55
0 0 38.59
0 0 38.62
0 0 38.65
0 0 38.69
0 0 38.72
0 0 38.75
0 0 38.79
0 0 38.82
0 0 38.86
0 0 38.89
0 0 38.92
0 0 38.95
0 0 38.99
0 0 39.02
0 0 39.05
0 0 39.09
0 0 39.12
0 0 39.15
0 0 39.19
0 0 39.22
0 0 39.25
0 0 39.29
0 0 39.32
0 0 39.35
0 0 39.39
0 0 39.42
0 0 39.45
0 0 39.49
0 0 39.52
0 0 39.55
0 0 39.59
0 0 39.62
0 0 39.65
0 0 39.69
0 0 39.72
0 0 39.75
0 0 39.79
0 0 39.82
0 0 39.85
0 0 39.89
0 0 39.92
0 0 39.95
0 0 39.99
0 0 40.02
0 0 40.05
0 0 40.09
0 0 40.12
0 0 40.15
0 0 40.19
0 0 40.22
0 0 40.25
0 0 40.29
0 0 40.32
0 0 40.36
0 0 40.39
0 0 40.42
0 0 40.45
0 0 40.49
0 0 40.52
0 0 40.55
0 0 40.59
0 0 40.62
0 0 40.66
0 0 40.7
0 0 40.72
0 0 40.75
0 0 40.79
0 0 40.82
0 0 40.85
0 0 40.91
0 0 40.93
0 0 40.96
0 0 40.99
0 0 41.02
0 0 41.05
0 0 41.09
0 0 41.13
0.444 0.044 41.16
0.433 0.012 41.19
0.422 0.011 41.22
0.412 0.011 41.26
0.4 0.019 41.29
0.391 0.009 41.32
0.381 0.015 41.36
0 0 41.39
0.364 0.022 41.42
0.357 0.011 41.46
0.35 0.009 41.49
0.345 0.008 41.53
0.337 0.008 41.56
0.331 0.007 41.59
0.326 0.007 41.62
0.32 0.006 41.67
0.316 0.005 41.7
0.311 0.006 41.73
0.305 0.005 41.76
0.301 0.005 41.79
0.298 0.004 41.82
0.294 0.004 41.86
0.292 0.003 41.9
0.29 0.003 41.96
0.287 0.004 41.99
0.286 0.004 42.01
0.286 0.003 42.04
0 0 42.07
0 0 42.1
0 0 42.12
0.284 0.007 42.16
0.282 0.002 42.19
0.282 0.001 42.22
0.282 0.001 42.26
0.28 0.001 42.29
0.28 0.002 42.33
0.28 0.002 42.36
0.28 0.001 42.39
0.279 0.001 42.42
0.279 0.001 42.46
0.278 0.001 42.49
0.277 0.001 42.53
0.276 0.001 42.56
0 0 42.59
0 0 42.62
0.274 0.001 42.66
0 0 42.69
0.273 0.001 42.72
0 0 42.75
0 0 42.79
0.274 0.001 42.82
0.273 0.001 42.86
0.274 0.001 42.89
0.274 0.002 42.93
0.273 0.001 42.96
0.272 0.001 43.0
0 0 43.02
0.27 0.003 43.06
0 0 43.09
0.271 0.004 43.12
0.271 0.001 43.16
0.271 0.002 43.19
0.272 0.001 43.23
0.273 0.002 43.26
0.273 0.002 43.29
0.274 0.002 43.32
0.274 0.003 43.36
0.274 0.002 43.4
0.274 0.004 43.43
0 0 43.46
0.274 0.008 43.5
0.275 0.005 43.53
0.277 0.004 43.56
0.279 0.005 43.59
0.282 0.005 43.62
0.286 0.005 43.66
0.29 0.006 43.69
0.294 0.006 43.73
0.299 0.006 43.78
0.304 0.007 43.81
0.309 0.007 43.84
0 0 43.87
0.321 0.017 43.9
0.327 0.009 43.93
0 0 43.97
0.343 0.019 43.99
0.352 0.013 44.02
0 0 44.05
0.369 0.023 44.09
0.378 0.009 44.13
0.388 0.014 44.15
0 0 44.19
0 0 44.22
0 0 44.25
0 0 44.29
0 0 44.32
0 0 44.38
0 0 44.4
0 0 44.43
0 0 44.46
0 0 44.49
0 0 44.52
0 0 44.55
0 0 44.59
0 0 44.62
0 0 44.65
0 0 44.69
0 0 44.72
0 0 44.75
0 0 44.79
0 0 44.82
0 0 44.88
0 0 44.91
0 0 44.94
0 0 44.96
0 0 44.99
0 0 45.02
0 0 45.05
0 0 45.09
0 0 45.12
0 0 45.15
0 0 45.19
0 0 45.22
0 0 45.26
0 0 45.29
0 0 45.32
0 0 45.35
0 0 45.39
0 0 45.42
0 0 45.45
0 0 45.49
0 0 45.52
0 0 45.56
0 0 45.59
0 0 45.62
0 0 45.65
0 0 45.69
0 0 45.72
0 0 45.75
0 0 45.79
0 0 45.82
0 0 45.86
0 0 45.89
0 0 45.92
0 0 45.95
0 0 45.99
0 0 46.02
0 0 46.06
0 0 46.09
0 0 46.12
0 0 46.15
0 0 46.19
0 0 46.22
0 0 46.25
0 0 46.29
0 0 46.34
0 0 46.37
0 0 46.4
0 0 46.43
0 0 46.46
0 0 46.49
0 0 46.52
0 0 46.55
0 0 46.59
0 0 46.62
0 0 46.65
0 0 46.69
0 0 46.72
0 0 46.75
0 0 46.79
0 0 46.82
0 0 46.85
0 0 46.89
0 0 46.92
0 0 46.95
0 0 46.99
0 0 47.02
0.402 0.053 47.06
0.388 0.02 47.1
0.377 0.013 47.12
0.366 0.015 47.16
0.357 0.012 47.19
0.349 0.011 47.23
0.341 0.011 47.27
0.334 0.011 47.29
0.328 0.01 47.32
0.322 0.007 47.36
0.317 0.009 47.39
0.312 0.008 47.44
0.307 0.007 47.47
0.303 0.007 47.51
0.3 0.006 47.54
0.297 0.005 47.58
0.294 0.006 47.61
0.292 0.004 47.64
0.29 0.004 47.67
0.288 0.005 47.7
0.285 0.005 47.73
0.282 0.004 47.76
0.279 0.004 47.79
0.276 0.003 47.82
0.273 0.004 47.86
0.27 0.004 47.89
0.267 0.004 47.92
0 0 47.95
0.264 0.005 47.99
0.263 0.002 48.04
0.262 0.001 48.07
0.261 0.003 48.1
0.261 0.001 48.14
0.262 0.001 48.17
0 0 48.2
0.263 0.002 48.22
0.264 0.002 48.26
0.265 0.001 48.29
0.266 0.001 48.32
0.267 0.002 48.36
0.267 0.001 48.39
0.267 0.001 48.42
0.267 0.0 48.46
0.266 0.001 48.49
0.266 0.002 48.53
0.263 0.003 48.56
0.26 0.003 48.59
0 0 48.62
0.257 0.004 48.66
0 0 48.69
0.256 0.002 48.72
0 0 48.75
0.258 0.002 48.79
0.258 0.001 48.82
0.259 0.001 48.86
0.26 0.002 48.92
0.262 0.002 48.95
0.264 0.002 48.98
0.264 0.001 49.01
0.265 0.001 49.04
0.265 0.001 49.07
0.265 0.0 49.1
0.265 0.001 49.12
0.265 0.001 49.16
0.266 0.001 49.19
0.266 0.001 49.22
0.265 0.001 49.26
0.265 0.001 49.29
0.265 0.001 49.32
0.266 0.001 49.36
0.267 0.001 49.39
0.267 0.001 49.42
0.267 0.0 49.46
0.267 0.001 49.49
0.268 0.0 49.53
0.268 0.001 49.56
0.269 0.002 49.59
0.27 0.002 49.62
0.27 0.002 49.65
0.27 0.003 49.69
0.271 0.004 49.72
0.272 0.005 49.75
0.273 0.006 49.79
0.277 0.007 49.82
0.282 0.009 49.86
0.287 0.01 49.89
0.294 0.012 49.92
0.304 0.012 49.95
0.314 0.013 49.99
0.325 0.014 50.03
0.338 0.014 50.06
0 0 50.1
0.364 0.033 50.12
0 0 50.15
0 0 50.19
0 0 50.22
0 0 50.25
0 0 50.29
0 0 50.34
0 0 50.37
0 0 50.4
0 0 50.42
0 0 50.45
0 0 50.48
0 0 50.52
0 0 50.55
0 0 50.59
0 0 50.63
0 0 50.66
0 0 50.69
0 0 50.72
0 0 50.75
0 0 50.8
0 0 50.84
0 0 50.86
0 0 50.9
0 0 50.93
0 0 50.95
0 0 50.98
0 0 51.02
0 0 51.05
0 0 51.08
0 0 51.12
0 0 51.15
0 0 51.19
0 0 51.22
0 0 51.25
0 0 51.28
0 0 51.32
0 0 51.35
0 0 51.39
0 0 51.42
0 0 51.45
0 0 51.49
0 0 51.52
0 0 51.55
0 0 51.59
0 0 51.62
0 0 51.65
0 0 51.69
0 0 51.72
0 0 51.75
0 0 51.79
0 0 51.82
0 0 51.85
0 0 51.88
0 0 51.92
0 0 51.95
0 0 51.99
0 0 52.02
0 0 52.05
0 0 52.09
0 0 52.12
0 0 52.15
0 0 52.19
0 0 52.22
0 0 52.25
0 0 52.29
0 0 52.32
0 0 52.35
0 0 52.39
0 0 52.42
0 0 52.45
0 0 52.48
0 0 52.52
0 0 52.55
0 0 52.59
0 0 52.62
0 0 52.65
0 0 52.69
0 0 52.72
0 0 52.75
0 0 52.79
0 0 52.82
0.427 0.045 52.85
0.414 0.016 52.89
0.401 0.02 52.92
0.387 0.022 52.95
0.376 0.014 52.99
0.366 0.015 53.02
0.357 0.013 53.05
0.349 0.012 53.09
0.345 0.011 53.12
0.341 0.009 53.15
0.337 0.009 53.19
0.338 0.008 53.22
0.336 0.006 53.25
0.333 0.005 53.29
0.33 0.005 53.32
0.329 0.004 53.36
0.327 0.004 53.39
0.325 0.004 53.44
0.325 0.003 53.47
0.323 0.002 53.5
0.322 0.002 53.53
0.323 0.001 53.55
0.323 0.001 53.59
0.323 0.001 53.62
0.323 0.001 53.65
0.326 0.001 53.69
0.327 0.001 53.72
0.327 0.0 53.76
0.329 0.002 53.79
0.328 0.001 53.82
0.328 0.001 53.86
0.33 0.001 53.89
0.329 0.001 53.92
0.328 0.002 53.95
0.328 0.001 54.0
0.329 0.001 54.03
0.329 0.001 54.06
0.331 0.001 54.09
0.33 0.001 54.13
0.33 0.001 54.15
0.33 0.0 54.19
0.333 0.001 54.22
0.333 0.0 54.26
0.333 0.002 54.29
0.336 0.001 54.32
0.336 0.001 54.36
0.335 0.002 54.39
0.34 0.001 54.43
0.34 0.001 54.46
0.341 0.001 54.49
0.341 0.001 54.52
0.344 0.002 54.56
0.344 0.003 54.59
0.345 0.005 54.62
0.349 0.007 54.65
0.352 0.008 54.69
0.357 0.01 54.72
0.366 0.011 54.75
0.374 0.012 54.79
0.383 0.013 54.82
0.392 0.014 54.86
0.403 0.014 54.89
0.413 0.014 54.92
0.423 0.013 54.96
0 0 55.0
0.449 0.038 55.03
0 0 55.06
0 0 55.09
0 0 55.12
0 0 55.16
0 0 55.19
0 0 55.22
0 0 55.25
0 0 55.28
0 0 55.32
0 0 55.35
0 0 55.39
0 0 55.42
0 0 55.45
0 0 55.48
0 0 55.52
0 0 55.55
0 0 55.59
0 0 55.62
0 0 55.65
0 0 55.69
0 0 55.72
0 0 55.75
0 0 55.78
0 0 55.82
0 0 55.85
0 0 55.88
0 0 55.92
0 0 55.95
0 0 55.98
0 0 56.02
0 0 56.05
0 0 56.08
0 0 56.12
0 0 56.15
0 0 56.18
0 0 56.22
0 0 56.25
0 0 56.28
0 0 56.32
0 0 56.35
0 0 56.39
0 0 56.42
0 0 56.45
0 0 56.49
0 0 56.52
0 0 56.55
0 0 56.59
0 0 56.62
0 0 56.65
0 0 56.69
0 0 56.72
0 0 56.75
0 0 56.78
0 0 56.82
0 0 56.85
0 0 56.88
0 0 56.92
0 0 56.95
0 0 56.98
0 0 57.02
0 0 57.05
0 0 57.08
0 0 57.12
0 0 57.15
0 0 57.19
0 0 57.22
0 0 57.25
0 0 57.28
0 0 57.32
0 0 57.35
0 0 57.38
0 0 57.42
0 0 57.45
0 0 57.49
0.47 0.048 57.52
0.461 0.015 57.55
0.453 0.015 57.59
0.447 0.013 57.62
0.441 0.011 57.65
0.437 0.009 57.69
0.435 0.008 57.73
0.433 0.006 57.76
0.431 0.005 57.79
0.43 0.004 57.82
0.426 0.004 57.85
0.423 0.004 57.89
0.42 0.004 57.92
0.421 0.003 57.95
0.419 0.003 57.99
0.418 0.002 58.03
0.417 0.002 58.06
0 0 58.09
0.415 0.003 58.12
0.416 0.001 58.15
0.415 0.001 58.19
0.414 0.001 58.22
0 0 58.25
0.413 0.003 58.29
0.412 0.001 58.32
0.412 0.001 58.36
0.413 0.001 58.39
0.413 0.002 58.42
0 0 58.46
0.414 0.002 58.49
0.414 0.004 58.53
0.414 0.006 58.56
0.417 0.009 58.59
0.419 0.011 58.64
0.424 0.014 58.67
0.433 0.017 58.7
0.444 0.021 58.73
0 0 58.78
0.477 0.054 58.81
0.498 0.03 58.84
0 0 58.86
0 0 58.9
0 0 58.93
0 0 58.96
0 0 58.98
0 0 59.02
0 0 59.05
0 0 59.09
0 0 59.12
0 0 59.15
0 0 59.19
0 0 59.22
0 0 59.25
0 0 59.28
0 0 59.32
0 0 59.35
0 0 59.38
0 0 59.42
0 0 59.45
0 0 59.48
0 0 59.52
0 0 59.55
0 0 59.58
0 0 59.62
0 0 59.66
0 0 59.69
0 0 59.72
0 0 59.75
0 0 59.78
0 0 59.82
0 0 59.85
0 0 59.88
0 0 59.92
0 0 59.95
0 0 59.98
0 0 60.02
0 0 60.05
0 0 60.08
0 0 60.12
0 0 60.15
0 0 60.19
