0 0 91.51
0 0 91.53
0 0 91.56
0 0 91.6
0.722 0.758 91.64
0 0 91.66
0.699 0.024 91.7
0 0 91.73
0.701 0.014 91.77
0.695 0.006 91.8
0.696 0.004 91.83
0.691 0.006 91.87
0.691 0.003 91.9
0 0 91.93
0.685 0.005 91.97
0.68 0.006 92.0
0.679 0.004 92.03
0.674 0.006 92.07
0.675 0.001 92.1
0 0 92.13
0.676 0.005 92.17
0.675 0.002 92.2
0.667 0.002 92.24
0.668 0.001 92.27
0 0 92.3
0.67 0.002 92.34
0.671 0.007 92.36
0 0 92.39
0.67 0.003 92.44
0.663 0.003 92.47
0.66 0.003 92.5
0.663 0.003 92.54
0.657 0.001 92.57
0.653 0.004 92.6
0 0 92.63
0.65 0.002 92.67
0 0 92.7
0 0 92.73
0 0 92.76
0 0 92.8
0 0 92.83
0 0 92.86
0 0 92.9
0 0 92.93
0 0 92.97
0 0 92.99
0 0 93.03
0 0 93.08
0 0 93.1
0 0 93.13
0 0 93.16
0 0 93.19
0 0 93.23
0 0 93.26
0 0 93.3
0 0 93.34
0 0 93.39
0 0 93.4
0 0 93.43
0 0 93.46
0 0 93.49
0 0 93.53
0 0 93.58
0 0 93.61
0 0 93.64
0 0 93.66
0 0 93.7
0 0 93.73
0 0 93.76
0 0 93.8
0 0 93.83
0 0 93.86
0 0 93.89
0 0 93.93
0 0 93.96
0 0 94.01
0 0 94.04
0 0 94.07
0 0 94.09
0 0 94.13
0 0 94.16
0 0 94.2
0 0 94.23
0 0 94.26
0 0 94.3
0 0 94.33
0 0 94.36
0 0 94.4
0 0 94.43
0 0 94.46
0 0 94.5
0 0 94.53
0 0 94.56
0 0 94.6
0 0 94.63
0 0 94.66
0 0 94.69
0 0 94.73
0 0 94.76
0 0 94.8
0 0 94.83
0 0 94.86
0 0 94.89
0 0 94.93
0 0 94.98
0 0 95.01
0 0 95.03
0 0 95.08
0 0 95.11
0 0 95.13
0 0 95.16
0 0 95.19
0 0 95.25
0 0 95.28
0 0 95.3
0 0 95.33
0 0 95.36
0 0 95.39
0 0 95.43
0 0 95.46
0 0 95.49
0 0 95.53
0 0 95.56
0 0 95.6
0 0 95.63
0 0 95.67
0 0 95.69
0 0 95.73
0 0 95.76
0 0 95.8
0 0 95.83
0 0 95.86
0 0 95.9
0 0 95.93
0 0 95.96
0 0 96.0
0 0 96.03
0 0 96.06
0 0 96.09
0 0 96.13
0 0 96.16
0 0 96.2
0 0 96.23
0 0 96.26
0 0 96.3
0 0 96.33
0 0 96.36
0 0 96.4
0 0 96.43
0 0 96.46
0 0 96.5
0 0 96.53
0 0 96.56
0 0 96.6
0 0 96.63
0 0 96.66
0 0 96.7
0 0 96.73
0 0 96.76
0 0 96.8
0 0 96.83
0 0 96.86
0 0 96.9
0 0 96.93
0 0 96.96
0 0 97.0
0 0 97.03
0 0 97.06
0 0 97.1
0 0 97.13
0 0 97.16
0 0 97.2
0 0 97.23
0 0 97.27
0 0 97.3
0 0 97.34
0 0 97.37
0 0 97.41
0 0 97.43
0 0 97.46
0 0 97.49
0 0 97.53
0 0 97.56
0 0 97.61
0 0 97.63
0 0 97.66
0 0 97.7
0 0 97.73
0 0 97.76
0 0 97.8
0 0 97.83
0 0 97.86
0 0 97.89
0 0 97.93
0 0 97.96
0 0 98.0
0 0 98.03
0 0 98.07
0 0 98.09
0 0 98.13
0 0 98.16
0 0 98.2
0 0 98.24
0 0 98.27
0 0 98.3
0 0 98.33
0 0 98.36
0 0 98.39
0 0 98.43
0 0 98.46
0 0 98.49
0 0 98.54
0 0 98.57
0 0 98.6
0 0 98.63
0 0 98.66
0 0 98.71
0 0 98.75
0 0 98.77
0 0 98.8
0 0 98.83
0 0 98.86
0 0 98.9
0 0 98.93
0 0 98.96
0 0 98.99
0 0 99.03
0 0 99.06
0 0 99.09
0 0 99.13
0 0 99.16
0 0 99.19
0 0 99.23
0 0 99.26
0 0 99.3
0 0 99.33
0 0 99.36
0 0 99.39
0 0 99.43
0 0 99.46
0 0 99.49
0 0 99.53
0 0 99.56
0 0 99.59
0 0 99.63
0 0 99.66
0 0 99.69
0 0 99.73
0 0 99.76
0 0 99.8
0 0 99.83
0 0 99.87
0 0 99.9
0 0 99.93
0 0 99.96
0 0 99.99
0 0 100.03
0 0 100.06
0 0 100.09
0 0 100.13
0 0 100.16
0 0 100.19
0 0 100.23
0 0 100.26
0 0 100.3
0 0 100.33
0 0 100.36
0 0 100.4
0 0 100.43
0 0 100.47
0.738 0.296 100.5
0 0 100.53
0.71 0.034 100.57
0.696 0.016 100.6
0 0 100.63
0.68 0.024 100.67
0.67 0.012 100.7
0.66 0.015 100.74
0.659 0.009 100.77
0 0 100.8
0 0 100.83
0 0 100.86
0.639 0.028 100.9
0.627 0.012 100.93
0 0 100.96
0.635 0.004 101.0
0.649 0.015 101.03
0.64 0.013 101.07
0 0 101.09
0 0 101.13
0 0 101.16
0.662 0.022 101.2
0 0 101.23
0 0 101.26
0 0 101.3
0 0 101.33
0 0 101.4
0 0 101.42
0.726 0.064 101.44
0 0 101.47
0.746 0.018 101.5
0 0 101.53
0 0 101.56
0.777 0.032 101.59
0 0 101.63
0.801 0.023 101.66
0.805 0.009 101.7
0 0 101.73
0 0 101.76
0 0 101.79
0 0 101.83
0.905 0.096 101.86
0.953 0.049 101.91
0 0 101.94
0 0 101.96
0 0 101.99
0 0 102.03
0 0 102.06
0.998 0.054 102.1
0 0 102.13
0 0 102.18
0 0 102.22
0 0 102.24
0 0 102.26
0 0 102.29
0 0 102.33
0 0 102.36
0 0 102.39
0 0 102.43
0 0 102.46
0 0 102.49
0 0 102.54
0 0 102.56
0 0 102.6
0 0 102.63
0 0 102.66
0 0 102.69
0 0 102.73
0 0 102.76
0 0 102.8
0 0 102.83
0 0 102.88
0 0 102.91
0 0 102.93
0 0 102.97
0 0 102.99
0 0 103.03
0 0 103.06
0 0 103.1
0 0 103.13
0 0 103.16
0 0 103.2
0 0 103.23
0 0 103.26
0 0 103.29
0 0 103.33
0 0 103.36
0 0 103.39
0 0 103.43
0 0 103.46
0 0 103.49
0 0 103.53
0 0 103.56
0 0 103.59
0 0 103.63
0 0 103.66
0 0 103.69
0 0 103.73
0 0 103.76
0 0 103.79
0 0 103.83
0 0 103.86
0 0 103.89
0 0 103.93
0 0 103.96
0 0 103.99
0 0 104.03
0 0 104.06
0 0 104.1
0 0 104.13
0 0 104.16
0 0 104.19
0 0 104.23
0 0 104.26
0 0 104.3
0 0 104.33
0 0 104.36
0 0 104.39
0 0 104.43
0 0 104.46
0 0 104.49
0 0 104.53
0 0 104.56
0 0 104.59
0 0 104.63
0 0 104.66
0 0 104.7
0 0 104.73
0 0 104.76
0 0 104.8
0 0 104.83
0 0 104.86
0 0 104.89
0 0 104.93
0 0 104.96
0 0 104.99
0 0 105.03
0 0 105.06
0 0 105.09
0 0 105.14
0 0 105.17
0 0 105.2
0 0 105.23
0 0 105.26
0 0 105.29
0 0 105.33
0 0 105.36
0 0 105.39
0 0 105.43
0 0 105.46
0 0 105.49
0 0 105.54
0 0 105.57
0 0 105.6
0 0 105.63
0 0 105.67
0 0 105.69
0 0 105.73
0 0 105.76
0 0 105.8
0 0 105.83
0 0 105.86
0 0 105.9
0 0 105.94
0 0 105.96
0 0 106.0
0 0 106.03
0 0 106.06
0 0 106.09
0 0 106.13
0 0 106.16
0 0 106.2
0 0 106.23
0 0 106.26
0 0 106.3
0 0 106.33
0 0 106.36
0 0 106.4
0 0 106.43
0 0 106.46
0 0 106.49
0 0 106.53
0 0 106.56
0 0 106.59
0 0 106.63
0 0 106.66
0 0 106.69
0 0 106.73
0 0 106.76
0 0 106.8
0 0 106.84
0 0 106.86
0 0 106.89
0 0 106.93
0 0 106.96
0 0 107.01
0 0 107.03
0 0 107.06
0 0 107.09
0 0 107.13
0 0 107.16
0 0 107.22
0 0 107.25
0 0 107.26
0 0 107.3
0 0 107.33
0 0 107.36
0 0 107.39
0 0 107.43
0 0 107.46
0 0 107.51
0 0 107.53
0 0 107.56
0 0 107.59
0 0 107.63
0 0 107.66
0 0 107.7
0 0 107.73
0 0 107.76
0 0 107.79
0 0 107.83
0 0 107.86
0 0 107.89
0 0 107.93
0 0 107.96
0 0 107.99
0 0 108.03
0 0 108.06
0 0 108.09
0 0 108.13
0 0 108.16
0 0 108.22
0 0 108.25
0 0 108.27
0 0 108.3
0 0 108.33
0 0 108.36
0 0 108.39
0 0 108.43
0 0 108.46
0 0 108.49
0 0 108.53
0 0 108.56
0 0 108.6
0 0 108.63
0 0 108.67
0 0 108.7
0 0 108.73
0 0 108.76
0 0 108.79
0 0 108.83
0 0 108.86
0 0 108.89
0 0 108.93
0 0 108.96
0 0 108.99
0 0 109.03
0 0 109.06
0 0 109.1
0 0 109.13
0 0 109.16
0 0 109.2
0 0 109.23
0 0 109.26
0 0 109.3
0 0 109.33
0 0 109.37
0 0 109.4
0 0 109.43
0 0 109.46
0 0 109.49
0 0 109.53
0 0 109.56
0 0 109.6
0 0 109.63
0 0 109.66
0 0 109.69
0 0 109.73
0 0 109.76
0 0 109.8
0 0 109.83
0 0 109.86
0 0 109.89
0 0 109.93
0 0 109.96
0 0 109.99
0 0 110.03
0 0 110.06
0 0 110.09
0 0 110.13
0 0 110.16
0 0 110.19
0 0 110.23
0 0 110.26
0 0 110.3
0 0 110.34
0 0 110.36
0 0 110.39
0 0 110.43
0 0 110.47
0 0 110.49
0 0 110.53
0 0 110.56
0 0 110.6
0 0 110.63
0 0 110.66
0 0 110.69
0 0 110.73
0 0 110.76
0 0 110.8
0 0 110.83
0 0 110.86
0 0 110.89
0 0 110.93
0 0 110.96
0 0 110.99
0 0 111.03
0 0 111.06
0 0 111.1
0 0 111.13
0 0 111.16
0 0 111.2
0 0 111.23
0 0 111.26
0 0 111.3
0 0 111.33
0 0 111.36
0 0 111.4
0 0 111.43
0 0 111.46
0 0 111.49
0 0 111.53
0 0 111.56
0 0 111.59
0 0 111.63
0 0 111.66
0 0 111.69
0 0 111.73
0 0 111.76
0 0 111.8
0 0 111.83
0 0 111.86
0 0 111.89
0 0 111.94
0 0 111.96
0 0 112.0
0 0 112.03
0 0 112.06
0 0 112.09
0 0 112.14
0 0 112.16
0 0 112.22
0 0 112.25
0 0 112.27
0 0 112.29
0 0 112.33
0 0 112.36
0 0 112.4
0 0 112.43
0 0 112.46
0 0 112.49
0 0 112.53
0 0 112.56
0 0 112.59
0 0 112.63
0 0 112.66
0 0 112.69
0 0 112.73
0 0 112.77
0 0 112.8
0 0 112.83
0 0 112.86
0 0 112.89
0 0 112.93
0 0 112.97
0 0 112.99
0 0 113.03
0 0 113.08
0 0 113.1
0 0 113.13
0 0 113.16
0 0 113.19
0 0 113.23
0 0 113.26
0 0 113.29
0 0 113.33
0 0 113.36
0 0 113.39
0 0 113.43
0 0 113.48
0 0 113.51
0 0 113.56
0 0 113.59
0 0 113.6
0 0 113.63
0 0 113.66
0 0 113.69
0 0 113.73
0 0 113.76
0 0 113.79
0 0 113.83
0 0 113.86
0 0 113.89
0 0 113.93
0 0 113.96
0 0 113.99
0 0 114.03
0 0 114.06
0 0 114.09
0 0 114.13
0 0 114.16
0 0 114.19
0 0 114.23
0 0 114.26
0 0 114.29
0 0 114.33
0 0 114.36
0 0 114.39
0 0 114.43
0 0 114.46
0 0 114.49
0 0 114.53
0 0 114.56
0 0 114.59
0 0 114.63
0 0 114.66
0 0 114.69
0 0 114.73
0 0 114.76
0 0 114.79
0 0 114.83
0 0 114.87
0 0 114.89
0 0 114.93
0 0 114.96
0 0 114.99
0 0 115.03
0 0 115.06
0 0 115.09
0 0 115.13
0 0 115.17
0 0 115.19
0 0 115.23
0 0 115.26
0 0 115.3
0 0 115.33
0 0 115.36
0 0 115.41
0 0 115.44
0 0 115.46
0 0 115.49
0 0 115.53
0 0 115.59
0 0 115.62
0 0 115.65
0 0 115.67
0 0 115.71
0 0 115.73
0 0 115.76
0 0 115.8
0 0 115.83
0 0 115.86
0 0 115.89
0 0 115.93
0 0 115.96
0 0 115.99
0 0 116.03
0 0 116.06
0 0 116.1
0 0 116.13
0 0 116.16
0 0 116.2
0 0 116.23
0 0 116.27
0 0 116.29
0 0 116.33
0 0 116.36
0 0 116.39
0 0 116.43
0 0 116.46
0 0 116.49
0 0 116.53
0 0 116.56
0 0 116.59
0 0 116.63
0 0 116.66
0 0 116.69
0 0 116.73
0 0 116.76
0 0 116.79
0 0 116.83
0 0 116.86
0 0 116.89
0 0 116.94
0 0 116.96
0 0 116.99
0 0 117.03
0 0 117.06
0 0 117.09
0 0 117.13
0 0 117.16
0 0 117.19
0 0 117.23
0 0 117.26
0 0 117.29
0 0 117.33
0 0 117.36
0 0 117.39
0 0 117.43
0 0 117.46
0 0 117.49
0 0 117.53
0 0 117.56
0 0 117.59
0 0 117.63
0 0 117.66
0 0 117.69
0 0 117.74
0 0 117.77
0 0 117.79
0 0 117.83
0 0 117.86
0 0 117.89
0 0 117.93
0 0 117.96
0 0 118.0
0 0 118.03
0 0 118.08
0 0 118.09
0 0 118.13
0 0 118.16
0 0 118.2
0 0 118.23
0 0 118.26
0 0 118.3
0 0 118.33
0 0 118.36
0 0 118.39
0 0 118.43
0 0 118.47
0 0 118.49
0 0 118.53
0 0 118.56
0 0 118.59
0 0 118.63
0 0 118.66
0 0 118.69
0 0 118.73
0 0 118.77
0 0 118.79
0 0 118.83
0 0 118.86
0 0 118.89
0 0 118.92
0 0 118.96
0 0 118.99
0 0 119.03
0 0 119.06
0 0 119.09
0 0 119.13
0 0 119.16
0 0 119.19
0 0 119.23
0 0 119.26
0 0 119.3
0 0 119.33
0 0 119.36
0 0 119.39
0 0 119.43
0 0 119.46
0 0 119.49
0 0 119.54
0 0 119.57
0 0 119.59
0 0 119.64
0 0 119.66
0 0 119.69
0 0 119.73
0 0 119.76
0 0 119.79
0 0 119.82
0 0 119.86
0 0 119.89
0 0 119.93
0 0 119.96
0 0 119.99
0 0 120.03
0 0 120.06
0 0 120.09
0 0 120.13
0 0 120.16
0 0 120.19
0 0 120.22
0 0 120.26
0 0 120.29
0 0 120.33
0 0 120.36
0 0 120.39
0 0 120.43
0 0 120.46
0 0 120.49
0 0 120.53
0 0 120.56
0 0 120.59
0 0 120.63
0 0 120.66
0 0 120.7
0 0 120.73
0 0 120.76
0 0 120.79
0 0 120.83
0 0 120.89
0 0 120.9
0 0 120.93
0 0 120.96
0 0 121.0
0 0 121.03
0 0 121.06
0 0 121.11
0 0 121.13
0 0 121.16
0 0 121.19
0 0 121.23
0 0 121.26
0 0 121.3
0 0 121.33
0 0 121.36
0 0 121.39
0 0 121.42
0 0 121.46
0 0 121.49
0 0 121.53
0 0 121.56
0 0 121.59
0 0 121.63
0 0 121.66
0 0 121.69
0 0 121.73
0 0 121.76
0 0 121.79
0 0 121.82
0 0 121.86
0 0 121.89
0 0 121.93
0 0 121.96
0 0 121.99
0 0 122.03
0 0 122.06
0 0 122.09
0 0 122.13
0 0 122.16
0 0 122.19
0 0 122.23
0 0 122.26
0 0 122.29
0 0 122.33
0 0 122.36
0 0 122.4
0 0 122.43
0 0 122.46
0 0 122.49
0 0 122.53
0 0 122.56
0 0 122.59
0 0 122.63
0 0 122.66
0 0 122.69
0 0 122.73
0 0 122.76
0 0 122.79
0 0 122.83
0 0 122.86
0 0 122.89
0 0 122.94
0 0 122.96
0 0 122.99
0 0 123.02
0 0 123.06
0 0 123.09
0 0 123.13
0 0 123.16
0 0 123.22
0 0 123.23
0 0 123.26
0 0 123.29
0 0 123.33
0 0 123.36
0 0 123.39
0 0 123.43
0 0 123.46
0 0 123.49
0 0 123.53
0 0 123.56
0 0 123.59
0 0 123.63
0 0 123.66
0 0 123.69
0 0 123.72
0 0 123.76
0 0 123.79
0 0 123.83
0 0 123.86
0 0 123.89
0 0 123.93
0 0 123.96
0 0 123.99
0 0 124.29
0 0 124.32
0 0 124.33
0 0 124.35
0 0 124.37
0 0 124.38
0 0 124.4
0 0 124.41
0 0 124.43
0 0 124.44
0 0 124.45
0 0 124.47
0 0 124.5
0 0 124.52
0 0 124.53
0 0 124.55
0 0 124.57
0 0 124.59
0 0 124.63
0 0 124.67
0 0 124.69
0 0 124.72
0 0 124.76
0 0 124.8
0 0 124.83
0 0 124.86
0 0 124.89
0 0 124.92
0 0 124.96
0 0 124.99
0 0 125.03
0 0 125.06
0 0 125.09
0 0 125.13
0 0 125.16
0 0 125.19
0 0 125.23
0 0 125.26
0 0 125.29
0 0 125.33
0 0 125.36
0 0 125.41
0 0 125.43
0 0 125.46
0 0 125.49
0 0 125.53
0 0 125.56
0 0 125.59
0 0 125.63
0 0 125.66
0 0 125.69
0 0 125.74
0 0 125.77
0 0 125.79
0 0 125.82
0 0 125.86
0 0 125.89
0 0 125.93
0 0 125.96
0 0 125.99
0 0 126.03
0 0 126.06
0 0 126.09
0 0 126.13
0 0 126.16
0 0 126.19
0 0 126.23
0 0 126.26
0 0 126.29
0 0 126.35
0 0 126.37
0 0 126.39
0 0 126.43
0 0 126.46
0 0 126.49
0 0 126.52
0 0 126.56
0 0 126.59
0 0 126.63
0 0 126.66
0 0 126.69
0 0 126.73
0 0 126.76
0 0 126.81
0 0 126.83
0 0 126.86
0 0 126.89
0 0 126.93
0 0 126.96
0 0 126.99
0 0 127.02
0 0 127.06
0 0 127.09
0 0 127.13
0 0 127.16
0 0 127.19
0 0 127.23
0 0 127.26
0 0 127.29
0 0 127.33
0 0 127.36
0 0 127.39
0 0 127.43
0 0 127.46
0 0 127.49
0 0 127.53
0 0 127.56
0 0 127.6
0 0 127.63
0 0 127.66
0 0 127.71
0 0 127.74
0 0 127.76
0 0 127.8
0 0 127.83
0 0 127.86
0 0 127.9
0 0 127.93
0 0 127.96
0 0 127.99
0 0 128.03
0 0 128.06
0 0 128.09
0 0 128.13
0 0 128.16
0 0 128.2
0 0 128.23
0 0 128.26
0 0 128.3
0 0 128.33
0 0 128.36
0 0 128.39
0 0 128.43
0 0 128.46
0 0 128.5
0 0 128.53
0 0 128.56
0 0 128.59
0 0 128.63
0 0 128.67
0 0 128.7
0 0 128.72
0 0 128.76
0 0 128.79
0 0 128.83
0 0 128.87
0 0 128.89
0 0 128.93
0 0 128.96
0 0 128.99
0 0 129.03
0 0 129.06
0 0 129.09
0 0 129.13
0 0 129.16
0 0 129.19
0 0 129.23
0 0 129.26
0 0 129.29
0 0 129.33
0 0 129.37
0 0 129.39
0 0 129.43
0 0 129.46
0 0 129.49
0 0 129.53
0 0 129.56
0 0 129.59
0 0 129.63
0 0 129.66
0 0 129.69
0 0 129.74
0 0 129.77
0 0 129.79
0 0 129.83
0 0 129.86
0 0 129.89
0 0 129.93
0 0 129.96
0 0 129.99
0 0 130.03
0 0 130.06
0 0 130.09
0 0 130.14
0 0 130.17
0 0 130.2
0 0 130.23
0 0 130.26
0 0 130.29
0 0 130.33
0 0 130.36
0 0 130.39
0 0 130.43
0 0 130.46
0 0 130.49
0 0 130.53
0 0 130.56
0 0 130.59
0 0 130.63
0 0 130.66
0 0 130.69
0 0 130.73
0 0 130.77
0 0 130.79
0 0 130.84
0 0 130.86
0 0 130.89
0 0 130.93
0 0 130.96
0 0 130.99
0 0 131.03
0 0 131.07
0 0 131.09
0 0 131.13
0 0 131.16
0 0 131.19
0 0 131.23
0 0 131.26
0 0 131.3
0 0 131.33
0 0 131.37
0 0 131.39
0 0 131.43
0 0 131.46
0 0 131.49
0 0 131.53
0 0 131.57
0 0 131.59
0 0 131.63
0 0 131.66
0 0 131.69
0 0 131.73
0 0 131.76
0 0 131.8
0 0 131.83
0 0 131.86
0 0 131.89
0 0 131.93
0 0 131.96
0 0 131.99
0 0 132.03
0 0 132.06
0 0 132.09
0 0 132.13
0 0 132.16
0 0 132.22
0 0 132.25
0 0 132.28
0 0 132.3
0 0 132.33
0 0 132.36
0 0 132.39
0 0 132.42
0 0 132.46
0 0 132.49
0 0 132.53
0 0 132.56
0 0 132.59
0 0 132.63
0 0 132.66
0 0 132.69
0 0 132.73
0 0 132.77
0 0 132.8
0 0 132.83
0 0 132.86
0 0 132.89
0 0 132.93
0 0 132.96
0 0 132.99
0 0 133.03
0 0 133.06
0 0 133.09
0 0 133.13
0 0 133.16
0 0 133.19
0 0 133.23
0 0 133.28
0 0 133.31
0 0 133.33
0 0 133.36
0 0 133.39
0 0 133.42
0 0 133.46
0 0 133.49
0 0 133.52
0 0 133.56
0 0 133.59
0 0 133.63
0 0 133.66
0 0 133.69
0 0 133.73
0 0 133.76
0 0 133.79
0 0 133.83
0 0 133.87
0 0 133.89
0 0 133.93
0 0 133.96
0 0 133.99
0 0 134.03
0 0 134.06
0 0 134.09
0 0 134.13
0 0 134.16
0 0 134.19
0 0 134.22
0 0 134.26
0 0 134.29
0 0 134.33
0 0 134.36
0 0 134.39
0 0 134.43
0 0 134.46
0 0 134.49
0 0 134.53
0 0 134.56
0 0 134.59
0 0 134.63
0 0 134.66
0 0 134.69
0 0 134.73
0 0 134.76
0 0 134.8
0 0 134.84
0 0 134.86
0 0 134.89
0 0 134.92
0 0 134.96
0 0 134.99
0 0 135.03
0 0 135.07
0 0 135.09
0 0 135.13
0 0 135.16
0 0 135.19
0 0 135.23
0 0 135.26
0 0 135.29
0 0 135.33
0 0 135.36
0 0 135.39
0 0 135.42
0 0 135.46
0 0 135.49
0 0 135.53
0 0 135.57
0 0 135.59
0 0 135.63
0 0 135.66
0 0 135.69
0 0 135.72
0 0 135.76
0 0 135.79
0 0 135.82
0 0 135.86
0 0 135.9
0 0 135.93
0 0 135.96
0 0 135.99
0 0 136.02
0 0 136.06
0 0 136.09
0 0 136.13
0 0 136.16
0 0 136.19
0 0 136.23
0 0 136.26
0 0 136.29
0 0 136.33
0 0 136.36
0 0 136.39
0 0 136.43
0 0 136.46
0 0 136.49
0 0 136.53
0 0 136.56
0 0 136.59
0 0 136.63
0 0 136.66
0 0 136.69
0 0 136.73
0 0 136.76
0 0 136.79
0 0 136.83
0 0 136.86
0 0 136.89
0 0 136.93
0 0 136.96
0 0 136.99
0 0 137.04
0 0 137.06
0 0 137.09
0 0 137.13
0 0 137.16
0 0 137.19
0 0 137.23
0 0 137.26
0 0 137.29
0 0 137.33
0 0 137.36
0 0 137.39
0 0 137.42
0 0 137.46
0 0 137.49
0 0 137.53
0 0 137.56
0 0 137.59
0 0 137.63
0 0 137.66
0 0 137.7
0 0 137.73
0 0 137.76
0 0 137.8
0 0 137.83
0 0 137.86
0 0 137.89
0 0 137.92
0 0 137.96
0 0 137.99
0 0 138.03
0 0 138.06
0 0 138.09
0 0 138.13
0 0 138.16
0 0 138.19
0 0 138.22
0 0 138.26
0 0 138.29
0 0 138.33
0 0 138.36
0 0 138.39
0 0 138.43
0 0 138.48
0 0 138.49
0 0 138.53
0 0 138.58
0 0 138.6
0 0 138.63
0 0 138.66
0 0 138.69
0 0 138.72
0 0 138.76
0 0 138.79
0 0 138.83
0 0 138.86
0 0 138.89
0 0 138.93
0 0 138.96
0 0 138.99
0 0 139.03
0 0 139.06
0 0 139.09
0 0 139.13
0 0 139.16
0 0 139.2
0 0 139.22
0 0 139.26
0 0 139.29
0 0 139.33
0 0 139.36
0 0 139.39
0 0 139.43
0 0 139.46
0 0 139.49
0 0 139.53
0 0 139.56
0 0 139.59
0 0 139.63
0 0 139.66
0 0 139.69
0 0 139.72
0 0 139.76
0 0 139.79
0 0 139.83
0 0 139.86
0 0 139.89
0 0 139.93
0 0 139.96
0 0 139.99
0 0 140.03
0 0 140.06
0 0 140.09
0 0 140.13
0 0 140.16
0 0 140.19
0 0 140.23
0 0 140.26
0 0 140.29
0 0 140.32
0 0 140.36
0 0 140.39
0 0 140.43
0 0 140.46
0 0 140.49
0 0 140.53
0 0 140.56
0 0 140.59
0 0 140.63
0 0 140.66
0 0 140.69
0 0 140.73
0 0 140.76
0 0 140.79
0 0 140.82
0 0 140.86
0 0 140.9
0 0 140.93
0 0 140.96
0 0 140.99
0 0 141.03
0 0 141.06
0 0 141.1
0 0 141.13
0 0 141.16
0 0 141.19
0 0 141.24
0 0 141.26
0 0 141.29
0 0 141.32
0 0 141.36
0 0 141.39
0 0 141.43
0 0 141.46
0 0 141.49
0 0 141.53
0 0 141.56
0 0 141.59
0 0 141.63
0 0 141.66
0 0 141.69
0 0 141.72
0 0 141.76
0 0 141.79
0 0 141.84
0 0 141.88
0 0 141.9
0 0 141.92
0 0 141.96
0 0 141.99
0 0 142.03
0 0 142.06
0 0 142.09
0 0 142.13
0 0 142.16
0 0 142.19
0 0 142.23
0 0 142.26
0 0 142.29
0 0 142.34
0 0 142.36
0 0 142.41
0 0 142.44
0 0 142.46
0 0 142.49
0 0 142.53
0 0 142.56
0 0 142.59
0 0 142.63
0 0 142.66
0 0 142.69
0 0 142.73
0 0 142.76
0 0 142.79
0 0 142.83
0 0 142.86
0 0 142.89
0 0 142.93
0 0 142.96
0 0 142.99
0 0 143.02
0 0 143.07
0 0 143.11
0 0 143.13
0 0 143.16
0 0 143.19
0 0 143.23
0 0 143.26
0 0 143.29
0 0 143.32
0 0 143.36
0 0 143.39
0 0 143.42
0 0 143.46
0 0 143.49
0 0 143.53
0 0 143.56
0 0 143.59
0 0 143.63
0 0 143.66
0 0 143.7
0 0 143.72
0 0 143.76
0 0 143.79
0 0 143.83
0 0 143.86
0 0 143.89
0 0 143.92
0 0 143.96
0 0 144.01
0 0 144.04
0 0 144.06
0 0 144.09
0 0 144.13
0 0 144.16
0 0 144.19
0 0 144.22
0 0 144.26
0 0 144.29
0 0 144.34
0 0 144.36
0 0 144.39
0 0 144.42
0 0 144.46
0 0 144.49
0 0 144.53
0 0 144.56
0 0 144.6
0 0 144.63
0 0 144.66
0 0 144.69
0 0 144.73
0 0 144.76
0 0 144.79
0 0 144.82
0 0 144.86
0 0 144.91
0 0 144.94
0 0 144.96
0 0 145.02
0 0 145.05
0 0 145.06
0 0 145.09
0 0 145.13
0 0 145.16
0 0 145.2
0 0 145.23
0 0 145.26
0 0 145.29
0 0 145.33
0 0 145.36
0 0 145.39
0 0 145.43
0 0 145.46
0 0 145.49
0 0 145.53
0 0 145.56
0 0 145.59
0 0 145.63
0 0 145.66
0 0 145.69
0 0 145.72
0 0 145.76
0 0 145.79
0 0 145.82
0 0 145.86
0 0 145.9
0 0 145.93
0 0 145.96
0 0 145.99
0 0 146.02
0 0 146.06
0 0 146.09
0 0 146.14
0 0 146.17
0 0 146.2
0 0 146.22
0 0 146.26
0 0 146.29
0 0 146.33
0 0 146.36
0 0 146.39
0 0 146.42
0 0 146.46
0 0 146.5
0 0 146.53
0 0 146.56
0 0 146.59
0 0 146.63
0 0 146.66
0 0 146.7
0 0 146.74
0 0 146.76
0 0 146.8
0 0 146.82
0 0 146.86
0 0 146.89
0 0 146.92
0 0 146.96
0 0 147.01
0 0 147.04
0 0 147.06
0 0 147.09
0 0 147.13
0 0 147.16
0 0 147.19
0 0 147.23
0 0 147.26
0 0 147.29
0 0 147.32
0 0 147.36
0 0 147.39
0 0 147.43
0 0 147.46
0 0 147.49
0 0 147.53
0 0 147.56
0 0 147.59
0 0 147.63
0 0 147.66
0 0 147.69
0 0 147.73
0 0 147.76
0 0 147.79
0 0 147.82
0 0 147.87
0 0 147.89
0 0 147.92
0 0 147.96
0 0 147.99
0 0 148.03
0 0 148.06
0 0 148.09
0 0 148.13
0 0 148.16
0 0 148.2
0 0 148.22
0 0 148.26
0 0 148.29
0 0 148.33
0 0 148.36
0 0 148.39
0 0 148.42
0 0 148.46
0 0 148.5
0 0 148.53
0 0 148.57
0 0 148.59
0 0 148.63
0 0 148.66
0 0 148.69
0 0 148.73
0 0 148.76
0 0 148.8
0 0 148.83
0 0 148.86
0 0 148.89
0 0 148.93
0 0 148.96
0 0 148.99
0 0 149.02
0 0 149.06
0 0 149.09
0 0 149.13
0 0 149.16
0 0 149.19
0 0 149.23
0 0 149.26
0 0 149.29
0 0 149.32
0 0 149.36
0 0 149.39
0 0 149.42
0 0 149.46
0 0 149.49
0 0 149.53
0 0 149.57
0 0 149.6
0 0 149.63
0 0 149.66
0 0 149.69
0 0 149.73
0 0 149.76
0 0 149.79
0 0 149.83
0 0 149.86
0 0 149.89
0 0 149.93
0 0 149.96
0 0 149.99
0 0 150.03
0 0 150.06
0 0 150.09
0 0 150.13
0 0 150.16
0 0 150.19
0 0 150.23
0 0 150.26
0 0 150.29
0 0 150.33
0 0 150.36
0 0 150.39
0 0 150.43
0 0 150.46
0 0 150.49
0 0 150.52
0 0 150.56
0 0 150.59
0 0 150.63
0 0 150.66
0 0 150.7
0 0 150.72
0 0 150.76
0 0 150.79
0 0 150.83
0 0 150.86
0 0 150.89
0 0 150.92
0 0 150.96
0 0 150.99
0 0 151.02
0 0 151.06
0 0 151.09
0 0 151.13
0 0 151.16
0 0 151.2
0 0 151.25
0 0 151.28
0 0 151.31
0 0 151.34
0 0 151.36
0 0 151.39
0 0 151.44
0 0 151.46
0 0 151.49
0 0 151.52
0 0 151.56
0 0 151.59
0 0 151.63
0 0 151.67
0 0 151.7
0 0 151.72
0 0 151.76
0 0 151.79
0 0 151.82
0 0 151.86
0 0 151.89
0 0 151.92
0 0 151.96
0 0 151.99
0 0 152.03
0 0 152.06
0 0 152.09
0 0 152.13
0 0 152.16
0 0 152.19
0 0 152.22
0 0 152.26
0 0 152.29
0 0 152.32
0 0 152.36
0 0 152.39
0 0 152.42
0 0 152.47
0 0 152.49
0 0 152.53
0 0 152.57
0 0 152.6
0 0 152.63
0 0 152.66
0 0 152.69
0 0 152.72
0 0 152.76
0 0 152.79
0 0 152.82
0 0 152.86
0 0 152.89
0 0 152.93
0 0 152.96
0 0 152.99
0 0 153.03
0 0 153.06
0 0 153.09
0 0 153.13
0 0 153.16
0 0 153.19
0 0 153.23
0 0 153.26
0 0 153.29
0 0 153.33
0 0 153.36
0 0 153.39
0 0 153.43
0 0 153.46
0 0 153.49
0 0 153.53
0 0 153.56
0 0 153.59
0 0 153.63
0 0 153.66
0 0 153.69
0 0 153.72
0 0 153.76
0 0 153.8
0 0 153.82
0 0 153.86
0 0 153.89
0 0 153.92
0 0 153.96
0 0 153.99
0 0 154.03
0 0 154.06
0 0 154.09
0 0 154.13
0 0 154.16
0 0 154.19
0 0 154.22
0 0 154.26
0 0 154.29
0 0 154.32
0 0 154.36
0 0 154.39
0 0 154.43
0 0 154.47
0 0 154.49
0 0 154.53
0 0 154.56
0 0 154.59
0 0 154.63
0 0 154.66
0 0 154.69
0 0 154.72
0 0 154.76
0 0 154.79
0 0 154.82
0 0 154.86
0 0 154.89
0 0 154.92
0 0 154.96
0 0 154.99
0 0 155.02
0 0 155.06
0 0 155.09
0 0 155.13
0 0 155.18
0 0 155.21
0 0 155.23
0 0 155.26
0 0 155.29
0 0 155.33
0 0 155.36
0 0 155.39
0 0 155.43
0 0 155.46
0 0 155.49
0 0 155.52
0 0 155.58
0 0 155.6
0 0 155.63
0 0 155.66
0 0 155.69
0 0 155.72
0 0 155.76
0 0 155.8
0 0 155.82
0 0 155.86
0 0 155.91
0 0 155.94
0 0 155.97
0 0 156.0
0 0 156.02
0 0 156.06
0 0 156.09
0 0 156.13
0 0 156.16
0 0 156.19
0 0 156.22
0 0 156.27
0 0 156.3
0 0 156.33
0 0 156.36
0 0 156.39
0 0 156.42
0 0 156.46
0 0 156.49
0 0 156.53
0 0 156.56
0 0 156.59
0 0 156.63
0 0 156.66
0 0 156.69
0 0 156.72
0 0 156.76
0 0 156.79
0 0 156.82
0 0 156.86
0 0 156.89
0 0 156.92
0 0 156.96
0 0 156.99
0 0 157.03
0 0 157.07
0 0 157.09
0 0 157.13
0 0 157.16
0 0 157.19
0 0 157.24
0 0 157.26
0 0 157.3
0 0 157.32
0 0 157.36
0 0 157.39
0 0 157.43
0 0 157.46
0 0 157.49
0 0 157.53
0 0 157.56
0 0 157.59
0 0 157.63
0 0 157.66
0 0 157.69
0 0 157.72
0 0 157.76
0 0 157.79
0 0 157.85
0 0 157.87
0 0 157.91
0 0 157.93
0 0 157.96
0 0 157.99
0 0 158.02
0 0 158.06
0 0 158.09
0 0 158.13
0 0 158.16
0 0 158.19
0 0 158.22
0 0 158.26
0 0 158.29
0 0 158.32
0 0 158.36
0 0 158.39
0 0 158.43
0 0 158.46
0 0 158.49
0 0 158.52
0 0 158.56
0 0 158.61
0 0 158.63
0 0 158.66
0 0 158.7
0 0 158.73
0 0 158.78
0 0 158.79
0 0 158.84
0 0 158.86
0 0 158.89
0 0 158.92
0 0 158.96
0 0 158.99
0 0 159.03
0 0 159.07
0 0 159.1
0 0 159.15
0 0 159.16
0 0 159.2
0 0 159.23
0 0 159.26
0 0 159.29
0 0 159.33
0 0 159.36
0 0 159.4
0 0 159.42
0 0 159.46
0 0 159.49
0 0 159.52
0 0 159.56
0 0 159.59
0 0 159.63
0 0 159.66
0 0 159.71
0 0 159.72
0 0 159.79
0 0 159.81
0 0 159.83
0 0 159.86
0 0 159.89
0 0 159.92
0 0 159.96
0 0 159.99
0 0 160.02
0 0 160.06
0 0 160.09
0 0 160.13
0 0 160.16
0 0 160.19
0 0 160.22
0 0 160.26
0 0 160.29
0 0 160.32
0 0 160.36
0 0 160.4
0 0 160.42
0 0 160.46
0 0 160.49
0 0 160.54
0 0 160.56
0 0 160.59
0 0 160.63
0 0 160.66
0 0 160.69
0 0 160.72
0 0 160.76
0 0 160.79
0 0 160.82
0 0 160.86
0 0 160.89
0 0 160.92
0 0 160.96
0 0 160.99
0 0 161.02
0 0 161.06
0 0 161.09
0 0 161.13
0 0 161.16
0 0 161.2
0 0 161.22
0 0 161.26
0 0 161.29
0 0 161.33
0 0 161.36
0 0 161.39
0 0 161.42
0 0 161.46
0 0 161.49
0 0 161.53
0 0 161.56
0 0 161.59
0 0 161.63
0 0 161.66
0 0 161.69
0 0 161.72
0 0 161.76
0 0 161.79
0 0 161.82
0 0 161.86
0 0 161.89
0 0 161.92
0 0 161.96
0 0 161.99
0 0 162.02
0 0 162.06
0 0 162.09
0 0 162.12
0 0 162.16
0 0 162.19
0 0 162.22
0 0 162.26
0 0 162.29
0 0 162.33
0 0 162.36
0 0 162.39
0 0 162.42
0 0 162.46
0 0 162.49
0 0 162.52
0 0 162.56
0 0 162.61
0 0 162.64
0 0 162.66
0 0 162.69
0 0 162.72
0 0 162.77
0 0 162.8
0 0 162.83
0 0 162.86
0 0 162.89
0 0 162.94
0 0 162.96
0 0 162.99
0 0 163.02
0 0 163.06
0 0 163.11
0 0 163.15
0 0 163.18
0 0 163.2
0 0 163.24
0 0 163.26
0 0 163.29
0 0 163.32
0 0 163.36
0 0 163.39
0 0 163.42
0 0 163.46
0 0 163.49
0 0 163.52
0 0 163.56
0 0 163.59
0 0 163.62
0 0 163.66
0 0 163.7
0 0 163.72
0 0 163.76
0 0 163.79
0 0 163.82
0 0 163.86
0 0 163.89
0 0 163.92
0 0 163.96
0 0 163.99
0 0 164.02
0 0 164.06
0 0 164.09
0 0 164.13
0 0 164.16
0 0 164.19
0 0 164.22
0 0 164.26
0 0 164.29
0 0 164.32
0 0 164.36
0 0 164.39
0 0 164.42
0 0 164.46
0 0 164.49
0 0 164.54
0 0 164.58
0 0 164.6
0 0 164.63
0 0 164.66
0 0 164.69
0 0 164.72
0 0 164.76
0 0 164.79
0 0 164.82
0 0 164.86
0 0 164.89
0 0 164.92
0 0 164.96
0 0 164.99
0 0 165.02
0 0 165.06
0 0 165.09
0 0 165.13
0 0 165.16
0 0 165.2
0 0 165.23
0 0 165.26
0 0 165.31
0 0 165.33
0 0 165.36
0 0 165.39
0 0 165.42
0 0 165.46
0 0 165.49
0 0 165.52
0 0 165.56
0 0 165.59
0 0 165.62
0 0 165.66
0 0 165.69
0 0 165.72
0 0 165.76
0 0 165.8
0 0 165.82
0 0 165.86
0 0 165.89
0 0 165.93
0 0 165.96
0 0 166.0
0 0 166.03
0 0 166.06
0 0 166.09
0 0 166.13
0 0 166.16
0 0 166.19
0 0 166.22
0 0 166.26
0 0 166.29
0 0 166.32
0 0 166.36
0 0 166.39
0 0 166.42
0 0 166.46
0 0 166.5
0 0 166.53
0 0 166.58
0 0 166.61
0 0 166.63
0 0 166.66
0 0 166.69
0 0 166.72
0 0 166.77
0 0 166.79
0 0 166.85
0 0 166.87
0 0 166.89
0 0 166.92
0 0 166.96
0 0 166.99
0 0 167.02
0 0 167.06
0 0 167.09
0 0 167.12
0 0 167.16
0 0 167.19
0 0 167.22
0 0 167.26
0 0 167.29
0 0 167.32
0 0 167.36
0 0 167.39
0 0 167.42
0 0 167.46
0 0 167.49
0 0 167.52
0 0 167.56
0 0 167.59
0 0 167.63
0 0 167.66
0 0 167.69
0 0 167.72
0 0 167.76
0 0 167.79
0 0 167.83
0 0 167.86
0 0 167.89
0 0 167.93
0 0 167.96
0 0 167.99
0 0 168.02
0 0 168.06
0 0 168.09
0 0 168.13
0 0 168.16
0 0 168.21
0 0 168.22
0 0 168.26
0 0 168.29
0 0 168.32
0 0 168.36
0 0 168.39
0 0 168.42
0 0 168.46
0 0 168.49
0 0 168.52
0 0 168.56
0 0 168.59
0 0 168.63
0 0 168.66
0 0 168.69
0 0 168.72
0 0 168.76
0 0 168.79
0 0 168.82
0 0 168.86
0 0 168.89
0 0 168.92
0 0 168.96
0 0 168.99
0 0 169.02
0 0 169.06
0 0 169.09
0 0 169.12
0 0 169.17
0 0 169.19
0 0 169.22
0 0 169.26
0 0 169.29
0 0 169.32
0 0 169.36
0 0 169.43
0 0 169.45
0 0 169.46
0 0 169.51
0 0 169.54
0 0 169.56
0 0 169.59
0 0 169.63
0 0 169.66
0 0 169.7
0 0 169.73
0 0 169.76
0 0 169.81
0 0 169.83
0 0 169.86
0 0 169.89
0 0 169.92
0 0 169.96
0 0 169.99
0 0 170.02
0 0 170.06
0 0 170.09
0 0 170.13
0 0 170.16
0 0 170.2
0 0 170.22
0 0 170.26
0 0 170.29
0 0 170.32
0 0 170.36
0 0 170.39
0 0 170.44
0 0 170.46
0 0 170.49
0 0 170.53
0 0 170.56
0 0 170.59
0 0 170.63
0 0 170.66
0 0 170.69
0 0 170.73
0 0 170.76
0 0 170.79
0 0 170.83
0 0 170.86
0 0 170.89
0 0 170.93
0 0 170.96
0 0 170.99
0 0 171.02
0 0 171.06
0 0 171.09
0 0 171.13
0 0 171.16
0 0 171.19
0 0 171.22
0 0 171.26
0 0 171.29
0 0 171.32
0 0 171.36
0 0 171.39
0 0 171.42
0 0 171.46
0 0 171.49
0 0 171.52
0 0 171.57
0 0 171.59
0 0 171.63
0 0 171.66
0 0 171.71
0 0 171.73
0 0 171.76
0 0 171.79
0 0 171.82
0 0 171.86
0 0 171.89
0 0 171.92
0 0 171.97
0 0 172.02
0 0 172.03
0 0 172.06
0 0 172.09
0 0 172.13
0 0 172.16
0 0 172.19
0 0 172.25
0 0 172.27
0 0 172.29
0 0 172.32
0 0 172.36
0 0 172.39
0 0 172.43
0 0 172.46
0 0 172.49
0 0 172.52
0 0 172.56
0 0 172.59
0 0 172.63
0 0 172.66
0 0 172.7
0 0 172.72
0 0 172.76
0 0 172.79
0 0 172.82
0 0 172.87
0 0 172.89
0 0 172.92
0 0 172.96
0 0 172.99
0 0 173.02
0 0 173.06
0 0 173.09
0 0 173.12
0 0 173.16
0 0 173.19
0 0 173.22
0 0 173.26
0 0 173.29
0 0 173.33
0 0 173.36
0 0 173.4
0 0 173.42
0 0 173.49
0 0 173.51
0 0 173.52
0 0 173.56
0 0 173.59
0 0 173.63
0 0 173.66
0 0 173.69
0 0 173.72
0 0 173.76
0 0 173.8
0 0 173.82
0 0 173.86
0 0 173.89
0 0 173.92
0 0 173.96
0 0 173.99
0 0 174.03
0 0 174.06
0 0 174.09
0 0 174.13
0 0 174.16
0 0 174.21
0 0 174.22
0 0 174.26
0 0 174.29
0 0 174.32
0 0 174.36
0 0 174.39
0 0 174.42
0 0 174.46
0 0 174.49
0 0 174.52
0 0 174.56
0 0 174.59
0 0 174.63
0 0 174.66
0 0 174.71
0 0 174.74
0 0 174.76
0 0 174.79
0 0 174.82
0 0 174.86
0 0 174.89
0 0 174.92
0 0 175.0
0 0 175.03
0 0 175.05
0 0 175.06
0 0 175.09
0 0 175.12
0 0 175.16
0 0 175.19
0 0 175.22
0 0 175.26
0 0 175.29
0 0 175.32
0 0 175.36
0 0 175.41
0 0 175.42
0 0 175.46
0 0 175.49
0 0 175.53
0 0 175.56
0 0 175.59
0 0 175.63
0 0 175.66
0 0 175.69
0 0 175.72
0 0 175.76
0 0 175.79
0 0 175.82
0 0 175.86
0 0 175.89
0 0 175.92
0 0 175.96
0 0 175.99
0 0 176.03
0 0 176.06
0 0 176.09
0 0 176.13
0 0 176.16
0 0 176.19
0 0 176.22
0 0 176.26
0 0 176.29
0 0 176.32
0 0 176.36
0 0 176.4
0 0 176.44
0 0 176.46
0 0 176.49
0 0 176.52
0 0 176.56
0 0 176.59
0 0 176.62
0 0 176.66
0 0 176.69
0 0 176.72
0 0 176.76
0 0 176.79
0 0 176.83
0 0 176.86
0 0 176.89
0 0 176.92
0 0 176.96
0 0 176.99
0 0 177.02
0 0 177.06
0 0 177.1
0 0 177.12
0 0 177.16
0 0 177.46
0 0 177.49
0 0 177.5
0 0 177.52
0 0 177.53
0 0 177.55
0 0 177.56
0 0 177.58
0 0 177.59
0 0 177.61
0 0 177.63
0 0 177.66
0 0 177.67
0 0 177.69
0 0 177.7
0 0 177.72
0 0 177.73
0 0 177.76
0 0 177.79
0 0 177.82
0 0 177.86
0 0 177.9
0 0 177.93
0 0 177.96
0 0 178.0
0 0 178.28
0 0 178.31
0 0 178.32
0 0 178.34
0 0 178.37
0 0 178.39
0 0 178.41
0 0 178.44
0 0 178.47
0 0 178.48
0 0 178.5
0 0 178.51
0 0 178.54
0 0 178.56
0 0 178.59
0 0 178.6
0 0 178.62
0 0 178.63
0 0 178.65
0 0 178.66
0 0 178.69
0 0 178.72
0 0 178.76
0 0 178.79
0 0 178.83
0 0 178.86
0 0 178.89
0 0 178.93
0 0 178.96
0 0 178.99
0 0 179.02
0 0 179.06
0 0 179.09
0 0 179.12
0 0 179.16
0 0 179.19
0 0 179.22
0 0 179.26
0 0 179.29
0 0 179.32
0 0 179.36
0 0 179.39
0 0 179.42
0 0 179.46
0 0 179.49
0 0 179.52
0 0 179.57
0 0 179.6
0 0 179.63
0 0 179.66
0 0 179.69
0 0 179.72
0 0 179.76
0 0 179.79
0 0 179.82
0 0 179.86
0 0 179.89
0 0 179.92
0 0 179.96
0 0 179.99
0 0 180.02
0 0 180.06
0 0 180.09
0 0 180.12
0 0 180.16
0 0 180.19
0 0 180.22
0 0 180.26
0 0 180.29
0 0 180.32
0 0 180.36
0 0 180.39
0 0 180.43
0 0 180.46
0 0 180.49
0 0 180.52
0 0 180.56
0 0 180.59
0 0 180.62
0 0 180.66
0 0 180.69
0 0 180.72
0 0 180.76
0 0 180.79
0 0 180.82
0 0 180.86
0 0 180.89
0 0 180.92
0 0 180.96
0 0 180.99
0 0 181.02
0 0 181.06
0 0 181.09
0 0 181.12
0 0 181.16
0 0 181.2
0 0 181.22
0 0 181.26
0 0 181.29
0 0 181.32
0 0 181.36
0 0 181.39
0 0 181.42
0 0 181.47
0 0 181.49
0 0 181.52
0 0 181.56
0 0 181.59
0 0 181.63
0 0 181.66
0 0 181.69
0 0 181.72
0 0 181.76
0 0 181.79
0 0 181.82
0 0 181.87
0 0 181.89
0 0 181.92
0 0 181.96
0 0 181.99
0 0 182.02
0 0 182.06
0 0 182.09
0 0 182.12
0 0 182.16
0 0 182.19
0 0 182.22
0 0 182.26
0 0 182.29
0 0 182.33
0 0 182.36
0 0 182.4
0 0 182.42
0 0 182.46
0 0 182.49
0 0 182.53
0 0 182.56
0 0 182.59
0 0 182.63
0 0 182.66
0 0 182.69
