27.849 0.360
27.881 0.359
27.914 0.360
42.783 0.378
42.817 0.379
47.313 0.373
47.344 0.374
52.745 0.394
52.779 0.394
52.880 0.396
52.911 0.398
57.343 0.418
57.379 0.418
57.510 0.433
57.545 0.440
57.677 0.486
63.009 0.422
63.042 0.424
63.142 0.436
63.175 0.441
67.707 0.494
67.740 0.507
71.806 0.445
71.941 0.487
75.639 0.423
75.672 0.427
75.773 0.441
79.875 0.444
79.904 0.453
80.010 0.486
80.040 0.498
84.341 0.452
84.373 0.459
84.471 0.492
84.504 0.504
88.901 0.403
88.937 0.411
89.037 0.443
89.069 0.458
92.970 0.392
93.001 0.394
93.102 0.405
93.137 0.410
97.001 0.382
97.100 0.394
97.134 0.400
