41.191 0.261
41.224 0.261
53.055 0.254
53.088 0.254
76.450 0.228
76.483 0.228
76.515 0.227
80.580 0.244
80.614 0.243
85.079 0.247
85.111 0.247
89.278 0.245
89.310 0.245
93.849 0.263
93.878 0.262
93.911 0.262
97.847 0.274
97.880 0.275
97.910 0.275
102.576 0.281
102.610 0.280
102.641 0.278
107.180 0.263
107.208 0.262
111.544 0.266
111.575 0.268
115.707 0.281
115.743 0.282
115.776 0.281
138.368 0.402
138.401 0.402
149.483 0.397
149.535 0.399
149.556 0.397
149.577 0.398
164.997 0.376
165.030 0.376
170.228 0.375
170.261 0.375
174.193 0.393
174.227 0.393
178.462 0.416
178.496 0.414
178.527 0.414
189.559 0.375
189.599 0.376
193.421 0.375
198.188 0.414
202.620 0.389
207.619 0.391
207.654 0.389
212.387 0.383
212.419 0.382
216.653 0.380
216.686 0.379
221.517 0.404
225.852 0.405