22.129 0.250
22.162 0.250
22.192 0.250
27.858 0.251
27.890 0.251
27.924 0.250
27.959 0.250
32.791 0.228
32.830 0.229
36.124 0.226
39.327 0.225
39.359 0.226
42.291 0.224
42.325 0.225
45.190 0.223
45.223 0.223
48.223 0.215
51.892 0.219
51.920 0.220
51.954 0.220
55.225 0.228
58.269 0.221
58.286 0.221
61.158 0.230
61.181 0.230
61.200 0.232
64.153 0.227
67.254 0.210
70.518 0.198
73.988 0.217
74.017 0.219
77.284 0.221
80.719 0.215
83.682 0.209
87.180 0.203
90.315 0.199
113.476 0.401
113.508 0.399
116.273 0.396
134.936 0.355
138.703 0.375
138.736 0.375
142.074 0.401
142.104 0.401
146.340 0.410
146.367 0.409
149.468 0.411
149.499 0.410
149.534 0.410
153.302 0.412
153.333 0.411
153.367 0.410
157.199 0.404
157.233 0.405
157.265 0.405
160.830 0.402
160.864 0.403
164.231 0.398
164.269 0.398
164.299 0.399
167.563 0.408
167.596 0.408
170.799 0.406
170.831 0.408
174.428 0.422
174.463 0.422
