37.165 0.254
37.199 0.254
37.333 0.254
37.465 0.256
37.497 0.256
37.631 0.255
37.664 0.255
37.798 0.256
37.933 0.257
52.096 0.325
66.827 0.250
73.260 0.257
79.692 0.264
79.722 0.264
85.420 0.255
85.455 0.254
98.954 0.261
98.984 0.260
99.019 0.260
104.253 0.261
104.284 0.262
104.317 0.261
118.716 0.239
118.749 0.238
162.305 0.402
162.342 0.405
162.372 0.402
162.507 0.404
162.539 0.404
162.771 0.403
162.805 0.403
178.736 0.447
178.767 0.446
215.730 0.402
215.760 0.403
215.927 0.404
215.961 0.404
220.830 0.432
220.860 0.433
220.892 0.435
220.926 0.434
226.090 0.458
226.123 0.457
226.160 0.458
231.958 0.448
231.990 0.448
232.022 0.449
232.056 0.449
237.589 0.479
237.624 0.480
237.658 0.478
242.623 0.480
242.658 0.479
242.689 0.475
242.721 0.479
249.387 0.498
249.421 0.496
254.954 0.490
254.987 0.492
255.020 0.491
255.052 0.494
260.920 0.477
260.954 0.479
266.154 0.465
266.185 0.465
266.219 0.467
266.253 0.467
271.649 0.444
271.709 0.444
271.730 0.442
271.748 0.443
