0 0 2.27
1.101 1.101 2.34
0 0 2.35
0 0 2.37
0 0 2.39
0 0 2.4
1.011 5.186 2.42
0.973 2.526 2.45
0.964 1.172 2.48
0.924 2.834 2.52
0.915 0.631 2.56
0.902 0.475 2.59
0.908 0.325 2.62
0.894 0.484 2.66
0.889 0.175 2.69
0 0 2.72
0.883 0.589 2.76
0.882 0.206 2.79
0.873 0.378 2.82
0 0 2.86
0 0 2.89
0 0 2.92
0 0 2.96
0 0 2.99
0 0 3.02
0.79 3.064 3.06
0 0 3.09
0 0 3.12
0.77 0.845 3.16
0 0 3.19
0.754 0.509 3.22
0.746 0.443 3.25
0.735 0.504 3.29
0.723 0.542 3.32
0.712 0.442 3.36
0.703 0.334 3.39
0.689 0.474 3.43
0.681 0.457 3.46
0.672 0.45 3.49
0.669 0.18 3.53
0.658 0.415 3.55
0.654 0.273 3.59
0.651 0.177 3.63
0.646 0.385 3.66
0.642 0.313 3.69
0.638 0.367 3.72
0.631 0.363 3.76
0.631 0.079 3.79
0.621 0.373 3.82
0.618 0.136 3.86
0.61 0.429 3.89
0.603 0.389 3.93
0.59 0.604 3.96
0.58 0.461 3.99
0.57 0.425 4.02
0.557 0.486 4.06
0.551 0.217 4.09
0.541 0.331 4.12
0.53 0.638 4.16
0.525 0.268 4.19
0.517 0.36 4.22
0.515 0.084 4.26
0.508 0.272 4.29
0.503 0.21 4.32
0.499 0.123 4.36
0.494 0.176 4.39
0.491 0.138 4.42
0.484 0.326 4.46
0.481 0.168 4.49
0.478 0.126 4.52
0.476 0.094 4.56
0.473 0.11 4.59
0.472 0.117 4.62
0.468 0.224 4.66
0.465 0.192 4.69
0.463 0.119 4.72
0.458 0.201 4.76
0.454 0.179 4.79
0.447 0.234 4.83
0.442 0.196 4.86
0.436 0.331 4.89
0.429 0.309 4.92
0.424 0.233 4.96
0.417 0.264 4.99
0.41 0.256 5.03
0.404 0.206 5.06
0.398 0.288 5.09
0.392 0.319 5.13
0.385 0.314 5.15
0.378 0.315 5.19
0.373 0.225 5.22
0.368 0.227 5.26
0.361 0.26 5.29
0.355 0.164 5.33
0.35 0.28 5.36
0.343 0.347 5.39
0.337 0.303 5.42
0.331 0.312 5.45
0.325 0.234 5.49
0.319 0.26 5.52
0.312 0.248 5.55
0.306 0.217 5.59
0.3 0.269 5.62
0.293 0.368 5.65
0.288 0.258 5.69
0.283 0.204 5.72
0.277 0.254 5.76
0.273 0.146 5.79
0.267 0.345 5.82
0.264 0.191 5.86
0.26 0.182 5.89
0.259 0.066 5.92
0.258 0.058 5.96
0.258 0.058 5.99
0.261 0.122 6.02
0.265 0.13 6.06
0.269 0.227 6.09
0.275 0.258 6.12
0.28 0.24 6.16
0.286 0.226 6.19
0.292 0.238 6.23
0.298 0.314 6.26
0.307 0.538 6.29
0.317 0.524 6.32
0.329 0.648 6.36
0.343 0.538 6.39
0.355 0.568 6.42
0.37 0.595 6.46
0.386 0.546 6.49
0.404 1.115 6.52
0.422 0.963 6.56
0.44 0.902 6.59
0.459 1.013 6.62
0.479 1.01 6.65
0.502 1.082 6.69
0.524 0.848 6.72
0.546 0.855 6.75
0.57 0.844 6.79
0.591 1.178 6.82
0.612 1.214 6.85
0.634 1.06 6.89
0 0 6.92
0.676 1.878 6.95
0.7 0.899 6.99
0.723 0.794 7.02
0 0 7.05
0.757 1.004 7.09
0.769 0.472 7.12
0.781 0.51 7.15
0.794 0.566 7.19
0.799 0.207 7.22
0.8 0.09 7.26
0.802 0.12 7.29
0.8 0.179 7.32
0.793 0.409 7.35
0.781 0.517 7.39
0.774 0.377 7.42
0.759 0.566 7.45
0.744 0.556 7.49
0.728 0.984 7.52
0.705 1.142 7.55
0.684 0.995 7.59
0.66 1.054 7.62
0 0 7.65
0.615 1.78 7.69
0 0 7.72
0 0 7.75
0.545 2.375 7.79
0.521 0.97 7.82
0.499 0.844 7.86
0.479 0.785 7.89
0.457 0.712 7.92
0.437 1.196 7.96
0.42 0.845 7.99
0 0 8.02
0 0 8.05
0.368 2.588 8.09
0.354 0.618 8.12
0.339 0.51 8.16
0.324 0.82 8.2
0.314 0.481 8.22
0.301 0.712 8.26
0.29 0.533 8.29
0.277 0.555 8.32
0.266 0.456 8.36
0.255 0.411 8.39
0.245 0.535 8.42
0.235 0.586 8.45
0.227 0.46 8.49
0 0 8.52
0.212 0.683 8.56
0.208 0.187 8.59
0.207 0.083 8.62
0.208 0.138 8.66
0.214 0.323 8.69
0.223 0.415 8.72
0.237 0.756 8.75
0.254 0.825 8.79
0 0 8.82
0 0 8.85
0.319 2.635 8.89
0.347 1.428 8.92
0 0 8.95
0 0 8.99
0 0 9.02
0.464 5.613 9.06
0.497 1.15 9.09
0.527 1.667 9.12
0.558 1.615 9.16
0 0 9.19
0 0 9.22
0.645 4.136 9.26
0.673 0.989 9.29
0.701 0.974 9.32
0.72 0.692 9.36
0.744 0.723 9.39
0 0 9.42
0 0 9.45
0.798 3.21 9.49
0.809 0.441 9.52
0.819 0.4 9.55
0.819 0.064 9.59
0.831 0.424 9.62
0.821 0.582 9.65
0.815 0.421 9.69
0.798 0.78 9.72
0.779 0.802 9.76
0.76 0.728 9.79
0.734 1.016 9.82
0.71 0.913 9.85
0.683 1.59 9.89
0 0 9.92
0.625 2.201 9.95
0 0 9.99
0.57 2.341 10.02
0.541 0.92 10.06
0 0 10.08
0 0 10.12
0.473 4.301 10.16
0.453 0.787 10.19
0.43 0.791 10.22
0.416 0.555 10.25
0 0 10.29
0.381 1.272 10.32
0.366 0.797 10.35
0.35 0.833 10.39
0.335 0.634 10.42
0.32 0.631 10.46
0.31 0.381 10.49
0 0 10.52
0.289 0.775 10.56
0.281 0.348 10.59
0.274 0.227 10.62
0.267 0.314 10.65
0.262 0.223 10.69
0.261 0.074 10.72
0.261 0.064 10.75
0.263 0.058 10.79
0.269 0.339 10.82
0.279 0.584 10.86
0.293 0.527 10.89
0.313 0.877 10.92
0.336 0.868 10.95
0 0 10.99
0.387 1.842 11.02
0.418 0.944 11.05
0.45 1.8 11.09
0 0 11.12
0.517 3.07 11.16
0.545 1.024 11.19
0 0 11.22
0.611 2.152 11.25
0.638 1.622 11.29
0.665 1.376 11.32
0 0 11.35
0 0 11.39
0.732 3.242 11.42
0.753 0.853 11.45
0.773 0.695 11.49
0.789 0.972 11.52
0.801 0.573 11.56
0.804 0.221 11.59
0.806 0.132 11.62
0.816 0.407 11.65
0.819 0.132 11.69
0.818 0.051 11.72
0.821 0.215 11.76
0 0 11.78
0.8 1.0 11.82
0 0 11.85
0.768 1.364 11.89
0.749 0.594 11.92
