0.65 0.65 2.31
0.65 0.0 2.37
0.651 0.093 2.39
0.655 0.293 2.41
0.653 0.151 2.43
0.65 0.193 2.46
0.651 0.085 2.47
0.65 0.079 2.49
0.651 0.1 2.51
0.653 0.158 2.55
0.648 0.239 2.57
0.648 0.084 2.61
0 0 2.64
0.645 0.157 2.67
0.644 0.059 2.71
0.646 0.091 2.74
0 0 2.77
0.64 0.481 2.81
0.644 0.204 2.84
0.641 0.152 2.88
0.641 0.051 2.91
0 0 2.94
0.64 0.085 2.98
0.639 0.062 3.01
0.639 0.022 3.05
0.638 0.051 3.08
0.634 0.15 3.11
0.642 0.279 3.15
0.643 0.049 3.18
0.643 0.018 3.21
0.645 0.069 3.25
0 0 3.28
0.642 0.147 3.31
0 0 3.34
0.649 0.289 3.38
0.645 0.129 3.41
0.646 0.065 3.44
0.644 0.136 3.48
0.639 0.262 3.51
0.641 0.094 3.55
0.638 0.097 3.58
0.639 0.037 3.61
0 0 3.64
0.635 0.156 3.68
0.635 0.034 3.71
0.635 0.032 3.75
0.631 0.171 3.78
0.629 0.119 3.81
0.626 0.095 3.85
0 0 3.88
0.628 0.073 3.91
0.626 0.135 3.95
0.625 0.067 3.98
0.625 0.031 4.01
0.626 0.03 4.05
0 0 4.08
0.632 0.197 4.12
0.637 0.257 4.15
0.643 0.39 4.18
0.648 0.264 4.21
0.65 0.094 4.25
0.656 0.303 4.29
0.655 0.062 4.32
0.684 1.598 4.35
0 0 4.38
0.659 1.447 4.41
0.69 1.603 4.44
0.659 2.043 4.48
0.657 0.087 4.51
0.657 0.1 4.55
0 0 4.58
0.65 0.363 4.61
0.648 0.147 4.65
0.641 0.408 4.68
0.634 0.471 4.71
0.626 0.392 4.75
0.616 0.439 4.78
0.607 0.426 4.81
0 0 4.84
0.575 1.314 4.88
0.565 0.345 4.91
0.548 0.97 4.95
0.534 0.638 4.98
0.518 0.785 5.01
0.5 0.733 5.05
0.484 0.507 5.08
0.469 0.938 5.11
0.453 0.873 5.15
0.438 0.75 5.18
0.424 0.664 5.22
0.412 0.463 5.25
0.399 0.668 5.28
0.388 0.625 5.31
0.377 0.644 5.35
0.367 0.632 5.38
0.358 0.463 5.41
0.349 0.46 5.45
0.34 0.419 5.48
0.328 0.413 5.52
0.32 0.325 5.55
0.311 0.492 5.58
0.305 0.432 5.61
0.297 0.467 5.65
0.292 0.295 5.68
0.289 0.227 5.72
0.284 0.226 5.75
0.281 0.168 5.78
0.279 0.149 5.82
0.276 0.22 5.85
0.275 0.229 5.88
0.273 0.221 5.91
0.271 0.248 5.95
0.272 0.176 5.98
0.272 0.134 6.01
0.277 0.176 6.05
0.286 0.312 6.08
0.301 0.959 6.11
0.321 1.103 6.15
0.35 1.53 6.18
0.386 1.593 6.22
0.427 1.426 6.25
0.471 2.61 6.29
0.521 2.291 6.31
0.579 3.394 6.34
0.62 2.968 6.38
0 0 6.41
0.691 3.39 6.45
0.715 1.107 6.48
0.736 0.998 6.51
0.745 0.449 6.54
0.749 0.254 6.58
0.751 0.29 6.61
0.753 0.184 6.65
0.748 0.236 6.68
0.738 0.516 6.71
0 0 6.74
0.734 0.259 6.78
0 0 6.81
0.724 0.403 6.84
0.719 0.201 6.88
0.716 0.253 6.91
0.708 0.399 6.94
0.703 0.289 6.98
0.7 0.208 7.01
0.691 0.342 7.05
0.691 0.163 7.08
0.687 0.23 7.11
0.687 0.11 7.15
0.684 0.138 7.18
0 0 7.21
0.692 0.296 7.24
0.687 0.178 7.28
0.687 0.012 7.31
0.688 0.069 7.35
0.697 0.449 7.38
0.695 0.137 7.41
0.699 0.208 7.44
0.699 0.08 7.48
0 0 7.51
0.702 0.182 7.54
0 0 7.57
0.689 0.411 7.61
0.682 0.371 7.65
0.677 0.214 7.68
0 0 7.71
0.653 1.029 7.75
0.642 0.349 7.78
0.63 0.693 7.81
0.615 0.84 7.84
0.599 0.854 7.88
0.586 0.578 7.91
0.57 0.659 7.94
0.557 0.49 7.98
0.543 0.528 8.01
0.525 0.582 8.05
0.508 0.867 8.08
0.492 0.827 8.11
0.473 0.743 8.15
0.455 0.61 8.18
0.437 1.1 8.21
0.418 1.143 8.25
0.401 0.903 8.28
0.385 0.923 8.31
0.371 0.626 8.35
0.358 0.525 8.38
0.346 0.41 8.41
0.337 0.325 8.45
0.329 0.239 8.48
0.324 0.304 8.51
0.319 0.299 8.55
0.316 0.162 8.58
0.314 0.134 8.62
0.311 0.123 8.65
0.308 0.222 8.68
0.307 0.17 8.72
0.305 0.182 8.75
0.302 0.219 8.78
0.299 0.222 8.81
0.298 0.178 8.85
0.294 0.201 8.88
0.293 0.11 8.92
0.291 0.21 8.95
0.291 0.124 8.98
0.29 0.106 9.01
0.29 0.072 9.05
0.292 0.104 9.08
0.298 0.247 9.11
0.308 0.339 9.14
0.325 0.652 9.18
0.352 1.414 9.21
0.388 1.826 9.25
0.427 1.861 9.28
0.474 2.291 9.31
0.526 2.456 9.34
0.581 2.408 9.38
0.637 1.992 9.41
0.681 3.275 9.45
0.724 2.441 9.47
0.76 2.638 9.51
0.793 2.042 9.55
0.816 1.095 9.57
0.83 0.865 9.61
0 0 9.64
0 0 9.67
0.858 1.649 9.71
0 0 9.74
0 0 9.77
0 0 9.81
0 0 9.84
0 0 9.87
0 0 9.91
0 0 9.94
0 0 9.97
0.864 0.443 10.01
0 0 10.04
0 0 10.07
0 0 10.11
0.845 1.337 10.14
0 0 10.17
0 0 10.21
0.828 0.792 10.24
0.824 0.335 10.28
0.82 0.289 10.31
0 0 10.34
0.801 0.949 10.38
0.791 0.365 10.41
0.778 1.054 10.44
0.769 0.682 10.48
0.757 0.631 10.51
0.744 0.666 10.54
0.729 0.69 10.57
0.722 0.399 10.61
0.705 0.657 10.64
0.684 0.772 10.67
0.672 0.85 10.71
0.648 1.201 10.74
0.634 0.723 10.77
0.618 0.74 10.81
0.598 0.829 10.84
0.579 0.709 10.88
0.564 0.462 10.91
0.543 1.325 10.94
0.524 1.007 10.98
0.508 0.779 11.01
0.491 0.672 11.05
0.475 0.562 11.08
0.459 1.116 11.11
0.446 0.86 11.14
0.431 0.96 11.18
0.419 0.59 11.21
0.409 0.446 11.24
0.397 0.536 11.28
0.386 0.399 11.31
0.376 0.373 11.34
0.365 0.369 11.38
0.356 0.518 11.41
0.347 0.43 11.44
0.337 0.514 11.48
0.328 0.366 11.51
0.32 0.324 11.55
0.312 0.306 11.58
0.304 0.512 11.61
0.299 0.322 11.64
0.292 0.464 11.68
0.287 0.298 11.71
0.282 0.246 11.74
0.278 0.174 11.78
0.274 0.153 11.82
0.271 0.104 11.85
0.269 0.141 11.88
0.266 0.214 11.91
0.263 0.162 11.94
0.261 0.143 11.98
0.258 0.142 12.01
0.26 0.093 12.05
0.261 0.094 12.08
0.271 0.525 12.11
0.282 0.575 12.14
0 0 12.17
0.327 2.523 12.21
0.356 1.307 12.24
0.392 1.514 12.28
0.43 1.438 12.31
0.469 1.447 12.34
0.511 1.503 12.38
0.554 1.26 12.41
0.594 2.236 12.44
0.637 2.198 12.47
0.668 1.61 12.51
0.705 1.604 12.54
0.729 0.954 12.57
0.752 0.924 12.61
0.776 0.86 12.64
0.787 0.943 12.67
0.81 1.48 12.71
0.813 0.432 12.74
0.831 0.91 12.78
0 0 12.81
0 0 12.84
0 0 12.87
0 0 12.91
0 0 12.94
0 0 12.97
0 0 13.01
0 0 13.04
0 0 13.07
0 0 13.11
0.85 1.327 13.14
0 0 13.17
0 0 13.21
0 0 13.24
0.824 0.902 13.27
0 0 13.31
0.821 0.339 13.34
0.811 0.404 13.38
0.807 0.165 13.41
0 0 13.44
0.797 0.87 13.48
0 0 13.51
0.783 0.447 13.54
0 0 13.57
0.769 0.658 13.61
0.748 0.72 13.64
0.734 0.839 13.68
0.724 0.627 13.71
0.725 0.252 13.74
0.714 0.489 13.78
0.708 0.297 13.81
0.7 0.304 13.84
0.698 0.149 13.87
0.69 0.562 13.91
0.69 0.181 13.94
0.685 0.324 13.97
0.681 0.239 14.01
0.675 0.314 14.04
0.662 0.464 14.08
0.654 0.486 14.11
0.643 0.836 14.14
0.63 0.857 14.17
0.615 0.802 14.21
0.6 0.699 14.24
0.586 0.648 14.27
0.567 0.791 14.31
0.551 0.602 14.34
0.53 0.694 14.38
0.515 0.918 14.41
0.498 0.852 14.44
0.484 0.729 14.48
0.469 0.666 14.51
0.453 0.576 14.55
0.439 0.464 14.58
0.426 0.806 14.61
0.415 0.595 14.64
0.403 0.558 14.68
0.394 0.371 14.71
0.387 0.322 14.75
0.38 0.24 14.78
0.374 0.387 14.81
0.37 0.321 14.85
0.365 0.208 14.88
0.359 0.275 14.91
0.356 0.186 14.94
0.352 0.2 14.98
0.348 0.139 15.01
0.345 0.138 15.05
0.341 0.181 15.08
0.338 0.126 15.11
0.334 0.182 15.14
0.331 0.157 15.18
0.327 0.136 15.21
0.326 0.151 15.24
0.322 0.293 15.28
0.32 0.149 15.31
0.318 0.115 15.34
0.316 0.12 15.38
0.314 0.089 15.41
0.313 0.054 15.45
0.312 0.058 15.48
0.311 0.051 15.51
0.311 0.043 15.55
0.309 0.053 15.58
0.311 0.057 15.61
0.314 0.113 15.64
0.323 0.61 15.68
0.335 0.634 15.71
0.35 0.785 15.74
0.373 1.377 15.77
0.402 1.451 15.81
0.436 1.302 15.84
0.472 1.436 15.88
0.518 1.464 15.91
0.561 1.42 15.94
0.601 2.24 15.98
0.644 2.065 16.01
0.681 1.794 16.04
0.716 1.607 16.07
0.743 1.103 16.11
0.763 0.811 16.14
0.777 0.54 16.17
0.785 0.722 16.21
0.793 0.51 16.24
0 0 16.27
0.799 0.464 16.31
0.804 0.218 16.34
0.804 0.08 16.38
0 0 16.4
0.8 0.203 16.44
0.801 0.078 16.48
0.801 0.085 16.51
0.798 0.157 16.54
0.794 0.175 16.58
0.801 0.301 16.61
0.794 0.29 16.64
0.796 0.072 16.68
0.794 0.097 16.71
0.795 0.054 16.74
0.795 0.059 16.78
0 0 16.8
0.796 0.109 16.84
0.786 0.35 16.88
0.789 0.109 16.91
0.785 0.248 16.94
0 0 16.97
0.78 0.309 17.01
0.775 0.228 17.04
0.774 0.071 17.07
0.776 0.097 17.11
0.768 0.296 17.14
0.763 0.182 17.18
0.756 0.234 17.21
0.749 0.408 17.24
0.74 0.447 17.28
0.734 0.331 17.31
0.725 0.407 17.34
0.713 0.518 17.38
0.708 0.2 17.41
0.694 1.005 17.44
0.679 0.866 17.47
0.668 0.594 17.51
0.657 0.494 17.54
0.643 0.536 17.57
0.63 0.55 17.61
0.615 0.581 17.64
0.604 0.399 17.68
0.589 0.714 17.71
0.576 0.656 17.74
0.564 0.566 17.77
0.547 0.789 17.81
0.535 0.427 17.84
0.523 0.371 17.88
0.515 0.477 17.91
0.5 0.742 17.95
0.489 0.456 17.98
0.476 0.647 18.01
0.468 0.384 18.04
0.456 0.433 18.07
0.449 0.259 18.11
0.44 0.326 18.14
0.431 0.51 18.17
0.423 0.406 18.21
0.415 0.33 18.24
0.408 0.284 18.28
0.4 0.256 18.31
0.393 0.424 18.35
0.386 0.34 18.38
0.378 0.382 18.41
0.37 0.393 18.44
0.361 0.419 18.48
0.354 0.298 18.51
0.345 0.335 18.55
0.34 0.268 18.58
0.336 0.262 18.61
0.333 0.137 18.64
0.333 0.047 18.67
0.331 0.109 18.71
0.33 0.062 18.74
0.329 0.114 18.78
0.329 0.05 18.81
0.329 0.092 18.84
0.328 0.099 18.88
0.328 0.045 18.91
0.327 0.083 18.94
0.324 0.104 18.98
0.324 0.021 19.01
0.323 0.04 19.04
0.322 0.059 19.08
0.321 0.086 19.11
0.324 0.174 19.14
0.329 0.31 19.18
0.338 0.368 19.21
0.357 0.749 19.24
0.381 0.873 19.27
0.412 1.118 19.31
0.45 2.593 19.34
0.487 1.959 19.38
0.53 1.52 19.41
0.566 1.72 19.44
0.603 1.446 19.47
0.635 1.341 19.51
0.667 1.203 19.54
0.701 1.061 19.57
0.714 0.95 19.61
0.736 1.113 19.64
0.752 0.77 19.67
0.765 0.692 19.71
0 0 19.74
0 0 19.77
0 0 19.8
0 0 19.84
0.793 1.507 19.88
0.795 0.142 19.91
0.799 0.199 19.94
0.796 0.119 19.97
0.801 0.178 20.01
0.798 0.104 20.04
0 0 20.07
0 0 20.1
0.785 0.871 20.14
0.777 0.348 20.18
0.773 0.194 20.21
0.768 0.22 20.24
0.76 0.553 20.28
0.755 0.281 20.31
0.747 0.432 20.34
0.75 0.214 20.37
0.732 0.772 20.41
0.73 0.17 20.44
0.711 0.731 20.48
0.696 0.493 20.51
0.697 0.246 20.54
0.683 0.698 20.57
0.673 0.536 20.61
0.66 0.544 20.64
0.652 0.343 20.67
0.642 0.389 20.71
0.632 0.316 20.74
0.623 0.503 20.77
0.61 0.619 20.81
0.6 0.458 20.84
0.592 0.307 20.87
0.582 0.35 20.91
0.572 0.351 20.94
0.56 0.607 20.97
0.549 0.577 21.01
0.538 0.472 21.04
0.527 0.41 21.07
0.515 0.49 21.11
0.504 0.373 21.14
0.491 0.792 21.18
0.478 0.638 21.21
0.467 0.517 21.24
0.455 0.482 21.28
0.443 0.446 21.31
0.431 0.459 21.34
0.419 0.412 21.38
0.408 0.574 21.41
0.397 0.656 21.44
0.388 0.504 21.47
0.379 0.461 21.51
0.371 0.346 21.54
0.364 0.247 21.58
0.356 0.504 21.61
0.35 0.4 21.64
0.344 0.396 21.68
0.339 0.279 21.71
0.334 0.159 21.74
0.331 0.171 21.78
0 0 21.81
0.324 0.251 21.84
0.321 0.112 21.88
0 0 21.91
0 0 21.94
0.315 0.311 21.97
0.312 0.148 22.01
0.309 0.099 22.04
0.308 0.042 22.08
0.306 0.149 22.11
0.305 0.063 22.14
0.302 0.131 22.18
0.3 0.108 22.21
0.302 0.067 22.25
0.306 0.257 22.28
0.31 0.259 22.31
0.322 0.621 22.34
0.339 0.966 22.38
0.362 1.015 22.41
0.392 1.306 22.44
0.425 1.384 22.47
0.465 1.477 22.51
0.507 1.398 22.54
0.552 2.86 22.57
0.597 3.209 22.61
0.644 2.503 22.64
0.682 1.693 22.67
0.72 1.817 22.71
0.744 0.995 22.74
0.762 0.803 22.77
0.767 0.396 22.81
0.778 0.479 22.84
0.774 0.417 22.87
0.782 0.392 22.91
0.79 0.37 22.94
0.785 0.256 22.98
0.776 0.288 23.01
0.775 0.263 23.04
0.771 0.274 23.07
0.771 0.141 23.11
0.769 0.13 23.14
0.765 0.219 23.17
0.758 0.275 23.21
0.761 0.131 23.24
0.757 0.167 23.28
0.759 0.104 23.3
0.755 0.263 23.34
0.748 0.381 23.38
0.744 0.185 23.41
0.748 0.181 23.44
0.747 0.051 23.47
0.751 0.153 23.5
0.754 0.15 23.54
0 0 23.57
0.766 0.843 23.61
0.768 0.28 23.64
0.773 0.37 23.67
0.779 0.312 23.71
0.784 0.26 23.74
0.788 0.441 23.77
0.784 0.363 23.81
0.785 0.187 23.84
0.781 0.243 23.87
0.776 0.264 23.9
0.77 0.266 23.94
0.767 0.17 23.97
0.757 0.379 24.01
0.745 0.387 24.04
0.737 0.493 24.07
0.724 0.65 24.11
0.709 0.637 24.14
0.69 0.745 24.17
0.674 0.585 24.21
0.661 0.447 24.24
0.637 1.531 24.27
0.618 0.99 24.3
0.601 0.862 24.34
0.579 1.038 24.37
0.559 0.745 24.41
0.541 0.651 24.44
0.519 0.77 24.47
0.5 0.639 24.51
0.48 1.126 24.54
0.463 0.753 24.57
0.447 0.714 24.61
0.432 0.572 24.64
0.416 0.568 24.67
0.405 0.411 24.71
0.396 0.553 24.74
0.387 0.499 24.77
0.381 0.333 24.81
0.375 0.291 24.84
0.373 0.136 24.87
0.371 0.099 24.91
0.369 0.1 24.94
0.367 0.132 24.97
0.366 0.137 25.01
0.365 0.092 25.04
0.365 0.064 25.07
0.363 0.086 25.11
0.362 0.065 25.14
0.362 0.041 25.17
0.362 0.037 25.21
0.36 0.14 25.24
0.36 0.065 25.27
0.359 0.058 25.31
0.359 0.043 25.34
0.356 0.133 25.37
0.357 0.047 25.41
0.356 0.048 25.44
0.357 0.043 25.48
0.356 0.058 25.51
0.356 0.045 25.54
0.36 0.159 25.58
0.36 0.04 25.61
0.36 0.055 25.65
0.361 0.103 25.67
0.36 0.173 25.71
0.358 0.224 25.74
0.359 0.226 25.77
0.352 0.349 25.81
0.349 0.205 25.84
0.347 0.211 25.88
0.343 0.247 25.91
0.337 0.244 25.94
0.335 0.196 25.97
0 0 26.01
0.329 0.33 26.04
0.328 0.104 26.08
0.327 0.074 26.11
0.328 0.094 26.14
0.326 0.105 26.17
0.329 0.13 26.21
0.328 0.182 26.24
0.325 0.229 26.27
0 0 26.31
0 0 26.34
0.325 0.441 26.38
0.323 0.206 26.41
0.323 0.321 26.44
0 0 26.48
0.327 0.582 26.51
0 0 26.54
0 0 26.57
0 0 26.6
0.388 2.524 26.64
0.419 1.257 26.67
0.46 1.279 26.71
0.502 2.42 26.74
0.547 2.518 26.77
0.597 2.517 26.81
0.648 2.221 26.84
0.705 2.335 26.87
0.748 1.57 26.9
0.788 3.085 26.94
0.814 1.679 26.97
0.833 1.34 27.01
0.858 1.215 27.04
0.872 0.655 27.07
0.878 0.382 27.11
0 0 27.14
0 0 27.17
0.889 0.587 27.21
0.888 0.195 27.24
0.88 0.402 27.27
0.879 0.258 27.3
0.877 0.288 27.34
0.873 0.317 27.37
0.872 0.274 27.4
0.869 0.62 27.44
0.872 0.485 27.47
0.872 0.45 27.5
0.875 0.414 27.54
0.879 0.368 27.57
0.874 0.366 27.6
0.875 0.268 27.64
0.879 0.446 27.67
0.879 0.365 27.71
0.875 0.337 27.74
0.875 0.26 27.77
0.871 0.256 27.81
0.872 0.196 27.84
0.874 0.189 27.87
0.871 0.185 27.91
0.866 0.37 27.94
0.869 0.28 27.97
0.857 0.694 28.0
0.85 0.457 28.04
0.844 0.367 28.07
0.84 0.215 28.1
0.834 0.213 28.14
0.825 0.532 28.17
0.816 0.469 28.2
0.807 0.445 28.24
0.79 0.732 28.27
0.786 0.178 28.3
0.773 0.501 28.34
0.765 0.33 28.37
0.758 0.474 28.41
0.75 0.42 28.44
0.743 0.4 28.47
0.758 0.694 28.5
0.734 0.957 28.54
0.73 0.239 28.57
0.728 0.327 28.61
0.721 0.451 28.64
0.722 0.161 28.67
0.718 0.231 28.71
0.724 0.278 28.74
0.726 0.112 28.77
0.725 0.18 28.8
0.732 0.468 28.84
0.741 0.435 28.88
0.75 0.414 28.9
0.76 0.454 28.94
0 0 28.97
0.776 0.677 29.01
0.79 0.44 29.04
0 0 29.07
0.804 0.834 29.1
0.811 0.407 29.14
0.815 0.228 29.17
0.824 0.43 29.21
0 0 29.24
0 0 29.27
0.828 0.55 29.3
0.836 0.545 29.34
0 0 29.37
0 0 29.4
0 0 29.44
0.833 0.891 29.47
0 0 29.5
0 0 29.54
0 0 29.57
0 0 29.6
0 0 29.64
0 0 29.67
0.853 1.0 29.71
0 0 29.74
0 0 29.77
0 0 29.8
0 0 29.84
0 0 29.87
0 0 29.9
0 0 29.94
0 0 29.97
0 0 30.0
0 0 30.04
0.834 0.642 30.07
0.84 0.261 30.11
0.832 0.304 30.14
0.841 0.353 30.17
0 0 30.2
0 0 30.24
0.839 0.32 30.27
0 0 30.3
0 0 30.34
0.83 0.606 30.37
0 0 30.4
0 0 30.44
0.836 0.454 30.47
0 0 30.5
0 0 30.54
0 0 30.57
0 0 30.6
0 0 30.64
0 0 30.67
0 0 30.7
0 0 30.74
0 0 30.77
0 0 30.8
0 0 30.84
0 0 30.87
0 0 30.9
0 0 30.94
0 0 30.97
0 0 31.0
0 0 31.04
0 0 31.07
0 0 31.1
0 0 31.14
0 0 31.17
0 0 31.2
0 0 31.24
0 0 31.27
0 0 31.3
0 0 31.34
0 0 31.37
0 0 31.4
0.752 5.035 31.44
0.754 0.426 31.47
0.757 0.371 31.51
0 0 31.54
0.777 0.885 31.57
0.78 0.152 31.61
0 0 31.63
0 0 31.67
0 0 31.7
0 0 31.74
0 0 31.77
0 0 31.8
0 0 31.84
0 0 31.87
0 0 31.91
0 0 31.94
0 0 31.97
0 0 32.0
0 0 32.04
0 0 32.07
0 0 32.1
0 0 32.14
0 0 32.17
0 0 32.2
0 0 32.24
0 0 32.27
0 0 32.3
0 0 32.33
0 0 32.37
0 0 32.4
0 0 32.43
0 0 32.47
0 0 32.5
0 0 32.54
0 0 32.57
0 0 32.6
0 0 32.64
0 0 32.67
0 0 32.7
0 0 32.74
0 0 32.77
0.726 4.443 32.8
0 0 32.84
0.732 0.428 32.87
0.72 0.532 32.9
0.718 0.206 32.94
0.714 0.177 32.97
0.717 0.127 33.0
0.717 0.251 33.04
0.713 0.357 33.07
0.715 0.237 33.1
0.714 0.24 33.14
0.712 0.216 33.17
0 0 33.2
0.726 0.554 33.24
0 0 33.27
0 0 33.3
0 0 33.34
0 0 33.37
0 0 33.4
0.718 1.321 33.44
0 0 33.47
0.726 0.266 33.5
0 0 33.54
0.728 0.143 33.57
0.732 0.159 33.6
0.729 0.118 33.64
0.732 0.279 33.67
0 0 33.7
0 0 33.73
0.739 0.582 33.77
0 0 33.8
0.742 0.394 33.84
0.741 0.24 33.87
0.757 0.622 33.9
0 0 33.94
0 0 33.97
0.743 0.634 34.0
0 0 34.04
0.747 0.564 34.07
0 0 34.1
0 0 34.13
0 0 34.17
0 0 34.2
0 0 34.23
0 0 34.27
0 0 34.3
0 0 34.34
0 0 34.37
0 0 34.4
0 0 34.43
0 0 34.47
0 0 34.5
0 0 34.54
0 0 34.57
0 0 34.6
0 0 34.64
0 0 34.67
0 0 34.7
0 0 34.73
0 0 34.77
0 0 34.8
0 0 34.84
0 0 34.87
0.802 4.482 34.9
0.821 0.657 34.94
0.838 0.985 34.97
0.854 0.866 35.0
0 0 35.04
0 0 35.07
0 0 35.1
0.891 2.183 35.14
0 0 35.17
0.884 0.705 35.2
0 0 35.23
0.866 0.79 35.27
0.86 0.506 35.3
0 0 35.33
0 0 35.37
0.817 2.214 35.4
0.804 0.46 35.44
0.793 0.849 35.47
0.783 0.673 35.5
0.775 0.529 35.54
0.765 0.479 35.57
0.761 0.228 35.6
0.753 0.366 35.63
0.749 0.173 35.67
0.751 0.069 35.7
0.739 0.801 35.74
0.736 0.153 35.77
0.742 0.293 35.8
0.745 0.155 35.84
0.742 0.142 35.87
0.736 0.25 35.9
0.742 0.464 35.94
0.741 0.204 35.97
0.747 0.333 36.0
0.742 0.25 36.04
0.738 0.203 36.07
0.736 0.136 36.11
0.735 0.11 36.14
0.731 0.313 36.17
0.73 0.28 36.2
0.73 0.099 36.24
0.731 0.175 36.27
0.727 0.23 36.3
0.719 0.387 36.34
0.712 0.313 36.37
0.709 0.125 36.4
0.702 0.594 36.44
0.693 0.317 36.47
0.684 0.575 36.51
0.678 0.252 36.54
0.672 0.27 36.57
0.66 0.466 36.6
0 0 36.63
0 0 36.67
0 0 36.7
0 0 36.73
0 0 36.77
0 0 36.8
0 0 36.83
0 0 36.87
0 0 36.9
0 0 36.94
0 0 36.97
0 0 37.0
0 0 37.04
0 0 37.07
0 0 37.1
0 0 37.13
0 0 37.17
0 0 37.2
0 0 37.23
0 0 37.27
0 0 37.3
0 0 37.33
0 0 37.37
0 0 37.4
0 0 37.43
0 0 37.47
0 0 37.5
0 0 37.54
0 0 37.57
0 0 37.6
0 0 37.63
0 0 37.67
0 0 37.7
0 0 37.73
0 0 37.77
0 0 37.8
0 0 37.83
0 0 37.87
0 0 37.9
0 0 37.94
0.637 2.142 37.97
0.648 0.652 38.0
0.664 0.805 38.04
0.679 0.655 38.07
0.702 0.88 38.1
0.718 0.612 38.14
0.737 0.671 38.17
0.752 1.004 38.2
0 0 38.23
0.781 1.626 38.27
0.793 0.596 38.3
0.796 0.221 38.34
0.804 0.332 38.37
0 0 38.4
0 0 38.43
0.796 0.539 38.47
0 0 38.5
0.775 1.191 38.54
0.766 0.381 38.57
0.751 0.616 38.6
0.73 0.762 38.63
0.709 0.775 38.67
0 0 38.7
0.671 2.008 38.74
0.647 1.132 38.77
0.623 1.016 38.8
0.6 0.881 38.84
0.588 0.455 38.87
0.562 0.851 38.9
0.529 1.917 38.94
0.511 0.493 38.97
0.489 0.948 39.0
0.469 0.799 39.04
0.454 0.577 39.07
0.435 0.693 39.1
0.419 1.118 39.14
0.408 0.775 39.17
0.396 0.697 39.2
0.384 0.543 39.24
0.374 0.451 39.27
0.364 0.391 39.31
0.353 0.395 39.34
0.345 0.298 39.37
0.336 0.639 39.41
0.327 0.388 39.44
0.319 0.492 39.47
0.313 0.263 39.5
0.309 0.204 39.54
0.305 0.15 39.57
0.305 0.05 39.61
0.304 0.05 39.64
0.303 0.076 39.67
0.301 0.114 39.71
0.299 0.095 39.74
0.298 0.069 39.77
0.296 0.101 39.8
0.292 0.153 39.84
0.288 0.126 39.88
0.285 0.195 39.9
0.28 0.276 39.94
0.278 0.101 39.97
0.277 0.053 40.0
0.277 0.051 40.04
0.28 0.145 40.08
0.288 0.267 40.11
0.304 0.973 40.14
0.326 1.196 40.17
0.357 1.672 40.21
0.396 1.56 40.24
0.441 2.063 40.27
0.485 1.752 40.3
0.535 1.917 40.34
0.578 1.53 40.37
0.612 1.179 40.4
0.646 2.093 40.43
0.67 1.445 40.47
0.691 1.084 40.5
0.709 0.889 40.54
0.725 0.7 40.57
0.744 0.641 40.6
0.748 0.413 40.63
0.75 0.28 40.67
0.755 0.302 40.7
0.761 0.292 40.74
0.76 0.079 40.77
0.763 0.121 40.8
0.76 0.1 40.84
0.765 0.166 40.87
0.766 0.144 40.9
0.767 0.116 40.94
0.757 0.491 40.97
0.754 0.158 41.0
0.746 0.392 41.04
0.75 0.179 41.07
0.744 0.241 41.1
0.742 0.131 41.13
0.738 0.169 41.17
0.734 0.182 41.2
0.725 0.486 41.24
0.715 0.474 41.27
0.708 0.329 41.3
0.701 0.326 41.34
0.693 0.299 41.37
0.678 0.892 41.4
0.667 0.692 41.44
0.655 0.651 41.47
0.641 0.706 41.5
0.626 0.631 41.54
0.61 0.619 41.57
0.588 0.785 41.6
0.575 0.448 41.64
0.56 0.989 41.67
0.539 1.227 41.7
0.52 0.962 41.73
0.503 0.83 41.77
0.487 0.557 41.8
0.469 0.677 41.84
0.454 0.492 41.87
0.438 0.92 41.9
0.422 0.828 41.94
0.406 0.672 41.97
0.391 0.517 42.01
0.374 0.608 42.04
0.361 0.388 42.07
0.347 0.847 42.1
0.335 0.648 42.14
0.326 0.489 42.17
0.318 0.286 42.21
0.311 0.239 42.24
0.307 0.288 42.28
0.303 0.198 42.31
0.303 0.017 42.34
0.301 0.068 42.37
0.301 0.058 42.4
0.3 0.072 42.44
0.299 0.05 42.47
0.297 0.059 42.5
0.295 0.073 42.54
0.295 0.014 42.57
0.293 0.129 42.61
0.292 0.116 42.64
0.291 0.104 42.67
0.29 0.087 42.71
0.291 0.069 42.74
0.293 0.086 42.77
0.296 0.113 42.8
0.303 0.273 42.84
0.316 0.443 42.87
0.337 1.107 42.91
0.364 1.261 42.94
0.399 1.44 42.97
0.443 1.925 43.0
0.495 2.168 43.04
0.55 1.972 43.07
0.606 1.892 43.1
0.663 4.106 43.13
0.715 3.651 43.17
0.758 2.049 43.2
0 0 43.23
0.821 3.191 43.27
0.837 0.779 43.3
0 0 43.33
0.853 0.739 43.37
0.862 0.272 43.4
0.854 0.475 43.44
0.846 0.37 43.47
0 0 43.5
0 0 43.53
0 0 43.57
0.818 1.426 43.6
0 0 43.63
0 0 43.67
0.803 0.621 43.7
0.798 0.24 43.73
0.794 0.22 43.77
0.796 0.133 43.81
0 0 43.83
0.78 0.532 43.87
0.78 0.097 43.91
0.768 0.547 43.94
0.763 0.281 43.97
0.751 0.532 44.01
0.742 0.328 44.04
0.741 0.168 44.07
0.731 0.355 44.11
0.718 0.713 44.13
0.713 0.355 44.17
0.697 0.811 44.21
0.697 0.184 44.23
0.666 1.318 44.27
0.655 0.454 44.3
0.641 0.945 44.34
0.63 0.708 44.37
0.61 0.87 44.4
0.598 0.621 44.44
0.583 0.726 44.47
0.566 0.675 44.5
0.551 0.591 44.54
0.532 0.518 44.57
0.515 0.906 44.6
0.5 0.8 44.64
0.484 0.855 44.67
0.467 0.746 44.71
0.452 0.5 44.74
0.437 0.586 44.77
0.42 0.556 44.81
0.404 0.897 44.84
0.391 0.785 44.87
0.378 0.603 44.9
0.367 0.52 44.94
0.356 0.443 44.97
0.349 0.281 45.0
0.343 0.211 45.04
0.339 0.293 45.07
0.333 0.296 45.1
0.331 0.14 45.14
0.328 0.147 45.17
0.325 0.1 45.2
0.322 0.102 45.24
0.32 0.065 45.27
0.32 0.048 45.3
0.317 0.156 45.34
0.316 0.026 45.37
0.314 0.085 45.4
0.313 0.051 45.44
0.311 0.073 45.47
0.311 0.028 45.5
0.309 0.101 45.54
0.309 0.029 45.57
0.308 0.059 45.61
0.308 0.024 45.64
0.307 0.026 45.67
0.31 0.085 45.71
0.318 0.502 45.74
0.334 1.005 45.77
0.366 1.722 45.8
0.412 2.5 45.84
0.474 2.488 45.87
0.549 3.144 45.9
0.63 3.699 45.94
0.7 2.429 45.97
0.757 4.514 46.0
0.794 3.223 46.04
0 0 46.06
0 0 46.1
0.835 3.337 46.14
0.838 0.254 46.17
0 0 46.2
0.834 0.638 46.23
0.832 0.138 46.27
0.823 0.58 46.3
0.82 0.234 46.33
0.816 0.286 46.37
0.809 0.297 46.4
0 0 46.43
0.794 0.714 46.47
0.788 0.246 46.5
0.779 0.607 46.54
0.77 0.512 46.57
0.772 0.245 46.6
0.755 0.739 46.64
0.749 0.275 46.67
0.74 0.382 46.7
0.729 0.399 46.73
0.732 0.39 46.77
0.709 1.38 46.8
0.698 0.629 46.84
0.691 0.333 46.87
0.673 0.685 46.9
0.67 0.195 46.93
0.663 0.309 46.97
0.645 0.623 47.0
0.636 0.587 47.04
0.626 0.519 47.07
0.61 0.901 47.11
0.602 0.291 47.13
0.588 0.571 47.17
0.579 0.33 47.2
0.567 0.406 47.23
0.559 0.494 47.27
0.549 0.505 47.3
0.537 0.51 47.34
0.527 0.377 47.37
0.517 0.369 47.4
0.508 0.648 47.44
0.496 0.718 47.47
0.489 0.355 47.5
0.48 0.418 47.54
0.471 0.365 47.57
0.462 0.359 47.6
0.454 0.277 47.64
0.446 0.55 47.67
0.437 0.52 47.7
0.429 0.383 47.74
0.418 0.451 47.77
0.412 0.228 47.8
0.402 0.371 47.84
0.394 0.281 47.87
0.387 0.214 47.91
0.38 0.326 47.94
0.373 0.377 47.97
0.366 0.31 48.01
0.361 0.193 48.04
0.354 0.244 48.07
0.35 0.172 48.1
0.343 0.213 48.14
0.338 0.285 48.17
0.331 0.36 48.2
0.329 0.132 48.24
0.324 0.204 48.27
0.318 0.196 48.3
0.316 0.115 48.34
0.311 0.157 48.37
0.308 0.151 48.4
0.304 0.232 48.44
0.299 0.223 48.47
0.297 0.119 48.5
0.293 0.153 48.54
0.289 0.144 48.57
0.287 0.137 48.6
0.283 0.249 48.64
0.279 0.193 48.67
0 0 48.7
0.275 0.211 48.74
0.274 0.069 48.77
0.272 0.075 48.8
0.272 0.081 48.84
0.278 0.238 48.87
0.291 0.709 48.9
0.315 1.34 48.94
0.35 1.726 48.97
0.395 2.146 49.0
0.446 2.087 49.04
0.503 2.011 49.07
0.562 2.156 49.1
0.631 2.247 49.13
0.668 2.506 49.17
0.706 2.22 49.2
0.74 1.811 49.23
0.761 1.143 49.27
0.777 0.799 49.3
0.796 0.827 49.33
0.795 0.3 49.37
0.801 0.584 49.4
0.803 0.362 49.43
0.803 0.291 49.47
0.805 0.263 49.5
0.802 0.243 49.53
0 0 49.57
0.805 0.294 49.6
0.803 0.127 49.63
0.809 0.404 49.67
0.809 0.134 49.7
0.811 0.131 49.73
0 0 49.77
0.818 0.346 49.8
0.821 0.076 49.83
0.822 0.103 49.87
0.823 0.045 49.9
0 0 49.93
0.823 0.149 49.97
0.823 0.101 50.0
0 0 50.03
0.817 0.375 50.07
0.814 0.172 50.1
0 0 50.13
0.807 0.627 50.17
0.806 0.217 50.2
0.798 0.371 50.23
0.798 0.138 50.27
0.79 0.316 50.3
0.788 0.147 50.33
0.789 0.284 50.37
0.778 0.641 50.4
0.779 0.197 50.43
