0 0 2.28
0.897 0.897 2.35
0.903 0.972 2.37
0.91 1.178 2.39
0.874 2.255 2.41
0.879 1.551 2.43
0 0 2.45
0.858 4.701 2.46
0.848 2.033 2.48
0.845 1.823 2.52
0.84 0.732 2.55
0.83 1.313 2.58
0.825 0.648 2.62
0.82 0.619 2.65
0.82 0.643 2.69
0.818 0.509 2.72
0.812 0.947 2.75
0.814 0.332 2.79
0.81 0.439 2.82
0.807 0.242 2.85
0 0 2.88
0.807 0.325 2.92
0.804 0.272 2.95
0 0 2.99
0.8 0.323 3.03
0.797 0.131 3.06
0.795 0.204 3.09
0 0 3.12
0.794 0.364 3.15
0 0 3.19
0 0 3.22
0.79 0.475 3.26
0 0 3.29
0 0 3.32
0 0 3.35
0.793 0.318 3.39
0 0 3.42
0 0 3.45
0.794 0.252 3.49
0 0 3.52
0 0 3.55
0.791 0.327 3.59
0.796 0.191 3.62
0 0 3.65
0.793 0.335 3.69
0.794 0.138 3.72
0.794 0.119 3.76
0.792 0.139 3.79
0.791 0.112 3.83
0.794 0.214 3.86
0.794 0.139 3.89
0.792 0.208 3.93
0.793 0.095 3.96
0.792 0.073 4.0
0.811 0.882 4.03
0.793 1.003 4.06
0.791 0.151 4.09
0.794 0.133 4.12
0.792 0.171 4.15
0.791 0.101 4.19
0.794 0.152 4.22
0.792 0.116 4.26
0.795 0.113 4.29
0.79 0.183 4.32
0.791 0.111 4.36
0.79 0.077 4.39
0.797 0.321 4.43
0.795 0.09 4.46
0.798 0.147 4.49
0.796 0.117 4.52
0.81 0.481 4.56
0.802 0.608 4.59
0.803 0.454 4.62
0.797 0.649 4.66
0.802 0.676 4.69
0.802 0.621 4.72
0.805 0.623 4.76
0 0 4.79
0 0 4.82
0 0 4.85
0 0 4.89
0 0 4.92
0 0 4.95
0 0 4.99
0 0 5.02
0 0 5.05
0 0 5.09
0 0 5.12
0 0 5.15
0 0 5.19
0 0 5.22
0 0 5.25
0 0 5.29
0 0 5.32
0 0 5.35
0 0 5.39
0 0 5.42
0 0 5.45
0 0 5.48
0 0 5.52
0 0 5.55
0 0 5.58
0 0 5.62
0 0 5.65
0 0 5.69
0 0 5.72
0 0 5.75
0 0 5.78
0 0 5.82
0 0 5.85
0 0 5.88
0 0 5.92
0 0 5.95
0 0 5.98
0 0 6.02
0 0 6.05
0 0 6.08
0 0 6.12
0 0 6.15
0 0 6.19
0 0 6.22
0 0 6.25
0 0 6.28
0 0 6.32
0 0 6.35
0 0 6.39
0 0 6.42
0 0 6.45
0 0 6.48
0 0 6.52
0 0 6.55
0 0 6.58
0 0 6.62
0 0 6.65
0 0 6.68
0 0 6.72
0 0 6.75
0 0 6.78
0 0 6.82
0 0 6.85
0 0 6.88
0 0 6.92
0 0 6.95
0 0 6.98
0 0 7.02
0 0 7.05
0 0 7.08
0 0 7.12
0 0 7.15
0 0 7.18
0 0 7.22
0 0 7.25
0 0 7.28
0 0 7.32
0 0 7.35
0 0 7.38
0 0 7.42
0 0 7.45
0 0 7.48
0 0 7.52
0 0 7.55
0 0 7.58
0 0 7.62
0 0 7.65
0 0 7.68
0 0 7.72
0 0 7.75
0 0 7.78
0 0 7.82
0 0 7.85
0 0 7.88
0 0 7.92
0 0 7.95
0 0 7.98
0 0 8.02
0 0 8.05
0 0 8.08
0 0 8.12
0 0 8.15
0 0 8.19
0 0 8.21
0 0 8.25
0 0 8.28
0 0 8.32
0 0 8.35
0 0 8.39
0 0 8.42
0 0 8.45
0 0 8.48
0 0 8.52
0 0 8.55
0 0 8.58
0 0 8.62
0 0 8.65
0 0 8.69
0 0 8.72
0 0 8.75
0 0 8.78
0 0 8.82
0 0 8.85
0 0 8.88
0 0 8.92
0 0 8.95
0 0 8.98
0 0 9.02
0 0 9.05
0 0 9.08
0 0 9.11
0 0 9.15
0 0 9.18
0 0 9.22
0 0 9.25
0 0 9.28
0 0 9.32
0 0 9.35
0 0 9.38
0 0 9.42
0 0 9.45
0 0 9.48
0 0 9.52
0 0 9.55
0 0 9.58
0 0 9.62
0 0 9.65
0 0 9.68
0 0 9.72
0 0 9.75
0 0 9.78
0 0 9.82
0 0 9.85
0 0 9.89
0 0 9.92
0 0 9.95
0 0 9.98
0 0 10.02
0 0 10.05
0 0 10.08
0 0 10.12
0 0 10.15
0 0 10.19
0 0 10.22
0 0 10.25
0 0 10.28
0 0 10.32
0 0 10.35
0 0 10.38
0 0 10.42
0 0 10.45
0 0 10.48
0 0 10.52
0 0 10.55
0 0 10.58
0 0 10.62
0 0 10.65
0 0 10.68
0 0 10.72
0 0 10.75
0 0 10.78
0 0 10.82
0 0 10.85
0 0 10.88
0 0 10.92
0 0 10.95
0 0 10.98
0 0 11.02
0 0 11.05
0 0 11.08
0 0 11.12
0 0 11.15
0 0 11.18
0 0 11.22
0 0 11.25
0 0 11.29
0 0 11.32
0 0 11.35
0 0 11.38
0 0 11.41
0 0 11.45
0 0 11.48
0 0 11.52
0 0 11.55
0 0 11.58
0 0 11.62
0 0 11.65
0 0 11.68
0 0 11.71
0 0 11.75
0 0 11.78
0 0 11.82
0 0 11.85
0 0 11.88
0 0 11.92
0 0 11.95
0 0 11.98
0 0 12.02
0 0 12.05
0 0 12.08
0 0 12.12
0 0 12.15
0 0 12.18
0 0 12.22
0 0 12.25
0 0 12.28
0 0 12.32
0 0 12.35
0 0 12.38
0 0 12.42
0 0 12.45
0 0 12.48
0 0 12.52
0 0 12.55
0 0 12.58
0 0 12.62
0 0 12.65
0 0 12.68
0 0 12.72
0 0 12.75
0 0 12.78
0 0 12.82
0 0 12.85
0 0 12.88
0 0 12.92
0 0 12.95
0 0 12.98
0 0 13.02
0 0 13.05
0 0 13.08
0 0 13.11
0 0 13.15
0 0 13.18
0 0 13.21
0 0 13.25
0 0 13.28
0 0 13.32
0 0 13.35
0 0 13.38
0 0 13.41
0 0 13.45
0 0 13.48
0 0 13.52
0 0 13.55
0 0 13.58
0 0 13.62
0 0 13.65
0 0 13.68
0 0 13.71
0 0 13.75
0 0 13.78
0 0 13.82
0 0 13.85
0 0 13.88
0 0 13.92
0 0 13.95
0 0 13.98
0 0 14.02
0 0 14.05
0 0 14.08
0 0 14.12
0 0 14.15
0 0 14.18
0 0 14.21
0 0 14.25
0 0 14.28
0 0 14.31
0 0 14.35
0 0 14.38
0 0 14.41
0 0 14.45
0 0 14.48
0 0 14.52
0 0 14.55
0 0 14.58
0 0 14.62
0 0 14.65
0 0 14.68
0 0 14.72
0 0 14.75
0 0 14.78
0 0 14.81
0 0 14.85
0 0 14.88
0 0 14.92
0 0 14.95
0 0 14.98
0 0 15.02
0 0 15.05
0 0 15.08
0 0 15.11
0 0 15.15
0 0 15.18
0 0 15.21
0 0 15.25
0 0 15.28
0 0 15.31
0 0 15.35
0 0 15.38
0 0 15.42
0 0 15.45
0 0 15.48
0 0 15.52
0 0 15.55
0 0 15.58
0 0 15.62
0 0 15.65
0 0 15.68
0 0 15.71
0 0 15.75
0 0 15.78
0 0 15.81
0 0 15.85
0 0 15.88
0 0 15.92
0 0 15.95
0 0 15.98
0 0 16.02
0 0 16.05
0 0 16.08
0 0 16.11
0 0 16.15
0 0 16.18
0 0 16.21
0 0 16.25
0 0 16.28
0 0 16.32
0 0 16.35
0 0 16.38
0 0 16.42
0 0 16.45
0 0 16.48
0 0 16.52
0 0 16.55
0 0 16.58
0 0 16.62
0 0 16.65
0 0 16.68
0 0 16.71
0 0 16.75
0 0 16.78
0 0 16.81
0 0 16.85
0 0 16.88
0 0 16.92
0 0 16.95
0 0 16.98
0 0 17.02
0 0 17.05
0 0 17.08
0 0 17.11
0 0 17.15
0 0 17.18
0 0 17.21
0 0 17.25
0 0 17.28
0 0 17.32
0 0 17.35
0 0 17.38
0 0 17.41
0 0 17.45
0 0 17.48
0 0 17.52
0 0 17.55
0 0 17.58
0 0 17.61
0 0 17.65
0 0 17.68
0 0 17.71
0 0 17.75
0 0 17.78
0 0 17.81
0 0 17.85
0 0 17.88
0 0 17.92
0 0 17.95
0 0 17.98
0 0 18.02
0 0 18.05
0 0 18.08
0 0 18.12
0 0 18.15
0 0 18.18
0 0 18.21
0 0 18.25
0 0 18.28
0 0 18.31
0 0 18.35
0 0 18.38
0 0 18.41
0 0 18.45
0 0 18.48
0 0 18.52
0 0 18.55
0 0 18.58
0 0 18.61
0 0 18.65
0 0 18.68
0 0 18.71
0 0 18.75
0 0 18.78
0 0 18.81
0 0 18.85
0 0 18.88
0 0 18.91
0 0 18.95
0 0 18.98
0 0 19.02
0 0 19.05
0 0 19.08
0 0 19.11
0 0 19.15
0 0 19.18
0 0 19.21
0 0 19.25
0 0 19.28
0 0 19.31
0 0 19.35
0 0 19.38
0 0 19.41
0 0 19.45
0 0 19.48
0 0 19.52
0 0 19.55
0 0 19.58
0 0 19.61
0 0 19.65
0 0 19.68
0 0 19.71
0 0 19.75
0 0 19.78
0 0 19.81
0 0 19.85
0 0 19.88
0 0 19.91
0 0 19.95
0 0 19.98
0 0 20.02
0 0 20.05
0 0 20.08
0 0 20.11
0 0 20.15
0 0 20.18
0 0 20.21
0 0 20.25
0 0 20.28
0 0 20.31
0 0 20.35
0 0 20.38
0 0 20.41
0 0 20.45
0 0 20.48
0 0 20.51
0 0 20.55
0 0 20.58
0 0 20.61
0 0 20.65
0 0 20.69
0 0 20.71
0 0 20.75
0 0 20.78
0 0 20.81
0 0 20.85
0 0 20.88
0 0 20.91
0 0 20.95
0 0 20.98
0 0 21.01
0 0 21.05
0 0 21.08
0 0 21.11
0 0 21.15
0 0 21.18
0 0 21.21
0 0 21.25
0 0 21.28
0 0 21.31
0 0 21.35
0 0 21.38
0 0 21.41
0 0 21.45
0 0 21.48
0 0 21.51
0 0 21.55
0 0 21.58
0 0 21.61
0 0 21.65
0 0 21.68
0 0 21.71
0 0 21.75
0 0 21.78
0 0 21.81
0 0 21.85
0 0 21.88
0 0 21.92
0 0 21.95
0 0 21.98
0 0 22.01
0 0 22.05
0 0 22.08
0 0 22.11
0 0 22.15
0 0 22.18
0 0 22.21
0 0 22.25
0 0 22.28
0 0 22.31
0 0 22.35
0 0 22.38
0 0 22.41
0 0 22.45
0 0 22.48
0 0 22.52
0 0 22.55
0 0 22.58
0 0 22.61
0 0 22.65
0 0 22.68
0 0 22.71
0 0 22.75
0 0 22.78
0 0 22.81
0 0 22.85
0 0 22.88
0 0 22.91
0 0 22.95
0 0 22.98
0 0 23.01
0 0 23.05
0 0 23.08
0 0 23.11
0 0 23.15
0 0 23.18
0 0 23.21
0 0 23.25
0 0 23.28
0 0 23.31
0 0 23.35
0 0 23.38
0 0 23.41
0 0 23.45
0 0 23.48
0 0 23.51
0 0 23.55
0 0 23.58
0 0 23.61
0 0 23.65
0 0 23.68
0 0 23.71
0 0 23.75
0 0 23.78
0 0 23.81
0 0 23.85
0 0 23.88
0 0 23.91
0 0 23.95
0 0 23.98
0 0 24.01
0 0 24.05
0 0 24.08
0 0 24.11
0 0 24.15
0 0 24.18
0 0 24.21
0 0 24.25
0 0 24.28
0 0 24.31
0 0 24.35
0 0 24.38
0 0 24.41
0 0 24.45
0 0 24.48
0 0 24.51
0 0 24.55
0 0 24.58
0 0 24.61
0 0 24.65
0 0 24.68
0 0 24.71
0 0 24.75
0 0 24.78
0 0 24.81
0 0 24.85
0 0 24.88
0 0 24.91
0 0 24.95
0 0 24.98
0 0 25.01
0 0 25.05
0 0 25.08
0 0 25.11
0 0 25.15
0 0 25.18
0 0 25.21
0 0 25.25
0 0 25.28
0 0 25.31
0 0 25.35
0 0 25.38
0 0 25.41
0 0 25.45
0 0 25.48
0 0 25.51
0 0 25.55
0 0 25.58
0 0 25.61
0 0 25.65
0 0 25.68
0 0 25.71
0 0 25.75
0 0 25.78
0 0 25.82
0 0 25.85
0 0 25.88
0 0 25.91
0 0 25.95
0 0 25.98
0 0 26.01
0 0 26.05
0 0 26.08
0 0 26.11
0 0 26.15
0 0 26.18
0 0 26.21
0 0 26.25
0 0 26.28
0 0 26.31
0 0 26.35
0 0 26.38
0 0 26.41
0 0 26.44
0 0 26.48
0 0 26.51
0 0 26.55
0 0 26.58
0 0 26.61
0 0 26.64
0 0 26.68
0 0 26.71
0 0 26.75
0 0 26.78
0 0 26.81
0 0 26.85
0 0 26.88
0 0 26.91
0 0 26.95
0 0 26.98
0 0 27.02
0 0 27.05
0 0 27.08
0 0 27.11
0 0 27.15
0 0 27.18
0 0 27.21
0 0 27.25
0 0 27.28
0 0 27.31
0 0 27.35
0 0 27.38
0 0 27.41
0 0 27.44
0 0 27.48
0 0 27.51
0 0 27.55
0 0 27.58
0 0 27.61
0 0 27.64
0 0 27.68
0 0 27.71
0 0 27.75
0 0 27.78
0 0 27.81
0 0 27.85
0 0 27.88
0 0 27.92
0 0 27.95
0 0 27.98
0 0 28.01
0 0 28.05
0 0 28.08
0 0 28.11
0 0 28.15
0 0 28.18
0 0 28.21
0 0 28.25
0 0 28.28
0 0 28.31
0 0 28.35
0 0 28.38
0 0 28.41
0 0 28.44
0 0 28.48
0 0 28.51
0 0 28.55
0 0 28.58
0 0 28.61
0 0 28.65
0 0 28.68
0 0 28.71
0 0 28.75
0 0 28.78
0 0 28.81
0 0 28.85
0 0 28.88
0 0 28.91
0 0 28.95
0 0 28.98
0 0 29.01
0 0 29.04
0 0 29.08
0 0 29.11
0 0 29.14
0 0 29.18
0 0 29.21
0 0 29.25
0 0 29.28
0 0 29.32
0 0 29.35
0 0 29.38
0 0 29.41
0 0 29.45
0 0 29.48
0 0 29.51
0 0 29.54
0 0 29.58
0 0 29.61
0 0 29.65
0 0 29.68
0 0 29.71
0 0 29.75
0 0 29.78
0 0 29.81
0 0 29.85
0 0 29.88
0 0 29.91
0 0 29.95
0 0 29.98
0 0 30.01
0 0 30.05
0 0 30.08
0 0 30.11
0 0 30.15
0 0 30.18
0 0 30.21
0 0 30.25
0 0 30.28
0 0 30.31
0 0 30.35
0 0 30.38
0 0 30.41
0 0 30.45
0 0 30.48
0 0 30.51
0 0 30.55
0 0 30.58
0 0 30.61
0 0 30.65
0 0 30.68
0 0 30.71
0 0 30.75
0 0 30.78
0 0 30.81
0 0 30.85
0 0 30.88
0 0 30.91
0 0 30.95
0 0 30.98
0 0 31.01
0 0 31.05
0 0 31.08
0 0 31.11
0 0 31.15
0 0 31.18
0 0 31.21
0 0 31.25
0 0 31.28
0 0 31.31
0 0 31.35
0 0 31.38
0 0 31.41
0 0 31.44
0 0 31.48
0 0 31.51
0 0 31.54
0 0 31.58
0 0 31.61
0 0 31.65
0 0 31.68
0 0 31.71
0 0 31.75
0 0 31.78
0 0 31.81
0 0 31.85
0 0 31.88
0 0 31.91
0 0 31.94
0 0 31.98
0 0 32.01
0 0 32.05
0 0 32.08
0 0 32.11
0 0 32.14
0 0 32.18
0 0 32.21
0 0 32.25
0 0 32.28
0 0 32.31
0 0 32.35
0 0 32.38
0 0 32.41
0 0 32.45
0 0 32.48
0 0 32.51
0 0 32.55
0 0 32.58
0 0 32.61
0 0 32.64
0 0 32.68
0 0 32.71
0 0 32.74
0 0 32.78
0 0 32.81
0 0 32.85
0 0 32.88
0 0 32.91
0 0 32.95
0 0 32.98
0 0 33.01
0 0 33.04
0 0 33.08
0 0 33.11
0 0 33.15
0 0 33.18
0 0 33.21
0 0 33.25
0 0 33.28
0 0 33.31
0 0 33.35
0 0 33.38
0 0 33.41
0 0 33.44
0 0 33.48
0 0 33.51
0 0 33.54
0 0 33.58
0 0 33.61
0 0 33.64
0 0 33.68
0 0 33.71
0 0 33.74
0 0 33.78
0 0 33.81
0 0 33.85
0 0 33.88
0 0 33.91
0 0 33.94
0 0 33.98
0 0 34.01
0 0 34.04
0 0 34.08
0 0 34.11
0 0 34.14
0 0 34.18
0 0 34.21
0 0 34.25
0 0 34.28
0 0 34.31
0 0 34.35
0 0 34.38
0 0 34.41
0 0 34.44
0 0 34.48
0 0 34.51
0 0 34.54
0 0 34.58
0 0 34.61
0 0 34.64
0 0 34.68
0 0 34.71
0 0 34.74
0 0 34.78
0 0 34.81
0 0 34.84
0 0 34.88
0 0 34.91
0 0 34.94
0 0 34.98
0 0 35.01
0 0 35.04
0 0 35.08
0 0 35.11
0 0 35.14
0 0 35.18
0 0 35.21
0 0 35.24
0 0 35.28
0 0 35.31
0 0 35.35
0 0 35.38
0 0 35.41
0 0 35.44
0 0 35.48
0 0 35.51
0 0 35.54
0 0 35.58
0 0 35.61
0 0 35.65
0 0 35.68
0 0 35.71
0 0 35.74
0 0 35.78
0 0 35.81
0 0 35.85
0 0 35.88
0 0 35.91
0 0 35.94
0 0 35.98
0 0 36.01
0 0 36.05
0 0 36.08
0 0 36.11
0 0 36.14
0 0 36.18
0 0 36.21
0 0 36.24
0 0 36.28
0 0 36.31
0 0 36.34
0 0 36.38
0 0 36.41
0 0 36.44
0 0 36.48
0 0 36.51
0 0 36.54
0 0 36.58
0 0 36.61
0 0 36.64
0 0 36.68
0 0 36.71
0 0 36.74
0 0 36.78
0 0 36.81
0 0 36.85
0 0 36.88
0 0 36.91
0 0 36.94
0 0 36.98
0 0 37.01
0 0 37.05
0 0 37.08
0 0 37.11
0 0 37.14
0 0 37.18
0 0 37.21
0 0 37.24
0 0 37.28
0 0 37.31
0 0 37.35
0 0 37.38
0 0 37.41
0 0 37.45
0 0 37.48
0 0 37.51
0 0 37.55
0 0 37.58
0 0 37.61
0 0 37.65
0 0 37.68
0 0 37.71
0 0 37.75
0 0 37.78
0 0 37.81
0 0 37.85
0 0 37.88
0 0 37.91
0 0 37.94
0 0 37.98
0 0 38.01
0 0 38.04
0 0 38.08
0 0 38.11
0 0 38.14
0 0 38.18
0 0 38.21
0 0 38.24
0 0 38.28
0 0 38.31
0 0 38.35
0 0 38.38
0 0 38.41
0 0 38.44
0 0 38.48
0 0 38.51
0 0 38.54
0 0 38.58
0 0 38.61
0 0 38.64
0 0 38.68
0 0 38.71
0 0 38.74
0 0 38.78
0 0 38.81
0 0 38.85
0 0 38.88
0 0 38.91
0 0 38.94
0 0 38.98
0 0 39.01
0 0 39.04
0 0 39.08
0 0 39.11
0 0 39.14
0 0 39.18
0 0 39.21
0 0 39.24
0 0 39.28
0 0 39.31
0 0 39.35
0 0 39.38
0 0 39.41
0 0 39.44
0 0 39.48
0 0 39.51
0 0 39.55
0 0 39.58
0 0 39.61
0 0 39.64
0 0 39.68
0 0 39.71
0 0 39.74
0 0 39.78
0 0 39.81
0 0 39.84
0 0 39.88
0 0 39.91
0 0 39.94
0 0 39.98
0 0 40.01
0 0 40.04
0 0 40.08
0 0 40.11
0 0 40.14
0 0 40.18
0 0 40.21
0 0 40.24
0 0 40.28
0 0 40.31
0 0 40.34
0 0 40.38
0 0 40.41
0 0 40.44
0 0 40.48
0 0 40.51
0 0 40.54
0 0 40.58
0 0 40.61
0 0 40.64
0 0 40.68
0 0 40.71
0 0 40.74
0 0 40.78
0 0 40.81
0 0 40.84
0 0 40.88
0 0 40.91
0 0 40.94
0 0 40.98
0 0 41.01
0 0 41.04
0 0 41.08
0 0 41.11
0 0 41.14
0 0 41.18
0 0 41.21
0 0 41.24
0 0 41.28
0 0 41.31
0 0 41.34
0 0 41.38
0 0 41.41
0 0 41.44
0 0 41.48
0 0 41.51
0 0 41.54
0 0 41.58
0 0 41.61
0 0 41.64
0 0 41.68
0 0 41.71
0 0 41.74
0 0 41.78
0 0 41.81
0 0 41.84
0 0 41.88
0 0 41.91
0 0 41.94
0 0 41.97
0 0 42.01
0 0 42.04
0 0 42.08
0 0 42.11
0 0 42.14
0 0 42.18
0 0 42.21
0 0 42.24
0 0 42.27
0 0 42.31
0 0 42.34
0 0 42.37
0 0 42.41
0 0 42.44
0 0 42.48
0 0 42.51
0 0 42.54
0 0 42.57
0 0 42.61
0 0 42.64
0 0 42.68
0 0 42.71
0 0 42.74
0 0 42.78
0 0 42.81
0 0 42.84
0 0 42.88
0 0 42.91
0 0 42.94
0 0 42.98
0 0 43.01
0 0 43.04
0 0 43.08
0 0 43.11
0 0 43.14
0 0 43.18
0 0 43.21
0 0 43.24
0 0 43.28
0 0 43.31
0 0 43.35
0 0 43.38
0 0 43.41
0 0 43.44
0 0 43.47
0 0 43.51
0 0 43.54
0 0 43.58
0 0 43.61
0 0 43.64
0 0 43.68
0 0 43.71
0 0 43.74
0 0 43.78
0 0 43.81
0 0 43.85
0 0 43.88
0 0 43.91
0 0 43.94
0 0 43.98
0 0 44.01
0 0 44.04
0 0 44.07
0 0 44.11
0 0 44.14
0 0 44.18
0 0 44.21
0 0 44.24
0 0 44.28
0 0 44.31
0 0 44.34
0 0 44.38
0 0 44.41
0 0 44.44
0 0 44.47
0 0 44.51
0 0 44.54
0 0 44.58
0 0 44.61
0 0 44.64
0 0 44.68
0 0 44.71
0 0 44.74
0 0 44.77
0 0 44.81
0 0 44.84
0 0 44.87
0 0 44.91
0 0 44.94
0 0 44.97
0 0 45.01
0 0 45.04
0 0 45.07
0 0 45.11
0 0 45.14
0 0 45.18
0 0 45.21
0 0 45.24
0 0 45.28
0 0 45.31
0 0 45.34
0 0 45.38
0 0 45.41
0 0 45.44
0 0 45.48
0 0 45.51
0 0 45.54
0 0 45.58
0 0 45.61
0 0 45.64
0 0 45.68
0 0 45.71
0 0 45.74
0 0 45.78
0 0 45.81
0 0 45.84
0 0 45.88
0 0 45.91
0 0 45.94
0 0 45.98
0 0 46.01
0 0 46.04
0 0 46.07
0 0 46.11
0 0 46.14
0 0 46.18
0 0 46.21
0 0 46.24
0 0 46.27
0 0 46.31
0 0 46.34
0 0 46.37
0 0 46.41
0 0 46.44
0 0 46.48
0 0 46.51
0 0 46.54
0 0 46.58
0 0 46.61
0 0 46.64
0 0 46.68
0 0 46.71
0 0 46.74
0 0 46.77
0 0 46.81
0 0 46.84
0 0 46.87
0 0 46.91
0 0 46.94
0 0 46.97
0 0 47.01
0 0 47.04
0 0 47.07
0 0 47.11
0 0 47.14
0 0 47.18
0 0 47.21
0 0 47.24
0 0 47.28
0.79 3.406 47.31
0.786 0.617 47.35
0.78 0.383 47.38
0.776 0.265 47.41
0.769 0.292 47.45
0.77 0.1 47.48
0.769 0.188 47.52
0.773 0.175 47.54
0.775 0.141 47.58
0.776 0.155 47.61
0.78 0.25 47.65
0 0 47.68
0.783 0.493 47.71
0.787 0.255 47.74
0.79 0.349 47.78
0.795 0.379 47.81
0.797 0.273 47.84
0.799 0.211 47.88
0.806 0.287 47.91
0.824 0.627 47.94
0.824 0.249 47.98
0.833 0.622 48.02
0.839 0.323 48.04
0.85 0.623 48.08
0.853 0.266 48.11
0.861 0.384 48.15
0.886 0.819 48.18
0.867 1.333 48.21
0.869 0.238 48.24
0.866 0.228 48.28
0.875 0.469 48.31
0.871 0.21 48.35
0.873 0.074 48.38
0.874 0.098 48.41
0.893 1.415 48.44
0.881 0.798 48.48
0.896 0.865 48.51
0.879 0.905 48.54
0.885 0.341 48.58
0.882 0.144 48.61
0.879 0.179 48.64
0.885 0.226 48.68
0.889 0.164 48.71
0.893 0.267 48.74
0.89 0.192 48.78
0.896 0.225 48.81
0.892 0.198 48.84
0.877 0.576 48.88
0.872 0.194 48.91
0.877 0.177 48.94
0.878 0.164 48.98
0.878 0.128 49.01
0.868 0.488 49.04
0.859 0.368 49.08
0.881 0.886 49.11
0.862 0.721 49.14
0.855 0.234 49.18
0.874 1.08 49.21
0.85 1.437 49.25
0.855 0.238 49.28
0.855 0.07 49.31
0.86 0.231 49.35
0.855 0.165 49.38
0.859 0.269 49.41
0.868 0.599 49.44
0.869 0.065 49.48
0.87 0.08 49.51
0.886 0.662 49.54
0.886 0.069 49.58
0.866 0.813 49.61
0.885 0.676 49.64
0.865 1.33 49.68
0.873 0.311 49.71
0.869 0.214 49.74
0.888 0.942 49.78
0.87 0.876 49.81
0.868 0.099 49.85
0.867 0.089 49.88
0.866 0.083 49.91
0.869 0.237 49.95
0.863 0.295 49.98
0.863 0.054 50.01
0.857 0.274 50.05
0.852 0.155 50.08
0.843 0.371 50.11
0.849 0.226 50.15
0.83 0.608 50.18
0.818 0.718 50.21
0.828 0.502 50.25
0.802 1.134 50.28
0.799 0.114 50.32
0.788 0.748 50.35
0.785 0.102 50.38
0.78 0.329 50.41
0.779 0.023 50.44
0.777 0.125 50.48
0.779 0.089 50.51
0.78 0.045 50.54
0.779 0.047 50.58
0.779 0.019 50.61
0.781 0.072 50.65
0.781 0.006 50.68
0.784 0.16 50.71
0.785 0.073 50.74
0.787 0.073 50.78
0.784 0.127 50.81
0.782 0.069 50.84
0.784 0.053 50.88
0.785 0.133 50.91
0.784 0.09 50.94
0.783 0.061 50.98
0.78 0.151 51.01
0.783 0.141 51.05
0.783 0.021 51.08
0.789 0.347 51.11
0.784 0.322 51.14
0.78 0.217 51.18
0.785 0.259 51.21
0.786 0.051 51.24
0.785 0.068 51.28
0.783 0.059 51.31
0.783 0.023 51.35
0.785 0.113 51.38
0.788 0.163 51.41
0.793 0.279 51.44
0.787 0.28 51.48
0.786 0.072 51.51
0.788 0.086 51.54
0.784 0.159 51.58
0.785 0.042 51.61
0.787 0.11 51.64
0.784 0.159 51.68
0.785 0.043 51.71
0.784 0.015 51.74
0.783 0.065 51.78
0.779 0.133 51.81
0.782 0.114 51.84
0.776 0.213 51.87
0.772 0.234 51.91
0.772 0.031 51.94
0 0 51.97
0.765 0.321 52.01
0.762 0.128 52.05
0 0 52.08
0.753 0.299 52.11
0.753 0.04 52.14
0.748 0.222 52.18
0.744 0.179 52.21
0.75 0.239 52.25
0.743 0.225 52.28
0.738 0.361 52.31
0.736 0.138 52.34
0.737 0.05 52.38
0.735 0.062 52.41
0 0 52.44
0.73 0.246 52.48
0.732 0.076 52.51
0.733 0.061 52.54
0.727 0.367 52.58
0 0 52.61
0.724 0.174 52.64
0 0 52.67
0.723 0.152 52.71
0.714 0.355 52.75
0 0 52.77
0.705 0.302 52.81
0.694 0.34 52.84
0.69 0.257 52.88
0 0 52.91
0 0 52.94
0.673 0.919 52.97
0.666 0.3 53.01
0.658 0.242 53.05
0.651 0.445 53.08
0 0 53.11
0 0 53.14
0 0 53.18
0 0 53.21
0 0 53.24
0 0 53.27
0 0 53.31
0 0 53.34
0 0 53.37
0 0 53.41
0 0 53.44
0 0 53.47
0 0 53.51
0 0 53.54
0 0 53.57
0 0 53.61
0 0 53.64
0 0 53.68
0 0 53.71
0 0 53.74
0 0 53.77
0 0 53.81
0 0 53.84
0 0 53.88
0 0 53.91
0 0 53.94
0 0 53.97
0 0 54.01
0 0 54.04
0 0 54.07
0 0 54.11
0 0 54.14
0 0 54.18
0 0 54.21
0 0 54.24
0 0 54.27
0 0 54.31
0 0 54.34
0 0 54.38
0 0 54.41
0 0 54.44
0 0 54.47
0 0 54.51
0 0 54.54
0 0 54.58
0 0 54.61
0 0 54.64
0 0 54.68
0 0 54.71
0 0 54.74
0 0 54.78
0 0 54.81
0 0 54.84
0 0 54.88
0 0 54.91
0 0 54.94
0 0 54.98
0 0 55.01
0 0 55.04
0 0 55.08
0 0 55.11
0 0 55.15
0 0 55.18
0 0 55.21
0 0 55.24
0 0 55.28
0 0 55.31
0 0 55.35
0 0 55.38
0 0 55.41
0 0 55.44
0 0 55.48
0 0 55.51
0 0 55.54
0 0 55.58
0 0 55.61
0 0 55.64
0 0 55.68
0 0 55.71
0 0 55.74
0 0 55.78
0 0 55.81
0 0 55.85
0 0 55.88
0 0 55.91
0 0 55.94
0 0 55.97
0 0 56.01
0 0 56.04
0 0 56.07
0 0 56.11
0 0 56.14
0 0 56.17
0 0 56.21
0 0 56.24
0 0 56.27
0 0 56.31
0 0 56.34
0 0 56.37
0 0 56.41
0 0 56.44
0 0 56.47
0 0 56.51
0 0 56.54
0 0 56.57
0 0 56.61
0 0 56.64
0 0 56.67
0 0 56.71
0 0 56.74
0 0 56.77
0 0 56.81
0 0 56.84
0 0 56.87
0 0 56.91
0 0 56.94
0 0 56.97
0.319 19.224 57.01
0.325 0.298 57.05
0 0 57.08
0.335 0.754 57.11
0.341 0.255 57.14
0.347 0.244 57.17
0.353 0.436 57.21
0.362 0.551 57.24
0.369 0.375 57.27
0.376 0.366 57.31
0.387 0.445 57.34
0.392 0.212 57.38
0.401 0.528 57.41
0.407 0.349 57.44
0.409 0.172 57.48
0.412 0.159 57.51
0.413 0.16 57.54
0.411 0.18 57.58
0.41 0.327 57.61
0.405 0.465 57.64
0.403 0.25 57.68
0.397 0.346 57.71
0.394 0.213 57.74
0.39 0.133 57.78
0.387 0.122 57.81
0.382 0.367 57.84
0.38 0.128 57.87
0.378 0.141 57.91
0.376 0.099 57.94
0.376 0.033 57.98
0.372 0.141 58.01
0.37 0.087 58.04
0.369 0.131 58.08
0.37 0.11 58.11
0.368 0.159 58.14
0.364 0.178 58.18
0.36 0.204 58.21
0.356 0.175 58.25
0 0 58.27
0 0 58.3
0 0 58.34
0.339 0.559 58.38
0 0 58.41
0 0 58.44
0 0 58.47
0 0 58.51
0 0 58.54
0 0 58.57
0 0 58.61
0 0 58.64
0 0 58.68
0 0 58.71
0 0 58.74
0 0 58.78
0 0 58.81
0 0 58.84
0 0 58.87
0 0 58.91
0 0 58.94
0 0 58.97
0 0 59.01
0 0 59.04
0 0 59.07
0 0 59.11
0 0 59.14
0 0 59.18
0 0 59.21
0 0 59.24
0 0 59.28
0 0 59.31
0 0 59.34
0 0 59.38
0 0 59.41
0 0 59.44
0 0 59.47
0 0 59.51
0 0 59.54
0 0 59.58
0 0 59.61
0 0 59.64
0 0 59.68
0.324 3.278 59.71
0.35 1.204 59.74
0.389 1.523 59.77
0.427 2.55 59.81
0 0 59.84
0.521 5.463 59.87
0 0 59.91
0 0 59.94
0 0 59.97
0 0 60.01
0 0 60.04
0 0 60.07
0 0 60.11
0 0 60.14
0 0 60.17
0 0 60.21
0 0 60.24
0 0 60.27
0 0 60.31
0 0 60.34
0 0 60.37
0 0 60.41
0 0 60.44
0 0 60.47
0 0 60.51
0 0 60.54
0 0 60.57
0 0 60.61
0 0 60.64
0 0 60.68
0 0 60.71
0 0 60.74
0 0 60.77
0 0 60.81
0 0 60.84
0 0 60.87
0 0 60.91
0 0 60.94
0 0 60.97
0 0 61.01
0 0 61.04
0 0 61.07
0 0 61.11
0 0 61.14
0 0 61.17
0 0 61.21
0 0 61.24
0 0 61.27
0 0 61.31
0 0 61.34
0 0 61.37
0 0 61.41
0 0 61.44
0 0 61.47
0 0 61.51
0 0 61.54
0 0 61.57
0 0 61.6
0 0 61.64
0 0 61.67
0 0 61.71
0 0 61.74
0 0 61.77
0 0 61.81
0 0 61.84
0 0 61.87
0 0 61.91
0 0 61.94
0 0 61.98
0 0 62.01
0 0 62.04
0 0 62.07
0 0 62.1
0 0 62.14
0 0 62.17
0 0 62.21
0 0 62.24
0 0 62.27
0 0 62.31
0 0 62.34
0 0 62.37
0 0 62.4
0 0 62.44
0 0 62.47
0 0 62.51
0 0 62.54
0 0 62.57
0 0 62.61
0 0 62.64
0 0 62.67
0 0 62.7
0 0 62.74
0 0 62.77
0 0 62.8
0 0 62.84
0 0 62.87
0 0 62.91
0 0 62.94
0 0 62.97
0 0 63.01
0 0 63.04
0 0 63.07
0 0 63.11
0 0 63.14
0 0 63.17
0 0 63.21
0 0 63.24
0 0 63.27
0 0 63.31
0 0 63.34
0 0 63.37
0 0 63.41
0 0 63.44
0 0 63.47
0 0 63.51
0 0 63.54
0 0 63.57
0 0 63.61
0 0 63.64
0 0 63.67
0 0 63.71
0 0 63.74
0 0 63.77
0 0 63.81
0 0 63.84
0 0 63.87
0 0 63.91
0 0 63.94
0 0 63.97
0 0 64.01
0 0 64.04
0 0 64.07
0 0 64.11
0 0 64.14
0 0 64.17
0.847 19.136 64.21
0.847 0.95 64.24
0.833 0.698 64.28
0.815 0.971 64.31
0.785 1.557 64.34
0.748 1.403 64.37
0.707 1.688 64.42
0.666 1.134 64.44
0.626 2.671 64.47
0 0 64.51
0 0 64.54
0 0 64.57
0 0 64.61
0 0 64.64
0 0 64.68
0 0 64.71
0 0 64.74
0 0 64.77
0 0 64.8
0 0 64.84
0 0 64.87
0 0 64.91
0 0 64.94
0 0 64.97
0 0 65.01
0 0 65.04
0 0 65.07
0 0 65.1
0 0 65.14
0 0 65.17
0 0 65.21
0 0 65.24
0 0 65.27
0 0 65.31
0 0 65.34
0 0 65.37
0 0 65.41
0 0 65.44
0 0 65.47
0 0 65.51
0 0 65.54
0 0 65.57
0 0 65.6
0 0 65.64
0 0 65.67
0 0 65.7
0 0 65.74
0 0 65.77
0 0 65.81
0 0 65.84
0 0 65.87
0 0 65.91
0 0 65.94
0 0 65.97
0 0 66.01
0 0 66.04
0 0 66.07
0 0 66.1
0 0 66.14
0 0 66.17
0 0 66.2
0 0 66.24
0.97 19.403 66.27
0.986 1.414 66.31
0.975 0.897 66.34
0.957 0.723 66.37
0.929 2.194 66.41
0.887 2.434 66.44
0.836 2.96 66.47
0.779 2.927 66.51
0.716 2.46 66.54
0 0 66.57
0 0 66.61
0 0 66.64
0 0 66.67
0 0 66.71
0 0 66.74
0 0 66.77
0 0 66.81
0 0 66.84
0 0 66.87
0 0 66.91
0 0 66.94
0 0 66.97
0 0 67.01
0 0 67.04
0 0 67.07
0 0 67.1
0 0 67.14
0 0 67.17
0 0 67.2
0 0 67.24
0 0 67.27
0 0 67.31
0 0 67.34
0 0 67.37
0 0 67.4
0 0 67.44
0 0 67.47
0 0 67.51
0 0 67.54
0 0 67.57
0 0 67.6
0 0 67.64
0 0 67.67
0 0 67.7
0 0 67.74
0 0 67.77
0 0 67.8
0 0 67.84
0 0 67.87
0 0 67.9
0 0 67.94
0 0 67.97
0 0 68.01
0 0 68.04
0 0 68.07
0 0 68.1
0 0 68.14
0 0 68.17
0 0 68.2
0 0 68.24
0 0 68.27
0 0 68.3
0 0 68.34
0 0 68.37
0 0 68.4
0 0 68.44
0 0 68.47
0 0 68.51
0 0 68.54
0 0 68.57
0 0 68.6
0 0 68.64
0 0 68.68
0 0 68.71
0 0 68.74
0 0 68.77
0 0 68.8
0 0 68.84
0 0 68.87
0 0 68.91
0 0 68.94
0 0 68.97
0 0 69.01
0 0 69.04
0 0 69.07
0 0 69.1
0 0 69.14
0 0 69.17
0 0 69.2
0 0 69.24
0 0 69.27
0 0 69.31
0 0 69.34
0 0 69.37
0 0 69.41
0 0 69.44
0 0 69.47
0 0 69.51
0 0 69.54
0 0 69.57
0 0 69.6
0 0 69.64
0 0 69.67
0 0 69.7
0 0 69.74
0 0 69.77
0 0 69.8
0 0 69.84
0 0 69.87
0 0 69.91
0 0 69.94
0 0 69.97
0 0 70.01
0 0 70.04
0 0 70.07
0 0 70.1
0 0 70.14
0 0 70.17
0 0 70.21
0 0 70.24
0 0 70.27
0 0 70.3
0 0 70.34
0 0 70.37
0 0 70.41
0 0 70.44
0 0 70.47
0 0 70.51
0 0 70.54
0 0 70.57
0 0 70.61
0 0 70.64
0 0 70.67
0 0 70.7
0 0 70.74
0 0 70.77
0 0 70.8
0 0 70.84
0 0 70.87
0 0 70.91
0 0 70.94
0 0 70.97
0 0 71.0
0 0 71.04
0 0 71.07
0 0 71.11
0 0 71.14
0 0 71.17
0 0 71.2
0 0 71.24
0 0 71.27
0 0 71.3
0 0 71.34
0 0 71.37
0 0 71.4
0 0 71.44
0 0 71.47
0 0 71.51
0 0 71.54
0 0 71.57
0 0 71.6
0 0 71.64
0 0 71.67
0 0 71.7
0 0 71.74
0 0 71.77
0 0 71.8
0 0 71.84
0 0 71.87
0 0 71.9
0 0 71.94
0 0 71.97
0 0 72.0
0 0 72.04
0 0 72.07
0 0 72.11
0 0 72.14
0 0 72.17
0 0 72.2
0 0 72.24
0 0 72.27
0 0 72.3
0 0 72.34
0 0 72.37
0 0 72.4
0 0 72.44
0 0 72.47
0 0 72.5
0 0 72.54
0 0 72.57
0 0 72.6
0 0 72.64
0 0 72.67
0 0 72.7
0 0 72.74
0 0 72.77
0 0 72.8
0 0 72.84
0 0 72.87
0 0 72.91
0 0 72.94
0 0 72.97
0 0 73.01
0 0 73.04
0 0 73.07
0 0 73.1
0 0 73.14
0 0 73.17
0 0 73.2
0 0 73.24
0 0 73.27
0 0 73.3
0 0 73.34
0 0 73.37
0 0 73.4
0 0 73.44
0 0 73.47
0 0 73.5
0 0 73.54
0 0 73.57
0 0 73.6
0 0 73.64
0 0 73.67
0 0 73.7
0 0 73.74
0 0 73.77
0 0 73.8
0 0 73.84
0 0 73.87
0 0 73.9
0 0 73.94
0 0 73.97
0 0 74.0
0 0 74.04
0 0 74.07
0 0 74.1
0 0 74.14
0 0 74.17
0 0 74.2
0 0 74.24
0 0 74.27
0 0 74.3
0 0 74.34
0 0 74.37
0 0 74.4
0 0 74.44
0 0 74.47
0 0 74.5
0 0 74.54
0 0 74.57
0 0 74.6
0 0 74.64
0 0 74.67
0 0 74.7
0 0 74.74
0 0 74.77
0 0 74.8
0 0 74.84
0 0 74.87
0 0 74.9
0 0 74.94
0 0 74.97
0 0 75.0
0 0 75.04
0 0 75.07
0 0 75.1
0 0 75.14
0 0 75.17
0 0 75.2
0 0 75.24
0 0 75.27
0 0 75.3
0 0 75.34
0 0 75.37
0 0 75.4
0 0 75.44
0 0 75.47
0 0 75.5
0 0 75.54
0 0 75.57
0 0 75.6
0 0 75.63
0 0 75.67
0 0 75.7
0 0 75.74
0 0 75.77
0 0 75.8
0 0 75.84
0 0 75.87
0 0 75.9
0 0 75.94
0 0 75.97
0 0 76.0
0 0 76.04
0 0 76.07
0 0 76.1
0 0 76.14
0 0 76.17
0 0 76.2
0 0 76.24
0 0 76.27
0 0 76.3
0 0 76.34
0 0 76.37
0 0 76.4
0 0 76.44
0 0 76.47
0 0 76.5
0 0 76.54
0 0 76.57
0 0 76.6
0 0 76.64
0 0 76.67
0 0 76.7
0 0 76.74
0 0 76.77
0 0 76.8
0 0 76.84
0 0 76.87
0 0 76.9
0 0 76.94
0 0 76.97
0 0 77.0
0 0 77.04
0 0 77.07
0 0 77.1
0 0 77.14
0 0 77.17
0 0 77.2
0 0 77.24
0 0 77.27
0 0 77.3
0 0 77.34
0 0 77.37
0 0 77.4
0 0 77.44
0 0 77.47
0 0 77.5
0 0 77.54
0 0 77.57
0 0 77.6
0 0 77.64
0 0 77.67
0 0 77.7
0 0 77.73
0 0 77.77
0 0 77.8
0 0 77.84
0 0 77.87
0 0 77.9
0 0 77.94
0 0 77.97
0 0 78.0
0 0 78.04
0 0 78.07
0 0 78.1
0 0 78.14
0 0 78.17
0 0 78.2
0 0 78.24
0 0 78.27
0 0 78.3
0 0 78.34
0 0 78.37
0 0 78.4
0 0 78.44
0 0 78.47
0 0 78.5
0 0 78.54
0 0 78.57
0 0 78.6
0 0 78.64
0 0 78.67
0 0 78.7
0 0 78.74
0 0 78.77
0 0 78.8
0 0 78.84
0 0 78.87
0 0 78.9
0 0 78.94
0 0 78.97
0 0 79.0
0 0 79.03
0 0 79.07
0 0 79.1
0 0 79.13
0 0 79.17
0 0 79.2
0 0 79.23
0 0 79.27
0 0 79.3
0 0 79.34
0 0 79.37
0 0 79.4
0 0 79.43
0 0 79.47
0 0 79.5
0 0 79.53
0 0 79.57
0 0 79.6
0 0 79.63
0 0 79.67
0 0 79.7
0 0 79.74
0 0 79.77
0 0 79.8
0 0 79.84
0 0 79.87
0 0 79.9
0 0 79.93
0 0 79.97
0 0 80.0
0 0 80.04
0 0 80.07
0 0 80.1
0 0 80.14
0 0 80.17
0 0 80.2
0 0 80.24
0 0 80.27
0 0 80.3
0 0 80.34
0 0 80.37
0 0 80.4
0 0 80.43
0 0 80.47
0 0 80.5
0 0 80.53
0 0 80.57
0 0 80.6
0 0 80.64
0 0 80.67
0 0 80.7
0 0 80.74
0 0 80.77
0 0 80.8
0 0 80.84
0 0 80.87
0 0 80.9
0 0 80.93
0 0 80.97
0 0 81.0
0 0 81.04
0 0 81.07
0 0 81.1
0 0 81.13
0 0 81.17
0 0 81.2
0 0 81.24
0 0 81.27
0 0 81.3
0 0 81.34
0 0 81.37
0 0 81.4
0 0 81.44
0 0 81.47
0 0 81.5
0 0 81.54
0 0 81.57
0 0 81.6
0 0 81.63
0 0 81.67
0 0 81.7
0 0 81.73
0 0 81.77
0 0 81.8
0 0 81.84
0 0 81.87
0 0 81.9
0 0 81.94
0 0 81.97
0 0 82.0
0 0 82.04
0 0 82.07
0 0 82.1
0 0 82.13
0 0 82.17
0 0 82.2
0 0 82.24
0 0 82.27
0 0 82.3
0 0 82.34
0.98 11.535 82.37
0 0 82.4
0 0 82.44
0 0 82.47
0 0 82.5
0 0 82.53
0 0 82.57
0 0 82.6
0 0 82.63
0 0 82.67
0 0 82.7
0 0 82.73
0 0 82.77
0 0 82.8
0 0 82.84
0 0 82.87
0 0 82.9
0 0 82.94
0 0 82.97
0 0 83.0
0 0 83.03
0 0 83.07
0 0 83.1
0 0 83.13
0 0 83.17
0 0 83.2
0 0 83.24
0 0 83.27
0 0 83.3
0 0 83.34
0 0 83.37
0 0 83.4
0 0 83.43
0 0 83.47
0 0 83.5
0 0 83.53
0 0 83.57
0 0 83.6
0 0 83.63
0 0 83.67
0 0 83.7
0 0 83.74
0 0 83.77
0 0 83.8
0 0 83.84
0 0 83.87
0 0 83.9
0 0 83.93
0 0 83.97
0 0 84.0
0 0 84.03
0 0 84.07
0 0 84.1
0 0 84.13
0 0 84.17
0 0 84.2
0 0 84.23
0 0 84.27
0 0 84.3
0 0 84.33
0 0 84.37
0 0 84.4
0 0 84.43
1.071 5.045 84.47
1.06 0.643 84.51
1.035 1.44 84.54
1.006 1.51 84.57
0.979 1.284 84.6
0.952 1.208 84.64
0.925 1.068 84.67
0.892 1.002 84.71
0.888 0.379 84.74
0.827 3.661 84.77
0.797 1.625 84.8
0 0 84.84
0 0 84.87
0 0 84.9
0 0 84.93
0 0 84.97
0 0 85.0
0 0 85.04
0 0 85.07
0 0 85.1
0 0 85.13
0 0 85.17
0 0 85.2
0 0 85.23
0 0 85.27
0 0 85.3
0 0 85.34
0 0 85.37
0 0 85.4
0 0 85.43
0 0 85.47
0 0 85.5
0 0 85.53
0 0 85.57
0 0 85.6
0 0 85.63
0 0 85.67
0 0 85.7
0 0 85.73
0 0 85.77
0 0 85.8
0 0 85.84
0 0 85.87
0 0 85.9
0 0 85.93
0 0 85.97
0 0 86.0
0 0 86.03
0 0 86.07
0 0 86.1
0 0 86.13
0 0 86.17
0 0 86.2
0 0 86.23
0 0 86.27
0 0 86.3
0 0 86.33
0 0 86.37
0 0 86.4
0 0 86.43
0 0 86.47
0 0 86.5
0 0 86.53
0 0 86.57
0 0 86.6
0 0 86.63
0 0 86.67
0 0 86.7
0 0 86.73
0 0 86.77
0 0 86.8
0 0 86.83
0 0 86.87
0 0 86.9
0 0 86.93
0 0 86.97
0.876 8.625 87.0
0.855 1.996 87.04
0.834 1.368 87.07
0.795 1.912 87.1
0.756 1.6 87.14
0.701 2.039 87.17
0.653 1.587 87.21
0.6 2.763 87.24
0.555 2.305 87.27
0 0 87.3
0 0 87.34
0 0 87.37
0 0 87.4
0 0 87.44
0 0 87.47
0 0 87.5
0 0 87.54
0 0 87.57
0 0 87.6
0 0 87.64
0 0 87.67
0 0 87.7
0 0 87.74
0 0 87.77
0 0 87.8
0 0 87.84
0 0 87.87
0 0 87.9
0 0 87.93
0 0 87.97
0 0 88.0
0 0 88.03
0 0 88.07
0 0 88.1
0 0 88.13
0 0 88.17
0 0 88.2
0 0 88.24
0 0 88.27
0 0 88.3
0 0 88.34
0 0 88.37
0 0 88.4
0 0 88.43
0 0 88.47
0 0 88.5
0 0 88.53
0 0 88.57
0 0 88.6
0 0 88.63
0 0 88.67
0 0 88.7
0 0 88.73
0 0 88.77
0 0 88.8
0 0 88.83
0 0 88.87
0 0 88.9
0 0 88.93
0 0 88.97
0 0 89.0
0 0 89.04
0 0 89.07
0 0 89.1
0 0 89.13
0 0 89.17
0 0 89.2
0 0 89.23
0 0 89.27
0 0 89.3
0 0 89.33
0 0 89.37
0 0 89.4
0 0 89.43
0 0 89.47
0 0 89.5
0 0 89.53
0 0 89.57
0 0 89.6
0 0 89.63
0 0 89.67
0 0 89.7
0 0 89.73
0 0 89.77
0 0 89.8
0 0 89.84
0 0 89.87
0 0 89.9
0 0 89.93
0 0 89.97
0 0 90.0
0 0 90.03
0 0 90.07
0 0 90.1
0 0 90.13
0 0 90.17
0 0 90.2
0 0 90.23
0 0 90.27
0 0 90.3
0 0 90.33
0 0 90.37
0 0 90.4
0 0 90.43
0 0 90.47
0 0 90.5
0 0 90.53
0 0 90.57
0 0 90.6
0 0 90.63
0 0 90.67
0 0 90.7
0 0 90.73
0 0 90.77
0 0 90.8
0 0 90.83
0 0 90.87
0 0 90.9
0 0 90.93
0 0 90.97
0 0 91.0
0 0 91.03
0 0 91.07
0 0 91.1
0 0 91.13
0 0 91.17
0 0 91.2
0 0 91.23
0 0 91.27
0 0 91.3
0 0 91.33
0 0 91.37
0 0 91.4
0 0 91.43
0 0 91.47
0 0 91.5
0 0 91.53
0 0 91.57
0 0 91.6
0 0 91.63
0 0 91.67
0 0 91.7
0 0 91.73
0 0 91.76
0 0 91.8
0 0 91.83
0 0 91.87
0 0 91.9
0 0 91.93
0 0 91.96
0 0 92.0
0 0 92.03
0 0 92.06
0 0 92.1
0 0 92.13
0.924 14.997 92.17
0.92 0.981 92.2
0.936 1.429 92.23
0.945 0.708 92.27
0.909 1.907 92.3
0.905 0.207 92.34
0.909 0.155 92.37
0.901 0.308 92.4
0.92 0.675 92.43
0.892 0.952 92.47
0.892 0.322 92.5
0.892 0.633 92.53
0 0 92.56
0 0 92.6
0 0 92.63
0 0 92.67
0 0 92.7
0 0 92.73
0 0 92.77
0 0 92.8
0 0 92.83
0 0 92.86
0 0 92.9
0 0 92.93
0 0 92.96
0 0 93.0
0 0 93.03
0 0 93.07
0 0 93.1
0 0 93.13
0 0 93.17
0.89 2.696 93.2
0.876 1.002 93.24
0.876 0.88 93.27
0.871 0.568 93.3
0.865 0.457 93.34
0.862 0.23 93.37
0.873 0.804 93.41
0.859 0.816 93.43
0.859 0.306 93.47
0.855 0.532 93.5
0.854 0.539 93.53
0 0 93.57
0 0 93.6
0 0 93.63
0 0 93.67
0 0 93.7
0 0 93.73
0 0 93.76
0 0 93.8
0 0 93.84
0 0 93.87
0 0 93.9
0 0 93.93
0 0 93.97
0.862 5.844 94.0
0 0 94.03
0.865 1.295 94.07
0 0 94.1
0.854 0.729 94.14
0.865 0.409 94.17
0.861 0.473 94.2
0.86 0.584 94.24
0.857 0.596 94.27
0.862 0.786 94.3
0.876 1.008 94.34
0.88 0.758 94.37
0 0 94.4
0 0 94.43
0 0 94.47
0 0 94.5
0 0 94.53
0 0 94.57
0 0 94.6
0 0 94.63
0 0 94.67
0 0 94.7
0 0 94.73
0 0 94.76
0 0 94.8
0 0 94.83
0 0 94.87
