0 0 2.26
0 0 2.33
0 0 2.36
0 0 2.39
0 0 2.41
0 0 2.42
0 0 2.44
0 0 2.47
0 0 2.5
0 0 2.54
0 0 2.57
0 0 2.6
0 0 2.63
0 0 2.67
0 0 2.7
0 0 2.73
0 0 2.76
0 0 2.79
0 0 2.82
0 0 2.85
0 0 2.88
0 0 2.92
0 0 2.95
0 0 2.99
0 0 3.03
0 0 3.06
0 0 3.09
0 0 3.12
0 0 3.15
0 0 3.19
0 0 3.22
0 0 3.25
0 0 3.29
0 0 3.33
0 0 3.36
0 0 3.39
0 0 3.42
0 0 3.46
0 0 3.49
0 0 3.52
0 0 3.55
0 0 3.58
0 0 3.62
0 0 3.65
0 0 3.69
0 0 3.72
0 0 3.75
0 0 3.79
0 0 3.82
0 0 3.85
0 0 3.89
0 0 3.92
0 0 3.95
0 0 3.98
0 0 4.02
0 0 4.05
0 0 4.09
0 0 4.12
0 0 4.15
0 0 4.19
0 0 4.22
0 0 4.25
0 0 4.28
0 0 4.32
0 0 4.35
0 0 4.39
0 0 4.43
0 0 4.46
0 0 4.49
0 0 4.52
0 0 4.55
0 0 4.58
0 0 4.62
0 0 4.65
0 0 4.69
0 0 4.72
0 0 4.75
0 0 4.78
0 0 4.82
0 0 4.86
0 0 4.9
0 0 4.93
0 0 4.96
0 0 4.99
0 0 5.02
0 0 5.05
0 0 5.08
0 0 5.12
0 0 5.15
0 0 5.19
0 0 5.22
0 0 5.25
0 0 5.29
0 0 5.32
0 0 5.35
0 0 5.39
0 0 5.43
0 0 5.45
0 0 5.49
0 0 5.52
0 0 5.55
0 0 5.59
0 0 5.63
0 0 5.65
0 0 5.68
0 0 5.72
0 0 5.75
0 0 5.79
0 0 5.82
0 0 5.85
0 0 5.88
0 0 5.92
0 0 5.95
0 0 5.98
0 0 6.02
0 0 6.05
0 0 6.08
0 0 6.12
0 0 6.15
0 0 6.18
0 0 6.22
0 0 6.25
0 0 6.29
0 0 6.32
0 0 6.35
0 0 6.39
0 0 6.42
0 0 6.45
0 0 6.48
0 0 6.52
0 0 6.55
0 0 6.59
0 0 6.62
0 0 6.65
0 0 6.69
0 0 6.72
0 0 6.75
0 0 6.78
0 0 6.82
0 0 6.85
0 0 6.89
0 0 6.92
0 0 6.95
0 0 6.99
0 0 7.02
0 0 7.05
0 0 7.09
0 0 7.12
0 0 7.15
0 0 7.19
0 0 7.22
0 0 7.25
0 0 7.28
0 0 7.32
0 0 7.35
0 0 7.38
0 0 7.42
0 0 7.45
0 0 7.48
0 0 7.52
0 0 7.55
0 0 7.58
0 0 7.62
0 0 7.65
0 0 7.69
0 0 7.72
0 0 7.75
0 0 7.78
0 0 7.82
0 0 7.85
0 0 7.89
0 0 7.92
0 0 7.95
0 0 7.99
0 0 8.02
0 0 8.05
0 0 8.08
0 0 8.12
0 0 8.15
0 0 8.18
0 0 8.22
0 0 8.25
0 0 8.28
0 0 8.32
0 0 8.35
0 0 8.38
0 0 8.42
0 0 8.45
0 0 8.48
0 0 8.52
0 0 8.55
0 0 8.59
0 0 8.62
0 0 8.65
0 0 8.69
0 0 8.72
0 0 8.75
0 0 8.78
0 0 8.82
0 0 8.85
0 0 8.88
0 0 8.92
0 0 8.95
0 0 8.98
0 0 9.02
0 0 9.05
0 0 9.09
0 0 9.12
0 0 9.15
0 0 9.19
0 0 9.22
0 0 9.25
0 0 9.28
0 0 9.32
0 0 9.35
0 0 9.38
0 0 9.42
0 0 9.45
0 0 9.48
0 0 9.52
0 0 9.55
0 0 9.59
0 0 9.62
0 0 9.65
0 0 9.69
0 0 9.72
0 0 9.75
0 0 9.78
0 0 9.82
0 0 9.85
0 0 9.88
0.964 0.964 9.92
0.964 0.004 9.95
0.94 0.026 9.98
0.907 0.035 10.02
0 0 10.05
0.844 0.074 10.09
0.81 0.038 10.12
0 0 10.15
0.77 0.047 10.19
0.782 0.013 10.22
0.8 0.02 10.26
0.835 0.036 10.29
0.878 0.045 10.32
0.951 0.075 10.35
0.95 0.012 10.39
0.968 0.019 10.42
0.928 0.04 10.45
0.895 0.034 10.5
0.869 0.029 10.53
0.825 0.045 10.56
0.786 0.041 10.58
0 0 10.62
0 0 10.65
0 0 10.68
0 0 10.72
0 0 10.75
0.777 0.024 10.79
0.79 0.013 10.82
0 0 10.85
0 0 10.88
0.829 0.039 10.92
0.842 0.014 10.95
0.848 0.006 10.98
0 0 11.02
0 0 11.05
0 0 11.08
0 0 11.12
0 0 11.15
0 0 11.19
0 0 11.21
0 0 11.25
0 0 11.29
0 0 11.32
0 0 11.35
0 0 11.38
0 0 11.42
0.909 0.094 11.45
0.898 0.012 11.48
0.896 0.004 11.52
0 0 11.55
0 0 11.58
0.897 0.01 11.62
0.887 0.011 11.65
0.889 0.005 11.69
0.885 0.007 11.73
0.884 0.007 11.76
0.882 0.009 11.79
0.883 0.013 11.82
0.882 0.013 11.85
0 0 11.88
0.882 0.02 11.92
0.89 0.01 11.95
0.894 0.005 11.98
0.92 0.027 12.02
0.923 0.007 12.06
0.933 0.014 12.09
0.96 0.029 12.12
0.955 0.013 12.16
0.961 0.013 12.19
0.966 0.01 12.23
0.965 0.007 12.26
0 0 12.29
0.987 0.022 12.32
0.958 0.028 12.36
0.982 0.024 12.39
0.951 0.031 12.43
0.95 0.002 12.46
0 0 12.49
0 0 12.52
0.947 0.007 12.56
0.941 0.007 12.59
0.942 0.004 12.62
0 0 12.65
0.948 0.01 12.69
0.942 0.008 12.72
0.944 0.005 12.76
0.939 0.007 12.79
0.944 0.008 12.82
0.932 0.014 12.85
0.931 0.006 12.89
0.925 0.008 12.92
0.917 0.011 12.95
0.921 0.008 12.99
0.909 0.014 13.02
0.943 0.035 13.05
0.883 0.061 13.09
0 0 13.12
0.859 0.026 13.15
0.845 0.015 13.19
0.825 0.021 13.22
0.816 0.01 13.26
0.799 0.018 13.29
0 0 13.31
0.774 0.026 13.35
0.759 0.015 13.39
0.745 0.014 13.42
0.732 0.013 13.45
0.719 0.013 13.49
0.71 0.009 13.52
0.698 0.012 13.55
0.686 0.012 13.59
0.674 0.012 13.62
0.667 0.007 13.65
0.659 0.009 13.69
0 0 13.72
0.631 0.028 13.75
0.622 0.01 13.79
0.611 0.011 13.82
0.601 0.01 13.85
0.59 0.011 13.88
0.579 0.011 13.92
0.567 0.013 13.95
0.557 0.009 13.99
0.547 0.011 14.02
0.537 0.01 14.06
0.525 0.012 14.09
0.509 0.016 14.12
0.498 0.011 14.16
0.488 0.011 14.19
0.477 0.011 14.22
0.466 0.011 14.25
0.457 0.009 14.29
0.448 0.009 14.32
0.439 0.009 14.35
0.431 0.009 14.38
0.421 0.01 14.42
0.413 0.008 14.46
0.405 0.008 14.49
0.398 0.008 14.52
0.392 0.006 14.55
0.387 0.005 14.59
0.381 0.006 14.62
0.376 0.005 14.65
0.371 0.005 14.69
0.367 0.004 14.72
0.362 0.005 14.75
0.357 0.005 14.78
0.353 0.004 14.82
0.349 0.004 14.85
0.344 0.005 14.89
0.339 0.004 14.92
0.335 0.004 14.96
0.33 0.005 14.99
0.326 0.005 15.02
0.32 0.005 15.05
0.315 0.005 15.08
0.311 0.004 15.12
0.307 0.004 15.16
0.303 0.005 15.19
0.299 0.003 15.22
0.296 0.003 15.25
0.292 0.004 15.29
0.289 0.004 15.32
0.287 0.002 15.35
0.285 0.002 15.39
0.283 0.002 15.42
0.281 0.002 15.46
0.279 0.003 15.49
0.275 0.004 15.52
0.27 0.005 15.55
0.263 0.007 15.58
0.257 0.006 15.62
0.25 0.007 15.65
0.244 0.006 15.69
0.244 0.004 15.72
0.247 0.007 15.75
0 0 15.78
0.296 0.05 15.82
0.336 0.041 15.85
0.389 0.053 15.89
0.442 0.054 15.92
0.504 0.063 15.95
0.558 0.054 15.98
0.61 0.052 16.02
0.653 0.044 16.05
0.694 0.041 16.08
0.735 0.041 16.12
0.771 0.037 16.15
0.799 0.029 16.18
0.824 0.026 16.22
0 0 16.25
0 0 16.28
0.875 0.054 16.32
0 0 16.35
0 0 16.39
0.886 0.013 16.42
0.888 0.003 16.45
0.888 0.001 16.49
0 0 16.52
0.886 0.002 16.55
0.879 0.007 16.58
0.88 0.002 16.62
0.876 0.005 16.65
0.871 0.005 16.69
0.868 0.003 16.72
0.867 0.002 16.75
0 0 16.78
0.848 0.019 16.82
0 0 16.86
0.84 0.009 16.89
0 0 16.92
0.822 0.018 16.95
0.815 0.007 16.99
0.804 0.011 17.02
0.795 0.009 17.05
0.783 0.012 17.09
0.776 0.007 17.12
0.77 0.006 17.15
0.758 0.013 17.18
0.748 0.01 17.22
0.735 0.012 17.25
0 0 17.28
0 0 17.31
0.702 0.034 17.35
0.69 0.012 17.39
0 0 17.42
0.663 0.027 17.45
0.65 0.013 17.48
0.638 0.012 17.52
0.621 0.017 17.55
0.607 0.014 17.59
0.595 0.012 17.62
0 0 17.65
0.572 0.023 17.69
0.561 0.011 17.72
0.551 0.01 17.75
0.541 0.01 17.78
0.531 0.01 17.82
0.524 0.007 17.85
0.516 0.008 17.88
0.51 0.006 17.92
0.505 0.005 17.95
0 0 17.98
0 0 18.02
0.483 0.022 18.05
0.474 0.008 18.09
0.469 0.005 18.12
0 0 18.15
0.454 0.015 18.19
0 0 18.22
0.442 0.012 18.26
0.436 0.007 18.29
0.429 0.006 18.32
0.426 0.003 18.35
0 0 18.38
0 0 18.42
0.414 0.012 18.45
0.408 0.005 18.49
0.404 0.004 18.53
0.401 0.003 18.56
0.397 0.004 18.59
0.392 0.005 18.62
0.387 0.005 18.65
0.382 0.006 18.69
0.377 0.005 18.72
0.371 0.006 18.76
0.367 0.005 18.78
0.362 0.005 18.82
0.357 0.005 18.85
0.351 0.006 18.88
0.346 0.005 18.92
0.343 0.003 18.95
0.34 0.003 18.99
0.335 0.004 19.02
0.333 0.003 19.05
0.328 0.004 19.09
0.326 0.003 19.12
0.321 0.004 19.15
0.318 0.004 19.19
0.315 0.003 19.22
0.311 0.003 19.25
0.306 0.005 19.28
0 0 19.32
0.298 0.008 19.35
0.295 0.003 19.38
0.292 0.003 19.42
0.286 0.006 19.45
0.282 0.003 19.49
0 0 19.52
0.273 0.009 19.55
0.268 0.005 19.59
0.263 0.005 19.62
0.262 0.002 19.65
0.261 0.002 19.69
0.263 0.003 19.72
0.27 0.008 19.75
0.277 0.008 19.78
0.288 0.011 19.82
0.301 0.013 19.85
0.316 0.016 19.88
0 0 19.92
0.35 0.035 19.95
0 0 19.98
0 0 20.02
0.408 0.059 20.05
0 0 20.08
0.449 0.041 20.12
0 0 20.15
0.489 0.04 20.18
0 0 20.21
0.525 0.036 20.25
0 0 20.28
0.56 0.036 20.31
0 0 20.35
0.585 0.026 20.39
0.601 0.016 20.43
0.623 0.022 20.46
0.632 0.01 20.49
0 0 20.52
0.653 0.022 20.55
0.663 0.01 20.58
0 0 20.61
0.68 0.017 20.65
0 0 20.68
0.699 0.019 20.72
0.711 0.012 20.75
0.714 0.003 20.78
0 0 20.81
0 0 20.85
0 0 20.88
0 0 20.92
0 0 20.95
0.737 0.025 20.98
0.733 0.005 21.02
0 0 21.05
0 0 21.08
0 0 21.11
0 0 21.15
0.738 0.014 21.19
0 0 21.22
0 0 21.25
0 0 21.28
0.746 0.015 21.32
0 0 21.35
0 0 21.38
0 0 21.41
0 0 21.45
0 0 21.48
0 0 21.51
0.761 0.045 21.55
0.764 0.01 21.58
0.754 0.013 21.62
0 0 21.65
0 0 21.68
0 0 21.71
0 0 21.75
0 0 21.78
0 0 21.81
0 0 21.85
0 0 21.88
0 0 21.91
0 0 21.95
0 0 21.98
0 0 22.02
0 0 22.05
0 0 22.08
0 0 22.11
0 0 22.15
0 0 22.18
0 0 22.22
0 0 22.25
0 0 22.28
0 0 22.31
0 0 22.35
0 0 22.38
0 0 22.41
0 0 22.45
0 0 22.48
0 0 22.52
0 0 22.55
0 0 22.58
0 0 22.61
0 0 22.65
0 0 22.68
0 0 22.71
0 0 22.75
0 0 22.78
0 0 22.81
0 0 22.85
0 0 22.88
0 0 22.92
0 0 22.95
0 0 22.98
0 0 23.02
0 0 23.05
0 0 23.08
0 0 23.11
0 0 23.15
0 0 23.18
0 0 23.21
0 0 23.25
0 0 23.28
0 0 23.31
0 0 23.35
0 0 23.38
0 0 23.42
0 0 23.45
0 0 23.48
0 0 23.51
0 0 23.55
0 0 23.58
0 0 23.61
0 0 23.65
0 0 23.68
0 0 23.71
0 0 23.75
0 0 23.78
0 0 23.81
0 0 23.85
0 0 23.88
0 0 23.91
0 0 23.95
0 0 23.98
0 0 24.02
0 0 24.05
0 0 24.08
0 0 24.11
0 0 24.15
0 0 24.18
0 0 24.21
0 0 24.25
0 0 24.28
0 0 24.31
0 0 24.35
0 0 24.38
0 0 24.41
0 0 24.45
0 0 24.48
0 0 24.51
0 0 24.55
0 0 24.58
0 0 24.62
0 0 24.65
0 0 24.69
0 0 24.71
0 0 24.75
0 0 24.78
0 0 24.81
0 0 24.85
0 0 24.88
0 0 24.92
0 0 24.95
0 0 24.98
0 0 25.02
0 0 25.05
0 0 25.08
0 0 25.12
0 0 25.15
0 0 25.18
0 0 25.21
0 0 25.25
0 0 25.28
0 0 25.31
0 0 25.35
0 0 25.38
0 0 25.41
0 0 25.45
0 0 25.48
0 0 25.51
0 0 25.55
0 0 25.58
0 0 25.61
0 0 25.65
0 0 25.68
0 0 25.71
0 0 25.75
0 0 25.78
0 0 25.81
0 0 25.85
0 0 25.88
0 0 25.91
0 0 25.94
0 0 25.98
0 0 26.01
0 0 26.05
0 0 26.08
0 0 26.11
0 0 26.15
0 0 26.18
0 0 26.21
0 0 26.25
0 0 26.28
0 0 26.31
0 0 26.35
0 0 26.38
0 0 26.41
0 0 26.45
0 0 26.48
0 0 26.52
0 0 26.55
0 0 26.58
0 0 26.61
0 0 26.65
0 0 26.68
0 0 26.71
0 0 26.75
0 0 26.78
0 0 26.81
0 0 26.85
0 0 26.88
0 0 26.91
0 0 26.95
0 0 26.98
0 0 27.01
0 0 27.05
0 0 27.08
0 0 27.11
0 0 27.15
0 0 27.18
0 0 27.21
0 0 27.25
0 0 27.28
0 0 27.31
0 0 27.35
0 0 27.38
0 0 27.41
0 0 27.45
0 0 27.48
0 0 27.52
0 0 27.55
0 0 27.58
0 0 27.61
0 0 27.65
0 0 27.68
0 0 27.71
0 0 27.75
0 0 27.78
0 0 27.81
0 0 27.85
0 0 27.88
0 0 27.92
0 0 27.94
0 0 27.98
0 0 28.02
0 0 28.05
0 0 28.08
0 0 28.11
0 0 28.15
0 0 28.18
0 0 28.21
0 0 28.25
0 0 28.28
0 0 28.31
0 0 28.35
0 0 28.38
0 0 28.41
0 0 28.45
0 0 28.48
0 0 28.51
0 0 28.55
0 0 28.58
0 0 28.61
0 0 28.65
0 0 28.68
0 0 28.71
0 0 28.75
0 0 28.78
0 0 28.81
0 0 28.85
0 0 28.88
0 0 28.91
0 0 28.95
0 0 28.98
0 0 29.01
0 0 29.05
0 0 29.08
0 0 29.11
0 0 29.15
0 0 29.18
0 0 29.21
0 0 29.25
0 0 29.28
0 0 29.31
0 0 29.35
0 0 29.38
0 0 29.41
0 0 29.44
0 0 29.48
0 0 29.51
0 0 29.55
0 0 29.58
0 0 29.61
0 0 29.65
0 0 29.68
0 0 29.72
0 0 29.75
0 0 29.78
0 0 29.81
0 0 29.85
0 0 29.88
0 0 29.91
0 0 29.95
0 0 29.98
0 0 30.02
0 0 30.05
0 0 30.08
0 0 30.11
0 0 30.15
0 0 30.18
0 0 30.21
0 0 30.25
0 0 30.28
0 0 30.31
0 0 30.35
0 0 30.39
0 0 30.41
0 0 30.45
0 0 30.48
0 0 30.52
0 0 30.55
0 0 30.58
0 0 30.61
0 0 30.65
0 0 30.68
0 0 30.71
0 0 30.75
0 0 30.78
0 0 30.81
0 0 30.85
0 0 30.88
0 0 30.91
0 0 30.95
0 0 30.98
0 0 31.01
0 0 31.05
0 0 31.08
0 0 31.11
0 0 31.15
0 0 31.18
0 0 31.21
0 0 31.25
0 0 31.28
0 0 31.31
0 0 31.35
0 0 31.38
0 0 31.41
0 0 31.45
0 0 31.48
0 0 31.52
0 0 31.55
0 0 31.58
0 0 31.61
0 0 31.65
0 0 31.68
0 0 31.71
0 0 31.75
0.952 0.23 31.78
0.954 0.019 31.81
0.958 0.015 31.85
0.956 0.011 31.89
0.96 0.008 31.92
0.96 0.006 31.95
0 0 31.98
0.956 0.008 32.02
0.948 0.008 32.06
0.947 0.003 32.09
0.944 0.005 32.12
0 0 32.14
0.936 0.013 32.18
0.943 0.01 32.21
0.934 0.012 32.25
0 0 32.29
0 0 32.31
0.923 0.026 32.35
0 0 32.38
0.911 0.021 32.41
0 0 32.44
0.896 0.024 32.49
0 0 32.52
0.868 0.032 32.55
0.862 0.01 32.59
0 0 32.61
0.82 0.043 32.65
0.806 0.015 32.68
0.783 0.023 32.72
0.758 0.025 32.75
0.738 0.02 32.79
0.717 0.021 32.82
0.694 0.024 32.85
0.676 0.018 32.88
0.655 0.021 32.91
0.639 0.017 32.95
0 0 32.99
0.606 0.033 33.02
0.593 0.013 33.05
0.579 0.014 33.08
0.569 0.01 33.12
0.555 0.014 33.15
0.544 0.011 33.19
0.534 0.01 33.22
0.523 0.012 33.25
0.511 0.012 33.28
0 0 33.31
0.485 0.026 33.35
0.474 0.012 33.38
0.461 0.013 33.42
0.451 0.01 33.45
0.441 0.011 33.48
0.43 0.01 33.52
0.422 0.009 33.55
0.412 0.01 33.58
0.404 0.008 33.61
0.396 0.008 33.65
0.388 0.008 33.68
0.382 0.007 33.71
0.374 0.008 33.75
0.367 0.007 33.78
0.36 0.007 33.82
0.353 0.007 33.85
0.346 0.007 33.89
0.338 0.009 33.93
0.332 0.007 33.96
0.324 0.008 33.99
0.317 0.007 34.02
0.312 0.006 34.05
0.306 0.006 34.08
0.302 0.005 34.12
0.295 0.007 34.16
0.292 0.003 34.19
0.288 0.005 34.22
0.285 0.003 34.25
0.282 0.004 34.28
0.279 0.004 34.32
0.275 0.004 34.36
0.272 0.003 34.39
0.27 0.003 34.42
0.266 0.004 34.45
0.262 0.004 34.48
0.259 0.004 34.52
0.255 0.004 34.55
0.253 0.002 34.58
0.249 0.004 34.62
0.248 0.003 34.65
0.248 0.006 34.69
0.251 0.01 34.72
0.258 0.013 34.75
0.266 0.013 34.78
0.28 0.017 34.82
0.298 0.02 34.85
0.314 0.019 34.89
0.333 0.02 34.92
0.357 0.025 34.95
0.382 0.026 34.98
0.409 0.027 35.02
0.437 0.028 35.05
0.467 0.031 35.09
0.492 0.025 35.13
0.52 0.028 35.16
0.545 0.025 35.19
0.57 0.026 35.22
0 0 35.25
0 0 35.28
0.626 0.057 35.31
0.645 0.018 35.35
0 0 35.38
0 0 35.41
0 0 35.45
0.696 0.052 35.48
0 0 35.51
0.721 0.025 35.55
0 0 35.58
0.747 0.026 35.61
0 0 35.64
0 0 35.68
0 0 35.71
0 0 35.74
0 0 35.78
0 0 35.81
0 0 35.85
0 0 35.88
0 0 35.91
0.798 0.052 35.95
0 0 35.98
0 0 36.01
0.773 0.026 36.05
0 0 36.08
0.751 0.023 36.11
0.745 0.007 36.15
0.729 0.016 36.18
0.72 0.01 36.21
0 0 36.25
0.686 0.034 36.28
0.676 0.01 36.31
0.663 0.013 36.35
0.648 0.016 36.38
0.638 0.009 36.41
0 0 36.44
0.609 0.029 36.48
0.598 0.012 36.51
0.583 0.015 36.55
0.571 0.012 36.59
0.561 0.01 36.62
0.55 0.011 36.65
0 0 36.68
0.529 0.021 36.71
0.519 0.01 36.75
0.509 0.011 36.78
0.5 0.009 36.82
0.489 0.012 36.85
0.478 0.011 36.88
0.47 0.008 36.92
0.459 0.012 36.95
0.448 0.011 36.98
0.437 0.011 37.01
0.427 0.01 37.05
0.417 0.01 37.08
0.409 0.008 37.11
0.401 0.008 37.15
0.392 0.009 37.18
0.385 0.007 37.22
0.379 0.006 37.25
0.371 0.008 37.28
0.365 0.006 37.31
0.356 0.009 37.35
0.351 0.005 37.38
0.346 0.005 37.41
0.339 0.007 37.45
0.334 0.005 37.48
0.329 0.005 37.52
0.322 0.007 37.55
0.319 0.003 37.58
0.314 0.005 37.62
0.309 0.005 37.65
0.308 0.002 37.68
0.301 0.006 37.71
0.299 0.002 37.75
0.295 0.004 37.78
0.289 0.007 37.82
0.285 0.004 37.85
0.281 0.004 37.88
0.277 0.004 37.91
0.275 0.002 37.95
0.27 0.005 37.98
0.265 0.005 38.02
0.262 0.004 38.05
0.259 0.003 38.08
0.255 0.004 38.11
0.254 0.002 38.15
0.254 0.004 38.19
0.258 0.006 38.22
0.269 0.012 38.25
0.286 0.019 38.28
0.305 0.02 38.31
0.332 0.028 38.35
0.362 0.031 38.38
0.4 0.038 38.41
0.441 0.042 38.45
0 0 38.48
0.538 0.098 38.52
0.582 0.044 38.55
0.627 0.045 38.58
0 0 38.61
0.685 0.059 38.65
0 0 38.68
0 0 38.71
0 0 38.74
0 0 38.78
0.78 0.095 38.81
0.792 0.012 38.85
0 0 38.88
0 0 38.91
0.813 0.02 38.94
0 0 38.98
0 0 39.01
0 0 39.04
0 0 39.08
0.82 0.008 39.11
0 0 39.14
0 0 39.18
0 0 39.21
0.816 0.006 39.25
0 0 39.28
0.803 0.013 39.31
0.8 0.004 39.35
0 0 39.38
0.783 0.017 39.41
0.778 0.006 39.45
0 0 39.48
0.756 0.023 39.51
0.737 0.019 39.55
0 0 39.58
0 0 39.61
0.706 0.033 39.65
0.689 0.017 39.68
0.682 0.008 39.71
0.662 0.02 39.75
0 0 39.78
0.636 0.027 39.81
0 0 39.85
0.607 0.03 39.88
0.596 0.011 39.91
0.591 0.005 39.95
0.574 0.017 39.98
0.567 0.007 40.01
0.556 0.011 40.05
0 0 40.08
0.533 0.023 40.11
0.523 0.011 40.15
0.514 0.008 40.18
0 0 40.22
0 0 40.24
0.49 0.025 40.28
0 0 40.31
0.47 0.02 40.35
0.467 0.003 40.38
0.455 0.012 40.42
0.448 0.007 40.45
0.441 0.007 40.48
0.431 0.009 40.52
0.425 0.006 40.54
0.42 0.005 40.58
0.413 0.007 40.61
0 0 40.64
0.402 0.012 40.68
0.395 0.007 40.71
0.389 0.006 40.75
0.383 0.007 40.78
0.375 0.008 40.81
0.373 0.002 40.85
0.365 0.008 40.89
0.359 0.006 40.91
0.353 0.006 40.95
0.35 0.004 40.98
