0.73 0.73 2.27
0.722 0.003 2.34
0.729 0.433 2.36
0.729 0.038 2.39
0.726 0.23 2.42
0.727 0.088 2.43
0.729 0.171 2.45
0.724 0.451 2.47
0.728 0.304 2.5
0.73 0.173 2.53
0.728 0.112 2.56
0.728 0.014 2.59
0.727 0.064 2.62
0.729 0.108 2.65
0.727 0.175 2.68
0 0 2.72
0.725 0.078 2.75
0.724 0.024 2.78
0.729 0.223 2.82
0.728 0.055 2.85
0.726 0.048 2.89
0.732 0.192 2.92
0.728 0.233 2.95
0.727 0.047 2.98
0.724 0.173 3.02
0.727 0.099 3.05
0.726 0.041 3.09
0.729 0.107 3.12
0.726 0.117 3.15
0.726 0.015 3.19
0.729 0.133 3.22
0.728 0.024 3.25
0.726 0.079 3.29
0.725 0.05 3.32
0.73 0.165 3.36
0.727 0.08 3.39
0.73 0.164 3.42
0.725 0.267 3.45
0.727 0.083 3.49
0.731 0.224 3.52
0.731 0.028 3.55
0.728 0.098 3.59
0.728 0.018 3.62
0.728 0.02 3.65
0.727 0.059 3.69
0.728 0.046 3.72
0.731 0.152 3.75
0.728 0.154 3.79
0.73 0.108 3.82
0.729 0.054 3.85
0.731 0.054 3.89
0.729 0.125 3.92
0.731 0.104 3.96
0.725 0.237 3.99
0.731 0.226 4.02
0.728 0.121 4.05
0.728 0.017 4.09
0.727 0.038 4.12
0.727 0.017 4.16
0.726 0.069 4.19
0.726 0.041 4.22
0.727 0.03 4.25
0.726 0.049 4.29
0.724 0.082 4.32
0.72 0.125 4.36
0.722 0.067 4.39
0.717 0.329 4.42
0.718 0.076 4.46
0.718 0.037 4.49
0.715 0.151 4.52
0.715 0.027 4.56
0.711 0.147 4.59
0.713 0.053 4.62
0.71 0.184 4.66
0.71 0.018 4.69
0.711 0.061 4.72
0.707 0.165 4.76
0.711 0.156 4.79
0.708 0.12 4.82
0.709 0.038 4.86
0.709 0.017 4.89
0.709 0.04 4.92
0.706 0.166 4.96
0.707 0.053 4.99
0.706 0.04 5.02
0.708 0.083 5.06
0.706 0.086 5.09
0.707 0.072 5.12
0.706 0.095 5.15
0.708 0.101 5.19
0.705 0.125 5.22
0.703 0.092 5.26
0.699 0.142 5.29
0.7 0.055 5.33
0.698 0.152 5.36
0.694 0.227 5.39
0.693 0.047 5.42
0.695 0.082 5.45
0.686 0.433 5.49
0.687 0.067 5.53
0.685 0.068 5.56
0.684 0.092 5.59
0.68 0.191 5.62
0.683 0.133 5.66
0.68 0.126 5.69
0.682 0.075 5.72
0.676 0.228 5.76
0.675 0.055 5.79
0.677 0.066 5.82
0.677 0.041 5.86
0.676 0.095 5.89
0.675 0.034 5.92
0.67 0.215 5.96
0.671 0.027 5.99
0.67 0.045 6.02
0.67 0.027 6.06
0.697 1.653 6.09
0.674 1.273 6.12
0.691 0.889 6.16
0.672 0.853 6.19
0.675 0.103 6.23
0.674 0.035 6.26
0.674 0.034 6.29
0.674 0.02 6.32
0.672 0.129 6.35
0.675 0.173 6.39
0.674 0.043 6.42
0.674 0.006 6.46
0.672 0.066 6.49
0.673 0.026 6.53
0.672 0.043 6.56
0.673 0.115 6.59
0.671 0.148 6.62
0.671 0.049 6.65
0.668 0.147 6.69
0.67 0.077 6.72
0.666 0.183 6.75
0.669 0.109 6.79
0.67 0.033 6.82
0.669 0.021 6.86
0.668 0.093 6.89
0.67 0.109 6.93
0.669 0.034 6.96
0.668 0.045 6.99
0.666 0.097 7.02
0 0 7.05
0.668 0.084 7.09
0.671 0.203 7.12
0.666 0.201 7.15
0.667 0.054 7.19
0.662 0.217 7.22
0.664 0.09 7.25
0.662 0.094 7.29
0.659 0.113 7.32
0.657 0.063 7.36
0.657 0.045 7.39
0.653 0.181 7.42
0.653 0.022 7.46
0.655 0.097 7.49
0.65 0.322 7.52
0.669 1.065 7.55
0.644 1.561 7.59
0.641 0.171 7.62
0.644 0.149 7.65
0.637 0.288 7.69
0.636 0.064 7.72
0.635 0.064 7.75
0.631 0.14 7.79
0.627 0.135 7.82
0.623 0.251 7.85
0.621 0.159 7.89
0.618 0.117 7.93
0.617 0.042 7.96
0.618 0.063 7.99
0.619 0.04 8.02
0.616 0.079 8.06
0.619 0.167 8.08
0.617 0.15 8.12
0.618 0.079 8.15
0.618 0.055 8.19
0.618 0.04 8.23
0.618 0.058 8.25
0.619 0.053 8.29
0.622 0.16 8.32
0.622 0.023 8.35
0.627 0.261 8.38
0.625 0.095 8.42
0 0 8.45
0.626 0.06 8.49
0.627 0.016 8.53
0.63 0.109 8.56
0.63 0.022 8.59
0.633 0.105 8.62
0.634 0.053 8.66
0.635 0.054 8.69
0.637 0.126 8.72
0.638 0.031 8.75
0.64 0.077 8.79
0.638 0.098 8.82
0.64 0.085 8.86
0.639 0.039 8.89
0.639 0.013 8.92
0.642 0.134 8.95
0.642 0.019 8.99
0.642 0.019 9.02
0.645 0.077 9.06
0.642 0.151 9.09
0.642 0.056 9.12
0.648 0.208 9.16
0.647 0.035 9.19
0.654 0.493 9.22
0.653 0.043 9.25
0.655 0.076 9.29
0.654 0.054 9.32
0.659 0.232 9.36
0.656 0.086 9.39
0.656 0.057 9.42
0.655 0.054 9.46
0.653 0.132 9.49
0.655 0.095 9.52
0.655 0.046 9.55
0.653 0.131 9.59
0 0 9.62
0.652 0.036 9.66
0.652 0.022 9.69
0.652 0.043 9.72
0.651 0.053 9.76
0.651 0.042 9.79
0.649 0.061 9.82
0.649 0.032 9.85
0.648 0.03 9.89
0.646 0.092 9.92
0.646 0.014 9.95
0.646 0.011 9.99
0.643 0.147 10.02
0 0 10.05
0.643 0.062 10.09
0.643 0.039 10.12
0.643 0.051 10.15
0.645 0.066 10.19
0.643 0.073 10.22
0.639 0.25 10.26
0.635 0.174 10.29
0.628 0.27 10.33
0.623 0.198 10.37
0.62 0.166 10.39
0.611 0.552 10.42
0.604 0.27 10.45
0.598 0.478 10.49
0.592 0.352 10.52
0 0 10.55
0.574 0.97 10.59
0.565 0.378 10.62
0.558 0.316 10.65
0.545 0.458 10.69
0.538 0.278 10.72
0.526 0.757 10.75
0.515 0.699 10.79
0.504 0.458 10.82
0.493 0.477 10.86
0 0 10.89
0.47 0.8 10.92
0 0 10.95
0 0 10.99
0 0 11.02
0 0 11.05
0.423 2.626 11.09
0.414 0.347 11.13
0.406 0.232 11.16
0.4 0.425 11.19
0.392 0.445 11.22
0.385 0.369 11.26
0 0 11.29
0.371 0.675 11.32
0.364 0.288 11.36
0.358 0.22 11.39
0.351 0.388 11.42
0.345 0.391 11.45
0.339 0.358 11.49
0.333 0.243 11.52
0.327 0.27 11.56
0.322 0.201 11.59
0.316 0.206 11.63
0.311 0.277 11.65
0.306 0.344 11.69
0.3 0.285 11.72
0.295 0.278 11.75
0.291 0.212 11.79
0.285 0.228 11.82
0.282 0.15 11.86
0.278 0.15 11.89
0.276 0.123 11.93
0.273 0.163 11.96
0.271 0.109 11.99
0.267 0.164 12.03
0.268 0.081 12.05
0.269 0.15 12.09
0.273 0.212 12.13
0.282 0.474 12.16
0.304 1.115 12.19
0.339 1.669 12.22
0.385 2.575 12.25
0.44 2.743 12.29
0.506 2.65 12.32
0.576 2.731 12.36
0.642 2.308 12.39
0.702 3.424 12.42
0.747 3.457 12.45
0.775 2.092 12.48
0.777 0.685 12.52
0.791 0.695 12.55
0 0 12.59
0.788 0.425 12.62
0.786 0.11 12.65
0.778 0.617 12.69
0.766 0.677 12.72
0 0 12.75
0.763 0.233 12.79
0.763 0.053 12.82
0.757 0.232 12.85
0.752 0.168 12.89
0 0 12.92
0.745 0.521 12.95
0.74 0.35 12.99
0.737 0.204 13.02
0.731 0.25 13.05
0 0 13.08
0.725 0.388 13.12
0.717 0.268 13.15
0.715 0.174 13.19
0.708 0.3 13.22
0.701 0.34 13.25
0.687 0.608 13.28
0.687 0.045 13.32
0.68 0.256 13.36
0.679 0.069 13.39
0.67 0.488 13.42
0.667 0.161 13.45
0.667 0.127 13.49
0.654 0.551 13.52
0.651 0.118 13.55
0.649 0.128 13.59
0.64 0.277 13.62
0.642 0.179 13.65
0.639 0.168 13.69
0.641 0.134 13.72
0.63 0.529 13.75
0.631 0.089 13.79
0.626 0.253 13.82
0.628 0.187 13.85
0.621 0.41 13.89
0.611 0.402 13.92
0.604 0.312 13.95
0.598 0.287 13.99
0.591 0.319 14.02
0.582 0.298 14.05
0.568 0.901 14.09
0.56 0.508 14.12
0.546 0.714 14.15
0.535 0.608 14.19
0.528 0.317 14.22
0.514 0.515 14.25
0.502 0.462 14.29
0.492 0.307 14.32
0.482 0.563 14.36
0.473 0.388 14.39
0.465 0.323 14.42
0.455 0.497 14.45
0.445 0.389 14.49
0.438 0.292 14.52
0.429 0.297 14.55
0.423 0.38 14.59
0.415 0.352 14.62
0.409 0.311 14.65
0.404 0.212 14.69
0.399 0.175 14.72
0.396 0.254 14.75
0.391 0.275 14.79
0.386 0.145 14.82
0.382 0.219 14.86
0.376 0.256 14.89
0.371 0.2 14.92
0.365 0.247 14.95
0.359 0.206 14.99
0.354 0.194 15.02
0.348 0.171 15.05
0.343 0.304 15.09
0.338 0.228 15.12
0.332 0.257 15.15
0.327 0.239 15.19
0.322 0.193 15.22
0.318 0.18 15.25
0.314 0.122 15.29
0.311 0.209 15.32
0.31 0.121 15.36
0.312 0.131 15.39
0.315 0.109 15.42
0.318 0.118 15.45
0 0 15.48
0.324 0.246 15.52
0.327 0.073 15.56
0.328 0.068 15.59
0.329 0.026 15.62
0.331 0.068 15.65
0.333 0.109 15.69
0.345 0.382 15.72
0.363 1.145 15.76
0.395 1.554 15.79
0.435 2.271 15.82
0.485 2.507 15.85
0.544 2.607 15.89
0.604 2.543 15.92
0.663 2.364 15.95
0.711 1.807 15.99
0.752 1.441 16.02
0 0 16.05
0 0 16.08
0.816 4.559 16.12
0.852 1.772 16.15
0 0 16.18
0 0 16.22
0.855 0.473 16.25
0 0 16.28
0.843 0.459 16.32
0 0 16.35
0.846 0.606 16.38
0.821 1.122 16.42
0 0 16.45
0.816 0.723 16.49
0 0 16.52
0.789 1.013 16.56
0.785 0.43 16.59
0.773 0.647 16.62
0.769 0.399 16.65
0.756 0.556 16.69
0.749 0.341 16.72
0.742 0.698 16.75
0.733 0.671 16.79
0 0 16.82
0.734 0.676 16.85
0.719 0.738 16.89
0.709 0.377 16.92
0.712 0.184 16.95
0.694 0.638 16.99
0.694 0.181 17.02
0.682 0.669 17.06
0.67 0.509 17.09
0.662 0.348 17.12
0.652 0.398 17.15
0.651 0.047 17.19
0.632 0.69 17.22
0.62 0.421 17.25
0.612 0.272 17.29
0.605 0.355 17.32
0.599 0.31 17.35
0.586 0.571 17.38
0.57 0.687 17.42
0.559 0.398 17.45
0.548 0.382 17.49
0.54 0.47 17.52
0.528 0.584 17.55
0.517 0.565 17.59
0.504 0.55 17.62
0.494 0.423 17.65
0.483 0.416 17.69
0.471 0.356 17.72
0.46 0.632 17.75
0.449 0.536 17.79
0.438 0.456 17.82
0.429 0.364 17.86
0.421 0.279 17.89
0.412 0.573 17.92
0.404 0.421 17.95
0.397 0.367 17.99
0.392 0.24 18.02
0.384 0.283 18.05
0.377 0.291 18.09
0.37 0.249 18.12
0.364 0.38 18.15
0.357 0.419 18.19
0.352 0.234 18.22
0.345 0.304 18.25
0.34 0.209 18.29
0.334 0.236 18.32
0.329 0.219 18.35
0.324 0.146 18.39
0.321 0.174 18.42
0.319 0.106 18.45
0.317 0.122 18.49
0.315 0.068 18.52
0.314 0.058 18.55
0.315 0.031 18.59
0.315 0.026 18.62
0.315 0.064 18.65
0.317 0.072 18.69
0.318 0.058 18.72
0.319 0.056 18.75
0.322 0.083 18.79
0.324 0.096 18.82
0.328 0.179 18.85
0.336 0.5 18.89
0.349 0.682 18.92
0.37 1.06 18.95
0.401 1.437 18.99
0.438 1.549 19.02
0.482 1.601 19.05
0.532 1.902 19.09
0.587 1.809 19.12
0.63 2.4 19.15
0.671 2.273 19.18
0.711 2.015 19.22
0.726 0.794 19.25
0.739 0.58 19.28
0.747 0.372 19.32
0.749 0.1 19.35
0.753 0.154 19.38
0.746 0.437 19.42
0 0 19.45
0.754 0.552 19.48
0 0 19.52
0.762 0.559 19.55
0.764 0.149 19.58
0.771 0.283 19.62
0.771 0.101 19.65
0.777 0.372 19.69
0.773 0.226 19.72
0.774 0.166 19.75
0 0 19.78
0 0 19.81
0 0 19.85
0 0 19.88
0 0 19.91
0 0 19.95
0 0 19.98
0 0 20.02
0 0 20.05
0 0 20.08
0 0 20.11
0 0 20.15
0 0 20.18
0 0 20.21
0 0 20.25
0 0 20.28
0 0 20.31
0 0 20.35
0 0 20.38
0 0 20.41
0 0 20.45
0 0 20.48
0 0 20.52
0 0 20.55
0 0 20.58
0 0 20.62
0 0 20.65
0 0 20.68
0 0 20.71
0 0 20.75
0.715 2.89 20.78
0.702 0.859 20.82
0.71 0.515 20.85
0.704 0.434 20.88
0.698 0.398 20.92
0.696 0.244 20.95
0.694 0.236 20.98
0.695 0.217 21.02
0.691 0.359 21.05
0.686 0.33 21.08
0.689 0.271 21.12
0.683 0.347 21.15
0.677 0.269 21.19
0.681 0.187 21.22
0.672 0.369 21.25
0.665 0.228 21.28
0.669 0.238 21.32
0.652 0.949 21.35
0.652 0.072 21.38
0.634 0.866 21.42
0.621 0.414 21.45
0.611 0.705 21.49
0.595 1.046 21.52
0.585 0.548 21.55
0.569 0.913 21.59
0.551 0.858 21.62
0.536 0.7 21.65
0.52 0.612 21.68
0.502 0.656 21.72
0.487 0.522 21.75
0.471 1.067 21.78
0.457 0.77 21.82
0.441 0.735 21.85
0.428 0.561 21.89
0.418 0.416 21.92
0.405 0.453 21.95
0.395 0.347 21.98
0.386 0.313 22.02
0.378 0.398 22.05
0.369 0.415 22.09
0.362 0.316 22.12
0.356 0.243 22.15
0.348 0.322 22.19
0.342 0.205 22.22
0.336 0.421 22.25
0.33 0.337 22.29
0.326 0.27 22.32
0.32 0.303 22.36
0.316 0.168 22.39
0.315 0.1 22.43
0.313 0.131 22.46
0.31 0.187 22.49
0.309 0.115 22.52
0.308 0.078 22.55
0.305 0.137 22.59
0.303 0.102 22.62
0.303 0.074 22.65
0.302 0.111 22.69
0.303 0.079 22.72
0.303 0.166 22.75
0.306 0.23 22.78
0.311 0.289 22.82
0.32 0.44 22.86
0.332 0.463 22.89
0.35 0.809 22.92
0.379 1.096 22.95
0.417 1.309 22.99
0.465 2.908 23.02
0.516 3.273 23.05
0.573 3.189 23.08
0.625 2.618 23.12
0.679 2.561 23.15
0 0 23.18
0 0 23.21
0 0 23.25
0 0 23.28
0.79 5.396 23.32
0.794 0.236 23.35
0 0 23.38
0.804 0.475 23.41
0.795 0.395 23.45
0 0 23.48
0.795 0.207 23.52
0 0 23.55
0 0 23.58
0.797 0.333 23.61
0 0 23.65
0.804 0.455 23.69
0.805 0.126 23.71
0 0 23.75
0 0 23.78
0.799 0.982 23.81
0.802 0.203 23.85
0.8 0.115 23.88
0.799 0.11 23.92
0.796 0.104 23.95
0.79 0.382 23.98
0.788 0.147 24.02
0.781 0.342 24.05
0.773 0.32 24.08
0.769 0.181 24.12
0.761 0.303 24.15
0.75 0.862 24.18
0.739 0.632 24.22
0.728 0.56 24.25
0.716 0.496 24.28
0.707 0.407 24.32
0.692 0.631 24.35
0.675 0.623 24.38
0.671 0.276 24.42
0.645 1.515 24.45
0.632 0.669 24.49
0.615 0.489 24.52
0.598 0.698 24.55
0.592 0.238 24.58
0.568 0.834 24.62
0.553 0.486 24.65
0.539 0.815 24.69
0.525 0.633 24.72
0.513 0.527 24.75
0.5 0.518 24.78
0.487 0.497 24.82
0.477 0.382 24.85
0.463 0.436 24.88
0.448 0.895 24.92
0.438 0.522 24.95
0.427 0.512 24.98
0.413 0.576 25.02
0.401 0.383 25.05
0.389 0.858 25.08
0.377 0.739 25.12
0.369 0.485 25.15
0.358 0.574 25.19
0.35 0.279 25.22
0.341 0.492 25.26
0.333 0.476 25.29
0.327 0.377 25.32
0.323 0.231 25.35
0.318 0.238 25.39
0.315 0.127 25.42
0.315 0.022 25.45
0.313 0.079 25.48
0.311 0.072 25.52
0.312 0.031 25.55
0.31 0.09 25.59
0.31 0.031 25.62
0.311 0.039 25.65
0.31 0.044 25.69
0.31 0.035 25.72
0.311 0.106 25.75
0 0 25.78
0.315 0.36 25.82
0.325 0.498 25.85
0.344 0.787 25.89
0.373 1.051 25.92
0.413 1.482 25.95
0.464 1.897 25.98
0.525 1.965 26.02
0.586 3.576 26.05
0.643 3.375 26.08
0 0 26.11
0.738 5.371 26.15
0.766 1.35 26.18
0.781 0.72 26.21
0.797 0.682 26.25
0.807 0.392 26.28
0.807 0.197 26.32
0.811 0.182 26.35
0.818 0.329 26.38
0.812 0.256 26.42
0 0 26.45
0.811 0.137 26.48
0.812 0.061 26.52
0.814 0.138 26.55
0.814 0.108 26.58
0.817 0.195 26.61
0.813 0.22 26.65
0 0 26.68
0.807 0.351 26.72
0.81 0.155 26.75
0.801 0.563 26.78
0.799 0.244 26.82
0.792 0.359 26.85
0.789 0.186 26.88
0.779 0.44 26.92
0.774 0.204 26.95
0.765 0.314 26.98
0.766 0.199 27.02
0.75 0.861 27.05
0.738 0.553 27.09
0 0 27.12
0.724 0.503 27.15
0.715 0.353 27.18
0.712 0.119 27.22
0 0 27.25
0 0 27.28
0.684 1.629 27.32
0.678 0.261 27.35
0.669 0.316 27.38
0.658 0.728 27.42
0.654 0.314 27.45
0.643 0.598 27.48
0.637 0.364 27.52
0.629 0.354 27.55
0.618 0.406 27.58
0.613 0.222 27.62
0.607 0.253 27.65
0 0 27.68
0.591 1.119 27.72
0.585 0.312 27.75
0.572 0.553 27.78
0.564 0.365 27.82
0.556 0.291 27.85
0.546 0.361 27.88
0.537 0.58 27.92
0.528 0.577 27.95
0.52 0.409 27.98
0.514 0.282 28.02
0.506 0.357 28.05
0.5 0.236 28.08
0.492 0.315 28.12
0.485 0.269 28.15
0.479 0.444 28.19
0.471 0.391 28.22
0.466 0.253 28.25
0.458 0.309 28.28
0.453 0.237 28.32
0.444 0.329 28.35
0.437 0.239 28.38
0.433 0.328 28.42
0.425 0.449 28.45
0.42 0.235 28.48
0.412 0.341 28.52
0.408 0.177 28.55
0.401 0.239 28.59
0.397 0.134 28.62
0.393 0.254 28.65
0.387 0.32 28.69
0 0 28.71
0.38 0.304 28.75
0.377 0.095 28.79
0.374 0.215 28.82
0.371 0.144 28.85
0.368 0.182 28.89
0.365 0.144 28.92
0.364 0.075 28.95
0.361 0.145 28.98
0 0 29.02
0.354 0.269 29.05
0.351 0.115 29.09
0.349 0.063 29.12
0.348 0.099 29.15
0.345 0.162 29.18
0.344 0.083 29.22
0.342 0.112 29.25
0.342 0.06 29.29
0.341 0.068 29.32
0.34 0.076 29.35
0.336 0.2 29.39
0.334 0.118 29.42
0.332 0.143 29.45
0.329 0.145 29.49
0.327 0.095 29.52
0.326 0.124 29.55
0.324 0.147 29.59
0.321 0.161 29.62
0.321 0.06 29.65
0.321 0.095 29.69
0.328 0.327 29.72
0.349 0.907 29.75
0.38 1.169 29.78
0.417 1.448 29.82
0.469 1.9 29.85
0.528 1.808 29.88
0.582 3.365 29.92
0.638 2.557 29.95
0.69 2.374 29.98
0 0 30.01
0 0 30.05
0 0 30.08
0.808 4.741 30.11
0 0 30.15
0.822 0.446 30.18
0.833 0.477 30.22
0.833 0.129 30.25
0.837 0.238 30.28
0 0 30.31
0 0 30.35
0 0 30.38
0 0 30.41
0.814 1.361 30.45
0 0 30.48
0 0 30.52
0.79 1.253 30.55
0.781 0.345 30.58
0.768 0.433 30.61
0.759 0.584 30.65
0.746 0.658 30.68
0.734 0.552 30.71
0.719 0.603 30.75
0.706 0.497 30.78
0 0 30.81
0.679 0.898 30.85
0.668 0.616 30.88
0 0 30.91
0.648 0.812 30.95
0 0 30.98
0.631 0.636 31.02
0.624 0.244 31.05
0 0 31.08
0.613 0.57 31.12
0 0 31.15
0.611 0.267 31.18
0 0 31.21
0.61 0.325 31.25
0.615 0.201 31.29
0.621 0.348 31.32
0.627 0.368 31.35
0.638 0.502 31.38
0.647 0.404 31.41
0.653 0.347 31.45
0.662 0.383 31.48
0.676 0.517 31.52
0.678 0.496 31.55
0.678 0.525 31.58
0.685 0.545 31.61
0.693 0.524 31.65
0.694 0.385 31.68
0.694 0.356 31.72
0.698 0.705 31.75
0.698 0.687 31.78
0.704 0.746 31.82
0.705 0.522 31.85
0.707 0.467 31.88
0.698 0.515 31.92
0.699 0.299 31.95
0.692 0.675 31.98
0.695 0.451 32.02
0.694 0.33 32.05
0.694 0.25 32.08
0.7 0.305 32.11
0.702 0.138 32.15
0.704 0.095 32.18
0.703 0.072 32.22
0.707 0.255 32.25
0.712 0.288 32.28
0.705 0.381 32.31
0.704 0.098 32.35
0.696 0.322 32.38
0.698 0.144 32.41
0.692 0.237 32.45
0.68 0.423 32.48
0.67 0.623 32.52
0.662 0.356 32.55
0.647 0.764 32.58
0.641 0.266 32.61
0.625 0.662 32.65
0.61 0.613 32.68
0.598 0.422 32.72
0.587 0.663 32.75
0.569 1.114 32.78
0.554 0.765 32.81
0.543 0.501 32.85
0.528 0.504 32.88
0.518 0.642 32.92
0.501 1.112 32.95
0.489 0.754 32.98
0.476 0.699 33.02
0.464 0.492 33.05
0.454 0.436 33.08
0.442 0.437 33.11
0.431 0.403 33.15
0.421 0.523 33.18
0.413 0.451 33.22
0.403 0.41 33.25
0.397 0.296 33.29
0.389 0.282 33.32
0.382 0.348 33.35
0.377 0.281 33.38
0.371 0.39 33.42
0.368 0.21 33.45
0.363 0.228 33.48
0.36 0.191 33.52
0.356 0.152 33.55
0.352 0.251 33.58
0.348 0.286 33.62
0.346 0.161 33.65
0.342 0.234 33.69
0.338 0.174 33.72
0.336 0.122 33.75
0.331 0.183 33.78
0.33 0.074 33.82
0.326 0.164 33.85
0.321 0.256 33.88
0.32 0.125 33.92
0.314 0.256 33.95
0.312 0.107 33.98
0.31 0.078 34.02
0 0 34.05
0.305 0.23 34.08
0.306 0.242 34.12
0.308 0.232 34.15
0.311 0.254 34.19
0.312 0.161 34.22
0.317 0.221 34.25
0.322 0.329 34.28
0.333 0.647 34.31
0.351 0.942 34.35
0.371 0.888 34.38
0.403 1.49 34.41
0.439 1.455 34.45
0.481 1.67 34.48
0.527 1.528 34.52
0.575 2.687 34.55
0.622 3.199 34.58
0.669 2.626 34.61
0.699 1.621 34.65
0.725 1.117 34.68
0.752 1.045 34.72
0.771 0.759 34.75
0.785 1.255 34.78
0.802 1.217 34.81
0.805 0.461 34.85
0.814 0.529 34.88
0 0 34.91
0.815 0.525 34.95
0.815 0.184 34.98
0.818 0.155 35.01
0.819 0.107 35.05
0.825 0.397 35.08
0.818 0.372 35.11
0.82 0.118 35.15
0.817 0.15 35.19
0.818 0.056 35.22
0.823 0.29 35.25
0.823 0.106 35.28
0 0 35.31
0.822 0.22 35.35
0.825 0.158 35.38
0.833 0.389 35.41
0.826 0.34 35.45
0.826 0.067 35.48
0.832 0.209 35.52
0.829 0.098 35.55
0.829 0.063 35.58
0 0 35.61
0.829 0.101 35.65
0.83 0.064 35.69
0.829 0.043 35.72
0.832 0.209 35.75
0.825 0.385 35.78
0.826 0.077 35.81
0.85 1.309 35.85
0.819 1.445 35.88
0.824 0.237 35.91
0.817 0.306 35.95
0.808 0.293 35.98
0.805 0.277 36.02
0.802 0.224 36.05
0.796 0.389 36.08
0.788 0.423 36.11
0.785 0.206 36.15
0.773 0.515 36.18
0.76 0.459 36.21
0.754 0.517 36.25
0.745 0.637 36.28
0.734 0.617 36.31
0.722 0.599 36.35
0.71 0.555 36.38
0.7 0.472 36.42
0.686 0.486 36.45
0.683 0.365 36.48
0.661 1.327 36.52
0.652 0.436 36.55
0.638 0.728 36.58
0.63 0.33 36.62
0.615 0.549 36.65
0.602 0.435 36.68
0.592 0.703 36.71
0.582 0.723 36.75
0.574 0.446 36.78
0.562 0.572 36.81
0.552 0.43 36.85
0.544 0.308 36.88
0.532 0.445 36.91
0.526 0.221 36.95
0.514 0.717 36.98
0.505 0.492 37.01
0.496 0.4 37.05
0.485 0.51 37.08
0.476 0.346 37.11
0.467 0.344 37.15
0.458 0.307 37.18
0.45 0.418 37.22
0.443 0.381 37.25
0.436 0.332 37.29
0.428 0.29 37.32
0.422 0.241 37.35
0.414 0.265 37.38
0.41 0.294 37.42
0.404 0.34 37.45
0.398 0.337 37.48
0.391 0.21 37.52
0.387 0.158 37.55
0.381 0.246 37.58
0.376 0.208 37.61
0.37 0.242 37.65
0.367 0.092 37.68
0.363 0.239 37.71
0.36 0.167 37.75
0.357 0.122 37.78
0.354 0.104 37.82
0.353 0.063 37.85
0.35 0.146 37.88
0.347 0.196 37.92
0.345 0.088 37.95
0.341 0.175 37.99
0.338 0.11 38.02
0.334 0.224 38.05
0.33 0.203 38.08
0.326 0.278 38.12
0.322 0.209 38.15
0.319 0.145 38.18
0.318 0.132 38.22
0.317 0.123 38.25
0.318 0.106 38.28
0.319 0.087 38.32
0 0 38.35
0.319 0.169 38.38
0.319 0.041 38.42
0.317 0.123 38.45
0.32 0.137 38.48
0.32 0.075 38.52
0.324 0.175 38.55
0.337 0.874 38.58
0.352 0.476 38.61
0.376 1.334 38.65
0.41 1.412 38.68
0.447 1.458 38.71
0.49 1.67 38.75
0.535 1.643 38.78
0.579 1.644 38.81
0.619 1.455 38.85
0.655 2.152 38.88
0.687 1.717 38.91
0.713 1.567 38.95
0.731 0.959 38.98
0.743 0.709 39.02
0.75 0.49 39.05
0.754 0.359 39.08
0.755 0.584 39.11
0.759 0.226 39.15
0.76 0.154 39.18
0.76 0.032 39.21
0.758 0.158 39.25
0.765 0.365 39.28
0.761 0.289 39.31
0.764 0.675 39.35
0.762 0.621 39.38
0.762 0.634 39.41
0.756 0.69 39.45
0.756 0.455 39.48
0.761 0.442 39.52
0.743 0.671 39.55
0.736 0.748 39.58
0.735 0.362 39.62
0.726 0.459 39.65
0.721 0.285 39.68
0.714 0.297 39.71
0.707 0.255 39.75
0.701 0.204 39.78
0.698 0.175 39.81
0.698 0.09 39.85
0.682 0.829 39.88
0.674 0.415 39.91
0.669 0.218 39.95
0.66 0.304 39.98
0.655 0.334 40.01
0.65 0.324 40.05
0.646 0.224 40.08
0.646 0.043 40.11
0.645 0.094 40.15
0.644 0.028 40.18
0.646 0.08 40.21
0.645 0.06 40.25
0.646 0.049 40.28
0.646 0.072 40.31
0.646 0.082 40.35
0.645 0.071 40.38
0.642 0.146 40.41
0.638 0.174 40.45
0.635 0.115 40.48
0.634 0.059 40.52
0.628 0.18 40.55
0.62 0.48 40.58
0.62 0.146 40.61
0.605 0.777 40.65
0.6 0.218 40.68
0.587 0.508 40.71
0.576 0.388 40.75
0.569 0.249 40.78
0.559 0.678 40.81
0.548 0.592 40.85
0.539 0.429 40.88
0.529 0.523 40.91
0.519 0.416 40.95
0.505 0.491 40.98
0.495 0.365 41.01
0.482 0.761 41.05
0.467 0.877 41.08
0.454 0.593 41.11
0.441 0.56 41.15
0.428 0.51 41.19
0.416 0.365 41.21
0.406 0.611 41.25
0.393 0.715 41.28
0.384 0.447 41.31
0.374 0.45 41.35
0.366 0.34 41.38
0.357 0.312 41.42
0.349 0.258 41.45
0.343 0.371 41.48
0.337 0.358 41.52
0.332 0.256 41.55
0.329 0.164 41.58
0.325 0.193 41.62
0.323 0.101 41.65
0.321 0.064 41.68
0.32 0.133 41.72
0.319 0.034 41.75
0.32 0.038 41.78
0.322 0.101 41.82
0.322 0.025 41.85
0.323 0.06 41.88
0.325 0.086 41.92
0.326 0.058 41.95
0.327 0.117 41.98
0.328 0.13 42.02
0.328 0.156 42.05
0.327 0.187 42.08
0.324 0.159 42.11
0.321 0.134 42.15
0.321 0.057 42.18
0.33 0.458 42.22
0.351 1.052 42.25
0.379 1.286 42.28
0.418 1.562 42.31
0.466 1.998 42.35
0.519 1.955 42.38
0.569 1.798 42.41
0.621 3.472 42.45
0.669 3.037 42.48
0.713 2.598 42.51
0.744 1.461 42.54
0.774 1.53 42.58
0.798 1.093 42.61
0 0 42.64
0 0 42.68
0 0 42.71
0.839 1.839 42.74
0.839 0.222 42.78
0.849 0.502 42.81
0 0 42.84
0.839 0.503 42.88
0 0 42.91
0.84 0.08 42.94
0.83 0.323 42.98
0.835 0.335 43.01
0 0 43.04
0.829 0.319 43.08
0.83 0.08 43.11
0.825 0.205 43.15
0.831 0.46 43.18
0.83 0.155 43.21
0.826 0.267 43.25
0.821 0.277 43.28
0.818 0.176 43.31
0.815 0.171 43.35
0 0 43.38
0.8 0.557 43.41
0.799 0.215 43.44
0.794 0.327 43.48
0.79 0.252 43.51
0.779 0.441 43.55
0.77 0.311 43.58
0.765 0.48 43.61
0.762 0.247 43.64
0.754 0.443 43.68
0.747 0.325 43.71
0.74 0.342 43.74
0.734 0.268 43.78
0.73 0.171 43.81
0.719 0.775 43.85
0.714 0.321 43.88
0.706 0.471 43.91
0.7 0.294 43.95
0.691 0.354 43.98
0.686 0.207 44.01
0.679 0.521 44.05
0.666 0.869 44.08
0.658 0.406 44.11
0.654 0.233 44.15
0.646 0.398 44.18
0.636 0.334 44.22
0.626 0.593 44.25
0.616 0.635 44.28
0.608 0.423 44.31
0.599 0.465 44.35
0.591 0.382 44.38
0.579 0.503 44.42
0.571 0.296 44.45
0.561 0.708 44.48
0.553 0.512 44.52
0.544 0.255 44.55
0.536 0.35 44.58
0.53 0.254 44.61
0.523 0.282 44.65
0.516 0.244 44.69
0.506 0.474 44.72
0.503 0.175 44.75
0.498 0.253 44.78
0.492 0.26 44.82
0.484 0.298 44.85
0.48 0.156 44.89
0.474 0.281 44.92
0.469 0.306 44.95
0.467 0.101 44.98
0.458 0.442 45.02
0.454 0.186 45.05
0.449 0.18 45.08
0.442 0.246 45.12
0.437 0.161 45.15
0.429 0.443 45.18
0.424 0.252 45.22
0.419 0.217 45.25
0.413 0.268 45.28
0.405 0.314 45.32
0.399 0.211 45.35
0.392 0.227 45.38
0.387 0.277 45.42
0.38 0.262 45.45
0.376 0.251 45.48
0.369 0.283 45.52
0.365 0.121 45.56
0.357 0.453 45.59
0.354 0.164 45.62
0.35 0.228 45.65
0.345 0.269 45.68
0.337 0.337 45.71
0.338 0.044 45.75
0.334 0.146 45.79
0.329 0.251 45.82
0.324 0.32 45.85
0.321 0.157 45.88
0.317 0.204 45.92
0.312 0.167 45.95
0.308 0.205 45.98
0.303 0.199 46.02
0.301 0.066 46.05
0.296 0.266 46.08
0.292 0.229 46.12
0.291 0.078 46.15
0.289 0.089 46.18
0.29 0.045 46.21
0.291 0.08 46.25
0.302 0.392 46.28
0.32 1.047 46.31
0.35 1.853 46.35
0.386 1.741 46.38
0.432 2.201 46.41
0.481 2.233 46.45
0.535 1.994 46.48
0.583 1.692 46.52
0.632 2.992 46.55
0.675 2.536 46.58
0.713 1.999 46.61
0 0 46.64
0.776 3.344 46.68
0.801 1.056 46.71
0.819 0.832 46.74
0.829 0.515 46.78
0.844 0.541 46.81
0.855 0.732 46.85
0.852 0.286 46.88
0 0 46.91
0 0 46.94
0 0 46.98
0 0 47.01
0 0 47.04
0.883 1.605 47.08
0.883 0.073 47.11
0 0 47.14
0 0 47.18
0.88 0.353 47.21
0.887 0.306 47.24
0.886 0.118 47.28
0.877 0.309 47.31
0.879 0.119 47.35
0.875 0.274 47.38
0 0 47.41
0 0 47.44
0.869 0.707 47.48
0.867 0.192 47.51
0 0 47.54
0.854 0.557 47.58
0.849 0.205 47.61
0.847 0.24 47.65
0.842 0.28 47.68
0.83 0.484 47.72
0.83 0.164 47.75
0 0 47.78
0.818 0.893 47.81
0.816 0.289 47.85
0.808 0.444 47.88
0.798 0.579 47.91
0.791 0.369 47.95
0.789 0.21 47.98
0.787 0.226 48.01
0.778 0.353 48.04
0.77 0.559 48.08
0.766 0.369 48.11
0.758 0.476 48.14
0.752 0.382 48.18
0.741 0.494 48.21
0.738 0.276 48.25
0 0 48.28
0.72 0.65 48.31
0.713 0.457 48.34
0.708 0.345 48.38
0.695 0.606 48.41
0.686 0.409 48.44
0.675 0.501 48.48
0.672 0.12 48.51
0.664 0.551 48.54
0.655 0.523 48.58
0.648 0.255 48.61
0.643 0.268 48.65
0.642 0.02 48.68
0.631 0.414 48.72
0.632 0.038 48.75
0.623 0.603 48.78
0.618 0.277 48.81
0.609 0.518 48.85
0.603 0.278 48.88
0.598 0.225 48.91
0.594 0.143 48.95
0.584 0.397 48.98
0.58 0.13 49.02
0.57 0.494 49.05
0.563 0.451 49.08
0.554 0.42 49.11
0.549 0.231 49.15
0.538 0.443 49.18
0.532 0.209 49.21
0.523 0.322 49.25
0.516 0.224 49.28
0.507 0.56 49.31
0.5 0.363 49.35
0.491 0.376 49.38
0.481 0.364 49.41
0.473 0.314 49.45
0.46 0.447 49.48
0.451 0.312 49.51
0.441 0.484 49.55
0.431 0.432 49.58
0.422 0.405 49.61
0.415 0.267 49.65
0.405 0.396 49.68
0.398 0.253 49.71
0.39 0.489 49.75
0.381 0.506 49.78
0.373 0.453 49.81
0.365 0.35 49.85
0.357 0.285 49.88
0.35 0.259 49.91
0.344 0.229 49.95
0.336 0.506 49.98
0.329 0.319 50.02
0.325 0.202 50.05
0.318 0.291 50.08
0.314 0.179 50.11
0.309 0.18 50.15
0.304 0.158 50.18
0.302 0.119 50.21
0.298 0.253 50.25
0.296 0.116 50.28
0.293 0.15 50.31
0.291 0.085 50.35
0.286 0.16 50.38
0.281 0.345 50.42
0.277 0.2 50.45
0.275 0.154 50.48
0.273 0.095 50.52
0.273 0.053 50.55
0.277 0.191 50.58
0.29 0.475 50.61
0.311 0.736 50.65
0.339 1.483 50.68
0.374 1.953 50.71
0.416 2.322 50.74
0.459 2.049 50.78
0.504 1.876 50.81
0 0 50.84
0.592 3.693 50.88
0.636 1.653 50.91
0.671 1.272 50.94
0.704 2.462 50.98
0.737 2.002 51.01
0.76 1.241 51.04
0.782 1.008 51.08
0.799 0.785 51.11
0.811 0.552 51.14
0 0 51.18
0.839 1.137 51.21
0.849 0.595 51.24
0 0 51.28
0.854 0.436 51.31
0 0 51.34
0 0 51.37
0.855 0.316 51.41
0 0 51.44
0.863 0.329 51.48
0.851 0.324 51.51
0 0 51.54
0.838 0.603 51.58
0.83 0.346 51.62
0.826 0.229 51.64
0.821 0.526 51.68
0.81 0.665 51.71
0.804 0.484 51.75
0.786 0.686 51.78
0.779 0.364 51.81
0.764 0.609 51.84
0.754 0.394 51.88
0.745 0.738 51.91
0.729 0.819 51.94
0.719 0.553 51.98
0.705 0.583 52.01
0.698 0.322 52.04
0.685 0.508 52.08
0.685 0.142 52.11
0.663 1.341 52.15
0.653 0.535 52.18
0.645 0.356 52.21
0.632 0.516 52.25
0.622 0.393 52.28
0.615 0.281 52.31
0.603 0.409 52.35
0.591 0.592 52.38
0.582 0.459 52.41
0.573 0.498 52.45
0.56 0.451 52.48
0.549 0.413 52.52
0.54 0.297 52.55
0.53 0.688 52.58
0.519 0.688 52.61
0.51 0.479 52.65
0.499 0.449 52.69
0.49 0.313 52.72
0.481 0.623 52.75
0.474 0.377 52.78
0.463 0.658 52.81
0.452 0.612 52.85
0.445 0.323 52.88
0.438 0.323 52.91
0.43 0.348 52.94
0.421 0.436 52.98
0.412 0.331 53.02
0.407 0.184 53.05
0.399 0.426 53.08
0.393 0.369 53.11
0.388 0.341 53.15
0.381 0.352 53.19
0.376 0.197 53.22
0.372 0.257 53.25
0.366 0.333 53.28
0 0 53.31
0.354 0.68 53.35
0.351 0.176 53.38
0.347 0.204 53.41
0.344 0.18 53.45
0.34 0.151 53.48
0.336 0.237 53.52
0.33 0.315 53.55
0.327 0.2 53.58
0.323 0.178 53.61
0.321 0.124 53.65
0.318 0.113 53.69
0.312 0.163 53.71
0.307 0.331 53.75
0.306 0.12 53.78
0.301 0.246 53.81
0.298 0.184 53.85
0.296 0.11 53.88
0.294 0.129 53.92
0.291 0.108 53.95
0.292 0.074 53.98
0.292 0.013 54.02
0 0 54.04
0.306 0.703 54.08
0.322 0.666 54.11
0.343 0.875 54.14
0.368 1.006 54.18
0.399 0.992 54.21
0.433 1.9 54.25
0.472 1.837 54.28
0.505 1.693 54.31
0.546 1.99 54.35
0.586 1.517 54.38
0.623 1.385 54.41
0.657 1.212 54.44
0.689 1.112 54.48
0.726 2.77 54.51
0.748 1.44 54.54
0.762 0.972 54.58
0.783 0.973 54.61
0.788 0.416 54.64
0.802 0.615 54.68
0.801 0.168 54.71
0.802 0.259 54.74
0.802 0.152 54.78
0.803 0.115 54.81
0 0 54.84
0.798 0.248 54.88
0.797 0.078 54.91
0.795 0.101 54.94
0.787 0.298 54.98
0.785 0.21 55.01
0.789 0.254 55.04
0.778 0.584 55.08
0.769 0.404 55.11
0.764 0.24 55.14
0.76 0.24 55.18
0.747 0.454 55.21
0.741 0.499 55.25
0.73 0.558 55.28
0.715 0.724 55.31
0.718 0.243 55.34
0.696 0.855 55.38
0.684 0.432 55.41
0.67 0.492 55.44
0.661 0.559 55.48
0.65 0.531 55.51
0.64 0.448 55.54
0.626 0.548 55.58
0.615 0.369 55.61
0.605 0.593 55.64
0.599 0.366 55.68
0.587 0.49 55.71
0.576 0.475 55.74
0.564 0.496 55.78
0.555 0.34 55.81
0.545 0.351 55.85
0.532 0.798 55.88
0.52 0.579 55.91
0.513 0.352 55.94
0.503 0.449 55.98
0.49 0.523 56.01
0.483 0.254 56.05
0.473 0.546 56.08
0.464 0.541 56.11
0.453 0.588 56.14
0.445 0.423 56.18
0.436 0.346 56.21
0.428 0.3 56.25
0.422 0.205 56.28
0.414 0.395 56.31
0.407 0.365 56.35
0.402 0.238 56.38
0.399 0.14 56.41
0.395 0.199 56.45
0.393 0.076 56.48
0.388 0.173 56.51
0.386 0.093 56.55
0.383 0.139 56.58
0.38 0.21 56.61
0.377 0.144 56.64
0.374 0.15 56.68
0.367 0.244 56.72
0.368 0.058 56.75
0.362 0.358 56.78
0.359 0.212 56.81
0.357 0.19 56.85
0.352 0.243 56.88
0.349 0.156 56.91
0.344 0.19 56.95
0.341 0.147 56.98
0.337 0.224 57.01
0.335 0.185 57.05
0.329 0.264 57.08
0.328 0.143 57.11
0.324 0.208 57.15
0.323 0.093 57.18
0.32 0.119 57.21
0.321 0.11 57.25
0 0 57.28
0 0 57.31
0.323 0.429 57.35
0.32 0.163 57.38
0.318 0.139 57.41
0.314 0.191 57.45
0.313 0.09 57.48
0.312 0.124 57.51
0.314 0.133 57.55
0.321 0.441 57.58
0.337 0.796 57.61
0.361 1.201 57.64
0.395 1.424 57.68
0.438 1.539 57.71
0.487 1.635 57.74
0.538 3.619 57.78
0.587 2.452 57.81
0.627 2.253 57.84
0.656 1.479 57.87
0.679 1.221 57.91
0.693 0.628 57.94
0.699 0.38 57.97
0.706 0.361 58.01
0.709 0.166 58.04
0.711 0.23 58.07
0.712 0.176 58.11
0.714 0.155 58.14
0.714 0.07 58.18
0.719 0.191 58.21
0.72 0.051 58.24
0.721 0.064 58.28
0.725 0.3 58.31
0.725 0.063 58.34
0.728 0.24 58.38
0.727 0.126 58.41
0.725 0.142 58.44
0.725 0.087 58.48
0.72 0.159 58.51
0.722 0.202 58.54
0.721 0.184 58.58
0.717 0.247 58.61
0.712 0.274 58.64
0.708 0.183 58.68
0.706 0.153 58.71
0.707 0.126 58.74
0 0 58.77
0.694 0.481 58.81
0.69 0.269 58.85
0.687 0.207 58.88
0.683 0.237 58.91
0.678 0.204 58.94
0.673 0.232 58.98
0.664 0.311 59.01
0.66 0.156 59.04
0.654 0.358 59.08
0.655 0.133 59.11
0.645 0.471 59.14
0.644 0.127 59.18
0.636 0.304 59.21
0.636 0.091 59.24
0.625 0.688 59.28
0.62 0.339 59.31
0.613 0.353 59.34
0.608 0.263 59.38
0.6 0.313 59.41
0.592 0.272 59.44
0.584 0.508 59.48
0.573 0.668 59.51
0.566 0.386 59.54
0.552 0.659 59.58
0.541 0.546 59.61
0.531 0.368 59.64
0.52 0.419 59.68
0.51 0.324 59.71
0.495 0.899 59.74
0.484 0.644 59.78
0.471 0.66 59.81
0.459 0.514 59.84
0.45 0.365 59.88
0.439 0.395 59.91
0.428 0.368 59.94
0.419 0.557 59.98
0.41 0.468 60.01
0.4 0.4 60.04
0.392 0.339 60.08
0.384 0.278 60.11
0.378 0.474 60.14
0 0 60.18
0.365 0.832 60.21
0.36 0.263 60.24
0.358 0.141 60.28
0 0 60.31
0.345 0.491 60.34
0.342 0.114 60.38
0.342 0.045 60.41
0.341 0.092 60.44
0 0 60.47
0.342 0.071 60.51
0.34 0.07 60.54
0.342 0.042 60.58
0 0 60.61
0.339 0.093 60.64
0 0 60.68
0.337 0.161 60.71
0.337 0.046 60.74
0.337 0.052 60.78
0.335 0.064 60.81
0 0 60.84
0 0 60.88
0.33 0.167 60.91
0 0 60.94
0.331 0.094 60.98
0.336 0.209 61.01
0.345 0.362 61.04
0.36 0.552 61.08
0.381 1.253 61.11
0.41 1.778 61.14
0.448 2.066 61.18
0.487 1.674 61.21
0.531 1.711 61.25
0.571 1.349 61.27
0.609 1.472 61.31
0.644 1.306 61.34
0.669 0.872 61.38
0.688 1.289 61.41
0.703 0.928 61.44
0.715 0.652 61.48
0.72 0.334 61.51
0.725 0.271 61.54
0.729 0.424 61.58
