0 0 2.56
0 0 2.63
0 0 2.65
0 0 2.69
0 0 2.71
0 0 2.74
0 0 2.76
0 0 2.78
0 0 2.8
0 0 2.83
0 0 2.86
0 0 2.89
0 0 2.92
0 0 2.95
0 0 2.98
0 0 3.02
0 0 3.05
0 0 3.08
0 0 3.11
0 0 3.15
0 0 3.18
0 0 3.2
0 0 3.22
0 0 3.26
0 0 3.29
0 0 3.32
0 0 3.36
0 0 3.39
0 0 3.42
0 0 3.45
0 0 3.49
0 0 3.52
0 0 3.55
0 0 3.59
0 0 3.62
0 0 3.65
0 0 3.69
0 0 3.72
0 0 3.76
0 0 3.79
0 0 3.82
0 0 3.85
0 0 3.89
0 0 3.93
0 0 3.96
0 0 3.99
0 0 4.02
0 0 4.05
0 0 4.09
0 0 4.12
0 0 4.16
0 0 4.19
0 0 4.22
0 0 4.26
0 0 4.29
0 0 4.32
0 0 4.35
0 0 4.39
0 0 4.42
0 0 4.45
0 0 4.49
0 0 4.52
0 0 4.55
0 0 4.59
0 0 4.62
0 0 4.65
0 0 4.69
0 0 4.72
0 0 4.75
0 0 4.79
0 0 4.82
0 0 4.86
0 0 4.89
0 0 4.92
0 0 4.96
0 0 4.99
0 0 5.02
0 0 5.06
0 0 5.09
0 0 5.12
0 0 5.15
0 0 5.19
0 0 5.22
0 0 5.25
0 0 5.29
0 0 5.32
0 0 5.35
0 0 5.39
0 0 5.42
0 0 5.46
0 0 5.49
0 0 5.52
0 0 5.55
0 0 5.59
0 0 5.62
0 0 5.66
0 0 5.69
0 0 5.72
0 0 5.76
0 0 5.79
0 0 5.82
0 0 5.85
0 0 5.89
0 0 5.92
0 0 5.96
0 0 5.99
0 0 6.02
0 0 6.05
0 0 6.09
0 0 6.12
0 0 6.15
0 0 6.19
0 0 6.22
0 0 6.25
0 0 6.29
0 0 6.32
0 0 6.35
0 0 6.38
0 0 6.42
0 0 6.45
0 0 6.49
0 0 6.52
0 0 6.55
0 0 6.59
0 0 6.62
0 0 6.66
0 0 6.69
0 0 6.72
0 0 6.75
0 0 6.79
0 0 6.82
0 0 6.86
0 0 6.89
0 0 6.92
0 0 6.96
0 0 6.99
0 0 7.02
0 0 7.05
0 0 7.09
0 0 7.12
0 0 7.15
0 0 7.19
0 0 7.22
0 0 7.25
0 0 7.29
0 0 7.32
0 0 7.35
0 0 7.39
0 0 7.42
0 0 7.45
0 0 7.49
0 0 7.52
0 0 7.55
0 0 7.59
0 0 7.62
0 0 7.66
0 0 7.69
0 0 7.72
0 0 7.75
0 0 7.79
0 0 7.82
0 0 7.86
0 0 7.89
0 0 7.92
0 0 7.95
0 0 7.99
0 0 8.02
0 0 8.05
0 0 8.09
0 0 8.12
0 0 8.15
0 0 8.19
0 0 8.22
0 0 8.25
0 0 8.29
0 0 8.32
0 0 8.35
0 0 8.39
0 0 8.42
0 0 8.46
0 0 8.49
0 0 8.52
0 0 8.55
0 0 8.59
0 0 8.62
0 0 8.65
0 0 8.69
0 0 8.72
0 0 8.75
0 0 8.79
0 0 8.82
0 0 8.86
0 0 8.89
0 0 8.92
0 0 8.95
0 0 8.99
0 0 9.02
0 0 9.05
0 0 9.09
0 0 9.12
0 0 9.15
0 0 9.19
0 0 9.22
0 0 9.25
0 0 9.29
0 0 9.32
0 0 9.35
0 0 9.39
0 0 9.42
0 0 9.45
0 0 9.49
0 0 9.52
0 0 9.56
0 0 9.59
0 0 9.62
0 0 9.65
0 0 9.69
0 0 9.72
0 0 9.75
0 0 9.79
0 0 9.82
0 0 9.85
0 0 9.89
0 0 9.92
0 0 9.95
0 0 9.99
0 0 10.02
0 0 10.05
0 0 10.09
0 0 10.12
0 0 10.15
0 0 10.19
0 0 10.22
0 0 10.25
0 0 10.29
0 0 10.32
0 0 10.35
0 0 10.39
0 0 10.42
0 0 10.45
0 0 10.49
0 0 10.52
0 0 10.55
0 0 10.59
0 0 10.62
0 0 10.65
0 0 10.69
0 0 10.72
0 0 10.75
0 0 10.79
0 0 10.82
0 0 10.85
0 0 10.89
0 0 10.92
0 0 10.95
0 0 10.99
0 0 11.02
0 0 11.05
0 0 11.09
0 0 11.12
0 0 11.15
0 0 11.19
0 0 11.22
0 0 11.25
0 0 11.29
0 0 11.32
0 0 11.35
0 0 11.39
0 0 11.42
0 0 11.45
0 0 11.49
0 0 11.52
0 0 11.55
0 0 11.59
0 0 11.62
0 0 11.65
0 0 11.69
0 0 11.72
0 0 11.75
0 0 11.79
0 0 11.82
0 0 11.85
0 0 11.88
0 0 11.92
0 0 11.95
0 0 11.99
0 0 12.02
0 0 12.05
0 0 12.09
0 0 12.12
0 0 12.15
0 0 12.19
0 0 12.22
0 0 12.25
0 0 12.29
0 0 12.32
0 0 12.35
0 0 12.38
0 0 12.42
0 0 12.45
0 0 12.49
0 0 12.52
0 0 12.55
0 0 12.59
0 0 12.62
0 0 12.65
0 0 12.69
0 0 12.72
0 0 12.75
0 0 12.79
0 0 12.82
0 0 12.85
0 0 12.89
0 0 12.92
0 0 12.95
0 0 12.99
0 0 13.02
0 0 13.05
0 0 13.09
0 0 13.12
0 0 13.15
0 0 13.19
0 0 13.22
0 0 13.25
0 0 13.28
0 0 13.32
0 0 13.35
0 0 13.39
0 0 13.42
0 0 13.45
0 0 13.48
0 0 13.52
0 0 13.55
0 0 13.58
0 0 13.62
0 0 13.65
0 0 13.68
0 0 13.72
0 0 13.75
0 0 13.79
0 0 13.82
0 0 13.85
0 0 13.89
0 0 13.92
0 0 13.95
0 0 13.98
0 0 14.02
0 0 14.05
0 0 14.09
0 0 14.12
0 0 14.15
0 0 14.19
0 0 14.22
0 0 14.25
0 0 14.29
0 0 14.32
0 0 14.35
0 0 14.38
0 0 14.42
0 0 14.45
0 0 14.48
0 0 14.52
0 0 14.55
0 0 14.58
0 0 14.62
0 0 14.65
0 0 14.68
0 0 14.72
0 0 14.75
0 0 14.79
0 0 14.82
0 0 14.85
0 0 14.88
0 0 14.91
0 0 14.95
0 0 14.98
0 0 15.02
0 0 15.05
0 0 15.08
0 0 15.12
0 0 15.15
0 0 15.18
0 0 15.22
0 0 15.25
0 0 15.28
0 0 15.32
0 0 15.35
0 0 15.38
0 0 15.42
0 0 15.45
0 0 15.48
0 0 15.52
0 0 15.55
0 0 15.58
0 0 15.62
0 0 15.65
0 0 15.68
0 0 15.72
0 0 15.75
0 0 15.78
0 0 15.82
0 0 15.85
0 0 15.88
0 0 15.92
0 0 15.95
0 0 15.98
0 0 16.02
0 0 16.05
0 0 16.08
0 0 16.12
0 0 16.15
0 0 16.18
0 0 16.22
0 0 16.25
0 0 16.28
0 0 16.32
0 0 16.35
0 0 16.38
0 0 16.42
0 0 16.45
0 0 16.48
0 0 16.52
0 0 16.55
0 0 16.58
0 0 16.62
0 0 16.65
0 0 16.68
0 0 16.72
0 0 16.75
0 0 16.79
0 0 16.82
0 0 16.85
0 0 16.88
0 0 16.92
0 0 16.95
0 0 16.98
0 0 17.01
0 0 17.05
0 0 17.08
0 0 17.12
0 0 17.15
0 0 17.18
0 0 17.21
0 0 17.25
0 0 17.28
0 0 17.32
0 0 17.35
0 0 17.38
0 0 17.42
0 0 17.45
0 0 17.48
0 0 17.52
0 0 17.55
0 0 17.58
0 0 17.62
0 0 17.65
0 0 17.68
0 0 17.72
0 0 17.75
0 0 17.78
0 0 17.82
0 0 17.85
0 0 17.88
0 0 17.91
0 0 17.95
0 0 17.98
0 0 18.02
0 0 18.05
0 0 18.08
0 0 18.12
0 0 18.15
0 0 18.18
0 0 18.22
0 0 18.25
0 0 18.28
0 0 18.32
0 0 18.35
0 0 18.38
0 0 18.42
0 0 18.45
0 0 18.48
0 0 18.52
0 0 18.55
0 0 18.58
0 0 18.62
0 0 18.65
0 0 18.68
0 0 18.72
0 0 18.76
0 0 18.79
0 0 18.83
0 0 18.86
0 0 18.9
0 0 18.93
0 0 18.96
0 0 19.0
0 0 19.03
0 0 19.06
0 0 19.09
0 0 19.13
0 0 19.16
0 0 19.19
0 0 19.22
0 0 19.26
0 0 19.29
0 0 19.32
0 0 19.35
0 0 19.39
0 0 19.42
0 0 19.46
0 0 19.49
0 0 19.52
0 0 19.55
0 0 19.59
0 0 19.62
0 0 19.65
0 0 19.69
0 0 19.72
0 0 19.75
0 0 19.79
0 0 19.82
0 0 19.85
0 0 19.88
0 0 19.92
0 0 19.95
0 0 19.98
0 0 20.02
0 0 20.05
0 0 20.08
0 0 20.12
0 0 20.15
0 0 20.19
0 0 20.22
0 0 20.25
0 0 20.29
0 0 20.32
0 0 20.35
0 0 20.38
0 0 20.42
0 0 20.46
0 0 20.49
0 0 20.52
0 0 20.55
0 0 20.59
0 0 20.62
0 0 20.65
0 0 20.68
0 0 20.72
0 0 20.75
0 0 20.79
0 0 20.82
0 0 20.85
0 0 20.89
0 0 20.92
0 0 20.95
0 0 20.98
0 0 21.02
0 0 21.05
0 0 21.08
0 0 21.12
0 0 21.15
0 0 21.19
0 0 21.22
0 0 21.25
0 0 21.29
0 0 21.32
0 0 21.35
0 0 21.39
0 0 21.42
0 0 21.45
0 0 21.49
0 0 21.52
0 0 21.55
0 0 21.58
0 0 21.62
0 0 21.65
0 0 21.68
0 0 21.72
0 0 21.75
0 0 21.79
0 0 21.82
0 0 21.85
0 0 21.89
0 0 21.99
0 0 22.01
0 0 22.12
0 0 22.14
0 0 22.17
0 0 22.2
0 0 22.23
0 0 22.26
0 0 22.29
0 0 22.32
0 0 22.36
0 0 22.39
0 0 22.42
0 0 22.45
0 0 22.48
0 0 22.51
0 0 22.53
0 0 22.56
0 0 22.58
0 0 22.6
0 0 22.63
0 0 22.66
0 0 22.68
0 0 22.72
0 0 22.74
0 0 22.78
0 0 22.81
0 0 22.84
0 0 22.87
0 0 22.9
0 0 22.93
0 0 22.95
0 0 22.99
0 0 23.02
0 0 23.05
0 0 23.09
0 0 23.12
0 0 23.15
0 0 23.19
0 0 23.22
0 0 23.25
0 0 23.29
0 0 23.32
0 0 23.35
0 0 23.39
0 0 23.42
0 0 23.45
0 0 23.48
0 0 23.52
0 0 23.55
0 0 23.58
0 0 23.62
0 0 23.65
0 0 23.68
0 0 23.72
0 0 23.75
0 0 23.79
0 0 23.82
0 0 23.85
0 0 23.89
0 0 23.92
0 0 23.95
0 0 23.98
0 0 24.02
0 0 24.05
0 0 24.08
0 0 24.12
0 0 24.15
0 0 24.18
0 0 24.22
0 0 24.25
0 0 24.29
0 0 24.32
0 0 24.35
0 0 24.38
0 0 24.42
0 0 24.45
0 0 24.48
0 0 24.52
0 0 24.55
0 0 24.58
0 0 24.62
0 0 24.65
0 0 24.69
0 0 24.72
0 0 24.75
0 0 24.79
0 0 24.82
0 0 24.85
0 0 24.88
0 0 24.92
0 0 24.95
0 0 24.98
0 0 25.02
0 0 25.05
0 0 25.08
0 0 25.12
0 0 25.15
0 0 25.18
0 0 25.22
0 0 25.25
0 0 25.29
0 0 25.32
0 0 25.35
0 0 25.38
0 0 25.42
0 0 25.45
0 0 25.48
0 0 25.52
0 0 25.55
0 0 25.58
0 0 25.62
0 0 25.65
0 0 25.68
0 0 25.72
0 0 25.75
0 0 25.78
0 0 25.82
0 0 25.85
0 0 25.88
0 0 25.92
0 0 25.95
0 0 25.99
0 0 26.02
0 0 26.05
0 0 26.08
0 0 26.12
0 0 26.15
0 0 26.18
0 0 26.22
0 0 26.25
0 0 26.29
0 0 26.32
0 0 26.35
0 0 26.38
0 0 26.42
0 0 26.45
0 0 26.49
0 0 26.52
0 0 26.55
0 0 26.58
0 0 26.62
0 0 26.65
0 0 26.69
0 0 26.72
0 0 26.75
0 0 26.79
0 0 26.82
0 0 26.85
0 0 26.88
0 0 26.92
0 0 26.95
0 0 26.98
0 0 27.02
0 0 27.05
0 0 27.08
0 0 27.12
0 0 27.15
0 0 27.18
0 0 27.22
0 0 27.25
0 0 27.29
0 0 27.32
0 0 27.35
0 0 27.38
0 0 27.42
0 0 27.45
0 0 27.48
0 0 27.52
0 0 27.55
0 0 27.58
0 0 27.62
0 0 27.65
0 0 27.68
0 0 27.72
0 0 27.75
0 0 27.78
0 0 27.82
0 0 27.85
0 0 27.88
0 0 27.92
0 0 27.95
0 0 27.98
0 0 28.02
0 0 28.05
0 0 28.08
0 0 28.12
0 0 28.15
0 0 28.18
0 0 28.22
0 0 28.25
0 0 28.29
0 0 28.32
0 0 28.35
0 0 28.38
0 0 28.42
0 0 28.45
0 0 28.48
0 0 28.52
0 0 28.55
0 0 28.58
0 0 28.62
0 0 28.65
0 0 28.69
0 0 28.71
0 0 28.75
0 0 28.79
0 0 28.82
0 0 28.85
0 0 28.88
0 0 28.92
0 0 28.95
0 0 28.98
0 0 29.02
0 0 29.05
0 0 29.08
0 0 29.12
0 0 29.15
0 0 29.19
0 0 29.22
0 0 29.25
0 0 29.29
0 0 29.32
0 0 29.35
0 0 29.38
0 0 29.41
0 0 29.45
0 0 29.48
0 0 29.52
0 0 29.55
0 0 29.58
0 0 29.62
0 0 29.65
0 0 29.68
0 0 29.71
0 0 29.75
0 0 29.78
0 0 29.81
0 0 29.85
0 0 29.88
0 0 29.92
0 0 29.95
0 0 29.98
0 0 30.02
0 0 30.05
0 0 30.08
0 0 30.12
0 0 30.15
0 0 30.18
0 0 30.22
0 0 30.25
0 0 30.28
0 0 30.32
0 0 30.35
0 0 30.38
0 0 30.41
0 0 30.45
0 0 30.48
0 0 30.52
0 0 30.55
0 0 30.58
0 0 30.62
0 0 30.65
0 0 30.68
0 0 30.72
0 0 30.75
0 0 30.78
0 0 30.82
0 0 30.85
0 0 30.88
0 0 30.92
0 0 30.95
0 0 30.98
0 0 31.02
0 0 31.05
0 0 31.08
0 0 31.12
0 0 31.15
0 0 31.18
0 0 31.21
0 0 31.25
0 0 31.29
0 0 31.32
0 0 31.35
0 0 31.38
0 0 31.42
0 0 31.45
0 0 31.48
0 0 31.52
0 0 31.55
0 0 31.58
0 0 31.62
0 0 31.65
0 0 31.68
0 0 31.71
0 0 31.75
0 0 31.78
0 0 31.81
0 0 31.85
0 0 31.88
0 0 31.92
0 0 31.95
0 0 31.98
0 0 32.02
0 0 32.05
0 0 32.08
0 0 32.12
0 0 32.15
0 0 32.18
0 0 32.21
0 0 32.25
0 0 32.28
0 0 32.32
0 0 32.35
0 0 32.38
0 0 32.41
0 0 32.45
0 0 32.48
0.86 0.86 32.52
0.86 0.02 32.55
0.845 0.022 32.59
0.836 0.017 32.62
0.83 0.015 32.65
0.821 0.015 32.68
0.814 0.012 32.72
0.813 0.009 32.75
0.817 0.009 32.78
0.808 0.012 32.82
0 0 32.85
0.819 0.019 32.88
0.806 0.014 32.92
0.805 0.004 32.96
0.803 0.003 32.99
0.801 0.003 33.02
0.797 0.005 33.05
0.801 0.004 33.08
0.801 0.002 33.12
0.799 0.003 33.15
0.803 0.005 33.19
0.802 0.005 33.22
0.803 0.005 33.25
0.804 0.004 33.28
0.804 0.004 33.32
0.799 0.006 33.35
0.802 0.005 33.38
0.798 0.006 33.42
0.799 0.003 33.45
0.803 0.005 33.49
0.803 0.004 33.52
0.8 0.005 33.55
0.801 0.003 33.58
0.799 0.003 33.62
0.801 0.003 33.66
0.8 0.002 33.69
0.801 0.001 33.72
0.796 0.005 33.75
0.8 0.004 33.79
0.8 0.001 33.82
0.799 0.002 33.85
0.804 0.006 33.89
0.802 0.002 33.92
0.807 0.005 33.95
0.803 0.004 33.98
0.797 0.006 34.02
0.802 0.005 34.05
0.806 0.004 34.08
0.805 0.002 34.12
0.805 0.001 34.15
0.812 0.007 34.19
0.807 0.005 34.22
0.808 0.002 34.25
0.809 0.001 34.29
0.801 0.008 34.32
0.803 0.002 34.35
0.806 0.003 34.38
0.802 0.004 34.42
0.802 0.002 34.45
0.806 0.004 34.48
0.807 0.003 34.52
0.801 0.007 34.55
0.8 0.003 34.59
0.809 0.01 34.63
0.796 0.013 34.65
0.791 0.005 34.69
0.79 0.002 34.72
0.789 0.002 34.75
0.791 0.002 34.79
0.79 0.001 34.82
0.788 0.002 34.85
0.79 0.002 34.89
0.785 0.005 34.92
0.789 0.003 34.95
0.785 0.004 34.98
0.791 0.006 35.02
0.792 0.001 35.05
0.788 0.004 35.08
0.792 0.004 35.12
0.792 0.001 35.16
0.793 0.001 35.19
0.789 0.004 35.22
0.788 0.001 35.25
0.79 0.002 35.28
0.792 0.002 35.32
0.786 0.006 35.35
0.793 0.008 35.38
0.792 0.002 35.42
0.788 0.003 35.45
0.785 0.004 35.49
0.788 0.003 35.52
0.789 0.002 35.55
0.792 0.002 35.58
0.788 0.004 35.62
0.79 0.002 35.65
0.786 0.003 35.68
0.793 0.006 35.71
0.79 0.003 35.75
0.791 0.002 35.79
0.793 0.003 35.82
0.79 0.003 35.86
0.802 0.012 35.89
0.805 0.004 35.92
0.803 0.003 35.95
0.808 0.005 35.98
0.805 0.003 36.02
0.808 0.004 36.05
0.806 0.003 36.08
0.81 0.004 36.12
0.805 0.005 36.15
0.806 0.002 36.19
0.807 0.002 36.21
0.804 0.004 36.25
0.814 0.01 36.29
0.803 0.011 36.32
0.813 0.009 36.36
0.805 0.007 36.39
0.808 0.003 36.42
0.803 0.005 36.45
0.804 0.001 36.48
0.805 0.001 36.52
0.798 0.008 36.55
0.797 0.001 36.59
0.801 0.004 36.62
0.799 0.002 36.65
0.797 0.002 36.68
0.802 0.005 36.72
0.798 0.004 36.75
0.799 0.001 36.79
0.8 0.001 36.81
0.8 0.001 36.85
0.801 0.0 36.89
0.798 0.003 36.92
0.804 0.006 36.95
0.803 0.001 36.98
0.8 0.004 37.02
0.801 0.001 37.06
0.803 0.002 37.09
0.804 0.001 37.12
0.801 0.003 37.16
0.804 0.003 37.18
0.802 0.002 37.22
0.8 0.002 37.26
0.796 0.005 37.3
0.805 0.009 37.33
0.795 0.01 37.35
0.796 0.002 37.38
0.791 0.005 37.42
0.794 0.003 37.45
0.786 0.008 37.48
0.79 0.005 37.52
0.794 0.005 37.56
0.788 0.007 37.59
0.796 0.008 37.62
0.796 0.003 37.65
0.798 0.005 37.68
0.8 0.003 37.72
0.801 0.001 37.76
0.796 0.006 37.79
0.797 0.003 37.82
0.81 0.014 37.85
0.798 0.012 37.88
0.801 0.004 37.92
0.801 0.003 37.95
0.802 0.002 37.99
0.802 0.002 38.02
0.803 0.002 38.05
0.803 0.001 38.09
0.809 0.006 38.12
0.805 0.003 38.15
0.809 0.004 38.19
0.803 0.006 38.22
0.802 0.002 38.25
0.805 0.004 38.29
0.813 0.008 38.32
0.811 0.003 38.35
0.801 0.01 38.39
0.805 0.004 38.42
0.805 0.002 38.45
0.808 0.004 38.49
0.808 0.003 38.52
0.807 0.003 38.55
0.811 0.005 38.59
0.813 0.003 38.62
0.813 0.002 38.65
0.812 0.002 38.68
0.819 0.007 38.72
0.826 0.008 38.75
0.819 0.007 38.79
0.825 0.006 38.82
0.826 0.002 38.85
0.836 0.009 38.89
0.829 0.007 38.91
0.827 0.002 38.95
0.837 0.01 38.99
0.83 0.007 39.02
0.837 0.006 39.05
0.836 0.001 39.08
0.837 0.001 39.12
0.839 0.002 39.15
0.839 0.001 39.18
0.839 0.001 39.22
0.84 0.001 39.25
0.85 0.011 39.29
0.84 0.011 39.32
0.839 0.001 39.35
0.839 0.0 39.4
0.839 0.001 39.42
0.845 0.006 39.46
0.842 0.003 39.48
0.839 0.003 39.52
0.835 0.004 39.55
0.838 0.003 39.59
0.84 0.002 39.62
0.836 0.004 39.65
0.835 0.001 39.69
0.836 0.001 39.72
0.836 0.0 39.75
0.837 0.001 39.79
0.839 0.003 39.82
0.838 0.001 39.85
0.839 0.001 39.88
0 0 39.91
0.85 0.011 39.96
0.843 0.008 39.98
0.845 0.003 40.02
0.845 0.001 40.05
0.844 0.001 40.09
0.844 0.001 40.12
0.846 0.002 40.15
0.843 0.003 40.19
0.847 0.004 40.22
0.85 0.003 40.25
0.846 0.004 40.29
0.843 0.003 40.32
0.843 0.001 40.36
0.844 0.0 40.39
0.844 0.0 40.42
0.841 0.002 40.45
0.844 0.002 40.48
0.842 0.001 40.52
0.841 0.002 40.55
0.839 0.001 40.58
0.839 0.001 40.62
0.838 0.001 40.65
0.835 0.003 40.68
0.834 0.001 40.72
0.834 0.001 40.75
0.832 0.002 40.78
0.837 0.006 40.81
0.828 0.01 40.85
0.828 0.001 40.88
0.826 0.003 40.92
0.822 0.004 40.95
0.824 0.002 40.98
0.821 0.003 41.02
0.821 0.001 41.05
0.816 0.005 41.08
0.817 0.002 41.12
0.821 0.004 41.15
0.822 0.002 41.18
0.822 0.002 41.22
0.822 0.002 41.25
0.818 0.004 41.28
0.817 0.002 41.31
0 0 41.34
0.814 0.005 41.38
0.81 0.004 41.42
0.815 0.006 41.45
0.81 0.005 41.48
0.808 0.003 41.51
0.81 0.003 41.55
0.806 0.005 41.58
0.802 0.004 41.62
0.802 0.002 41.65
0.803 0.002 41.68
0.801 0.003 41.72
0.802 0.002 41.75
0.8 0.003 41.78
0.799 0.002 41.82
0.8 0.002 41.85
0 0 41.88
0.796 0.004 41.92
0.8 0.004 41.95
0.801 0.001 41.98
0.802 0.001 42.01
0.801 0.002 42.05
0.801 0.002 42.08
0.803 0.003 42.12
0.796 0.008 42.15
0.8 0.005 42.18
0.797 0.003 42.21
0 0 42.25
0.798 0.006 42.28
0.801 0.004 42.31
0.798 0.004 42.35
0.794 0.005 42.38
0.796 0.004 42.41
0.793 0.005 42.45
0.801 0.009 42.48
0.797 0.005 42.52
0.795 0.004 42.55
0.796 0.003 42.58
0.797 0.002 42.62
0.801 0.004 42.65
0.798 0.004 42.68
0.798 0.003 42.72
0.804 0.007 42.75
0.804 0.005 42.78
0.806 0.007 42.82
0.806 0.006 42.85
0.803 0.006 42.88
0.806 0.005 42.92
0 0 42.95
0.804 0.007 42.98
0 0 43.01
0.802 0.005 43.05
0.803 0.003 43.09
0 0 43.11
0.801 0.009 43.15
0.797 0.005 43.18
0.796 0.003 43.22
0.793 0.004 43.25
0.793 0.004 43.29
0.793 0.004 43.32
0.784 0.01 43.35
0.783 0.004 43.38
0.78 0.005 43.41
0.775 0.005 43.45
0.771 0.005 43.49
0.769 0.003 43.52
0.765 0.004 43.55
0.762 0.003 43.59
0.757 0.005 43.62
0.756 0.002 43.65
0.755 0.002 43.68
0.754 0.001 43.71
0.751 0.003 43.75
0.748 0.003 43.78
0.746 0.003 43.82
0.743 0.004 43.85
0.742 0.002 43.88
0 0 43.91
0.74 0.004 43.95
0.737 0.004 43.98
0.733 0.004 44.02
0.735 0.003 44.06
0.731 0.004 44.08
0.732 0.002 44.12
0.728 0.005 44.16
0.726 0.002 44.19
0 0 44.22
0.723 0.003 44.25
0.72 0.004 44.29
0.721 0.002 44.32
0.717 0.004 44.35
0.718 0.001 44.38
0.715 0.003 44.41
0.713 0.002 44.45
0.711 0.002 44.48
0.708 0.003 44.51
0.704 0.004 44.55
0.7 0.004 44.58
0.697 0.003 44.62
0.694 0.004 44.65
0.691 0.004 44.68
0 0 44.71
0.684 0.007 44.75
0.683 0.002 44.78
0.678 0.005 44.81
0.679 0.002 44.85
0.678 0.002 44.88
0.679 0.002 44.91
0.68 0.001 44.95
0.678 0.002 44.98
0.681 0.003 45.01
0.68 0.001 45.05
0.682 0.002 45.08
0.68 0.002 45.11
0.684 0.003 45.15
0.683 0.001 45.18
0 0 45.21
0.68 0.004 45.25
0.683 0.003 45.29
0.683 0.001 45.32
0.681 0.002 45.35
0.679 0.002 45.38
0.682 0.003 45.41
0.679 0.003 45.45
0.679 0.001 45.49
0.68 0.001 45.52
0.679 0.001 45.55
0.678 0.002 45.58
0.677 0.001 45.62
0.679 0.003 45.65
0.678 0.001 45.68
0.681 0.002 45.71
0.679 0.002 45.75
0.68 0.002 45.78
0.683 0.002 45.82
0.682 0.0 45.85
0.683 0.001 45.88
0.682 0.001 45.92
0.683 0.001 45.95
0.686 0.003 45.99
0.683 0.003 46.02
0.687 0.005 46.05
0 0 46.08
0.69 0.003 46.12
0.692 0.002 46.15
0.693 0.001 46.18
0.693 0.001 46.21
0.696 0.002 46.25
0.697 0.002 46.28
0.697 0.0 46.31
0.698 0.001 46.35
0.699 0.001 46.38
0.699 0.0 46.41
0.699 0.0 46.45
0.698 0.001 46.48
0.698 0.0 46.52
0.699 0.001 46.55
0.698 0.001 46.58
0.697 0.001 46.62
0.698 0.002 46.65
0.699 0.001 46.68
0.699 0.0 46.71
0.696 0.003 46.75
0.696 0.001 46.78
0.695 0.001 46.82
0.693 0.002 46.85
0.689 0.003 46.88
0.688 0.001 46.91
0.688 0.0 46.95
0.684 0.004 46.98
0.685 0.001 47.01
0 0 47.05
0.679 0.006 47.08
0 0 47.11
0.675 0.004 47.15
0.673 0.001 47.18
0.671 0.003 47.21
0.666 0.005 47.25
0.666 0.0 47.28
0.663 0.003 47.31
0.657 0.006 47.35
0.654 0.003 47.38
0.65 0.004 47.41
0.643 0.007 47.45
0.639 0.004 47.48
0.635 0.005 47.51
0.632 0.003 47.55
0.626 0.006 47.58
0.623 0.003 47.61
0.621 0.002 47.65
0.614 0.007 47.68
0.611 0.004 47.72
0.605 0.006 47.75
0.605 0.001 47.78
0.601 0.005 47.81
0.6 0.002 47.85
0.598 0.003 47.88
0.597 0.002 47.91
0.593 0.004 47.95
0.591 0.003 47.98
0.588 0.003 48.02
0.586 0.002 48.05
0.585 0.002 48.08
0.582 0.003 48.12
0.582 0.001 48.15
0.58 0.002 48.18
0.578 0.001 48.21
0.58 0.002 48.25
0.581 0.001 48.28
0.578 0.003 48.31
0.578 0.0 48.35
0.58 0.003 48.38
0.579 0.001 48.41
0.579 0.0 48.45
0.578 0.001 48.48
0.577 0.002 48.51
0.584 0.007 48.55
0.58 0.004 48.58
0.581 0.001 48.61
0.58 0.001 48.65
0.581 0.001 48.68
0.581 0.001 48.71
0.576 0.004 48.75
0.577 0.001 48.78
0.576 0.001 48.81
0.577 0.001 48.85
0.574 0.003 48.88
0.575 0.001 48.92
0.577 0.002 48.95
0.574 0.003 48.98
0.576 0.002 49.01
0.575 0.001 49.05
0.581 0.006 49.08
0.573 0.008 49.12
0.57 0.003 49.15
0.57 0.001 49.18
0.57 0.002 49.22
0.57 0.001 49.25
0.569 0.002 49.28
0.571 0.003 49.31
0.571 0.002 49.35
0.57 0.001 49.38
0.568 0.003 49.42
0.57 0.003 49.45
0.568 0.002 49.48
0.568 0.0 49.52
0.565 0.003 49.55
0.565 0.001 49.58
0.561 0.004 49.61
0.559 0.004 49.65
0.559 0.003 49.68
0.555 0.005 49.71
0.554 0.002 49.75
0.55 0.004 49.78
0.548 0.004 49.81
0.543 0.006 49.85
0.537 0.007 49.88
0.534 0.004 49.91
0.531 0.005 49.95
0.526 0.005 49.98
0.519 0.007 50.01
0.515 0.004 50.05
0.511 0.004 50.08
0.507 0.005 50.12
0.503 0.004 50.14
0.498 0.005 50.18
0.494 0.005 50.22
0.491 0.004 50.25
0.487 0.004 50.29
0.485 0.002 50.32
0.485 0.001 50.35
0.482 0.003 50.38
0.481 0.001 50.42
0.48 0.002 50.45
0.478 0.003 50.5
0.478 0.001 50.52
0.478 0.001 50.56
0.477 0.001 50.58
0.476 0.001 50.62
0.477 0.001 50.65
0.473 0.004 50.68
0.471 0.002 50.72
0.47 0.001 50.76
0.468 0.003 50.79
0.464 0.004 50.82
0.46 0.004 50.85
0.458 0.002 50.88
0.457 0.002 50.91
0.453 0.003 50.95
0.454 0.001 51.0
0.453 0.001 51.02
0.45 0.003 51.05
0.448 0.002 51.08
0.447 0.001 51.11
0.447 0.001 51.15
0.448 0.001 51.18
0.445 0.003 51.22
0.443 0.002 51.26
0.442 0.002 51.3
0.441 0.001 51.33
0.44 0.002 51.35
0.437 0.003 51.38
0.436 0.001 51.41
0.434 0.002 51.45
0.431 0.003 51.48
0.43 0.001 51.51
0.43 0.001 51.55
0.426 0.003 51.59
0.426 0.001 51.62
0.424 0.002 51.66
0.423 0.001 51.69
0.422 0.001 51.72
0.42 0.003 51.75
0.42 0.001 51.78
0.417 0.003 51.82
0.417 0.001 51.84
0.416 0.001 51.88
0.415 0.001 51.91
0.415 0.0 51.95
0.413 0.003 51.99
0.413 0.001 52.02
0.412 0.001 52.05
0.41 0.002 52.08
0.411 0.001 52.12
0.408 0.003 52.15
0.406 0.002 52.18
0.407 0.001 52.21
0.404 0.002 52.25
0.402 0.002 52.28
0.401 0.001 52.31
0.401 0.001 52.35
0.4 0.001 52.38
0.398 0.003 52.42
0.397 0.001 52.45
0.4 0.003 52.49
0.395 0.005 52.53
0.394 0.001 52.57
0.393 0.001 52.61
0.392 0.002 52.64
0.39 0.002 52.67
0.39 0.001 52.7
0.389 0.001 52.73
0.388 0.001 52.77
0.385 0.002 52.8
0.384 0.002 52.83
0.383 0.001 52.86
0.381 0.001 52.89
0.382 0.001 52.92
0.381 0.001 52.95
0.381 0.0 52.98
0.38 0.001 53.02
0.378 0.002 53.05
0.377 0.001 53.08
0.378 0.001 53.12
0.378 0.0 53.16
0.377 0.001 53.19
0.376 0.001 53.22
0.378 0.002 53.25
0.377 0.001 53.28
0.375 0.001 53.31
0.376 0.001 53.35
0.376 0.001 53.38
0.376 0.0 53.41
0.375 0.001 53.45
0.374 0.001 53.48
0.374 0.0 53.51
0.373 0.001 53.55
0.373 0.001 53.58
0.371 0.002 53.61
0.372 0.001 53.65
0.372 0.001 53.68
0.373 0.002 53.72
0.373 0.001 53.75
0.371 0.003 53.79
0.373 0.002 53.83
0.372 0.001 53.86
0.373 0.001 53.88
0.371 0.002 53.92
0.371 0.001 53.95
0.372 0.001 53.98
0.37 0.002 54.01
0.371 0.0 54.05
0.371 0.0 54.08
0.371 0.0 54.11
0.367 0.004 54.15
0.369 0.002 54.18
0.37 0.001 54.22
0.37 0.001 54.25
0.37 0.0 54.28
0.369 0.001 54.31
0.369 0.0 54.35
0.367 0.002 54.38
0.366 0.001 54.41
0.369 0.002 54.45
0.365 0.003 54.48
0.366 0.001 54.51
0 0 54.55
0 0 54.58
0 0 54.62
0 0 54.65
0 0 54.68
0 0 54.71
0 0 54.75
0 0 54.78
0 0 54.81
0 0 54.85
0 0 54.88
0 0 54.91
0 0 54.94
0 0 54.98
0 0 55.01
0 0 55.04
0 0 55.08
0 0 55.11
0 0 55.15
0.365 0.006 55.18
0.365 0.003 55.21
0.363 0.004 55.25
0.363 0.004 55.28
0.365 0.004 55.31
0.362 0.004 55.35
0.362 0.002 55.38
0.364 0.003 55.41
0.366 0.003 55.45
0.367 0.002 55.48
0.368 0.001 55.51
0.369 0.002 55.55
0.37 0.001 55.58
0.37 0.001 55.61
0.371 0.001 55.65
0.371 0.001 55.68
0.37 0.001 55.71
0.371 0.002 55.74
0.37 0.002 55.78
0.369 0.001 55.81
0.369 0.0 55.84
0.368 0.001 55.88
0.368 0.0 55.91
0.368 0.0 55.95
0.368 0.0 55.98
0.367 0.001 56.01
0.367 0.0 56.05
0.366 0.0 56.08
0.367 0.001 56.11
0.366 0.001 56.15
0 0 56.18
0.366 0.0 56.21
0.366 0.0 56.24
0.366 0.0 56.28
0.366 0.0 56.31
0.365 0.001 56.34
0.365 0.0 56.38
0.366 0.001 56.41
0.365 0.001 56.45
0.366 0.001 56.48
0.366 0.0 56.51
0.366 0.0 56.55
0.366 0.001 56.58
0.367 0.0 56.61
0.367 0.0 56.64
0.368 0.001 56.68
0.369 0.001 56.71
0.37 0.002 56.74
0.369 0.002 56.78
0.368 0.001 56.82
0.369 0.001 56.85
0.369 0.001 56.88
0.369 0.001 56.91
0.369 0.001 56.95
0.369 0.001 56.98
0.369 0.001 57.01
0.366 0.003 57.05
0.365 0.001 57.08
0.364 0.002 57.11
0.362 0.003 57.14
0.361 0.002 57.18
0.361 0.002 57.21
0.358 0.003 57.24
0.358 0.001 57.28
0.356 0.002 57.31
0.355 0.002 57.35
0.353 0.002 57.38
0.352 0.001 57.41
0.35 0.003 57.45
0.349 0.001 57.48
0.349 0.001 57.51
0.347 0.002 57.55
0.346 0.001 57.58
0.346 0.0 57.61
0.345 0.001 57.64
0.344 0.001 57.68
0.343 0.002 57.71
0 0 57.74
0.342 0.001 57.78
0.342 0.001 57.81
0.341 0.001 57.85
0.341 0.001 57.88
0.34 0.001 57.91
0.341 0.001 57.95
0.342 0.001 57.98
0.342 0.001 58.01
0.342 0.001 58.05
0.343 0.002 58.08
0.344 0.001 58.11
0.344 0.0 58.14
0.345 0.0 58.18
0.345 0.001 58.21
0.345 0.0 58.24
0.347 0.001 58.28
0.346 0.001 58.31
0.346 0.0 58.34
0.345 0.001 58.38
0.345 0.0 58.41
0.343 0.002 58.44
0.342 0.001 58.48
0.343 0.001 58.51
0.341 0.001 58.55
0.34 0.002 58.58
0.339 0.001 58.61
0.339 0.001 58.65
0.337 0.002 58.68
0.336 0.0 58.72
0.336 0.001 58.75
0.333 0.002 58.78
0.332 0.002 58.81
0.328 0.003 58.84
0.324 0.004 58.88
0.319 0.005 58.91
0.314 0.005 58.95
0.307 0.008 58.98
0.299 0.009 59.01
0.293 0.007 59.05
0.284 0.009 59.08
0.277 0.008 59.11
0.268 0.01 59.14
0.261 0.008 59.18
0.253 0.009 59.21
0.244 0.009 59.25
0.238 0.007 59.28
0 0 59.31
0.227 0.012 59.35
0.223 0.004 59.38
0.223 0.0 59.41
0.226 0.003 59.45
0.229 0.004 59.48
0.236 0.008 59.51
0.246 0.01 59.54
0.257 0.012 59.58
0.268 0.012 59.61
0.28 0.013 59.65
0.292 0.013 59.68
0.304 0.013 59.71
0.316 0.013 59.75
0.329 0.013 59.78
0.34 0.012 59.81
0.353 0.014 59.85
0 0 59.88
0 0 59.91
0 0 59.94
0 0 59.98
0 0 60.01
0 0 60.04
0 0 60.07
0 0 60.11
0 0 60.14
0 0 60.18
0 0 60.21
0 0 60.24
0 0 60.28
0.346 0.011 60.31
0.336 0.011 60.35
0.326 0.01 60.38
0.312 0.014 60.41
0.299 0.014 60.44
0.286 0.014 60.48
0.272 0.015 60.51
0.258 0.015 60.54
0.244 0.016 60.58
0.231 0.015 60.61
0 0 60.65
0 0 60.67
0 0 60.71
0 0 60.74
0 0 60.78
0 0 60.81
0.22 0.011 60.85
0.234 0.017 60.88
0.25 0.019 60.91
0.269 0.021 60.95
0.288 0.021 60.98
0 0 61.01
0 0 61.05
0.339 0.054 61.08
0.347 0.009 61.11
0.356 0.009 61.15
0.362 0.006 61.18
0.365 0.003 61.21
0.364 0.002 61.24
0.362 0.002 61.28
0.36 0.003 61.31
0.352 0.008 61.35
0.341 0.011 61.38
0.327 0.016 61.41
0.308 0.021 61.45
0.291 0.022 61.48
0.275 0.02 61.51
0.265 0.014 61.55
0 0 61.58
0 0 61.61
0.262 0.003 61.64
0.274 0.016 61.68
0.295 0.023 61.71
0.32 0.028 61.74
0.353 0.034 61.78
0.386 0.034 61.81
0.419 0.033 61.84
0.449 0.03 61.88
0.474 0.026 61.91
0.497 0.022 61.95
0.51 0.014 61.98
0.523 0.012 62.01
0.529 0.006 62.04
0.531 0.002 62.08
0.531 0.001 62.11
0.531 0.001 62.14
0.526 0.005 62.18
0.522 0.004 62.21
0.516 0.007 62.24
0.511 0.005 62.28
0.506 0.005 62.31
0.497 0.009 62.35
0.487 0.01 62.38
0.476 0.012 62.41
0.46 0.016 62.45
0.438 0.022 62.48
0.41 0.028 62.51
0.38 0.031 62.55
0.35 0.032 62.58
0.318 0.034 62.62
0.29 0.03 62.64
0.269 0.023 62.68
0.257 0.013 62.71
0.254 0.003 62.74
0.257 0.005 62.78
0.268 0.013 62.81
0.286 0.02 62.84
0.31 0.025 62.88
0.336 0.027 62.91
0.361 0.026 62.95
0.388 0.027 62.99
0.412 0.024 63.01
0.43 0.018 63.04
0.445 0.016 63.08
0.457 0.011 63.11
0.464 0.007 63.14
0.469 0.006 63.18
0.472 0.003 63.21
0.472 0.001 63.25
0.471 0.001 63.28
0.47 0.001 63.31
0.471 0.001 63.34
0.469 0.001 63.38
0.468 0.002 63.41
0.467 0.001 63.45
0.466 0.001 63.48
0.464 0.003 63.51
0.462 0.002 63.55
0.458 0.004 63.58
0.452 0.007 63.61
0.442 0.009 63.64
0.429 0.014 63.68
0.409 0.02 63.71
0.383 0.027 63.75
0.353 0.031 63.78
0.319 0.034 63.81
0.285 0.035 63.84
0.259 0.027 63.88
0.242 0.018 63.91
0.236 0.006 63.95
0.243 0.007 63.98
0.26 0.018 64.01
0.289 0.03 64.05
0.329 0.04 64.08
0.37 0.041 64.11
0.409 0.039 64.14
0.442 0.034 64.18
0.472 0.031 64.21
0.493 0.021 64.24
0.508 0.016 64.28
0.519 0.011 64.31
0.529 0.01 64.35
0 0 64.38
0.532 0.006 64.41
0.532 0.002 64.44
0.533 0.001 64.48
0.527 0.006 64.51
0.521 0.006 64.54
0 0 64.57
0.514 0.007 64.61
0.509 0.005 64.64
0.507 0.002 64.68
0 0 64.71
0.499 0.008 64.74
0.496 0.004 64.78
0.488 0.007 64.81
0.479 0.01 64.84
0.466 0.013 64.88
0.447 0.02 64.91
0.424 0.024 64.95
0.395 0.03 64.98
0.366 0.03 65.01
0.337 0.03 65.04
0.31 0.028 65.08
0.285 0.025 65.11
0.263 0.024 65.15
0.248 0.015 65.18
0.238 0.011 65.21
0.232 0.006 65.25
0.229 0.003 65.28
0.228 0.002 65.31
0.228 0.0 65.35
0.23 0.002 65.38
0.232 0.002 65.41
0.233 0.002 65.45
0.235 0.002 65.48
0.237 0.002 65.51
0.239 0.003 65.54
0.24 0.001 65.58
0.241 0.001 65.61
0.242 0.001 65.64
0.243 0.001 65.68
0.244 0.001 65.71
0.245 0.002 65.74
0.246 0.001 65.78
0.248 0.002 65.81
0.252 0.004 65.84
0.257 0.006 65.88
0.265 0.008 65.91
0.279 0.014 65.95
0.296 0.018 65.98
0.321 0.024 66.01
0.353 0.033 66.04
0.39 0.037 66.08
0.427 0.037 66.11
0.47 0.043 66.15
0.509 0.04 66.18
0.542 0.034 66.21
0.577 0.037 66.24
0.599 0.024 66.28
0 0 66.31
0 0 66.34
0 0 66.37
0 0 66.41
0 0 66.44
0.641 0.056 66.48
0 0 66.51
0 0 66.54
0.63 0.011 66.58
0 0 66.61
0 0 66.64
0.618 0.013 66.68
0.611 0.007 66.71
0.606 0.006 66.74
0.598 0.009 66.78
0.591 0.008 66.81
0.576 0.015 66.84
0.564 0.014 66.88
0.545 0.02 66.91
0.525 0.021 66.94
0 0 66.97
0 0 67.01
0 0 67.04
0.416 0.123 67.08
0.388 0.032 67.11
0.364 0.029 67.14
0 0 67.17
0 0 67.21
0 0 67.24
0 0 67.28
0 0 67.31
0 0 67.34
0 0 67.38
0 0 67.41
0 0 67.44
0 0 67.47
0 0 67.51
0 0 67.54
0 0 67.58
0 0 67.61
0 0 67.64
0 0 67.68
0 0 67.71
0 0 67.74
0 0 67.78
0 0 67.81
0 0 67.84
0 0 67.87
0.268 0.102 67.91
0.266 0.004 67.95
0.265 0.003 67.98
0.263 0.004 68.01
0.26 0.005 68.05
0.258 0.004 68.08
0.256 0.003 68.11
0.253 0.004 68.14
0.25 0.005 68.18
0.25 0.003 68.21
0.249 0.002 68.25
0.247 0.002 68.28
0.247 0.001 68.31
0.246 0.001 68.34
0.246 0.0 68.38
0.246 0.0 68.41
0.246 0.001 68.44
0.246 0.001 68.48
0.247 0.002 68.51
0.246 0.002 68.55
0.245 0.002 68.58
0.242 0.006 68.61
0.239 0.015 68.64
0.24 0.024 68.68
0.245 0.032 68.71
0.257 0.04 68.74
0 0 68.78
0 0 68.81
0 0 68.84
0 0 68.87
0 0 68.91
0 0 68.94
0 0 68.97
0 0 69.01
0 0 69.04
0 0 69.07
0 0 69.11
0 0 69.14
0 0 69.17
0 0 69.21
0 0 69.24
0 0 69.27
0 0 69.31
0 0 69.34
0 0 69.37
0 0 69.41
0 0 69.44
0 0 69.47
0 0 69.51
0 0 69.54
0 0 69.57
0 0 69.61
0 0 69.64
0 0 69.67
0 0 69.71
0 0 69.74
0 0 69.78
0 0 69.81
0 0 69.84
0 0 69.88
0 0 69.91
0 0 69.94
0 0 69.98
0 0 70.01
0 0 70.04
0 0 70.08
0 0 70.11
0 0 70.14
0 0 70.17
0 0 70.21
0 0 70.24
0 0 70.28
0 0 70.31
0 0 70.34
0 0 70.38
0 0 70.41
0 0 70.44
0 0 70.47
0 0 70.51
0 0 70.54
0 0 70.57
0 0 70.61
0 0 70.64
0 0 70.68
0 0 70.71
0 0 70.74
0 0 70.78
0 0 70.81
0 0 70.84
0 0 70.87
0 0 70.91
0 0 70.94
0 0 70.97
0 0 71.01
0 0 71.04
0 0 71.07
0 0 71.11
0 0 71.14
0 0 71.17
0 0 71.21
0 0 71.24
0 0 71.28
0 0 71.31
0 0 71.35
0 0 71.38
0 0 71.41
0 0 71.44
0 0 71.47
0 0 71.51
0 0 71.54
0 0 71.57
0 0 71.61
0 0 71.64
0 0 71.67
0 0 71.71
0 0 71.74
0 0 71.78
0 0 71.81
0 0 71.84
0 0 71.88
0 0 71.91
0 0 71.94
0 0 71.97
0 0 72.01
0 0 72.04
0 0 72.08
0 0 72.11
0 0 72.14
0.218 0.072 72.18
0.21 0.023 72.21
0.206 0.017 72.24
0.203 0.01 72.28
0.203 0.005 72.31
0 0 72.34
0.204 0.007 72.37
0 0 72.41
0.206 0.004 72.44
0.206 0.004 72.48
0.206 0.008 72.51
0 0 72.54
0 0 72.58
0 0 72.61
0 0 72.64
0 0 72.67
0 0 72.71
0 0 72.74
0 0 72.77
0 0 72.81
0 0 72.84
0 0 72.87
0 0 72.91
0 0 72.94
0 0 72.97
0 0 73.01
0 0 73.04
0 0 73.07
0 0 73.11
0 0 73.14
0 0 73.17
0 0 73.21
0 0 73.24
0 0 73.28
0 0 73.31
0 0 73.34
0.265 0.098 73.38
0.254 0.029 73.41
0.248 0.022 73.45
0.243 0.018 73.48
0.238 0.014 73.51
0.233 0.01 73.55
0.229 0.005 73.58
0.224 0.005 73.61
0.217 0.016 73.64
0 0 73.68
0 0 73.71
0 0 73.74
0 0 73.78
0 0 73.81
0 0 73.84
0 0 73.87
0 0 73.91
0 0 73.94
0 0 73.97
0 0 74.0
0 0 74.04
0 0 74.07
0 0 74.11
0 0 74.14
0 0 74.17
0 0 74.21
0 0 74.24
0.303 0.126 74.28
0.293 0.032 74.31
0.279 0.03 74.35
0.268 0.025 74.38
0.259 0.022 74.41
0.251 0.018 74.44
0.243 0.014 74.48
0 0 74.51
0.231 0.015 74.54
0.225 0.01 74.58
0.218 0.019 74.61
0 0 74.64
0 0 74.67
0 0 74.71
0 0 74.74
0 0 74.78
0 0 74.81
0 0 74.84
0 0 74.87
0 0 74.91
0 0 74.94
0 0 74.97
0 0 75.01
0 0 75.04
0 0 75.07
0 0 75.11
0 0 75.14
0 0 75.17
0 0 75.21
0 0 75.24
0 0 75.28
0 0 75.31
0 0 75.34
0 0 75.37
0 0 75.41
0 0 75.44
0 0 75.47
0 0 75.51
0 0 75.54
0 0 75.57
0 0 75.61
0 0 75.64
0 0 75.67
0 0 75.71
0 0 75.74
0 0 75.78
0 0 75.81
0 0 75.84
0.255 0.087 75.87
0.244 0.026 75.91
0.236 0.021 75.94
0.23 0.014 75.98
0.225 0.009 76.01
0.223 0.005 76.04
0.223 0.002 76.08
0.22 0.003 76.11
0.219 0.002 76.15
0.219 0.002 76.18
0.22 0.003 76.21
0.22 0.002 76.24
0.221 0.001 76.28
0.22 0.001 76.31
0.221 0.001 76.34
0.222 0.001 76.38
0.221 0.001 76.41
0.221 0.0 76.44
0.222 0.001 76.47
0.222 0.001 76.51
0.221 0.001 76.54
0.222 0.001 76.57
0.222 0.0 76.61
0.222 0.001 76.64
0.224 0.002 76.68
0.229 0.007 76.71
0.251 0.029 76.74
0 0 76.77
0 0 76.81
0 0 76.84
0 0 76.87
0 0 76.91
0 0 76.94
0 0 76.97
0 0 77.0
0 0 77.04
0 0 77.07
0 0 77.11
0 0 77.14
0 0 77.17
0 0 77.2
0 0 77.24
0 0 77.27
0 0 77.31
0 0 77.34
0 0 77.37
0 0 77.41
0 0 77.44
0 0 77.47
0 0 77.51
0 0 77.54
0 0 77.57
0 0 77.61
0 0 77.64
0 0 77.67
0 0 77.71
0 0 77.74
0 0 77.78
0 0 77.81
0 0 77.84
0 0 77.87
0 0 77.91
0.356 0.162 77.94
0 0 77.97
0 0 78.01
0.279 0.139 78.04
0.257 0.035 78.08
0.244 0.022 78.11
0.235 0.015 78.14
0.238 0.006 78.18
0 0 78.21
0 0 78.24
0 0 78.28
0.221 0.019 78.31
0.219 0.003 78.34
0.214 0.005 78.38
0.214 0.001 78.41
0.216 0.002 78.44
0.217 0.001 78.48
0.218 0.003 78.51
0.222 0.01 78.54
0.233 0.024 78.57
0 0 78.61
0 0 78.64
0 0 78.67
0 0 78.71
0 0 78.74
0 0 78.77
0 0 78.81
0 0 78.84
0 0 78.87
0 0 78.91
0 0 78.94
0 0 78.97
0 0 79.01
0 0 79.04
0 0 79.07
0 0 79.11
0 0 79.14
0 0 79.17
0 0 79.21
0 0 79.24
0 0 79.27
0 0 79.31
0 0 79.34
0 0 79.37
0 0 79.41
0 0 79.44
0 0 79.47
0 0 79.51
0 0 79.54
0 0 79.57
0 0 79.61
0 0 79.64
0 0 79.67
0 0 79.71
0.228 0.03 79.74
0 0 79.78
0 0 79.81
0 0 79.84
0 0 79.87
0 0 79.91
0 0 79.94
0 0 79.97
0 0 80.01
0 0 80.04
0 0 80.07
0 0 80.11
0 0 80.14
0 0 80.17
0 0 80.21
0 0 80.24
0 0 80.28
0 0 80.31
0 0 80.34
0 0 80.37
0 0 80.41
0 0 80.44
0 0 80.47
0 0 80.51
0 0 80.54
0 0 80.57
0 0 80.61
0 0 80.64
0 0 80.67
0 0 80.71
0 0 80.74
0 0 80.77
0 0 80.81
0 0 80.84
0 0 80.87
0 0 80.91
0 0 80.94
0 0 80.97
0.266 0.127 81.01
0.248 0.032 81.04
0 0 81.07
0 0 81.11
0.19 0.082 81.14
0.188 0.008 81.17
0.194 0.008 81.21
0.213 0.022 81.24
0.249 0.039 81.28
0.296 0.048 81.31
0.348 0.054 81.34
0.4 0.052 81.37
0.452 0.052 81.41
0 0 81.44
0.54 0.089 81.48
0.575 0.035 81.51
0.593 0.018 81.54
0.598 0.005 81.57
0.596 0.003 81.61
0.587 0.01 81.64
0.57 0.017 81.67
0.55 0.02 81.71
0.525 0.025 81.74
0.495 0.029 81.77
0.459 0.036 81.81
0.421 0.039 81.84
0.382 0.039 81.87
0.341 0.041 81.91
0.303 0.04 81.94
0.271 0.034 81.97
0.249 0.024 82.01
0.236 0.014 82.04
0.23 0.007 82.07
0.229 0.001 82.12
0.233 0.005 82.15
0.243 0.011 82.18
0.258 0.017 82.21
0.278 0.022 82.24
0.305 0.027 82.28
0.336 0.032 82.31
0.371 0.036 82.34
0.408 0.037 82.38
0.444 0.036 82.41
0.474 0.03 82.44
0.494 0.021 82.48
0.497 0.003 82.51
0.495 0.002 82.54
0.483 0.012 82.57
0.456 0.027 82.61
0.427 0.03 82.64
0.39 0.037 82.67
0.352 0.039 82.71
0.312 0.041 82.74
0.276 0.038 82.77
0.245 0.034 82.81
0.222 0.024 82.84
0.212 0.011 82.87
0.211 0.002 82.91
0.221 0.012 82.94
0.242 0.024 82.98
0.273 0.033 83.01
0.307 0.036 83.04
0.344 0.038 83.07
0.376 0.032 83.11
0.4 0.025 83.14
0.415 0.015 83.18
0.423 0.009 83.21
0.421 0.003 83.24
0.409 0.012 83.27
0.391 0.018 83.31
0.367 0.025 83.34
0.341 0.027 83.37
0.312 0.031 83.41
0.283 0.032 83.44
0.256 0.029 83.48
0.238 0.021 83.51
0.23 0.009 83.55
0.234 0.007 83.58
0.253 0.023 83.61
0.293 0.044 83.64
0.349 0.058 83.67
0.417 0.069 83.71
0.485 0.068 83.74
0.546 0.062 83.77
0 0 83.81
0 0 83.84
0.627 0.083 83.88
0 0 83.91
0.63 0.008 83.94
0.621 0.01 83.98
0.611 0.009 84.01
0 0 84.04
0.586 0.025 84.07
0 0 84.11
0.564 0.023 84.14
0.558 0.006 84.17
0 0 84.21
0.543 0.014 84.24
0.536 0.007 84.28
0.528 0.008 84.31
0.519 0.01 84.34
0.507 0.012 84.37
0.49 0.017 84.41
0.473 0.017 84.44
0.449 0.025 84.47
0.427 0.022 84.51
0.401 0.026 84.54
0.37 0.031 84.57
0.339 0.032 84.61
0.308 0.032 84.64
0.282 0.028 84.67
0.263 0.02 84.71
0.255 0.009 84.74
0.258 0.005 84.77
0.271 0.015 84.81
0.295 0.026 84.84
0.326 0.032 84.87
0.362 0.037 84.91
0.399 0.038 84.94
0.437 0.039 84.97
0.469 0.032 85.01
0.5 0.031 85.04
0.52 0.021 85.07
0.538 0.018 85.11
0.55 0.013 85.14
0.556 0.006 85.18
0.561 0.006 85.21
0.56 0.002 85.24
0.559 0.002 85.27
0 0 85.3
0.558 0.002 85.34
0 0 85.37
0.552 0.006 85.41
0.546 0.006 85.44
0 0 85.47
0.525 0.021 85.51
0.508 0.018 85.54
0 0 85.57
0.467 0.042 85.61
0.439 0.028 85.64
0.414 0.026 85.67
0.386 0.028 85.71
0.359 0.028 85.74
0.333 0.026 85.78
0.309 0.025 85.81
0.288 0.022 85.84
0.271 0.017 85.88
0.258 0.013 85.91
0.248 0.01 85.94
0.243 0.006 85.97
0.24 0.003 86.01
0.238 0.003 86.04
0.238 0.002 86.07
0.239 0.002 86.11
0.242 0.003 86.14
0.243 0.002 86.17
0.244 0.002 86.21
0.245 0.001 86.24
0.246 0.001 86.28
0.247 0.001 86.31
0.248 0.001 86.34
0.249 0.001 86.37
0.251 0.002 86.4
0.252 0.001 86.44
0.255 0.003 86.47
0.261 0.006 86.51
0.271 0.01 86.54
0.287 0.017 86.57
0.315 0.029 86.61
0.357 0.043 86.64
0.411 0.054 86.67
0.463 0.053 86.71
0.517 0.054 86.74
0.563 0.046 86.78
0 0 86.81
0 0 86.84
0 0 86.87
0.646 0.088 86.91
0 0 86.94
0 0 86.97
0 0 87.01
0.647 0.014 87.04
0 0 87.07
0 0 87.11
0 0 87.14
0 0 87.17
0 0 87.2
0.591 0.057 87.24
0.568 0.023 87.27
0.552 0.016 87.31
0.524 0.028 87.34
0.5 0.024 87.37
0 0 87.4
0.455 0.045 87.44
0.433 0.022 87.47
0.413 0.02 87.51
0.393 0.02 87.54
0.372 0.022 87.57
0.353 0.019 87.61
0.336 0.018 87.64
0.322 0.015 87.67
0.311 0.011 87.71
0.303 0.008 87.74
0.298 0.005 87.77
0.295 0.003 87.81
0.294 0.001 87.84
0.294 0.001 87.87
0.294 0.001 87.91
0.294 0.001 87.95
0.295 0.001 87.98
0.296 0.002 88.01
0.297 0.001 88.04
0.298 0.002 88.08
0.3 0.002 88.11
0.298 0.002 88.14
0.297 0.002 88.17
0.295 0.003 88.21
0.293 0.002 88.24
0.294 0.001 88.28
0.298 0.004 88.31
0.308 0.01 88.34
0.324 0.016 88.37
0.344 0.021 88.41
0.372 0.028 88.45
0.408 0.036 88.47
0.451 0.043 88.51
0.498 0.047 88.54
0.549 0.051 88.57
0.599 0.05 88.61
0.65 0.052 88.64
0 0 88.67
0 0 88.7
0 0 88.74
0 0 88.77
0 0 88.8
0 0 88.84
0 0 88.87
0 0 88.91
0 0 88.94
0 0 88.97
0 0 89.0
0 0 89.04
0 0 89.07
0 0 89.11
0 0 89.14
0 0 89.17
0 0 89.2
0 0 89.24
0 0 89.27
0 0 89.3
0 0 89.34
0 0 89.37
0 0 89.4
0 0 89.44
0 0 89.47
0 0 89.5
0 0 89.54
0 0 89.57
0 0 89.61
0 0 89.64
0 0 89.67
0 0 89.7
0 0 89.74
0 0 89.77
0 0 89.8
0 0 89.84
0 0 89.87
0 0 89.9
0 0 89.94
0 0 89.97
0 0 90.0
0 0 90.04
0 0 90.07
0 0 90.11
0 0 90.14
0 0 90.17
0 0 90.2
0 0 90.24
0 0 90.27
0 0 90.31
0 0 90.34
0 0 90.37
0 0 90.4
0 0 90.44
0 0 90.47
0 0 90.5
0 0 90.54
0 0 90.57
0 0 90.61
0 0 90.64
0 0 90.67
0 0 90.7
0 0 90.74
0 0 90.77
0 0 90.8
0 0 90.84
0 0 90.87
0 0 90.9
0 0 90.94
0 0 90.97
0 0 91.0
0 0 91.04
0 0 91.07
0 0 91.11
0 0 91.14
0 0 91.17
0 0 91.2
0 0 91.24
0 0 91.27
0 0 91.3
0 0 91.34
0 0 91.37
0 0 91.4
0 0 91.44
0 0 91.47
0 0 91.51
0 0 91.54
0 0 91.57
0 0 91.61
0 0 91.64
0 0 91.67
0 0 91.7
0 0 91.74
0 0 91.77
0 0 91.8
0 0 91.84
0 0 91.87
0 0 91.9
0 0 91.94
0 0 91.97
0 0 92.01
0 0 92.04
0 0 92.07
0 0 92.1
0 0 92.14
0 0 92.17
0 0 92.2
0 0 92.24
0 0 92.27
0 0 92.3
0 0 92.34
0 0 92.37
0 0 92.4
0 0 92.44
0 0 92.47
0 0 92.5
0 0 92.54
0 0 92.57
0 0 92.6
0 0 92.63
0 0 92.67
0 0 92.7
0 0 92.74
0 0 92.77
0 0 92.8
0 0 92.84
0 0 92.87
0 0 92.9
0 0 92.94
0 0 92.97
0 0 93.0
0 0 93.04
0 0 93.07
0 0 93.1
0 0 93.14
0 0 93.17
0 0 93.2
0 0 93.24
0 0 93.27
0 0 93.3
0 0 93.34
0 0 93.37
0 0 93.4
0 0 93.44
0 0 93.47
0.261 0.402 93.51
0.264 0.006 93.54
0.268 0.007 93.58
0.273 0.007 93.61
0.278 0.007 93.64
0.285 0.009 93.67
0.293 0.01 93.7
0.301 0.009 93.74
0.306 0.007 93.77
0.313 0.008 93.81
0.321 0.011 93.84
0.33 0.013 93.87
0.341 0.017 93.91
0.354 0.021 93.94
0.37 0.029 93.97
0.388 0.029 94.01
0.412 0.034 94.04
0.443 0.043 94.07
0.464 0.036 94.11
0 0 94.14
0 0 94.17
0 0 94.2
0 0 94.23
0 0 94.27
0 0 94.3
0 0 94.34
0 0 94.37
0 0 94.4
0 0 94.44
0 0 94.47
0 0 94.5
0 0 94.54
0 0 94.57
0 0 94.6
0 0 94.63
0 0 94.67
0 0 94.7
0 0 94.73
0 0 94.77
0 0 94.8
0.492 0.118 94.84
0.477 0.027 94.87
0.462 0.028 94.91
0.445 0.03 94.94
0.423 0.032 94.97
0.389 0.041 95.01
0.365 0.032 95.04
0.349 0.025 95.08
0.333 0.024 95.11
0.32 0.021 95.14
0.308 0.018 95.17
0.298 0.015 95.21
0 0 95.24
0 0 95.27
0 0 95.3
0 0 95.34
0 0 95.37
0.274 0.03 95.41
0.275 0.004 95.44
0.277 0.005 95.47
0.279 0.005 95.51
0.283 0.005 95.54
0.287 0.007 95.57
0.296 0.013 95.61
0.315 0.022 95.64
0.343 0.031 95.67
0.382 0.043 95.7
0.433 0.053 95.74
0.473 0.042 95.77
0.506 0.036 95.81
0.533 0.033 95.84
0.552 0.027 95.87
0.571 0.029 95.9
0 0 95.94
0 0 95.97
0 0 96.0
0 0 96.03
0 0 96.07
0 0 96.1
0 0 96.14
0 0 96.17
0 0 96.2
0 0 96.23
0 0 96.27
0 0 96.3
0 0 96.34
0 0 96.37
0 0 96.4
0.574 0.136 96.44
0 0 96.47
0 0 96.5
0 0 96.54
0 0 96.57
0 0 96.6
0 0 96.64
0 0 96.67
0 0 96.7
0 0 96.74
0 0 96.77
0 0 96.8
0 0 96.84
0 0 96.87
0 0 96.9
0 0 96.94
0 0 96.97
0 0 97.0
0 0 97.04
0 0 97.07
0 0 97.1
0 0 97.13
0 0 97.17
0 0 97.2
0 0 97.24
0 0 97.28
0 0 97.31
0 0 97.34
0 0 97.37
0 0 97.4
0 0 97.44
0 0 97.47
0 0 97.5
0 0 97.54
0 0 97.57
0 0 97.6
0 0 97.64
0 0 97.67
0 0 97.7
0 0 97.74
0 0 97.77
0 0 97.8
0 0 97.84
0 0 97.87
0 0 97.91
0 0 97.94
0 0 97.97
0 0 98.0
0 0 98.03
0 0 98.07
0 0 98.1
0 0 98.14
0 0 98.17
0 0 98.2
0 0 98.24
0 0 98.27
0 0 98.3
0 0 98.34
0 0 98.37
0 0 98.4
0 0 98.44
0 0 98.47
0 0 98.5
0 0 98.53
0 0 98.57
0 0 98.6
0 0 98.64
0 0 98.67
0 0 98.7
0 0 98.74
0 0 98.77
0 0 98.8
0 0 98.84
0 0 98.87
0 0 98.9
0 0 98.94
0 0 98.97
0 0 99.0
0 0 99.04
0 0 99.07
0 0 99.1
0 0 99.14
0 0 99.17
0 0 99.2
0 0 99.24
0 0 99.27
0 0 99.31
0 0 99.34
0 0 99.37
0 0 99.4
0 0 99.44
0 0 99.47
0 0 99.5
0 0 99.54
0 0 99.57
0 0 99.6
0 0 99.64
0 0 99.67
0 0 99.7
0 0 99.73
0 0 99.77
0 0 99.8
0 0 99.83
0 0 99.87
0 0 99.9
0 0 99.94
0 0 99.97
0 0 100.0
0 0 100.03
0 0 100.07
0 0 100.1
0 0 100.13
0 0 100.17
0 0 100.2
0 0 100.23
0 0 100.27
0 0 100.3
0 0 100.33
0 0 100.37
0 0 100.4
0 0 100.44
0 0 100.47
0 0 100.5
0 0 100.53
0 0 100.57
0 0 100.6
0 0 100.63
0 0 100.67
0 0 100.7
0 0 100.73
0 0 100.77
0 0 100.8
0 0 100.83
0 0 100.87
0 0 100.9
0 0 100.93
0 0 100.97
0 0 101.0
0 0 101.03
0 0 101.07
0 0 101.11
0 0 101.13
0 0 101.17
0 0 101.2
0 0 101.23
0 0 101.27
0 0 101.3
0 0 101.34
0 0 101.37
0 0 101.4
0 0 101.44
0 0 101.47
0 0 101.5
0 0 101.53
0 0 101.57
0 0 101.6
0 0 101.63
0 0 101.67
0 0 101.7
0 0 101.73
0 0 101.77
0 0 101.8
0 0 101.84
0 0 101.87
0 0 101.9
0 0 101.94
0 0 101.97
0 0 102.0
0 0 102.03
0 0 102.07
0 0 102.1
0 0 102.13
0 0 102.17
0 0 102.2
0 0 102.23
0 0 102.27
0 0 102.3
0 0 102.33
0 0 102.37
0 0 102.4
0 0 102.44
0 0 102.47
0 0 102.5
0 0 102.53
0 0 102.57
0 0 102.6
0 0 102.64
0 0 102.67
0 0 102.7
0 0 102.73
0 0 102.77
0 0 102.8
0 0 102.84
0 0 102.87
0 0 102.9
0 0 102.93
0 0 102.97
0 0 103.0
0 0 103.03
0 0 103.07
0 0 103.1
0 0 103.14
0 0 103.17
0 0 103.2
0 0 103.24
0 0 103.27
0 0 103.3
0 0 103.33
0 0 103.37
0 0 103.4
0 0 103.44
0 0 103.47
0 0 103.5
0 0 103.53
0 0 103.57
0 0 103.6
0 0 103.64
0 0 103.67
0 0 103.7
0 0 103.73
0 0 103.77
0 0 103.8
0 0 103.83
0 0 103.87
0 0 103.9
0 0 103.93
0 0 103.97
0 0 104.0
0 0 104.03
0 0 104.07
0 0 104.1
0 0 104.13
0 0 104.17
0 0 104.2
0 0 104.23
0 0 104.27
0 0 104.3
0 0 104.33
0 0 104.37
0 0 104.4
0 0 104.44
0 0 104.47
0 0 104.5
0 0 104.53
0 0 104.57
0 0 104.6
0 0 104.63
0 0 104.67
0 0 104.7
0 0 104.73
0 0 104.77
0 0 104.8
0 0 104.83
0 0 104.87
0 0 104.9
0 0 104.94
0 0 104.97
0 0 105.0
0 0 105.03
0 0 105.07
0 0 105.1
0 0 105.13
0 0 105.17
0 0 105.2
0 0 105.23
0 0 105.27
0 0 105.3
0 0 105.33
0 0 105.37
0 0 105.4
0 0 105.44
0 0 105.47
0 0 105.5
0 0 105.53
0 0 105.57
0 0 105.6
0 0 105.63
0 0 105.67
0 0 105.7
0 0 105.73
0 0 105.77
0 0 105.8
0 0 105.83
0 0 105.87
0 0 105.9
0 0 105.94
0 0 105.97
0 0 106.0
0 0 106.03
0 0 106.07
0 0 106.1
0 0 106.13
0 0 106.17
0 0 106.2
0 0 106.23
0 0 106.27
0 0 106.3
0 0 106.33
0 0 106.37
0 0 106.4
0 0 106.43
0 0 106.47
0 0 106.5
0 0 106.53
0 0 106.57
0 0 106.6
0 0 106.63
0 0 106.67
0 0 106.7
0 0 106.73
0 0 106.77
0 0 106.8
0 0 106.83
0 0 106.87
0 0 106.9
0 0 106.93
0 0 106.97
0 0 107.0
0 0 107.03
0 0 107.07
0 0 107.1
0 0 107.13
0 0 107.17
0 0 107.2
0 0 107.23
0 0 107.27
0 0 107.3
0 0 107.33
0 0 107.36
0 0 107.4
0 0 107.43
0 0 107.47
0 0 107.5
0 0 107.53
0 0 107.57
0 0 107.6
0 0 107.63
0 0 107.67
0 0 107.7
0 0 107.73
0 0 107.77
0 0 107.8
0 0 107.83
0 0 107.87
0 0 107.9
0 0 107.94
0 0 107.97
0 0 108.0
0 0 108.03
0 0 108.07
0 0 108.1
0 0 108.13
0 0 108.17
0 0 108.2
0 0 108.23
0 0 108.27
0 0 108.3
0 0 108.33
0 0 108.37
0 0 108.4
0 0 108.43
0 0 108.47
0 0 108.5
0 0 108.53
0 0 108.57
0 0 108.6
0 0 108.63
0 0 108.67
0 0 108.7
0 0 108.73
0 0 108.77
0 0 108.8
0 0 108.83
0 0 108.87
0 0 108.9
0 0 108.93
0 0 108.97
0 0 109.0
0 0 109.03
0 0 109.07
0 0 109.1
0 0 109.13
0 0 109.17
0 0 109.2
0 0 109.23
0 0 109.27
0 0 109.3
0 0 109.33
0 0 109.37
0 0 109.4
0 0 109.44
0 0 109.46
0 0 109.5
0 0 109.53
0 0 109.56
0 0 109.6
0 0 109.63
0 0 109.67
0 0 109.7
0 0 109.73
0 0 109.77
0 0 109.8
0 0 109.83
0 0 109.87
0 0 109.9
0 0 109.93
0 0 109.97
0 0 110.0
0 0 110.03
0 0 110.07
0 0 110.1
0 0 110.13
0 0 110.17
0 0 110.2
0 0 110.23
0 0 110.27
0 0 110.3
0 0 110.33
0 0 110.37
0 0 110.4
0 0 110.43
0 0 110.46
0 0 110.5
0 0 110.53
0 0 110.57
0 0 110.6
0 0 110.63
0 0 110.67
0 0 110.7
0 0 110.73
0 0 110.77
0 0 110.8
0 0 110.83
0 0 110.87
0 0 110.9
0 0 110.93
0 0 110.97
0 0 111.0
0 0 111.03
0 0 111.07
0 0 111.1
0 0 111.13
0 0 111.17
0 0 111.2
0 0 111.23
0 0 111.27
0 0 111.3
0 0 111.33
0 0 111.37
0 0 111.4
0 0 111.43
0 0 111.47
0 0 111.5
0 0 111.53
0 0 111.57
0 0 111.6
0 0 111.63
0 0 111.67
0 0 111.7
0 0 111.73
0 0 111.77
0 0 111.8
0 0 111.83
0 0 111.86
0 0 111.9
0 0 111.93
0 0 111.97
0 0 112.0
0 0 112.03
0 0 112.07
0 0 112.1
0 0 112.13
0 0 112.17
0 0 112.2
0 0 112.23
0 0 112.27
0 0 112.3
0 0 112.33
0 0 112.37
0 0 112.4
0 0 112.43
0 0 112.47
0 0 112.5
0 0 112.53
0 0 112.57
0 0 112.6
0 0 112.63
0 0 112.67
0 0 112.7
0 0 112.73
0 0 112.77
0 0 112.8
0 0 112.83
0 0 112.87
0 0 112.9
0 0 112.93
0 0 112.96
0 0 113.0
0 0 113.03
0 0 113.06
0 0 113.1
0 0 113.13
0 0 113.17
0 0 113.2
0 0 113.23
0 0 113.27
0 0 113.3
0 0 113.33
0 0 113.36
0 0 113.4
0 0 113.43
0 0 113.47
0 0 113.5
0 0 113.53
0 0 113.57
0 0 113.6
0 0 113.63
0 0 113.67
0 0 113.7
0 0 113.73
0 0 113.77
0 0 113.8
0 0 113.83
0 0 113.86
0 0 113.9
0 0 113.93
0 0 113.97
0 0 114.0
0 0 114.03
0 0 114.06
0 0 114.1
0 0 114.13
0 0 114.16
0 0 114.2
0 0 114.23
0 0 114.27
0 0 114.3
0 0 114.33
0 0 114.36
0 0 114.4
0 0 114.43
0 0 114.47
0 0 114.5
0 0 114.53
0 0 114.56
0 0 114.6
0 0 114.63
0 0 114.67
0 0 114.7
0 0 114.73
0 0 114.77
0 0 114.8
0 0 114.83
0 0 114.86
0 0 114.9
0 0 114.93
0 0 114.97
0 0 115.0
0 0 115.03
0 0 115.06
0 0 115.1
0 0 115.13
0 0 115.17
0 0 115.2
0 0 115.23
0 0 115.27
0 0 115.3
0 0 115.33
0 0 115.37
0 0 115.4
0 0 115.43
0 0 115.46
0 0 115.5
0 0 115.53
0 0 115.56
0 0 115.6
0 0 115.63
0 0 115.66
0 0 115.7
0 0 115.73
0 0 115.77
0 0 115.8
0 0 115.83
0 0 115.87
0 0 115.9
0 0 115.94
0 0 115.96
0 0 116.0
0 0 116.03
0 0 116.07
0 0 116.1
0 0 116.13
0 0 116.17
0 0 116.2
0 0 116.23
0 0 116.27
0 0 116.3
0 0 116.33
0 0 116.36
0 0 116.4
0 0 116.43
0 0 116.46
0 0 116.5
0 0 116.53
0 0 116.56
0 0 116.6
0 0 116.63
0 0 116.67
0 0 116.7
0 0 116.73
0 0 116.77
0 0 116.8
0 0 116.83
0 0 116.86
0 0 116.9
0 0 116.93
0 0 116.96
0 0 117.0
0 0 117.04
0 0 117.07
0 0 117.1
0 0 117.13
0 0 117.17
0 0 117.2
0 0 117.23
0 0 117.27
0 0 117.3
0 0 117.33
0 0 117.36
0 0 117.4
0 0 117.43
0 0 117.46
0 0 117.5
0 0 117.53
0 0 117.57
0 0 117.6
0 0 117.63
0 0 117.67
0 0 117.7
0 0 117.73
0 0 117.77
0 0 117.8
0 0 117.83
0 0 117.87
0 0 117.9
0 0 117.93
0 0 117.96
0 0 118.0
0 0 118.03
0 0 118.06
0 0 118.1
0 0 118.13
0 0 118.17
0 0 118.2
0 0 118.23
0 0 118.27
0 0 118.3
0 0 118.33
0 0 118.36
0 0 118.4
0 0 118.43
0 0 118.46
0 0 118.5
0 0 118.53
0 0 118.56
0 0 118.6
0 0 118.63
0 0 118.67
0 0 118.7
0 0 118.73
0 0 118.76
0 0 118.8
0 0 118.84
0 0 118.86
0 0 118.9
0 0 118.93
0 0 118.96
0 0 119.0
0 0 119.03
0 0 119.06
0 0 119.1
0 0 119.13
0 0 119.16
0 0 119.2
0 0 119.23
0 0 119.27
0 0 119.3
0 0 119.33
0 0 119.36
0 0 119.4
0 0 119.43
0 0 119.47
0 0 119.5
0 0 119.54
0 0 119.57
0 0 119.6
0 0 119.63
0 0 119.66
0 0 119.7
0 0 119.73
0 0 119.76
0 0 119.8
0 0 119.83
0 0 119.86
0 0 119.9
0 0 119.94
0 0 119.96
0 0 120.0
0 0 120.03
0 0 120.06
0 0 120.1
0 0 120.13
0 0 120.16
0 0 120.2
0 0 120.23
0 0 120.27
0 0 120.3
0 0 120.33
0 0 120.36
0 0 120.4
0 0 120.43
0 0 120.46
0 0 120.5
0 0 120.53
0 0 120.56
0 0 120.6
0 0 120.63
0 0 120.67
0 0 120.7
0 0 120.74
0 0 120.77
0 0 120.8
0 0 120.83
0 0 120.86
0 0 120.9
0 0 120.93
0 0 120.96
0 0 121.0
0 0 121.03
0 0 121.06
0 0 121.1
0 0 121.13
0 0 121.16
0 0 121.2
0 0 121.23
0 0 121.27
0 0 121.3
0 0 121.33
0 0 121.36
0 0 121.4
0 0 121.43
0 0 121.46
0 0 121.5
0 0 121.53
0 0 121.56
0 0 121.6
0 0 121.63
0 0 121.67
0 0 121.7
0 0 121.73
0 0 121.77
0 0 121.8
0 0 121.83
0 0 121.86
0 0 121.9
0 0 121.93
0 0 121.96
0 0 122.0
0 0 122.03
0 0 122.06
0 0 122.1
0 0 122.13
0 0 122.16
0 0 122.2
0 0 122.23
0 0 122.27
0 0 122.3
0 0 122.33
0 0 122.36
0 0 122.4
0 0 122.43
0 0 122.47
0 0 122.5
0 0 122.53
0 0 122.56
0 0 122.6
0 0 122.63
0 0 122.66
0 0 122.7
0 0 122.73
0 0 122.76
0 0 122.8
0 0 122.83
0 0 122.86
0 0 122.9
0 0 122.93
0 0 122.96
0 0 123.0
0 0 123.03
0 0 123.06
0 0 123.1
0 0 123.13
0 0 123.16
0 0 123.2
0 0 123.23
0 0 123.26
0 0 123.3
0 0 123.33
0 0 123.36
0 0 123.4
0 0 123.43
0 0 123.46
0 0 123.5
0 0 123.53
0 0 123.56
0 0 123.6
0 0 123.63
0 0 123.66
0 0 123.7
0 0 123.73
0 0 123.77
0 0 123.8
0 0 123.83
0 0 123.86
0 0 123.9
0 0 123.93
0 0 123.96
0 0 123.99
0 0 124.03
0 0 124.06
0 0 124.1
0 0 124.13
0 0 124.17
0 0 124.2
0 0 124.23
0 0 124.27
0 0 124.3
0 0 124.33
0 0 124.36
0 0 124.4
0 0 124.43
0 0 124.46
0 0 124.5
0 0 124.53
0 0 124.56
0 0 124.6
0 0 124.63
0 0 124.66
0 0 124.7
0 0 124.73
0 0 124.76
0 0 124.8
0 0 124.83
0 0 124.86
0 0 124.9
0 0 124.93
0 0 124.96
0 0 125.0
0 0 125.03
0 0 125.07
0 0 125.1
0 0 125.13
0 0 125.16
0 0 125.2
0 0 125.23
0 0 125.26
0 0 125.3
0 0 125.33
0 0 125.36
0 0 125.39
0 0 125.43
0 0 125.46
0 0 125.5
0 0 125.53
0 0 125.56
0 0 125.6
0 0 125.63
0 0 125.66
0 0 125.7
0 0 125.73
0 0 125.77
0 0 125.8
0 0 125.83
0 0 125.86
0 0 125.89
0 0 125.93
0 0 125.96
0 0 126.0
0 0 126.03
0 0 126.06
0 0 126.09
0 0 126.13
0 0 126.16
0 0 126.2
0 0 126.23
0 0 126.27
0 0 126.3
0 0 126.33
0 0 126.36
0 0 126.4
0 0 126.43
0 0 126.46
0 0 126.5
0 0 126.53
0 0 126.56
0 0 126.6
0 0 126.63
0 0 126.66
0 0 126.69
0 0 126.73
0 0 126.76
0 0 126.8
0 0 126.83
0 0 126.86
0 0 126.9
0 0 126.93
0 0 126.96
0 0 127.0
0 0 127.03
0 0 127.06
0 0 127.1
0 0 127.13
0 0 127.16
0 0 127.2
0 0 127.23
0 0 127.26
0 0 127.29
0 0 127.33
0 0 127.36
0 0 127.39
0 0 127.43
0 0 127.46
0 0 127.5
0 0 127.53
0 0 127.56
0 0 127.6
0 0 127.63
0 0 127.66
0 0 127.7
0 0 127.73
0 0 127.76
0 0 127.8
0 0 127.83
0 0 127.86
0 0 127.89
0 0 127.93
0 0 127.96
0 0 128.0
0 0 128.03
0 0 128.06
0 0 128.1
0 0 128.13
0 0 128.16
0 0 128.2
0 0 128.23
0 0 128.26
0 0 128.3
0 0 128.33
0 0 128.36
0 0 128.4
0 0 128.43
0 0 128.46
0 0 128.5
0 0 128.53
0 0 128.56
0 0 128.6
0 0 128.63
0 0 128.66
0 0 128.69
0 0 128.73
0 0 128.76
0 0 128.8
0 0 128.83
0 0 128.86
0 0 128.89
0 0 128.93
0 0 128.96
0 0 129.0
0 0 129.03
0 0 129.06
0 0 129.1
0 0 129.13
0 0 129.16
0 0 129.2
0 0 129.23
0 0 129.26
0 0 129.3
0 0 129.33
0 0 129.36
0 0 129.39
0 0 129.43
0 0 129.46
0 0 129.5
0 0 129.53
0 0 129.56
0 0 129.6
0 0 129.63
0 0 129.66
0 0 129.69
0 0 129.73
0 0 129.76
0 0 129.8
0 0 129.83
0 0 129.86
0 0 129.9
0 0 129.93
0 0 129.96
0 0 130.0
0 0 130.03
0 0 130.06
0 0 130.1
0 0 130.13
0 0 130.16
0 0 130.2
0.223 0.406 130.23
0.227 0.015 130.27
0.232 0.013 130.3
0.238 0.011 130.33
0.244 0.009 130.37
0.249 0.007 130.4
0.254 0.006 130.43
0.259 0.006 130.46
0.264 0.005 130.5
0.266 0.003 130.53
0.27 0.004 130.57
0.277 0.007 130.6
0.29 0.017 130.63
0.32 0.043 130.67
0 0 130.7
0 0 130.73
0 0 130.77
0 0 130.8
0 0 130.83
0 0 130.86
0 0 130.9
0 0 130.93
0 0 130.96
0 0 130.99
0 0 131.03
0 0 131.06
0 0 131.1
0 0 131.13
0 0 131.16
0 0 131.19
0 0 131.23
0 0 131.26
0 0 131.29
0 0 131.33
0 0 131.36
0 0 131.4
0.448 0.155 131.43
0.419 0.039 131.47
0.392 0.038 131.5
0.368 0.039 131.53
0.344 0.039 131.57
0.324 0.039 131.6
0.307 0.035 131.63
0.29 0.032 131.66
0 0 131.7
0 0 131.73
0 0 131.76
0.274 0.024 131.79
0.279 0.013 131.83
0.281 0.013 131.86
0.284 0.012 131.9
0.285 0.01 131.93
0.293 0.01 131.96
0.296 0.005 132.0
0 0 132.03
0 0 132.06
0 0 132.1
0 0 132.13
0 0 132.16
0 0 132.2
0 0 132.23
0.446 0.212 132.26
0 0 132.3
0 0 132.33
0 0 132.36
0 0 132.39
0 0 132.43
0 0 132.46
0 0 132.49
0 0 132.53
0 0 132.56
0 0 132.6
0 0 132.63
0 0 132.66
0 0 132.69
0 0 132.73
0 0 132.76
0.536 0.125 132.8
0.516 0.023 132.83
0 0 132.86
0.472 0.053 132.9
0.444 0.036 132.93
0.42 0.034 132.96
0.394 0.038 133.0
0.366 0.041 133.03
0.336 0.042 133.07
0.308 0.04 133.1
0.291 0.03 133.13
0.272 0.027 133.17
0.261 0.018 133.2
0 0 133.23
0 0 133.26
0 0 133.29
0 0 133.33
0 0 133.36
0 0 133.4
0.255 0.01 133.43
0.271 0.017 133.46
0.287 0.019 133.5
0.313 0.029 133.53
0.349 0.04 133.56
0.394 0.048 133.6
0.442 0.049 133.63
0.489 0.048 133.66
0.526 0.038 133.7
0.555 0.029 133.73
0.578 0.023 133.76
0.595 0.017 133.8
0.606 0.012 133.83
0.61 0.005 133.86
0.614 0.005 133.9
0.616 0.003 133.93
0.615 0.002 133.96
0.613 0.002 134.0
0.609 0.005 134.03
0.603 0.005 134.06
0.599 0.004 134.1
0.594 0.005 134.13
0.592 0.002 134.16
0.588 0.004 134.19
0.582 0.006 134.23
0.574 0.009 134.26
0.564 0.01 134.3
0.546 0.018 134.33
0.522 0.025 134.36
0.494 0.028 134.4
0.463 0.032 134.43
0.43 0.033 134.47
0.404 0.027 134.5
0.382 0.022 134.53
0.366 0.017 134.56
0.354 0.011 134.6
0.348 0.007 134.63
0.341 0.007 134.66
0.337 0.004 134.7
0.332 0.004 134.73
0.329 0.003 134.76
0.325 0.004 134.8
0.321 0.004 134.83
0.319 0.003 134.86
0.314 0.005 134.9
0.309 0.005 134.93
0.304 0.005 134.96
0.3 0.004 135.0
0.296 0.004 135.03
0.293 0.004 135.06
0.289 0.004 135.1
0.286 0.003 135.13
0.283 0.003 135.16
0.28 0.003 135.2
0.277 0.003 135.23
0.274 0.003 135.27
0.271 0.003 135.3
0.268 0.003 135.33
0.267 0.001 135.36
0.268 0.002 135.4
0.28 0.013 135.43
0.303 0.024 135.47
0.341 0.04 135.5
0.379 0.039 135.53
0.418 0.04 135.56
0.453 0.037 135.6
0.481 0.03 135.63
0.511 0.031 135.66
0.522 0.013 135.7
0.529 0.009 135.73
0.534 0.005 135.77
0.534 0.001 135.8
0.539 0.005 135.84
0.537 0.003 135.87
0.537 0.002 135.89
0.535 0.003 135.93
0.532 0.004 135.96
0.527 0.005 136.0
0.526 0.002 136.03
0.521 0.005 136.06
0.516 0.005 136.1
0.511 0.005 136.13
0.505 0.006 136.16
0.499 0.006 136.2
0.493 0.006 136.23
0.486 0.008 136.27
0.479 0.007 136.3
0.469 0.01 136.33
0.458 0.011 136.37
0.448 0.011 136.4
0.435 0.013 136.43
0.424 0.012 136.46
0.41 0.015 136.5
0.397 0.013 136.53
0.382 0.015 136.56
0.369 0.014 136.6
0.354 0.016 136.63
0.34 0.014 136.66
0.324 0.017 136.7
0.308 0.017 136.73
0.294 0.014 136.77
0.281 0.014 136.8
0.268 0.014 136.83
0.254 0.014 136.86
0.244 0.012 136.9
0.235 0.01 136.93
0.227 0.008 136.96
0.222 0.006 137.0
0.217 0.005 137.03
0.214 0.003 137.06
0.212 0.002 137.1
0.211 0.001 137.13
0.212 0.001 137.16
0.214 0.003 137.2
0.219 0.006 137.23
0.232 0.015 137.26
0.257 0.029 137.3
0.291 0.04 137.33
0.332 0.044 137.36
0.373 0.045 137.4
0.413 0.045 137.43
0.454 0.046 137.47
0.492 0.045 137.5
0.525 0.04 137.53
0.559 0.041 137.56
0.593 0.044 137.6
0 0 137.63
0.65 0.078 137.66
0.68 0.038 137.69
0 0 137.73
0 0 137.76
0 0 137.79
0 0 137.83
0 0 137.86
0 0 137.89
0.675 0.017 137.93
0 0 137.96
0.652 0.032 138.0
0.636 0.018 138.03
0.624 0.014 138.06
0.614 0.012 138.1
0.604 0.012 138.13
0.59 0.015 138.16
0.578 0.015 138.2
0.57 0.013 138.23
0.568 0.01 138.26
0.558 0.015 138.3
0.548 0.016 138.33
0 0 138.36
0 0 138.39
0 0 138.43
0 0 138.46
0 0 138.49
0 0 138.53
0 0 138.56
0 0 138.59
0 0 138.63
0 0 138.66
0 0 138.69
0 0 138.73
0 0 138.76
0 0 138.79
0 0 138.83
0 0 138.86
0 0 138.89
0 0 138.93
0 0 138.96
0 0 138.99
0 0 139.02
0 0 139.06
0 0 139.09
0 0 139.13
0 0 139.16
0 0 139.19
0 0 139.23
0 0 139.26
0 0 139.29
0 0 139.33
0 0 139.36
0 0 139.39
0 0 139.43
0 0 139.46
0 0 139.49
0 0 139.53
0 0 139.56
0 0 139.59
0 0 139.63
0 0 139.66
0 0 139.69
0 0 139.72
0 0 139.76
0 0 139.79
0 0 139.83
0 0 139.86
0 0 139.89
0 0 139.93
0 0 139.96
0 0 139.99
0 0 140.03
0 0 140.06
0 0 140.09
0 0 140.13
0 0 140.16
0 0 140.19
0 0 140.23
0 0 140.26
0 0 140.29
0 0 140.33
0 0 140.36
0 0 140.39
0 0 140.43
0 0 140.46
0 0 140.49
0 0 140.53
0 0 140.56
0 0 140.59
0 0 140.63
0 0 140.66
0 0 140.69
0 0 140.73
0 0 140.76
0 0 140.79
0 0 140.83
0 0 140.86
0 0 140.89
0 0 140.93
0 0 140.96
0 0 140.99
0 0 141.03
0 0 141.06
0 0 141.09
0 0 141.13
0 0 141.16
0 0 141.19
0 0 141.23
0 0 141.26
0 0 141.29
0 0 141.33
0 0 141.36
0 0 141.39
0 0 141.43
0 0 141.46
0 0 141.49
0 0 141.53
0 0 141.56
0 0 141.59
0 0 141.63
0 0 141.66
0 0 141.69
0 0 141.73
0 0 141.76
0 0 141.79
0 0 141.83
0 0 141.86
0 0 141.89
0 0 141.93
0 0 141.96
0 0 141.99
0 0 142.03
0 0 142.06
0 0 142.1
0 0 142.12
0 0 142.16
0 0 142.19
0 0 142.23
0 0 142.26
0 0 142.29
0 0 142.33
0 0 142.36
0 0 142.39
0 0 142.43
0 0 142.46
0 0 142.49
0 0 142.53
0 0 142.56
0 0 142.59
0 0 142.63
0 0 142.66
0 0 142.69
0 0 142.73
0 0 142.76
0 0 142.79
0 0 142.83
0 0 142.86
0 0 142.89
0 0 142.93
0 0 142.96
0 0 142.99
0 0 143.03
0 0 143.06
0 0 143.09
0 0 143.13
0 0 143.16
0 0 143.2
0 0 143.23
0 0 143.26
0 0 143.29
0 0 143.33
0 0 143.36
0 0 143.39
0 0 143.43
0 0 143.46
0 0 143.49
0 0 143.53
0 0 143.56
0 0 143.6
0 0 143.63
0 0 143.66
0 0 143.69
0 0 143.73
0 0 143.76
0 0 143.79
0 0 143.83
0 0 143.86
0 0 143.89
0 0 143.93
0 0 143.96
0 0 143.99
0 0 144.03
0 0 144.06
0 0 144.09
0 0 144.13
0 0 144.16
0 0 144.19
0 0 144.23
0 0 144.26
0 0 144.29
0 0 144.33
0 0 144.36
0 0 144.39
0 0 144.43
0 0 144.46
0 0 144.49
0 0 144.53
0 0 144.56
0 0 144.59
0 0 144.63
0 0 144.66
0 0 144.69
0 0 144.73
0 0 144.76
0 0 144.79
0 0 144.83
0 0 144.86
0 0 144.89
0 0 144.93
0 0 144.96
0 0 144.99
0 0 145.03
0 0 145.06
0 0 145.09
0 0 145.13
0 0 145.16
0 0 145.19
0 0 145.22
0 0 145.26
0 0 145.29
0 0 145.33
0 0 145.36
0 0 145.4
0 0 145.43
0 0 145.46
0 0 145.49
0 0 145.52
0 0 145.56
0 0 145.59
0 0 145.63
0 0 145.66
0 0 145.7
0 0 145.73
0 0 145.76
0 0 145.8
0 0 145.83
0 0 145.86
0 0 145.89
0 0 145.93
0 0 145.96
0 0 145.99
0 0 146.02
0 0 146.06
0 0 146.09
0 0 146.13
0 0 146.16
0 0 146.19
0 0 146.23
0 0 146.26
0 0 146.29
0 0 146.33
0 0 146.36
0 0 146.39
0 0 146.43
0 0 146.46
0 0 146.49
0 0 146.53
0 0 146.56
0 0 146.59
0 0 146.62
0 0 146.66
0 0 146.69
0 0 146.73
0 0 146.76
0 0 146.79
0 0 146.83
0 0 146.86
0 0 146.89
0 0 146.93
0 0 146.96
0 0 146.99
0 0 147.02
0 0 147.06
0 0 147.1
0 0 147.12
0 0 147.16
0 0 147.19
0 0 147.23
0 0 147.26
0 0 147.29
0 0 147.33
0 0 147.36
0 0 147.39
0 0 147.43
0.243 0.381 147.46
0.247 0.007 147.5
0.246 0.005 147.53
0.245 0.005 147.56
0.244 0.003 147.59
0.243 0.004 147.63
0.242 0.003 147.66
0.241 0.002 147.69
0.241 0.002 147.73
0.243 0.002 147.76
0.243 0.001 147.79
0.244 0.001 147.83
0.245 0.001 147.86
0.246 0.002 147.89
0.25 0.004 147.93
0.254 0.005 147.96
0.263 0.011 148.0
0.282 0.021 148.03
0.319 0.037 148.06
0.372 0.057 148.1
0.429 0.063 148.13
0.483 0.059 148.17
0.532 0.053 148.19
0.575 0.046 148.23
0.603 0.032 148.26
0.625 0.024 148.3
0 0 148.33
0.635 0.012 148.36
0.633 0.002 148.4
0.628 0.006 148.43
0.621 0.008 148.46
0.61 0.011 148.5
0.604 0.007 148.53
0.596 0.008 148.56
0.591 0.006 148.6
0.586 0.005 148.63
0.583 0.005 148.67
0.58 0.008 148.69
0.578 0.012 148.73
0 0 148.76
0 0 148.79
0 0 148.83
0 0 148.86
0 0 148.89
0 0 148.93
0 0 148.96
0 0 148.99
0 0 149.03
0 0 149.06
0 0 149.09
0 0 149.13
0 0 149.16
0 0 149.19
0 0 149.22
0 0 149.26
0 0 149.29
0.375 0.218 149.33
0 0 149.36
0.319 0.065 149.39
0 0 149.43
0 0 149.46
0 0 149.49
0 0 149.52
0 0 149.56
0 0 149.59
0 0 149.63
0 0 149.66
0 0 149.69
0 0 149.73
0.223 0.097 149.77
0.228 0.006 149.8
0.234 0.007 149.83
0.238 0.005 149.86
0.241 0.004 149.89
0.242 0.002 149.93
0.24 0.002 149.97
0.241 0.002 150.0
0.243 0.003 150.03
0.246 0.005 150.06
0.25 0.005 150.09
0.251 0.003 150.13
0.253 0.003 150.16
0.256 0.003 150.19
0.259 0.003 150.23
0.266 0.008 150.26
0.277 0.012 150.29
0.295 0.02 150.33
0.32 0.028 150.36
0.359 0.042 150.4
0.4 0.044 150.43
0.438 0.042 150.47
0.474 0.041 150.5
0.499 0.035 150.53
0 0 150.56
0.539 0.069 150.6
0.552 0.029 150.63
0.565 0.029 150.66
0.579 0.031 150.7
0.594 0.032 150.73
0.604 0.028 150.76
0 0 150.79
0.606 0.026 150.83
0.6 0.012 150.86
0 0 150.89
0.576 0.046 150.93
0.559 0.025 150.96
0.554 0.018 150.99
0.546 0.016 151.03
0.544 0.012 151.06
0.542 0.008 151.1
0.533 0.01 151.13
0.533 0.001 151.16
0.53 0.005 151.2
0.535 0.009 151.23
0.536 0.01 151.26
0.541 0.014 151.29
0.546 0.015 151.33
0.553 0.017 151.36
0.566 0.02 151.39
0.582 0.021 151.43
0.585 0.012 151.46
0 0 151.5
0.587 0.01 151.52
0.578 0.009 151.56
0.563 0.015 151.6
0.544 0.02 151.63
0.525 0.021 151.66
0.504 0.023 151.7
0.483 0.023 151.73
0.464 0.022 151.76
0.445 0.021 151.79
0.435 0.013 151.83
0.421 0.017 151.86
0 0 151.89
0.402 0.025 151.93
0.387 0.017 151.97
0 0 151.99
0 0 152.02
0 0 152.06
0 0 152.09
0 0 152.12
0 0 152.16
0 0 152.19
0 0 152.22
0 0 152.26
0 0 152.29
0 0 152.32
0 0 152.36
0 0 152.39
0.23 0.221 152.43
0.233 0.011 152.46
0.236 0.01 152.5
0.241 0.009 152.53
0.245 0.008 152.56
0.249 0.006 152.6
0.252 0.004 152.63
0.256 0.004 152.66
0.258 0.004 152.69
0.263 0.006 152.73
0.272 0.009 152.76
0.286 0.016 152.8
0.316 0.032 152.83
0.364 0.051 152.86
0.419 0.056 152.89
0.469 0.051 152.93
0.511 0.046 152.96
0.541 0.036 152.99
0.559 0.027 153.03
0.57 0.023 153.07
0.573 0.014 153.09
0.577 0.01 153.13
0.581 0.008 153.16
0.577 0.005 153.19
0.575 0.004 153.23
0.571 0.005 153.26
0.568 0.003 153.3
0.564 0.005 153.33
0.566 0.001 153.36
0.568 0.003 153.39
0.564 0.004 153.43
0.567 0.004 153.46
0.565 0.004 153.5
0.568 0.005 153.53
0.562 0.008 153.56
0.56 0.006 153.6
0.558 0.008 153.63
0.553 0.01 153.66
0.552 0.012 153.69
0.547 0.013 153.73
0.549 0.013 153.76
0.545 0.016 153.79
0.549 0.023 153.83
0.529 0.036 153.86
0 0 153.89
0 0 153.93
0 0 153.96
0 0 153.99
0 0 154.02
0 0 154.05
0 0 154.09
0 0 154.12
0 0 154.16
0 0 154.19
0 0 154.22
0 0 154.26
0 0 154.29
0 0 154.32
0 0 154.36
0 0 154.39
0 0 154.42
0 0 154.46
0 0 154.49
0 0 154.52
0 0 154.56
0 0 154.59
0 0 154.62
0 0 154.66
0 0 154.69
0 0 154.72
0 0 154.76
0 0 154.79
0 0 154.82
0 0 154.86
0 0 154.89
0 0 154.93
0 0 154.96
0 0 154.99
0 0 155.02
0 0 155.06
0 0 155.09
0 0 155.12
0 0 155.16
0 0 155.19
0 0 155.22
0 0 155.26
0 0 155.29
0 0 155.32
0 0 155.36
0 0 155.39
0 0 155.42
0 0 155.46
0 0 155.49
0 0 155.52
0 0 155.56
0 0 155.59
0 0 155.62
0 0 155.66
0 0 155.69
0 0 155.72
0 0 155.76
0 0 155.79
0 0 155.82
0 0 155.86
0 0 155.89
0 0 155.92
0 0 155.96
0 0 155.99
0.397 0.139 156.02
0.386 0.026 156.06
0.365 0.031 156.1
0.352 0.025 156.13
0.341 0.023 156.16
0.328 0.022 156.19
0.318 0.018 156.23
0.305 0.016 156.26
0.288 0.018 156.29
0.287 0.013 156.33
0.297 0.012 156.36
0.301 0.005 156.4
0.298 0.005 156.43
0.3 0.006 156.46
0.3 0.004 156.49
0.303 0.005 156.52
0.306 0.004 156.56
0.304 0.003 156.59
0.306 0.002 156.63
0.306 0.001 156.66
0.306 0.001 156.69
0.308 0.002 156.73
0.308 0.001 156.76
0.311 0.004 156.79
0.322 0.011 156.82
0.341 0.021 156.86
0.384 0.046 156.89
0.448 0.067 156.93
0.509 0.062 156.96
0.574 0.065 156.99
0 0 157.02
0 0 157.06
0.683 0.111 157.09
0 0 157.12
0 0 157.16
0 0 157.19
0.686 0.025 157.23
0 0 157.26
0.645 0.041 157.29
0.625 0.02 157.33
0.595 0.03 157.36
0.57 0.026 157.39
0.54 0.031 157.43
0.508 0.033 157.46
0.473 0.036 157.49
0.44 0.034 157.52
0.408 0.034 157.56
0.379 0.031 157.59
0.35 0.031 157.62
0.329 0.023 157.66
0.31 0.021 157.69
0.292 0.019 157.73
0.277 0.017 157.76
0.262 0.017 157.8
0.251 0.012 157.83
0 0 157.86
0 0 157.89
0 0 157.92
0 0 157.96
