0 0 6.65
0 0 6.68
0 0 6.71
0 0 6.75
0 0 6.78
0 0 6.81
0 0 6.85
0 0 6.88
0 0 6.91
0 0 6.95
0 0 6.98
0 0 7.01
0 0 7.05
0 0 7.08
0 0 7.11
0 0 7.15
0 0 7.18
0 0 7.21
0 0 7.25
0 0 7.28
0 0 7.31
0 0 7.35
0 0 7.38
0 0 7.41
0 0 7.45
0 0 7.48
0 0 7.51
0 0 7.55
0.576 0.884 7.59
0 0 7.61
0 0 7.65
0.558 0.021 7.69
0.557 0.005 7.72
0 0 7.76
0.553 0.008 7.81
0.552 0.003 7.83
0.545 0.007 7.86
0.546 0.003 7.9
0 0 7.95
0 0 7.97
0.53 0.02 8.01
0 0 8.04
0.515 0.019 8.08
0 0 8.11
0 0 8.14
0.495 0.026 8.17
0.489 0.007 8.21
0 0 8.23
0.472 0.023 8.27
0 0 8.3
0 0 8.33
0 0 8.36
0.441 0.04 8.39
0.428 0.014 8.42
0 0 8.45
0.411 0.023 8.49
0 0 8.52
0 0 8.55
0 0 8.58
0 0 8.61
0.356 0.075 8.65
0.345 0.017 8.68
0 0 8.72
0.327 0.023 8.75
0.318 0.013 8.78
0 0 8.81
0.304 0.02 8.88
0 0 8.91
0.294 0.017 8.94
0.294 0.004 8.98
0 0 9.01
0.29 0.01 9.05
0 0 9.09
0.29 0.009 9.13
0 0 9.15
0 0 9.17
0.292 0.013 9.2
0.295 0.006 9.23
0 0 9.26
0 0 9.28
0.29 0.009 9.32
0 0 9.35
0.29 0.009 9.38
0 0 9.42
0.291 0.009 9.46
0 0 9.48
0 0 9.52
0.292 0.008 9.55
0 0 9.59
0 0 9.62
0.292 0.007 9.65
0 0 9.68
0 0 9.72
0.296 0.008 9.75
0 0 9.78
0.297 0.001 9.82
0.3 0.005 9.85
0 0 9.88
0 0 9.91
0 0 9.95
0 0 9.98
0 0 10.01
0 0 10.05
0 0 10.08
0 0 10.11
0 0 10.15
0.298 0.007 10.18
0 0 10.21
0 0 10.25
0 0 10.28
0 0 10.31
0.299 0.003 10.35
0.297 0.004 10.39
0.3 0.005 10.42
0 0 10.45
0 0 10.48
0 0 10.51
0 0 10.55
0.292 0.018 10.59
0.293 0.002 10.62
0 0 10.65
0 0 10.68
0 0 10.71
0 0 10.75
0.293 0.009 10.78
0 0 10.81
0 0 10.85
0 0 10.88
0.3 0.015 10.92
0 0 10.94
0 0 10.98
0.312 0.013 11.02
0 0 11.05
0.317 0.007 11.08
0.323 0.004 11.12
0.328 0.007 11.15
0.327 0.003 11.18
0.329 0.003 11.22
0.329 0.002 11.25
0.331 0.006 11.29
0 0 11.31
0.334 0.007 11.35
0.335 0.004 11.38
0.338 0.006 11.42
0.346 0.008 11.45
0.346 0.006 11.48
0.351 0.007 11.52
0.358 0.007 11.55
0.363 0.008 11.58
0.37 0.011 11.62
0.378 0.008 11.65
0.386 0.011 11.68
0 0 11.71
0.398 0.017 11.75
0 0 11.78
0 0 11.81
0 0 11.85
0 0 11.88
0 0 11.91
0 0 11.95
0 0 11.98
0 0 12.01
0 0 12.05
0 0 12.08
0 0 12.11
0 0 12.14
0 0 12.18
0 0 12.21
0 0 12.25
0 0 12.28
0 0 12.31
0 0 12.35
0 0 12.38
0 0 12.41
0 0 12.44
0 0 12.48
0 0 12.51
0 0 12.55
0 0 12.58
0 0 12.61
0 0 12.64
0 0 12.68
0 0 12.71
0 0 12.75
0 0 12.78
0 0 12.81
0 0 12.85
0 0 12.88
0 0 12.91
0 0 12.95
0 0 12.98
0 0 13.01
0 0 13.05
0 0 13.08
0 0 13.12
0 0 13.15
0 0 13.18
0.687 0.225 13.22
0 0 13.25
0 0 13.28
0 0 13.31
0 0 13.35
0 0 13.39
0.696 0.013 13.42
0 0 13.45
0 0 13.48
0.703 0.002 13.52
0.702 0.0 13.55
0 0 13.58
0 0 13.61
0 0 13.65
0 0 13.68
0.701 0.008 13.72
0.704 0.005 13.75
0 0 13.78
0 0 13.81
0 0 13.85
0 0 13.88
0 0 13.91
0 0 13.95
0 0 13.98
0 0 14.01
0 0 14.05
0 0 14.08
0 0 14.11
0 0 14.15
0 0 14.18
0 0 14.21
0 0 14.25
0 0 14.28
0 0 14.31
0 0 14.35
0 0 14.38
0 0 14.41
0.405 0.323 14.45
0.403 0.008 14.48
0 0 14.51
0 0 14.55
0.393 0.017 14.58
0.393 0.007 14.61
0 0 14.65
0.389 0.006 14.68
0.388 0.004 14.71
0.39 0.003 14.75
0 0 14.78
0.39 0.007 14.82
0.391 0.003 14.85
0 0 14.88
0.392 0.004 14.92
0 0 14.95
0.391 0.005 14.98
0.391 0.002 15.02
0.391 0.002 15.05
0.392 0.003 15.08
0.391 0.0 15.11
0.393 0.002 15.15
0.391 0.004 15.18
0.392 0.003 15.22
0.393 0.001 15.25
0.391 0.005 15.28
0.394 0.004 15.31
0.392 0.005 15.35
0 0 15.38
0.392 0.007 15.42
0.391 0.004 15.45
0 0 15.48
0 0 15.51
0 0 15.55
0 0 15.58
0 0 15.61
0.39 0.005 15.65
0 0 15.68
0.392 0.011 15.71
0.391 0.003 15.75
0 0 15.78
0.389 0.008 15.81
0.388 0.005 15.85
0 0 15.88
0.392 0.014 15.92
0.384 0.015 15.95
0.386 0.006 15.98
0.383 0.003 16.01
0.384 0.005 16.05
0.384 0.005 16.08
0 0 16.11
0 0 16.14
0.378 0.008 16.18
0.376 0.002 16.21
0 0 16.25
0 0 16.28
0.374 0.008 16.31
0.372 0.008 16.35
0 0 16.38
0.374 0.013 16.41
0.373 0.008 16.45
0.373 0.007 16.48
0 0 16.51
0 0 16.54
0 0 16.58
0 0 16.61
0 0 16.64
0 0 16.68
0 0 16.71
0 0 16.75
0 0 16.78
0 0 16.81
0 0 16.85
0 0 16.88
0 0 16.91
0 0 16.94
0 0 16.98
0 0 17.01
0 0 17.05
0 0 17.08
0 0 17.11
0 0 17.15
0 0 17.18
0 0 17.21
0 0 17.25
0 0 17.28
0 0 17.31
0 0 17.35
0 0 17.38
0 0 17.41
0 0 17.45
0 0 17.48
0 0 17.51
0 0 17.55
0 0 17.58
0 0 17.61
0 0 17.65
0 0 17.68
0 0 17.71
0 0 17.74
0 0 17.78
0 0 17.81
0 0 17.84
0 0 17.88
0 0 17.91
0 0 17.95
0 0 17.98
0 0 18.01
0 0 18.04
0 0 18.08
0 0 18.11
0 0 18.14
0 0 18.18
0 0 18.21
0 0 18.24
0 0 18.28
0 0 18.31
0 0 18.35
0 0 18.38
0 0 18.41
0 0 18.45
0 0 18.48
0 0 18.51
0 0 18.55
0 0 18.58
0 0 18.61
0 0 18.64
0 0 18.68
0 0 18.71
0 0 18.74
0 0 18.78
0 0 18.81
0 0 18.85
0 0 18.88
0 0 18.91
0.686 0.339 18.95
0 0 18.98
0 0 19.01
0 0 19.05
0 0 19.08
0 0 19.11
0 0 19.15
0 0 19.18
0 0 19.21
0.695 0.01 19.25
0 0 19.28
0 0 19.31
0 0 19.35
0.7 0.005 19.38
0 0 19.41
0 0 19.45
0 0 19.48
0 0 19.51
0 0 19.55
0 0 19.58
0 0 19.61
0 0 19.65
0 0 19.68
0 0 19.71
0 0 19.74
0 0 19.78
0 0 19.81
0 0 19.85
0 0 19.88
0 0 19.91
0 0 19.94
0 0 19.98
0 0 20.01
0 0 20.04
0 0 20.08
0 0 20.11
0 0 20.14
0 0 20.18
0 0 20.21
0 0 20.24
0 0 20.28
0 0 20.31
0 0 20.34
0 0 20.38
0 0 20.41
0 0 20.44
0 0 20.48
0 0 20.51
0 0 20.54
0 0 20.58
0 0 20.61
0 0 20.64
0 0 20.68
0 0 20.71
0 0 20.75
0 0 20.78
0 0 20.81
0 0 20.84
0 0 20.88
0 0 20.91
0 0 20.95
0 0 20.98
0 0 21.01
0 0 21.04
0 0 21.08
0 0 21.11
0 0 21.14
0 0 21.18
0 0 21.21
0 0 21.24
0 0 21.28
0 0 21.31
0 0 21.34
0 0 21.38
0 0 21.41
0 0 21.44
0 0 21.48
0 0 21.51
0 0 21.54
0 0 21.58
0 0 21.61
0 0 21.64
0 0 21.68
0 0 21.71
0 0 21.74
0 0 21.78
0 0 21.81
0 0 21.85
0 0 21.88
0 0 21.91
0 0 21.94
0 0 21.98
0 0 22.01
0 0 22.04
0 0 22.07
0 0 22.11
0 0 22.14
0 0 22.18
0 0 22.21
0 0 22.24
0 0 22.28
0 0 22.31
0 0 22.34
0 0 22.38
0 0 22.41
0 0 22.44
0 0 22.48
0 0 22.51
0 0 22.54
0 0 22.58
0 0 22.61
0 0 22.64
0 0 22.68
0.595 0.117 22.71
0 0 22.74
0.597 0.006 22.78
0 0 22.81
0.588 0.004 22.85
0 0 22.88
0.582 0.004 22.91
0.587 0.008 22.94
0.582 0.005 22.98
0 0 23.01
0.572 0.007 23.04
0 0 23.08
0.572 0.002 23.11
0.561 0.001 23.14
0 0 23.18
0.561 0.001 23.21
0 0 23.24
0 0 23.28
0.556 0.004 23.31
0 0 23.35
0.548 0.003 23.38
0.551 0.004 23.41
0.57 0.033 23.45
0.543 0.035 23.48
0 0 23.51
0.552 0.011 23.55
0.548 0.004 23.58
0 0 23.61
0.554 0.008 23.64
0.548 0.001 23.68
0.556 0.01 23.72
0.555 0.001 23.75
0 0 23.78
0 0 23.81
0 0 23.85
0.559 0.018 23.88
0.559 0.008 23.92
0 0 23.94
0 0 23.98
0.557 0.011 24.02
0.561 0.008 24.05
0.563 0.005 24.08
0 0 24.11
0 0 24.14
0.568 0.02 24.18
0.562 0.002 24.21
0.563 0.003 24.25
0.565 0.005 24.28
0.568 0.005 24.31
0.56 0.003 24.35
0.565 0.008 24.38
0 0 24.41
0.55 0.006 24.45
0.547 0.003 24.48
0.552 0.007 24.51
0.553 0.002 24.55
0.551 0.003 24.58
0.553 0.004 24.61
0.552 0.009 24.64
0.549 0.004 24.68
0 0 24.71
0.544 0.005 24.74
0 0 24.78
0.547 0.01 24.81
0.542 0.006 24.85
0.543 0.006 24.88
0.541 0.002 24.91
0.541 0.001 24.94
0.539 0.002 24.98
0.542 0.004 25.02
0.542 0.001 25.05
0.531 0.009 25.08
0.535 0.005 25.12
0.535 0.001 25.16
0.529 0.004 25.19
0.529 0.001 25.22
0 0 25.25
0.529 0.002 25.28
0.52 0.007 25.32
0 0 25.34
0 0 25.38
0.515 0.003 25.41
0 0 25.44
0.509 0.007 25.48
0.508 0.002 25.52
0.506 0.001 25.55
0.507 0.001 25.58
0 0 25.61
0.504 0.003 25.65
0.504 0.001 25.68
0.499 0.006 25.71
0.497 0.001 25.75
0.496 0.001 25.78
0.494 0.002 25.81
0.492 0.001 25.85
0.49 0.002 25.88
0.493 0.004 25.91
0.489 0.004 25.95
0.491 0.003 25.98
0.486 0.005 26.02
0.489 0.003 26.05
0.488 0.001 26.08
0.487 0.001 26.11
0.489 0.003 26.15
0.487 0.002 26.18
0.488 0.001 26.21
0.501 0.016 26.24
0.483 0.021 26.28
0.488 0.005 26.31
0.485 0.003 26.35
0.488 0.003 26.38
0.486 0.002 26.41
0.484 0.003 26.44
0 0 26.48
0.489 0.006 26.52
0.485 0.005 26.54
0.486 0.001 26.58
0.49 0.005 26.61
0.487 0.004 26.64
0.487 0.0 26.68
0 0 26.71
0.486 0.001 26.75
0.488 0.002 26.78
0.484 0.004 26.81
0.485 0.001 26.84
0.486 0.001 26.88
0.49 0.005 26.91
0.483 0.008 26.94
0.49 0.007 26.98
0.489 0.001 27.01
0.487 0.002 27.05
0.489 0.001 27.08
0.485 0.005 27.12
0.488 0.003 27.15
0.49 0.002 27.18
0.486 0.005 27.21
0.489 0.003 27.24
0.489 0.001 27.28
0.486 0.004 27.31
0.481 0.007 27.34
0.477 0.004 27.38
0.473 0.006 27.41
0.469 0.005 27.45
0.463 0.007 27.48
0 0 27.51
0.458 0.009 27.54
0.457 0.003 27.58
0.457 0.003 27.61
0.453 0.004 27.64
0.453 0.002 27.68
0.452 0.003 27.72
0.45 0.003 27.75
0.454 0.006 27.78
0.448 0.007 27.81
0 0 27.84
0.448 0.004 27.88
0.448 0.002 27.91
0.449 0.002 27.94
0.452 0.004 27.98
0.45 0.002 28.01
0.455 0.004 28.05
0.45 0.006 28.08
0.449 0.002 28.11
0.454 0.008 28.15
0.454 0.004 28.18
0.454 0.001 28.21
0.453 0.001 28.25
0.457 0.002 28.28
0.457 0.001 28.31
0.454 0.004 28.35
0 0 28.38
0.457 0.002 28.42
0.457 0.002 28.45
0.46 0.001 28.48
0.461 0.001 28.51
0.464 0.003 28.54
0.461 0.004 28.58
0.463 0.002 28.61
0 0 28.65
0.46 0.007 28.68
0.462 0.003 28.71
0 0 28.74
0 0 28.78
0.455 0.017 28.81
0.455 0.002 28.85
0.45 0.007 28.88
0.451 0.007 28.91
0.448 0.005 28.95
0.44 0.012 28.98
0.435 0.007 29.01
0.437 0.004 29.05
0.429 0.011 29.08
0.425 0.005 29.11
0.421 0.009 29.15
0 0 29.18
0.405 0.02 29.21
0.408 0.007 29.25
0.4 0.01 29.28
0.392 0.009 29.31
0.392 0.006 29.35
0.386 0.007 29.38
0.378 0.009 29.41
0.373 0.007 29.44
0.374 0.005 29.48
0.366 0.01 29.51
0.362 0.004 29.54
0.36 0.01 29.58
0.356 0.004 29.62
0.352 0.005 29.64
0.352 0.006 29.68
0.348 0.004 29.71
0.346 0.003 29.75
0.348 0.005 29.78
0 0 29.81
0 0 29.84
0 0 29.88
0.346 0.012 29.91
0 0 29.94
0.343 0.006 29.98
0.347 0.003 30.01
0.345 0.002 30.05
0 0 30.08
0.348 0.005 30.11
0.351 0.006 30.14
0 0 30.18
0.35 0.003 30.21
0.356 0.001 30.25
0.355 0.001 30.28
0.355 0.001 30.31
0 0 30.34
0 0 30.38
0 0 30.41
0.367 0.008 30.44
0 0 30.48
0.366 0.003 30.51
0.374 0.003 30.54
0 0 30.58
0 0 30.61
0.375 0.007 30.65
0 0 30.68
0.381 0.006 30.71
0.38 0.001 30.75
0.384 0.002 30.78
0 0 30.81
0 0 30.85
0.386 0.004 30.88
0.384 0.003 30.92
0.385 0.002 30.95
0 0 30.98
0 0 31.01
0.386 0.005 31.04
0 0 31.08
0 0 31.11
0 0 31.14
0.391 0.002 31.19
0 0 31.21
0.394 0.003 31.25
0.393 0.003 31.28
0 0 31.31
0.398 0.002 31.35
0 0 31.38
0.401 0.005 31.41
0 0 31.44
0.402 0.008 31.48
0 0 31.51
0.407 0.005 31.55
0.406 0.005 31.58
0.406 0.004 31.61
0.41 0.007 31.65
0.414 0.004 31.68
0.416 0.003 31.71
0.423 0.004 31.75
0 0 31.77
0.428 0.006 31.81
0.43 0.003 31.84
0.435 0.004 31.88
0.436 0.003 31.91
0.437 0.003 31.95
0.441 0.003 31.98
0.443 0.003 32.01
0.443 0.004 32.04
0.447 0.004 32.08
0.45 0.004 32.11
0.45 0.004 32.14
0 0 32.18
0.456 0.007 32.21
0.459 0.007 32.25
0.46 0.005 32.28
0.463 0.005 32.31
0.464 0.005 32.35
0.467 0.007 32.38
0.472 0.006 32.41
0.475 0.007 32.45
0.48 0.009 32.48
0.487 0.009 32.51
0.49 0.006 32.55
0.494 0.006 32.58
0.502 0.011 32.61
0 0 32.64
0 0 32.68
0.524 0.028 32.71
0 0 32.74
0 0 32.78
0 0 32.81
0 0 32.84
0 0 32.88
0 0 32.91
0 0 32.94
0 0 32.98
0 0 33.01
0 0 33.04
0 0 33.07
0 0 33.11
0 0 33.14
0 0 33.18
0 0 33.21
0 0 33.24
0 0 33.28
0 0 33.31
0 0 33.34
0 0 33.38
0 0 33.41
0 0 33.44
0 0 33.48
0 0 33.51
0 0 33.54
0 0 33.58
0 0 33.61
0 0 33.64
0 0 33.68
0 0 33.71
0 0 33.74
0 0 33.78
0.654 0.129 33.81
0 0 33.84
0 0 33.88
0 0 33.91
0 0 33.94
0 0 33.98
0 0 34.01
0 0 34.05
0 0 34.08
0 0 34.11
0 0 34.14
0 0 34.18
0 0 34.21
0.666 0.026 34.25
0.664 0.006 34.28
0.665 0.002 34.31
0 0 34.34
0 0 34.38
0 0 34.41
0 0 34.44
0 0 34.48
0 0 34.51
0 0 34.54
0 0 34.58
0 0 34.61
0 0 34.64
0 0 34.68
0 0 34.71
0 0 34.74
0 0 34.77
0 0 34.81
0 0 34.84
0 0 34.87
0.64 0.047 34.91
0 0 34.94
0 0 34.97
0 0 35.01
0 0 35.04
0 0 35.08
0.628 0.017 35.11
0 0 35.14
0.629 0.002 35.18
0.636 0.012 35.21
0.634 0.006 35.24
0 0 35.28
0 0 35.31
0 0 35.34
0 0 35.37
0.643 0.016 35.41
0 0 35.44
0 0 35.48
0 0 35.51
0 0 35.54
0.641 0.021 35.58
0.641 0.007 35.61
0 0 35.64
0 0 35.68
0 0 35.71
0 0 35.74
0 0 35.78
0 0 35.81
0 0 35.84
0 0 35.87
0.561 0.09 35.91
0 0 35.94
0.535 0.027 35.98
0 0 36.01
0 0 36.04
0.498 0.041 36.08
0 0 36.11
0.479 0.023 36.14
0.472 0.009 36.18
0.465 0.008 36.21
0.46 0.007 36.25
0.456 0.005 36.28
0.453 0.003 36.31
0.449 0.006 36.34
0.448 0.003 36.38
0.446 0.005 36.41
0.444 0.003 36.44
0.443 0.002 36.48
0.442 0.002 36.51
0.441 0.001 36.54
0.44 0.003 36.58
0.439 0.002 36.61
0.437 0.003 36.64
0.436 0.004 36.68
0.434 0.002 36.71
0.432 0.003 36.74
0.43 0.003 36.78
0.429 0.003 36.81
0.427 0.003 36.85
0.425 0.003 36.88
0 0 36.91
0.422 0.007 36.94
0.42 0.003 36.98
0.418 0.003 37.01
0.416 0.003 37.04
0.414 0.004 37.08
0.413 0.003 37.11
0.411 0.003 37.14
0.41 0.002 37.18
0.409 0.004 37.21
0.408 0.003 37.24
0.407 0.002 37.28
0.405 0.005 37.31
0 0 37.34
0.406 0.004 37.38
0.408 0.003 37.41
0.408 0.003 37.45
0.407 0.001 37.48
0.408 0.001 37.51
0.409 0.003 37.54
0.407 0.002 37.58
0.407 0.002 37.61
0.406 0.002 37.65
0.405 0.004 37.68
0.404 0.004 37.71
0.402 0.003 37.74
0.403 0.004 37.78
0.402 0.004 37.81
0 0 37.84
0 0 37.87
0.402 0.005 37.91
0.401 0.002 37.95
0.404 0.009 37.98
0 0 38.01
0 0 38.04
0.402 0.005 38.08
0.4 0.004 38.11
0.402 0.002 38.14
0.403 0.003 38.18
0 0 38.21
0.405 0.008 38.24
0.406 0.003 38.28
0.406 0.004 38.31
0.409 0.003 38.34
0.41 0.002 38.38
0.41 0.002 38.41
0.411 0.002 38.45
0.413 0.003 38.48
0.414 0.002 38.51
0.415 0.002 38.55
0.418 0.005 38.59
0.419 0.003 38.61
0.42 0.004 38.65
0.423 0.006 38.68
0.425 0.005 38.71
0.428 0.006 38.74
0.43 0.005 38.78
0.434 0.006 38.81
0.437 0.005 38.84
0.441 0.008 38.88
0.446 0.006 38.91
0.449 0.005 38.94
0.452 0.005 38.98
0.457 0.006 39.01
0.461 0.006 39.04
0.467 0.007 39.08
0.475 0.009 39.11
0.481 0.007 39.14
0.489 0.009 39.18
0.499 0.011 39.21
0.507 0.01 39.24
0.517 0.012 39.28
0.528 0.013 39.31
0 0 39.34
0 0 39.37
0 0 39.41
0.58 0.06 39.44
0 0 39.47
0 0 39.51
0 0 39.54
0 0 39.58
0 0 39.61
0 0 39.64
0 0 39.68
0 0 39.71
0 0 39.74
0 0 39.77
0 0 39.81
0 0 39.84
0 0 39.87
0.663 0.085 39.91
0.663 0.008 39.94
0 0 39.97
0 0 40.01
0 0 40.04
0.665 0.024 40.07
0.664 0.003 40.11
0 0 40.14
0.668 0.007 40.18
0 0 40.21
0 0 40.24
0.664 0.007 40.27
0 0 40.31
0 0 40.34
0.664 0.001 40.37
0 0 40.41
0 0 40.44
0 0 40.47
0 0 40.51
0 0 40.54
0.654 0.018 40.58
0 0 40.61
0 0 40.64
0 0 40.68
0.666 0.018 40.71
0.664 0.003 40.75
0.653 0.017 40.78
0 0 40.81
0 0 40.84
0.659 0.012 40.88
0.66 0.004 40.91
0 0 40.94
0 0 40.97
0.65 0.011 41.01
0 0 41.04
0.647 0.004 41.08
0 0 41.11
0.644 0.005 41.14
0.642 0.003 41.18
0 0 41.21
0 0 41.24
0 0 41.27
0 0 41.31
0 0 41.34
0 0 41.37
0 0 41.41
0.634 0.007 41.44
0.628 0.008 41.47
0 0 41.51
0 0 41.54
0 0 41.57
0 0 41.61
0.608 0.032 41.64
0 0 41.67
0.581 0.03 41.71
0 0 41.74
0 0 41.77
0.529 0.051 41.81
0 0 41.84
0 0 41.87
0.48 0.049 41.91
0 0 41.94
0.446 0.033 41.97
0.432 0.017 42.01
0 0 42.04
0 0 42.07
0.404 0.034 42.11
0 0 42.14
0 0 42.18
0.389 0.022 42.21
0 0 42.24
0 0 42.27
0 0 42.31
0.383 0.019 42.34
0.385 0.004 42.38
0.382 0.003 42.41
0.38 0.003 42.44
0.382 0.006 42.47
0 0 42.51
0 0 42.54
0.378 0.011 42.58
0.377 0.003 42.62
0.373 0.002 42.64
0 0 42.67
0 0 42.71
0 0 42.74
0 0 42.77
0.376 0.02 42.81
0 0 42.84
0.363 0.011 42.88
0.366 0.007 42.91
0 0 42.94
0 0 42.97
0 0 43.01
0 0 43.04
0 0 43.07
0 0 43.11
0 0 43.14
0 0 43.17
0 0 43.21
0 0 43.24
0 0 43.27
0 0 43.31
0 0 43.34
0 0 43.38
0 0 43.41
0 0 43.44
0 0 43.47
0 0 43.51
0 0 43.54
0 0 43.57
0 0 43.61
0 0 43.64
0 0 43.67
0 0 43.71
0 0 43.74
0 0 43.77
0 0 43.81
0 0 43.84
0 0 43.87
0 0 43.91
0 0 43.94
0 0 43.97
0 0 44.01
0 0 44.04
0 0 44.08
0 0 44.11
0 0 44.14
0 0 44.17
0 0 44.21
0 0 44.24
0 0 44.27
0 0 44.31
0 0 44.34
0 0 44.37
0 0 44.4
0 0 44.44
0 0 44.47
0 0 44.51
0 0 44.54
0 0 44.57
0 0 44.61
0 0 44.64
0 0 44.67
0 0 44.71
0 0 44.74
0 0 44.77
0 0 44.81
0 0 44.84
0 0 44.87
0 0 44.91
0 0 44.94
0.547 0.349 44.98
0 0 45.01
0 0 45.04
0 0 45.07
0 0 45.11
0.538 0.009 45.14
0 0 45.17
0.545 0.007 45.21
0 0 45.24
0 0 45.27
0 0 45.31
0 0 45.34
0.538 0.008 45.37
0 0 45.41
0 0 45.44
0 0 45.48
0 0 45.51
0 0 45.54
0.521 0.014 45.58
0 0 45.6
0 0 45.64
0.518 0.006 45.68
0.504 0.007 45.71
0 0 45.74
0 0 45.77
0.496 0.006 45.81
0.503 0.01 45.84
0 0 45.87
0 0 45.91
0 0 45.94
0 0 45.97
0 0 46.01
0 0 46.04
0 0 46.07
0 0 46.1
0 0 46.14
0 0 46.17
0 0 46.21
0 0 46.24
0 0 46.27
0 0 46.3
0 0 46.34
0 0 46.37
0 0 46.41
0 0 46.44
0 0 46.47
0 0 46.51
0 0 46.54
0 0 46.57
0 0 46.61
0 0 46.64
0 0 46.67
0 0 46.71
0 0 46.74
0 0 46.77
0 0 46.8
0 0 46.84
0 0 46.87
0 0 46.91
0 0 46.94
0 0 46.97
0 0 47.01
0 0 47.04
0 0 47.07
0 0 47.11
0 0 47.14
0 0 47.17
0 0 47.2
0 0 47.24
0 0 47.27
0 0 47.31
0 0 47.34
0 0 47.37
0 0 47.4
0 0 47.44
0 0 47.47
0 0 47.51
0 0 47.54
0 0 47.57
0 0 47.61
0 0 47.64
0 0 47.67
0 0 47.7
0 0 47.74
0 0 47.77
0 0 47.8
0 0 47.84
0 0 47.87
0 0 47.91
0 0 47.94
0 0 47.97
0 0 48.01
0 0 48.04
0 0 48.07
0 0 48.1
0 0 48.14
0 0 48.17
0 0 48.21
0 0 48.24
0 0 48.27
0 0 48.3
0 0 48.34
0 0 48.37
0 0 48.4
0 0 48.44
0 0 48.47
0 0 48.51
0 0 48.54
0 0 48.57
0 0 48.6
0 0 48.64
0 0 48.67
0 0 48.7
0 0 48.74
0 0 48.77
0 0 48.81
0 0 48.84
0 0 48.87
0 0 48.91
0 0 48.94
0 0 48.97
0 0 49.0
0 0 49.04
0 0 49.07
0 0 49.1
0 0 49.14
0 0 49.17
0 0 49.21
0 0 49.24
0 0 49.27
0 0 49.31
0 0 49.34
0 0 49.37
0 0 49.4
0 0 49.44
0 0 49.47
0 0 49.51
0 0 49.54
0 0 49.57
0 0 49.6
0 0 49.64
0 0 49.67
0 0 49.71
0 0 49.74
0 0 49.77
0 0 49.8
0 0 49.84
0 0 49.87
0 0 49.9
0 0 49.94
0 0 49.97
0 0 50.0
0 0 50.04
0 0 50.07
0 0 50.1
0 0 50.14
0 0 50.17
0 0 50.2
0 0 50.24
0 0 50.27
0 0 50.3
0 0 50.34
0 0 50.37
0 0 50.41
0 0 50.44
0 0 50.47
0 0 50.51
0 0 50.54
0 0 50.57
0 0 50.6
0 0 50.64
0 0 50.67
0 0 50.7
0 0 50.74
0 0 50.77
0 0 50.8
0 0 50.84
0 0 50.87
0 0 50.91
0 0 50.94
0 0 50.97
0 0 51.01
0 0 51.04
0 0 51.07
0 0 51.1
0.653 0.23 51.14
0.644 0.013 51.17
0.648 0.011 51.21
0 0 51.24
0.633 0.016 51.27
0.635 0.005 51.31
0.633 0.004 51.34
0.628 0.005 51.37
0.629 0.003 51.41
0.624 0.005 51.44
0.622 0.003 51.47
0.624 0.005 51.51
0 0 51.54
0.62 0.004 51.57
0.624 0.002 51.61
0.628 0.006 51.64
0.625 0.003 51.67
0.619 0.006 51.7
0.625 0.004 51.74
0.622 0.003 51.77
0.623 0.004 51.81
0.615 0.012 51.84
0.616 0.003 51.87
0.614 0.003 51.9
0.609 0.008 51.94
0 0 51.97
0.599 0.011 52.01
0.603 0.004 52.04
0.601 0.003 52.07
0.599 0.004 52.11
0.591 0.008 52.14
0.597 0.006 52.17
0.609 0.016 52.2
0.586 0.027 52.24
0.587 0.002 52.28
0.578 0.01 52.31
0.582 0.006 52.34
0.579 0.005 52.37
0.575 0.005 52.4
0.572 0.004 52.44
0.567 0.005 52.47
0.564 0.005 52.51
0.559 0.005 52.54
0.55 0.011 52.57
0.546 0.006 52.6
0 0 52.64
0.535 0.011 52.67
0 0 52.7
0.524 0.014 52.74
0 0 52.77
0.517 0.01 52.8
0.517 0.003 52.84
0.518 0.004 52.87
0 0 52.9
0.523 0.009 52.94
0.524 0.003 52.97
0.528 0.005 53.01
0.532 0.005 53.04
0.543 0.013 53.07
0.546 0.004 53.1
0.552 0.006 53.14
0.556 0.005 53.17
0.562 0.007 53.21
0.569 0.008 53.24
0.572 0.003 53.27
0.592 0.023 53.3
0.579 0.015 53.34
0.592 0.015 53.37
0.571 0.025 53.41
0.572 0.001 53.44
0.573 0.002 53.47
0.567 0.008 53.51
0.579 0.014 53.54
0.564 0.019 53.57
0.562 0.002 53.6
0.561 0.001 53.64
0.558 0.004 53.67
0.56 0.003 53.7
0.556 0.006 53.74
0.557 0.001 53.77
0.559 0.003 53.81
0.575 0.019 53.84
0.562 0.016 53.87
0.561 0.001 53.9
0.565 0.004 53.94
0.564 0.001 53.97
0.564 0.0 54.01
0.564 0.001 54.04
0.566 0.002 54.07
0.564 0.003 54.1
0.566 0.002 54.14
0.564 0.004 54.18
0.566 0.003 54.21
0.563 0.004 54.24
0.56 0.006 54.27
0.575 0.017 54.31
0.562 0.016 54.34
0.56 0.004 54.38
0.554 0.008 54.41
0.555 0.002 54.44
0.552 0.004 54.47
0.555 0.002 54.51
0.557 0.001 54.54
0.555 0.003 54.57
0.555 0.002 54.61
0.554 0.001 54.64
0.551 0.003 54.67
0.552 0.001 54.71
0.549 0.004 54.74
0.546 0.003 54.77
0.54 0.007 54.8
0.538 0.007 54.84
0.53 0.009 54.87
0.526 0.005 54.91
0 0 54.94
0.515 0.016 54.97
0.51 0.005 55.01
0.503 0.011 55.04
0.494 0.01 55.07
0.488 0.007 55.11
0.485 0.006 55.14
0 0 55.17
0.47 0.018 55.2
0 0 55.24
0.462 0.014 55.27
0 0 55.31
0.45 0.016 55.34
0.448 0.007 55.38
0.443 0.007 55.41
0.438 0.007 55.44
0.436 0.007 55.48
0.431 0.007 55.51
0.424 0.01 55.54
0 0 55.57
0.417 0.013 55.61
0.412 0.006 55.64
0.411 0.007 55.68
0.405 0.006 55.71
0.4 0.007 55.74
0.395 0.006 55.77
0.392 0.008 55.81
0 0 55.84
0.385 0.011 55.87
0.384 0.007 55.91
0.381 0.005 55.94
0.378 0.005 55.98
0.376 0.007 56.01
0.374 0.005 56.05
0 0 56.08
0.375 0.009 56.12
0.369 0.007 56.15
0.366 0.003 56.18
0.364 0.003 56.21
0.365 0.004 56.24
0.365 0.004 56.27
0.363 0.002 56.3
0.369 0.004 56.34
0.366 0.005 56.37
0 0 56.4
0.365 0.005 56.44
0.368 0.003 56.47
0.369 0.005 56.51
0 0 56.54
0.367 0.007 56.57
0.364 0.003 56.61
0 0 56.64
0 0 56.67
0 0 56.7
0 0 56.74
0.366 0.009 56.78
0 0 56.8
0 0 56.84
0.365 0.005 56.87
0.371 0.003 56.91
0 0 56.94
0 0 56.97
0 0 57.01
0 0 57.04
0 0 57.07
0 0 57.1
0 0 57.14
0 0 57.17
0 0 57.21
0.399 0.031 57.24
0.395 0.012 57.28
0.402 0.003 57.32
0.4 0.005 57.35
0.392 0.012 57.38
0.39 0.006 57.41
0.389 0.006 57.44
0.385 0.007 57.47
0.38 0.008 57.51
0.378 0.008 57.54
0 0 57.57
0.374 0.015 57.61
0.374 0.006 57.64
0.373 0.005 57.67
0.371 0.004 57.71
0 0 57.74
0.374 0.009 57.77
0 0 57.8
0.374 0.005 57.84
0.378 0.003 57.87
0 0 57.9
0.376 0.004 57.94
0.379 0.002 57.98
0.379 0.001 58.01
0.379 0.001 58.05
0 0 58.08
0.38 0.001 58.11
0.38 0.001 58.14
0.379 0.002 58.17
0 0 58.2
0.381 0.001 58.24
0.382 0.002 58.27
0 0 58.3
0 0 58.34
0.383 0.008 58.37
0.384 0.004 58.4
0.384 0.005 58.44
0.386 0.005 58.47
0 0 58.5
0.391 0.009 58.54
0.394 0.005 58.57
0 0 58.6
0.4 0.013 58.64
0 0 58.67
0.41 0.016 58.7
0.415 0.009 58.74
0 0 58.77
0.43 0.022 58.81
0 0 58.84
0 0 58.87
0 0 58.9
0 0 58.94
0 0 58.97
0 0 59.0
0 0 59.04
0 0 59.07
0 0 59.1
0 0 59.14
0 0 59.17
0 0 59.2
0 0 59.24
0 0 59.27
0 0 59.3
0 0 59.34
0 0 59.37
0 0 59.4
0 0 59.44
0 0 59.47
0 0 59.51
0 0 59.54
0 0 59.57
0 0 59.61
0 0 59.64
0 0 59.67
0 0 59.7
0 0 59.74
0 0 59.77
0 0 59.8
0 0 59.84
0 0 59.87
0 0 59.9
0 0 59.94
0 0 59.97
0.734 0.314 60.01
0 0 60.04
0 0 60.07
0 0 60.1
0 0 60.14
0 0 60.17
0 0 60.2
0 0 60.24
0 0 60.27
0 0 60.3
0.725 0.019 60.34
0 0 60.37
0 0 60.4
0 0 60.44
0.719 0.014 60.47
0 0 60.51
0 0 60.54
0 0 60.57
0 0 60.6
0 0 60.64
0 0 60.67
0 0 60.7
0 0 60.74
0 0 60.77
0 0 60.8
0 0 60.84
0 0 60.87
0 0 60.9
0 0 60.94
0 0 60.97
0 0 61.01
0 0 61.04
0.673 0.056 61.07
0 0 61.1
0 0 61.14
0 0 61.17
0 0 61.21
0.664 0.012 61.24
0.663 0.002 61.27
0 0 61.3
0 0 61.34
0.662 0.002 61.37
0.651 0.015 61.41
0 0 61.44
0 0 61.47
0.653 0.006 61.51
0 0 61.54
0 0 61.57
0 0 61.6
0.648 0.004 61.64
0 0 61.67
0.646 0.005 61.71
0 0 61.74
0 0 61.77
0 0 61.8
0 0 61.84
0 0 61.87
0.641 0.007 61.91
0 0 61.94
0 0 61.97
0.648 0.009 62.01
0 0 62.04
0 0 62.07
0 0 62.1
0 0 62.14
0 0 62.17
0 0 62.2
0 0 62.24
0 0 62.27
0 0 62.3
0.673 0.045 62.34
0 0 62.37
0 0 62.4
0 0 62.44
0 0 62.47
0 0 62.5
0 0 62.54
0 0 62.57
0 0 62.6
0 0 62.63
0 0 62.67
0 0 62.7
0 0 62.74
0 0 62.77
0 0 62.8
0 0 62.84
0.514 0.184 62.87
0.494 0.021 62.91
0 0 62.94
0 0 62.97
0 0 63.0
0 0 63.04
0 0 63.07
0 0 63.1
0.431 0.078 63.14
0.428 0.005 63.17
0 0 63.2
0.43 0.01 63.24
0 0 63.27
0.425 0.01 63.3
0 0 63.34
0 0 63.37
0 0 63.4
0 0 63.44
0 0 63.47
0.42 0.01 63.51
0 0 63.54
0.419 0.005 63.58
0 0 63.61
0 0 63.64
0 0 63.67
0 0 63.7
0 0 63.74
0 0 63.77
0.4 0.02 63.81
0.396 0.005 63.84
0.394 0.004 63.88
0.39 0.004 63.91
0.396 0.013 63.94
0.395 0.004 63.97
0 0 64.0
0 0 64.04
0 0 64.07
0.401 0.015 64.11
0.396 0.007 64.14
0.4 0.005 64.17
0.398 0.002 64.2
0 0 64.24
0.395 0.003 64.27
0.398 0.005 64.31
0.391 0.01 64.35
0 0 64.37
0 0 64.4
0.393 0.008 64.44
0 0 64.47
0 0 64.5
0.392 0.003 64.54
0.39 0.003 64.57
0 0 64.61
0 0 64.64
0 0 64.67
0.393 0.004 64.71
0.393 0.001 64.74
0 0 64.77
0 0 64.8
0 0 64.84
0 0 64.87
0 0 64.9
0 0 64.93
0 0 64.97
0.386 0.018 65.01
0.387 0.003 65.04
0.388 0.002 65.07
0.384 0.003 65.11
0 0 65.14
0.38 0.005 65.17
0.38 0.001 65.2
0.381 0.001 65.24
0 0 65.28
0.382 0.004 65.31
0.377 0.008 65.35
0.381 0.004 65.38
0.379 0.005 65.4
0 0 65.43
0.378 0.005 65.47
0.377 0.004 65.51
0 0 65.54
0 0 65.57
0.373 0.005 65.61
0.368 0.001 65.64
0 0 65.67
0.369 0.002 65.7
0 0 65.73
0.368 0.002 65.77
0 0 65.8
0 0 65.84
0.363 0.006 65.87
0.358 0.009 65.9
0.362 0.006 65.94
0.359 0.001 65.97
0 0 66.0
0.356 0.007 66.04
0 0 66.07
0.356 0.004 66.1
0 0 66.14
0.357 0.003 66.17
0.352 0.003 66.2
0 0 66.23
0 0 66.27
0.353 0.006 66.31
0.352 0.004 66.34
0 0 66.37
0.348 0.005 66.4
0 0 66.44
0.352 0.006 66.47
0.352 0.003 66.51
0 0 66.54
0.351 0.004 66.57
0.351 0.002 66.61
0 0 66.64
0 0 66.67
0 0 66.7
0 0 66.74
0 0 66.77
0 0 66.8
0.356 0.036 66.84
0.368 0.013 66.87
0 0 66.9
0 0 66.93
0 0 66.97
0 0 67.0
0 0 67.03
0 0 67.07
0 0 67.1
0 0 67.14
0 0 67.17
0 0 67.2
0 0 67.23
0 0 67.27
0 0 67.3
0 0 67.34
0 0 67.37
0 0 67.4
0 0 67.44
0 0 67.47
0 0 67.5
0 0 67.53
0 0 67.57
0 0 67.6
0 0 67.63
0 0 67.67
0 0 67.7
0 0 67.74
0 0 67.77
0 0 67.8
0 0 67.84
0 0 67.87
0 0 67.9
0 0 67.93
0 0 67.97
0 0 68.0
0 0 68.03
0 0 68.07
0 0 68.1
0 0 68.13
0 0 68.17
0 0 68.2
0 0 68.24
0 0 68.27
0 0 68.3
0 0 68.34
0 0 68.37
0 0 68.4
0 0 68.43
0 0 68.47
0 0 68.5
0 0 68.53
0 0 68.57
0 0 68.6
0 0 68.63
0 0 68.67
0 0 68.7
0 0 68.73
0 0 68.77
0 0 68.8
0 0 68.83
0 0 68.87
0 0 68.9
0 0 68.93
0 0 68.97
0 0 69.0
0 0 69.03
0 0 69.07
0 0 69.1
0 0 69.13
0 0 69.17
0 0 69.2
0 0 69.23
0 0 69.27
0 0 69.3
0 0 69.33
0 0 69.37
0 0 69.4
0 0 69.43
0 0 69.47
0 0 69.5
0 0 69.53
0 0 69.57
0 0 69.6
0 0 69.63
0 0 69.67
0 0 69.7
0 0 69.73
0 0 69.77
0 0 69.8
0 0 69.83
0 0 69.87
0 0 69.9
0 0 69.94
0 0 69.97
0 0 70.0
0 0 70.04
0 0 70.07
0 0 70.1
0 0 70.13
0 0 70.17
0 0 70.2
0 0 70.23
0 0 70.27
0 0 70.3
0 0 70.33
0 0 70.37
0 0 70.4
0 0 70.43
0 0 70.47
0 0 70.5
0 0 70.53
0 0 70.57
0 0 70.6
0 0 70.63
0 0 70.67
0 0 70.7
0 0 70.73
0 0 70.77
0 0 70.8
0 0 70.83
0.478 0.224 70.87
0 0 70.9
0 0 70.93
0.471 0.028 70.97
0.477 0.005 71.0
0 0 71.03
0 0 71.07
0.477 0.017 71.11
0 0 71.14
0.483 0.008 71.17
0.483 0.003 71.2
0.484 0.002 71.24
0.484 0.002 71.27
0.484 0.002 71.3
0.487 0.003 71.34
0.49 0.006 71.37
0.491 0.003 71.41
0.496 0.007 71.43
0.494 0.006 71.47
0 0 71.5
0.496 0.017 71.54
0.504 0.012 71.57
0 0 71.6
0 0 71.63
0 0 71.67
0 0 71.7
0 0 71.73
0 0 71.77
0 0 71.8
0 0 71.83
0 0 71.87
0 0 71.9
0 0 71.93
0 0 71.97
0 0 72.0
0 0 72.03
0 0 72.07
0 0 72.1
0 0 72.13
0 0 72.17
0 0 72.2
0 0 72.23
0 0 72.27
0 0 72.3
0.537 0.024 72.34
0.526 0.013 72.37
0.518 0.01 72.4
0.517 0.005 72.43
0 0 72.47
0 0 72.5
0.51 0.014 72.54
0 0 72.57
0 0 72.6
0 0 72.64
0 0 72.67
0 0 72.7
0 0 72.73
0 0 72.77
0 0 72.8
0 0 72.83
0 0 72.87
0 0 72.9
0 0 72.93
0 0 72.97
0 0 73.0
0 0 73.03
0 0 73.07
0 0 73.1
0 0 73.14
0 0 73.17
0 0 73.2
0 0 73.23
0 0 73.27
0 0 73.3
0 0 73.33
0 0 73.37
0 0 73.4
0 0 73.43
0 0 73.47
0 0 73.5
0 0 73.53
0 0 73.57
0 0 73.6
0 0 73.63
0 0 73.67
0 0 73.7
0 0 73.73
0 0 73.77
0 0 73.8
0 0 73.84
0 0 73.87
0 0 73.9
0 0 73.93
0 0 73.97
0 0 74.0
0 0 74.03
0 0 74.07
0 0 74.1
0 0 74.13
0 0 74.17
0 0 74.2
0 0 74.23
0 0 74.27
0 0 74.3
0 0 74.34
0 0 74.37
0 0 74.4
0 0 74.43
0 0 74.47
0 0 74.5
0 0 74.53
0 0 74.57
0 0 74.6
0 0 74.63
0 0 74.67
0 0 74.7
0 0 74.73
0 0 74.77
0.576 0.049 74.8
0.581 0.016 74.84
0.586 0.016 74.87
0.596 0.017 74.9
0.611 0.016 74.94
0.626 0.017 74.97
0.639 0.015 75.0
0.658 0.018 75.03
0.668 0.011 75.07
0 0 75.1
0.685 0.02 75.14
0.695 0.007 75.17
0.699 0.005 75.2
0 0 75.24
0 0 75.27
0.714 0.015 75.3
0.714 0.005 75.34
0.724 0.006 75.38
0.72 0.005 75.41
0.719 0.002 75.44
0 0 75.47
0.719 0.004 75.5
0 0 75.53
0 0 75.57
0.725 0.007 75.6
0.725 0.002 75.63
0.726 0.001 75.67
0.727 0.001 75.7
0.729 0.002 75.73
0.729 0.002 75.77
0.727 0.004 75.8
0 0 75.84
0 0 75.87
0.722 0.009 75.9
0.72 0.004 75.93
0.72 0.001 75.97
0.714 0.006 76.0
0.712 0.004 76.03
0.716 0.004 76.07
0.714 0.004 76.1
0.704 0.011 76.14
0.697 0.007 76.17
0.688 0.011 76.2
0 0 76.24
0 0 76.27
0 0 76.3
0.63 0.071 76.34
0 0 76.37
0 0 76.4
0 0 76.43
0 0 76.47
0 0 76.5
0 0 76.53
0 0 76.57
0 0 76.6
0 0 76.63
0.421 0.218 76.67
0 0 76.7
0 0 76.73
0.411 0.025 76.77
0.412 0.008 76.8
0.412 0.005 76.84
0.416 0.009 76.87
0 0 76.9
0 0 76.93
0 0 76.97
0.422 0.011 77.0
0.423 0.001 77.04
0 0 77.07
0.425 0.003 77.11
0 0 77.13
0.425 0.001 77.17
0 0 77.2
0 0 77.23
0 0 77.27
0.428 0.004 77.3
0.428 0.003 77.34
0 0 77.37
0.429 0.002 77.4
0.427 0.004 77.44
0.427 0.002 77.47
0.424 0.006 77.51
0.426 0.006 77.54
0.424 0.004 77.57
0 0 77.6
0.424 0.002 77.63
0.426 0.001 77.67
0.428 0.004 77.7
0 0 77.73
0 0 77.77
0 0 77.8
0.43 0.007 77.84
0 0 77.87
0.438 0.015 77.9
0.434 0.009 77.94
0.436 0.004 77.97
0 0 78.0
0.435 0.009 78.03
0.436 0.003 78.07
0 0 78.1
0 0 78.13
0.432 0.013 78.17
0.43 0.005 78.2
0.432 0.002 78.24
0.436 0.004 78.27
0.438 0.005 78.3
0.439 0.006 78.33
0 0 78.37
0 0 78.4
0 0 78.43
0.439 0.025 78.47
0 0 78.5
0.441 0.003 78.54
0.441 0.003 78.57
0.443 0.001 78.6
0.443 0.003 78.63
0.443 0.004 78.67
0.444 0.002 78.71
0.446 0.002 78.74
0 0 78.77
0 0 78.8
0.447 0.004 78.84
0.448 0.004 78.87
0.447 0.006 78.9
0 0 78.93
0.448 0.002 78.97
0 0 79.0
0.45 0.003 79.03
0 0 79.06
0 0 79.1
0.452 0.003 79.13
0 0 79.17
0 0 79.2
0 0 79.24
0 0 79.27
0.454 0.002 79.3
0.454 0.001 79.34
0.453 0.005 79.37
0.453 0.001 79.4
0 0 79.43
0 0 79.47
0.453 0.003 79.5
0.455 0.004 79.53
0 0 79.57
0 0 79.6
0.454 0.006 79.63
0.454 0.002 79.67
0.454 0.002 79.7
0.453 0.001 79.73
0 0 79.76
0.451 0.003 79.8
0 0 79.83
0.451 0.001 79.87
0.451 0.003 79.9
0 0 79.93
0.45 0.002 79.97
0 0 80.0
0 0 80.03
0 0 80.07
0 0 80.1
0.449 0.014 80.14
0 0 80.17
0 0 80.2
0 0 80.23
0.447 0.004 80.27
0.447 0.001 80.3
0.448 0.005 80.34
0 0 80.36
0.446 0.004 80.4
0.447 0.002 80.44
0.446 0.002 80.47
0.446 0.001 80.5
0.448 0.004 80.53
0.448 0.001 80.57
0 0 80.6
0 0 80.63
0.449 0.003 80.67
0 0 80.7
0.449 0.001 80.73
0 0 80.76
0 0 80.8
0.451 0.004 80.84
0 0 80.87
0 0 80.9
0 0 80.93
0 0 80.97
0 0 81.0
0 0 81.03
0.45 0.002 81.07
0.449 0.004 81.1
0.449 0.002 81.13
0 0 81.17
0.45 0.002 81.2
0 0 81.23
0 0 81.26
0 0 81.3
0.452 0.004 81.33
0.452 0.001 81.37
0 0 81.4
0.451 0.003 81.43
0 0 81.46
0.451 0.001 81.5
0.453 0.005 81.53
0.453 0.0 81.57
0 0 81.6
0 0 81.63
0 0 81.67
0 0 81.7
0 0 81.73
0.454 0.002 81.77
0 0 81.8
0 0 81.83
0.454 0.002 81.87
0 0 81.9
0.456 0.005 81.93
0 0 81.96
0 0 82.0
0.455 0.002 82.03
0.455 0.001 82.07
0 0 82.1
0 0 82.13
0 0 82.17
0.458 0.009 82.2
0.456 0.003 82.23
0 0 82.26
0.454 0.003 82.3
0.456 0.005 82.33
0 0 82.37
0.454 0.004 82.4
0 0 82.43
0.454 0.004 82.47
0 0 82.5
0.452 0.004 82.53
0 0 82.56
0 0 82.6
0 0 82.63
0 0 82.67
0 0 82.7
0 0 82.73
0 0 82.76
0 0 82.8
0 0 82.83
0.461 0.044 82.87
0 0 82.9
0.465 0.005 82.94
0.464 0.004 82.97
0 0 83.0
0.466 0.003 83.03
0 0 83.07
0.474 0.014 83.1
0 0 83.13
0.477 0.004 83.17
0 0 83.2
0 0 83.23
0 0 83.26
0.487 0.013 83.3
0 0 83.33
0.495 0.01 83.37
0 0 83.4
0 0 83.43
0 0 83.46
0 0 83.5
0 0 83.53
0 0 83.57
0 0 83.6
0 0 83.63
0 0 83.67
0 0 83.7
0 0 83.73
0 0 83.76
0 0 83.8
0 0 83.83
0 0 83.86
0 0 83.9
0 0 83.93
0 0 83.96
0 0 84.0
0 0 84.03
0 0 84.06
0 0 84.1
0 0 84.13
0 0 84.17
0 0 84.2
0 0 84.23
0 0 84.27
0 0 84.3
0 0 84.33
0 0 84.36
0 0 84.4
0 0 84.43
0 0 84.47
0 0 84.5
0 0 84.53
0 0 84.57
0 0 84.6
0 0 84.63
0 0 84.67
0 0 84.7
0 0 84.73
0 0 84.76
0 0 84.8
0 0 84.83
0 0 84.86
0 0 84.9
0 0 84.93
0 0 84.96
0 0 85.0
0 0 85.03
0 0 85.06
0 0 85.1
0 0 85.13
0 0 85.17
0 0 85.2
0 0 85.23
0 0 85.26
0 0 85.3
0 0 85.33
0 0 85.36
0 0 85.4
0 0 85.43
0 0 85.46
0 0 85.5
0 0 85.53
0 0 85.56
0 0 85.6
0 0 85.63
0 0 85.67
0 0 85.7
0 0 85.73
0 0 85.76
0 0 85.8
0 0 85.83
0 0 85.86
0 0 85.9
0 0 85.93
0 0 85.96
0 0 86.0
0 0 86.03
0 0 86.06
0 0 86.1
0 0 86.13
0 0 86.17
0 0 86.2
0 0 86.23
0 0 86.26
0 0 86.3
0 0 86.33
0 0 86.36
0 0 86.4
0 0 86.43
0 0 86.46
0 0 86.5
0 0 86.53
0 0 86.56
0.598 0.162 86.6
0.611 0.018 86.63
0 0 86.66
0 0 86.7
0 0 86.73
0 0 86.76
0 0 86.8
0 0 86.83
0 0 86.86
0 0 86.9
0 0 86.93
0 0 86.96
0 0 87.0
0 0 87.03
0 0 87.06
0 0 87.1
0 0 87.13
0 0 87.16
0 0 87.19
0 0 87.23
0 0 87.26
0 0 87.3
0 0 87.33
0 0 87.36
0.593 0.168 87.4
0 0 87.43
0 0 87.46
0 0 87.5
0 0 87.53
0 0 87.56
0.571 0.03 87.6
0.571 0.003 87.63
0 0 87.66
0.567 0.006 87.7
0 0 87.73
0.562 0.005 87.76
0 0 87.8
0.565 0.006 87.83
0.562 0.006 87.86
0.558 0.003 87.9
0.563 0.008 87.93
0 0 87.96
0 0 88.0
0 0 88.03
0 0 88.06
0 0 88.1
0 0 88.13
0.558 0.019 88.17
0 0 88.2
0 0 88.23
0.539 0.005 88.26
0.54 0.002 88.3
0 0 88.33
0 0 88.36
0 0 88.4
0.53 0.005 88.43
0.53 0.001 88.46
0.529 0.001 88.5
0.519 0.004 88.54
0.527 0.01 88.56
0.525 0.001 88.6
0.521 0.003 88.63
0.524 0.004 88.67
0.521 0.003 88.7
0.515 0.001 88.74
0.52 0.006 88.77
0.523 0.004 88.8
0.519 0.005 88.83
0.516 0.004 88.87
0 0 88.9
0.514 0.003 88.93
0.509 0.0 88.97
0.522 0.015 89.0
0.515 0.008 89.04
0.507 0.003 89.07
0 0 89.1
0.508 0.001 89.13
0.509 0.001 89.17
0 0 89.2
0.514 0.012 89.23
0.507 0.008 89.27
0.499 0.004 89.3
0.5 0.001 89.33
0.509 0.011 89.37
0.499 0.008 89.4
0.5 0.001 89.44
0.501 0.002 89.46
0.499 0.006 89.5
0.498 0.001 89.53
0 0 89.56
0.494 0.006 89.6
0.493 0.003 89.64
0.492 0.001 89.67
0.494 0.002 89.7
0.487 0.005 89.73
0.489 0.002 89.77
0.486 0.003 89.8
0.485 0.002 89.83
0.496 0.013 89.87
0.485 0.013 89.9
0.489 0.009 89.93
0 0 89.96
0.483 0.007 90.0
0.48 0.004 90.03
0 0 90.06
0 0 90.1
0.475 0.002 90.13
0.472 0.002 90.16
0.469 0.004 90.2
0.465 0.004 90.23
0.466 0.003 90.27
0.464 0.002 90.3
0.459 0.006 90.33
0.458 0.001 90.36
0.459 0.001 90.4
0.454 0.005 90.43
0.45 0.005 90.46
0 0 90.5
0.444 0.006 90.53
0.439 0.006 90.57
0.437 0.001 90.6
0.437 0.001 90.63
0 0 90.66
0.44 0.008 90.7
0 0 90.73
0.428 0.015 90.76
0.435 0.009 90.8
0.423 0.013 90.83
0.435 0.015 90.87
0.422 0.016 90.9
0.412 0.012 90.93
0.418 0.008 90.96
0.415 0.003 91.0
0.417 0.003 91.03
0 0 91.06
0.406 0.013 91.1
0.409 0.005 91.13
0.422 0.016 91.17
0.406 0.02 91.2
0.417 0.015 91.23
0.412 0.006 91.27
0.413 0.002 91.3
0.404 0.011 91.33
0.4 0.005 91.37
0.419 0.023 91.4
0.404 0.017 91.44
0.4 0.005 91.46
0.403 0.004 91.5
0.403 0.001 91.54
0.399 0.005 91.57
0.419 0.025 91.6
0.4 0.023 91.63
0.404 0.006 91.67
0.4 0.005 91.7
0.402 0.003 91.73
0.405 0.004 91.77
0.404 0.001 91.8
0.411 0.009 91.83
0.42 0.011 91.86
0.417 0.004 91.9
0.403 0.017 91.93
0.407 0.004 91.97
0.409 0.003 92.0
0.41 0.001 92.03
0.412 0.002 92.07
0.412 0.0 92.1
0.412 0.0 92.13
0.406 0.007 92.16
0.411 0.005 92.2
0.41 0.001 92.23
0.411 0.001 92.27
0.41 0.003 92.3
0.408 0.002 92.33
0.412 0.005 92.36
0.409 0.006 92.4
0.413 0.005 92.43
0.408 0.007 92.46
0.409 0.001 92.5
0.411 0.001 92.53
0.41 0.002 92.56
0.425 0.019 92.6
0.418 0.011 92.63
0.411 0.008 92.66
0.41 0.002 92.7
0.414 0.003 92.73
0.413 0.001 92.76
0.414 0.001 92.8
0.426 0.013 92.83
0.412 0.018 92.86
0.41 0.002 92.9
0.412 0.003 92.93
0.426 0.013 92.96
0.416 0.012 93.0
0.428 0.015 93.03
0.417 0.017 93.07
0.43 0.015 93.1
0.428 0.002 93.13
0.421 0.013 93.17
0.421 0.001 93.2
0.421 0.001 93.24
0.423 0.0 93.27
0.425 0.002 93.3
0.416 0.01 93.33
0.417 0.001 93.36
0.425 0.006 93.4
0.421 0.005 93.43
0.423 0.003 93.46
0.426 0.001 93.5
0.429 0.004 93.53
0.429 0.001 93.56
0.425 0.009 93.6
0.43 0.007 93.63
0.427 0.003 93.66
0.423 0.006 93.7
0.44 0.012 93.73
0.436 0.004 93.76
0.434 0.003 93.8
0.434 0.005 93.83
0.435 0.002 93.86
0.43 0.005 93.9
0.435 0.002 93.93
0.432 0.003 93.97
0.43 0.003 94.0
0.441 0.01 94.03
0.426 0.018 94.07
0.427 0.003 94.1
0.42 0.007 94.13
0.431 0.009 94.16
0.428 0.004 94.2
0.407 0.025 94.23
0.408 0.005 94.26
0.401 0.009 94.3
0.391 0.011 94.33
0.387 0.012 94.36
0.379 0.009 94.4
0.37 0.011 94.43
0.366 0.01 94.46
0.355 0.013 94.5
0.349 0.007 94.53
0.342 0.009 94.56
0.34 0.009 94.6
0.332 0.009 94.63
0.326 0.008 94.67
0.328 0.005 94.7
0.322 0.008 94.73
0.317 0.007 94.76
0.315 0.009 94.79
0.315 0.004 94.83
0.315 0.004 94.87
0.318 0.004 94.9
0.317 0.003 94.93
0.317 0.002 94.96
0.313 0.007 95.0
0.326 0.006 95.03
0.331 0.006 95.07
0.336 0.006 95.1
0.344 0.006 95.13
0.354 0.012 95.17
0.37 0.019 95.2
0.38 0.008 95.23
0.395 0.016 95.26
0.407 0.014 95.3
0.418 0.009 95.34
0.429 0.012 95.37
0.435 0.007 95.4
0.446 0.012 95.43
0.457 0.009 95.47
0.466 0.01 95.5
0.469 0.004 95.53
0.478 0.007 95.57
0.479 0.003 95.6
0.481 0.002 95.63
0.484 0.002 95.67
0.484 0.001 95.7
0.487 0.003 95.73
0.485 0.002 95.76
0.487 0.002 95.8
0.487 0.001 95.83
0.487 0.001 95.86
0.487 0.003 95.9
0.49 0.003 95.93
0.49 0.001 95.96
0.494 0.002 96.0
0.491 0.004 96.03
0.526 0.044 96.06
0.485 0.053 96.1
0.482 0.007 96.13
0.478 0.005 96.16
0.47 0.009 96.2
0.465 0.01 96.23
0.457 0.009 96.26
0.449 0.01 96.3
0.442 0.009 96.33
0.436 0.007 96.36
0.433 0.003 96.4
0.431 0.003 96.43
0.428 0.004 96.46
0.426 0.003 96.5
0.425 0.001 96.53
0.426 0.001 96.56
0.427 0.002 96.6
0.425 0.002 96.63
0.426 0.001 96.66
0.427 0.002 96.7
0.426 0.002 96.73
0.425 0.002 96.76
0.426 0.001 96.8
0.427 0.001 96.83
0.425 0.003 96.86
0.426 0.001 96.9
0.424 0.002 96.93
0.427 0.003 96.96
0.428 0.0 97.0
0.43 0.003 97.03
0.429 0.001 97.07
0.429 0.001 97.1
0.431 0.003 97.13
0.43 0.002 97.17
0.43 0.001 97.2
0.433 0.003 97.23
0.431 0.002 97.26
0.434 0.004 97.3
0.434 0.001 97.33
0.431 0.005 97.36
0.434 0.004 97.4
0.435 0.002 97.43
0.435 0.001 97.46
0 0 97.5
0.433 0.002 97.53
0.432 0.001 97.56
0.434 0.003 97.6
0.432 0.003 97.63
0.432 0.001 97.67
0.43 0.002 97.7
0.427 0.004 97.73
0.427 0.001 97.77
0.426 0.002 97.8
0 0 97.83
0.421 0.006 97.86
0.422 0.001 97.9
0.418 0.005 97.93
0.419 0.002 97.96
0.418 0.003 98.0
0.42 0.003 98.03
0.417 0.006 98.06
0.42 0.003 98.1
0.418 0.004 98.13
0.417 0.003 98.16
0.414 0.006 98.2
0.415 0.002 98.23
0.412 0.005 98.26
0.409 0.006 98.3
0.41 0.004 98.33
0.406 0.006 98.36
0.402 0.007 98.4
0.402 0.003 98.43
0.4 0.003 98.46
0.396 0.006 98.5
0 0 98.53
0.391 0.012 98.56
0.389 0.003 98.6
0.385 0.005 98.63
0 0 98.66
0.378 0.012 98.7
0.372 0.006 98.73
0.368 0.008 98.76
0 0 98.79
0.355 0.015 98.83
0 0 98.86
0.349 0.011 98.9
0 0 98.93
0.345 0.009 98.96
0 0 99.0
0 0 99.03
0 0 99.06
0.349 0.017 99.1
0.345 0.005 99.13
0.344 0.003 99.17
0.344 0.004 99.2
0 0 99.23
0.34 0.005 99.26
0.343 0.002 99.3
0.345 0.004 99.33
0 0 99.36
0.343 0.005 99.4
0.349 0.005 99.43
0 0 99.46
0.346 0.007 99.5
0 0 99.53
0 0 99.56
0 0 99.6
0 0 99.63
0.36 0.006 99.67
0 0 99.7
0.364 0.003 99.73
0 0 99.76
0 0 99.79
0 0 99.83
0.368 0.008 99.86
0.37 0.005 99.9
0.368 0.001 99.93
0.371 0.002 99.97
0.371 0.002 100.0
0.367 0.005 100.03
0 0 100.06
0.37 0.011 100.1
0 0 100.13
0 0 100.16
0.372 0.012 100.2
0.368 0.005 100.23
0.365 0.005 100.26
0.373 0.009 100.29
0 0 100.33
0.371 0.005 100.36
0 0 100.39
0 0 100.43
0 0 100.46
0.376 0.019 100.5
0 0 100.53
0.379 0.009 100.56
0 0 100.59
0 0 100.63
0 0 100.66
0.398 0.023 100.7
0.406 0.005 100.73
0 0 100.76
0 0 100.79
0 0 100.83
0.418 0.016 100.86
0 0 100.89
0 0 100.93
0 0 100.96
0 0 100.99
0 0 101.03
0 0 101.06
0 0 101.09
0 0 101.13
0 0 101.16
0 0 101.19
0 0 101.23
0 0 101.26
0 0 101.29
0 0 101.33
0 0 101.36
0 0 101.39
0 0 101.43
0 0 101.46
0 0 101.5
0 0 101.53
0 0 101.56
0 0 101.59
0 0 101.63
0 0 101.66
0 0 101.69
0 0 101.73
0 0 101.76
0 0 101.79
0 0 101.83
0 0 101.86
0 0 101.9
0 0 101.93
0 0 101.96
0 0 102.0
0 0 102.03
0 0 102.06
0 0 102.09
0 0 102.13
0 0 102.16
0 0 102.19
0 0 102.23
0 0 102.26
0 0 102.3
0 0 102.33
0 0 102.36
0 0 102.39
0 0 102.43
0 0 102.46
0 0 102.5
0 0 102.53
0 0 102.56
0 0 102.59
0 0 102.63
0 0 102.66
0 0 102.7
0 0 102.73
0 0 102.76
0 0 102.79
0.694 0.265 102.83
0 0 102.86
0 0 102.89
0.685 0.013 102.93
0 0 102.96
0 0 103.0
0 0 103.03
0 0 103.06
0 0 103.09
0 0 103.13
0 0 103.16
0 0 103.19
0 0 103.23
0 0 103.26
0 0 103.29
0 0 103.33
0 0 103.36
0 0 103.39
0 0 103.43
0 0 103.46
0 0 103.5
0 0 103.53
0 0 103.56
0.467 0.219 103.6
0 0 103.63
0 0 103.66
0.454 0.02 103.7
0 0 103.73
0.449 0.009 103.76
0 0 103.79
0.445 0.007 103.83
0 0 103.86
0 0 103.89
0.442 0.008 103.93
0 0 103.96
0.44 0.003 104.0
0.437 0.004 104.03
0.441 0.009 104.06
0.439 0.004 104.1
0 0 104.13
0 0 104.16
0.44 0.007 104.19
0 0 104.23
0 0 104.26
0 0 104.29
0.438 0.003 104.33
0 0 104.36
0.437 0.002 104.4
0.438 0.003 104.43
0.439 0.003 104.47
0.441 0.001 104.5
0.441 0.001 104.53
0.443 0.005 104.56
0 0 104.59
0.446 0.007 104.63
0.44 0.009 104.66
0.442 0.004 104.7
0.445 0.005 104.73
0.445 0.001 104.76
0 0 104.79
0.449 0.005 104.83
0 0 104.86
0.45 0.004 104.9
0.446 0.006 104.93
0.451 0.007 104.97
0 0 105.0
0 0 105.03
0 0 105.06
0.448 0.004 105.1
0 0 105.13
0.44 0.011 105.16
0 0 105.19
0 0 105.23
0.447 0.013 105.26
0 0 105.29
0 0 105.33
0 0 105.36
0.456 0.013 105.4
0 0 105.43
0.446 0.019 105.46
0 0 105.5
0 0 105.53
0 0 105.56
0 0 105.6
0 0 105.63
0 0 105.66
0 0 105.7
0 0 105.73
0 0 105.76
0 0 105.79
0.449 0.01 105.83
0 0 105.86
0.442 0.011 105.9
0 0 105.93
0 0 105.96
0 0 105.99
0 0 106.03
0.445 0.004 106.06
0 0 106.09
0 0 106.13
0.441 0.008 106.17
0 0 106.19
0 0 106.23
0 0 106.26
0 0 106.29
0 0 106.33
0 0 106.36
0 0 106.39
0 0 106.43
0.441 0.004 106.46
0.447 0.009 106.5
0.442 0.01 106.53
0.446 0.004 106.56
0.444 0.005 106.6
0.452 0.01 106.63
0.446 0.01 106.66
0.443 0.006 106.7
0.445 0.002 106.73
0.446 0.001 106.76
0.444 0.006 106.8
0.444 0.003 106.83
0.446 0.003 106.86
0.447 0.002 106.9
0 0 106.93
0.45 0.003 106.96
0 0 107.0
0 0 107.03
0.451 0.004 107.06
0.453 0.003 107.1
0 0 107.13
0.454 0.001 107.16
0 0 107.19
0 0 107.23
0.455 0.004 107.26
0.457 0.003 107.3
0 0 107.33
0.455 0.005 107.36
0 0 107.39
0 0 107.43
0 0 107.46
0 0 107.5
0 0 107.53
0 0 107.56
0 0 107.59
0 0 107.63
0.48 0.035 107.66
0 0 107.69
0 0 107.73
0 0 107.76
0 0 107.79
0 0 107.83
0 0 107.86
0 0 107.89
0 0 107.93
0 0 107.96
0 0 108.0
0 0 108.03
0 0 108.06
0 0 108.09
0 0 108.13
0 0 108.16
0 0 108.19
0 0 108.23
0 0 108.26
0 0 108.29
0 0 108.33
0 0 108.36
0 0 108.4
0 0 108.43
0 0 108.46
0 0 108.49
0 0 108.53
0 0 108.56
0 0 108.59
0 0 108.63
0 0 108.66
0 0 108.69
0 0 108.73
0 0 108.76
0 0 108.8
0 0 108.83
0 0 108.86
0 0 108.89
0 0 108.93
0 0 108.96
0 0 109.0
0.641 0.17 109.03
0 0 109.06
0 0 109.09
0 0 109.13
0 0 109.16
0.625 0.018 109.2
0 0 109.23
0 0 109.26
0 0 109.29
0 0 109.33
0 0 109.36
0.618 0.019 109.39
0 0 109.43
0.613 0.003 109.46
0 0 109.49
0 0 109.53
0.624 0.016 109.56
0.625 0.004 109.59
0.627 0.002 109.63
0 0 109.66
0.616 0.008 109.7
0 0 109.73
0 0 109.76
0.605 0.01 109.8
0 0 109.83
0.596 0.014 109.87
0.588 0.007 109.9
0.586 0.004 109.93
0.578 0.01 109.96
0 0 109.99
0 0 110.03
0 0 110.06
0 0 110.09
0 0 110.13
0 0 110.16
0.555 0.025 110.2
0.547 0.004 110.23
0.545 0.004 110.26
0.544 0.003 110.29
0.538 0.003 110.33
0.54 0.002 110.36
0.543 0.007 110.4
0.544 0.01 110.43
0 0 110.46
0 0 110.49
0.569 0.034 110.53
0.567 0.01 110.56
0.577 0.01 110.59
0.586 0.009 110.63
0.586 0.006 110.66
0.593 0.007 110.69
0.597 0.005 110.73
0.591 0.0 110.76
0 0 110.79
0 0 110.83
0 0 110.86
0.592 0.009 110.89
0 0 110.92
0 0 110.96
0.584 0.003 111.0
0.588 0.005 111.03
0 0 111.06
0.582 0.003 111.09
0 0 111.13
0 0 111.16
0 0 111.19
0 0 111.23
0 0 111.26
0.571 0.012 111.3
0 0 111.33
0.564 0.002 111.36
0 0 111.39
0.56 0.003 111.43
0 0 111.46
0.555 0.005 111.5
0.551 0.004 111.53
0.548 0.004 111.56
0.549 0.005 111.59
0.547 0.003 111.63
0.538 0.005 111.66
0 0 111.69
0 0 111.72
0 0 111.76
0 0 111.79
0 0 111.83
0.51 0.016 111.86
0 0 111.89
0 0 111.93
0.501 0.012 111.96
0 0 112.0
0.498 0.005 112.03
0 0 112.06
0 0 112.09
0.497 0.008 112.13
0 0 112.16
0.488 0.009 112.19
0 0 112.22
0 0 112.26
0 0 112.29
0 0 112.33
0.481 0.007 112.36
0 0 112.39
0 0 112.43
0 0 112.46
0 0 112.49
0 0 112.53
0 0 112.56
0 0 112.59
0 0 112.62
0 0 112.66
0 0 112.69
0 0 112.72
0 0 112.76
0 0 112.79
0 0 112.83
0 0 112.86
0 0 112.89
0 0 112.92
0.47 0.019 112.96
0 0 112.99
0 0 113.02
0 0 113.06
0.477 0.011 113.09
0 0 113.13
0 0 113.16
0 0 113.19
0.487 0.014 113.23
0 0 113.26
0.494 0.009 113.29
0 0 113.33
0 0 113.36
0 0 113.39
0 0 113.43
0 0 113.46
0 0 113.49
0 0 113.52
0 0 113.56
0 0 113.59
0 0 113.62
0 0 113.66
0 0 113.69
0 0 113.73
0 0 113.76
0 0 113.79
0 0 113.83
0 0 113.86
0.58 0.187 113.9
0 0 113.92
0.574 0.011 113.96
0.574 0.004 114.0
0.576 0.007 114.03
0.571 0.006 114.06
0.573 0.006 114.09
0.571 0.004 114.13
0.563 0.007 114.16
0.564 0.004 114.19
0.559 0.005 114.23
0.557 0.003 114.27
0.553 0.005 114.3
0.55 0.003 114.33
0.547 0.003 114.36
0.568 0.026 114.39
0.547 0.025 114.43
0 0 114.46
0.543 0.004 114.5
0.541 0.003 114.53
0.539 0.002 114.56
0.54 0.002 114.59
0.539 0.002 114.63
0.542 0.004 114.66
0.54 0.001 114.69
0.542 0.001 114.73
0.542 0.001 114.76
0.541 0.001 114.8
0 0 114.83
0.542 0.002 114.86
0.538 0.004 114.89
0 0 114.92
0 0 114.96
0.538 0.003 115.0
0.538 0.001 115.03
0.537 0.002 115.06
0.56 0.027 115.09
0.533 0.031 115.13
0.532 0.005 115.16
0.535 0.005 115.19
0.531 0.005 115.23
0 0 115.26
0.534 0.002 115.29
0.528 0.007 115.33
0.53 0.003 115.36
0.529 0.003 115.39
0.525 0.004 115.43
0.527 0.003 115.46
0.53 0.001 115.49
0.527 0.003 115.53
0.529 0.001 115.57
0.531 0.001 115.59
0.531 0.001 115.63
0.532 0.001 115.66
0.528 0.004 115.69
0.534 0.003 115.73
0.528 0.007 115.76
0.53 0.002 115.79
0.528 0.005 115.83
0.529 0.002 115.86
0.527 0.003 115.89
0.531 0.001 115.92
0.527 0.004 115.96
0.524 0.004 115.99
0.526 0.001 116.02
0.52 0.008 116.06
0.518 0.003 116.09
0.514 0.005 116.13
0.518 0.002 116.16
0.515 0.004 116.19
0.516 0.002 116.23
0.516 0.005 116.26
0.517 0.002 116.29
0.51 0.009 116.33
0.518 0.001 116.36
0.518 0.001 116.39
0.517 0.001 116.42
0.518 0.002 116.46
0.52 0.004 116.49
0.52 0.001 116.52
0.519 0.002 116.56
0.521 0.004 116.59
0.521 0.002 116.63
0.517 0.005 116.67
0.522 0.002 116.69
0.512 0.013 116.73
0.505 0.01 116.76
0.505 0.007 116.79
0.495 0.013 116.83
0.488 0.01 116.86
0.483 0.013 116.9
0.474 0.011 116.93
0.467 0.01 116.96
0.458 0.011 116.99
0 0 117.02
0.451 0.013 117.06
0.444 0.007 117.09
0 0 117.13
0 0 117.16
0.432 0.017 117.19
0.431 0.007 117.23
0.43 0.006 117.26
0 0 117.29
0.421 0.01 117.33
0.421 0.006 117.36
0.422 0.008 117.39
0.423 0.006 117.43
0 0 117.46
0 0 117.49
0 0 117.52
0 0 117.56
0 0 117.59
0 0 117.62
0 0 117.66
0 0 117.69
0 0 117.72
0 0 117.76
0.424 0.043 117.79
0 0 117.82
0 0 117.86
0 0 117.89
0 0 117.92
0 0 117.96
0.424 0.013 117.99
0 0 118.02
0 0 118.06
0 0 118.09
0 0 118.12
0 0 118.16
0 0 118.19
0 0 118.22
0 0 118.26
0 0 118.29
0 0 118.32
0 0 118.36
0 0 118.39
0 0 118.42
0 0 118.46
0 0 118.49
0 0 118.52
0 0 118.56
0 0 118.59
0 0 118.62
0 0 118.66
0 0 118.69
0 0 118.73
0 0 118.76
0 0 118.79
0 0 118.83
0 0 118.86
0 0 118.89
0 0 118.92
0 0 118.96
0 0 118.99
0 0 119.02
0 0 119.06
0 0 119.09
0 0 119.12
0 0 119.16
0 0 119.19
0 0 119.22
0 0 119.26
0 0 119.29
0 0 119.32
0 0 119.36
0 0 119.39
0 0 119.42
0 0 119.46
0 0 119.49
0 0 119.52
0 0 119.56
0 0 119.59
0 0 119.62
0 0 119.66
0 0 119.69
0 0 119.72
0 0 119.76
0 0 119.79
0 0 119.82
0 0 119.86
0 0 119.89
0 0 119.92
0 0 119.96
0 0 119.99
0 0 120.02
0.477 0.029 120.06
0 0 120.09
0 0 120.12
0.478 0.007 120.16
0.477 0.006 120.19
0 0 120.22
0.484 0.01 120.26
0.484 0.002 120.29
0.489 0.005 120.33
0.488 0.003 120.36
0.486 0.007 120.39
0 0 120.43
0 0 120.46
0.49 0.004 120.49
0 0 120.52
0 0 120.56
0.488 0.004 120.59
0.484 0.005 120.63
0 0 120.66
0.475 0.011 120.69
0 0 120.73
0 0 120.76
0 0 120.79
0 0 120.82
0 0 120.86
0 0 120.89
0 0 120.92
0 0 120.96
0 0 120.99
0 0 121.02
0 0 121.06
0 0 121.09
0 0 121.12
0 0 121.16
0 0 121.19
0 0 121.22
0.465 0.026 121.26
0 0 121.29
0 0 121.33
0.464 0.013 121.36
0 0 121.39
0 0 121.42
0.467 0.003 121.46
0.466 0.004 121.49
0.466 0.003 121.53
0.466 0.0 121.56
0.467 0.003 121.59
0.466 0.004 121.62
0.465 0.004 121.66
0.465 0.003 121.69
0 0 121.72
0.472 0.008 121.76
0.469 0.009 121.79
0.469 0.001 121.83
0.471 0.003 121.87
0.47 0.001 121.9
0.469 0.003 121.93
0.47 0.002 121.96
0 0 121.99
0 0 122.02
0.466 0.007 122.06
0 0 122.09
0 0 122.12
0.462 0.013 122.16
0 0 122.19
0 0 122.22
0 0 122.26
0 0 122.29
0 0 122.32
0 0 122.36
0 0 122.39
0 0 122.42
0 0 122.46
0 0 122.49
0 0 122.52
0 0 122.56
0 0 122.59
0 0 122.62
0 0 122.66
0.446 0.023 122.69
0 0 122.72
0 0 122.76
0 0 122.79
0 0 122.82
0.46 0.036 122.86
0 0 122.89
0.466 0.014 122.92
0.465 0.004 122.96
0.462 0.006 122.99
0 0 123.02
0 0 123.06
0 0 123.09
0 0 123.12
0 0 123.16
0 0 123.19
0 0 123.22
0 0 123.26
0 0 123.29
0 0 123.32
0 0 123.36
0 0 123.39
0 0 123.42
0 0 123.46
0 0 123.49
0 0 123.52
0 0 123.56
0 0 123.59
0 0 123.62
0 0 123.66
0 0 123.69
0 0 123.72
0 0 123.76
0 0 123.79
0 0 123.83
0 0 123.86
0 0 123.89
0 0 123.92
0 0 123.96
0 0 123.99
0 0 124.02
0 0 124.06
0 0 124.09
0 0 124.12
0 0 124.16
0 0 124.19
0 0 124.23
0 0 124.26
0 0 124.29
0 0 124.32
0 0 124.36
0 0 124.39
0 0 124.42
0 0 124.46
0 0 124.5
0 0 124.53
0 0 124.56
0 0 124.59
0 0 124.62
0 0 124.66
0 0 124.69
0 0 124.72
0 0 124.76
0 0 124.79
0 0 124.82
0 0 124.86
0 0 124.89
0 0 124.92
0 0 124.96
0 0 124.99
0 0 125.03
0 0 125.06
0 0 125.09
0 0 125.12
0 0 125.16
0 0 125.19
0 0 125.22
0 0 125.25
0 0 125.29
0.468 0.058 125.33
0 0 125.36
0.467 0.002 125.39
0.472 0.01 125.43
0.469 0.008 125.46
0.47 0.003 125.49
0 0 125.52
0.472 0.003 125.56
0.471 0.006 125.59
0 0 125.62
0 0 125.66
0.474 0.006 125.7
0.476 0.002 125.73
0.477 0.002 125.76
0.477 0.002 125.79
0 0 125.82
0.479 0.003 125.86
0.477 0.005 125.89
0.478 0.002 125.93
0.479 0.001 125.96
0.479 0.001 125.99
0.477 0.006 126.02
0.48 0.004 126.06
0.479 0.003 126.09
0.48 0.001 126.12
0.479 0.002 126.16
0.481 0.002 126.19
0 0 126.22
0 0 126.26
0.48 0.003 126.29
0.482 0.004 126.33
0.481 0.001 126.36
0.481 0.002 126.39
0 0 126.42
0 0 126.45
0.476 0.015 126.49
0.475 0.008 126.53
0.478 0.009 126.56
0 0 126.59
0 0 126.62
0 0 126.66
0 0 126.69
0.473 0.014 126.73
0.47 0.004 126.76
0 0 126.79
0 0 126.82
0 0 126.85
0 0 126.89
0 0 126.93
0 0 126.96
0 0 126.99
0 0 127.02
0 0 127.05
0 0 127.09
0 0 127.12
0 0 127.16
0 0 127.19
0 0 127.22
0.478 0.015 127.26
0 0 127.29
0 0 127.32
0.473 0.012 127.36
0.475 0.004 127.39
0 0 127.42
0 0 127.46
0 0 127.49
0.472 0.015 127.52
0 0 127.56
0 0 127.59
0.477 0.006 127.62
0.476 0.007 127.66
0.476 0.004 127.69
0.478 0.002 127.72
0.48 0.002 127.76
0 0 127.79
0 0 127.82
0.481 0.003 127.86
0.481 0.001 127.89
0.48 0.003 127.93
0.482 0.003 127.96
0.483 0.001 127.99
0.483 0.002 128.03
0.481 0.003 128.06
0.481 0.004 128.09
0.482 0.005 128.12
0.481 0.002 128.16
0 0 128.19
0 0 128.23
0 0 128.26
0.485 0.025 128.3
0 0 128.32
0 0 128.35
0 0 128.39
0 0 128.42
0 0 128.46
0 0 128.49
0 0 128.52
0 0 128.56
0 0 128.59
0 0 128.62
0 0 128.66
0 0 128.69
0 0 128.72
0 0 128.76
0 0 128.79
0 0 128.82
0 0 128.85
0 0 128.89
0 0 128.92
0 0 128.95
0.473 0.02 128.99
0 0 129.02
0 0 129.05
0 0 129.09
0 0 129.12
0.473 0.007 129.16
0 0 129.19
0 0 129.22
0 0 129.25
0 0 129.29
0.466 0.009 129.33
0.465 0.002 129.37
0 0 129.39
0.462 0.001 129.42
0 0 129.46
0.463 0.001 129.49
0.459 0.001 129.53
0.459 0.0 129.56
0.458 0.002 129.59
0.457 0.003 129.62
0.455 0.004 129.66
0.454 0.004 129.69
0.454 0.001 129.72
0.451 0.002 129.76
0.451 0.002 129.79
0.452 0.002 129.83
0 0 129.86
0.447 0.003 129.89
0 0 129.92
0.446 0.004 129.96
0.448 0.003 129.99
0.451 0.003 130.02
0.454 0.003 130.06
0.45 0.002 130.09
0 0 130.12
0.45 0.003 130.16
0.446 0.002 130.19
0.445 0.001 130.22
0.446 0.003 130.26
0.437 0.004 130.29
0.437 0.001 130.33
0.437 0.001 130.36
0.427 0.003 130.39
0.431 0.006 130.43
0.437 0.01 130.46
0.446 0.014 130.49
0 0 130.52
0 0 130.56
0 0 130.59
0 0 130.63
0 0 130.66
0 0 130.69
0 0 130.72
0 0 130.75
0 0 130.79
0 0 130.82
0 0 130.85
0 0 130.89
0 0 130.92
0 0 130.95
0 0 130.99
0 0 131.02
0 0 131.05
0 0 131.09
0 0 131.12
0 0 131.16
0 0 131.19
0 0 131.22
0 0 131.25
0 0 131.29
0.632 0.31 131.32
0 0 131.35
0 0 131.39
0.62 0.005 131.42
0 0 131.45
0 0 131.49
0 0 131.52
0.61 0.004 131.56
0 0 131.59
0.597 0.003 131.62
0 0 131.66
0.593 0.004 131.69
0.588 0.002 131.72
0 0 131.75
0 0 131.79
0.584 0.003 131.83
0 0 131.86
0 0 131.89
0.579 0.002 131.92
0 0 131.95
0.583 0.005 131.99
0 0 132.02
0 0 132.05
0.58 0.005 132.09
0.584 0.004 132.12
0 0 132.16
0 0 132.19
0.578 0.002 132.22
0.575 0.003 132.26
0.571 0.005 132.29
0 0 132.32
0.577 0.015 132.36
0.573 0.005 132.39
0 0 132.42
0 0 132.45
0.559 0.01 132.49
0.563 0.005 132.52
0.575 0.015 132.56
0.553 0.021 132.59
0 0 132.62
0 0 132.66
0.556 0.011 132.69
0 0 132.72
0.558 0.003 132.76
0 0 132.79
0 0 132.82
0 0 132.85
0.557 0.005 132.89
0 0 132.92
0 0 132.95
0.558 0.011 132.99
0.545 0.011 133.02
0.567 0.028 133.05
0 0 133.09
0 0 133.12
0.555 0.01 133.16
0 0 133.19
0 0 133.22
0 0 133.25
0.548 0.005 133.29
0 0 133.32
0 0 133.35
0.585 0.051 133.39
0 0 133.42
0 0 133.45
0 0 133.49
0 0 133.52
0.534 0.053 133.56
0 0 133.59
0 0 133.62
0 0 133.66
0 0 133.69
0 0 133.72
0.524 0.007 133.75
0.534 0.016 133.79
0.531 0.004 133.82
0 0 133.86
0 0 133.89
0.52 0.01 133.92
0 0 133.96
0 0 133.99
0 0 134.02
0 0 134.05
0 0 134.09
0 0 134.12
0 0 134.16
0 0 134.19
0 0 134.22
0 0 134.25
0 0 134.29
0.519 0.012 134.32
0 0 134.35
0 0 134.39
0 0 134.42
0.521 0.003 134.45
0.514 0.009 134.49
0.511 0.003 134.52
0.514 0.005 134.56
0 0 134.59
0.516 0.002 134.62
0.51 0.007 134.66
0 0 134.69
0 0 134.72
0 0 134.76
0 0 134.79
0 0 134.82
0.507 0.005 134.86
0 0 134.89
0 0 134.92
0.514 0.009 134.96
0 0 134.99
0.513 0.001 135.02
0.516 0.003 135.06
0.506 0.012 135.09
0 0 135.12
0.51 0.005 135.16
0.524 0.016 135.19
0.514 0.012 135.22
0.511 0.003 135.26
0 0 135.29
0.567 0.068 135.32
0 0 135.35
0.527 0.05 135.39
0 0 135.42
0.509 0.023 135.45
0 0 135.49
0 0 135.52
0.523 0.016 135.56
0.522 0.001 135.59
0 0 135.62
0.526 0.006 135.66
0.513 0.017 135.69
0.519 0.007 135.72
0 0 135.75
0.517 0.002 135.79
0 0 135.82
0.512 0.007 135.86
0 0 135.89
0 0 135.92
0.521 0.009 135.96
0.527 0.006 135.99
0 0 136.02
0.517 0.012 136.06
0.519 0.0 136.09
0.52 0.002 136.12
0.527 0.009 136.16
0 0 136.19
0 0 136.22
0.523 0.007 136.26
0.517 0.007 136.29
0.523 0.004 136.32
0.522 0.001 136.36
0.518 0.006 136.39
0 0 136.42
0 0 136.45
0.518 0.003 136.49
0 0 136.52
0.52 0.002 136.56
0 0 136.59
0.518 0.003 136.62
0 0 136.65
0 0 136.69
0 0 136.72
0 0 136.75
0 0 136.79
0.519 0.004 136.82
0 0 136.85
0 0 136.89
0 0 136.92
0 0 136.95
0 0 136.99
0 0 137.02
0.526 0.003 137.06
0 0 137.09
0 0 137.12
0.552 0.029 137.16
0 0 137.19
0 0 137.22
0 0 137.25
0 0 137.29
0 0 137.32
0.54 0.023 137.35
0.542 0.003 137.39
0.542 0.006 137.42
0.549 0.008 137.45
0.552 0.003 137.49
0 0 137.53
0 0 137.55
0 0 137.59
0 0 137.62
0 0 137.65
0 0 137.69
0 0 137.72
0 0 137.75
0 0 137.79
0 0 137.82
0 0 137.85
0 0 137.89
0 0 137.92
0 0 137.95
0 0 137.99
0 0 138.02
0 0 138.05
0 0 138.08
0 0 138.12
0 0 138.15
0 0 138.19
0 0 138.22
0 0 138.25
0 0 138.29
0 0 138.32
0 0 138.35
0 0 138.39
0 0 138.42
0 0 138.45
0 0 138.49
0 0 138.52
0 0 138.55
0 0 138.59
0 0 138.62
0 0 138.65
0 0 138.69
0 0 138.72
0 0 138.75
0 0 138.79
0 0 138.82
0 0 138.85
0 0 138.89
0 0 138.92
0 0 138.95
0 0 138.99
0 0 139.02
0 0 139.05
0 0 139.09
0 0 139.12
0 0 139.15
0 0 139.19
0 0 139.22
0 0 139.25
0 0 139.29
0 0 139.32
0 0 139.35
0 0 139.39
0 0 139.42
0 0 139.45
0 0 139.49
0 0 139.52
0 0 139.55
0 0 139.59
0 0 139.62
0 0 139.65
0 0 139.69
0 0 139.72
0 0 139.75
0 0 139.79
0 0 139.82
0 0 139.85
0 0 139.89
0 0 139.92
0 0 139.95
0 0 139.99
0 0 140.02
0 0 140.05
0 0 140.09
0 0 140.12
