0.59 0.005 5.15
0.593 0.007 5.19
0.585 0.009 5.22
0 0 5.25
0 0 5.28
0.569 0.021 5.32
0.568 0.007 5.35
0.56 0.008 5.39
0.557 0.007 5.42
0.563 0.007 5.46
0.554 0.009 5.49
0.549 0.006 5.52
0.539 0.01 5.55
0 0 5.58
0.539 0.009 5.62
0.534 0.006 5.66
0 0 5.68
0.536 0.005 5.72
0 0 5.75
0.537 0.006 5.79
0 0 5.82
0.531 0.008 5.85
0.53 0.007 5.89
0.523 0.01 5.92
0.515 0.008 5.95
0 0 5.98
0.503 0.021 6.02
0 0 6.05
0.484 0.022 6.08
0.479 0.012 6.12
0.471 0.011 6.16
0 0 6.19
0 0 6.21
0.45 0.033 6.25
0 0 6.28
0.434 0.021 6.32
0.432 0.007 6.36
0 0 6.39
0 0 6.42
0.419 0.025 6.45
0 0 6.48
0.41 0.017 6.52
0.41 0.007 6.55
0.408 0.006 6.58
0 0 6.61
0 0 6.65
0 0 6.68
0.401 0.025 6.72
0.401 0.005 6.75
0 0 6.78
0.402 0.011 6.82
0.403 0.005 6.86
0.403 0.005 6.89
0.401 0.005 6.94
0 0 6.97
0 0 7.0
0 0 7.02
0 0 7.06
0.406 0.015 7.09
0.407 0.002 7.12
0 0 7.15
0.405 0.005 7.19
0.409 0.004 7.22
0.409 0.0 7.25
0.408 0.003 7.28
0.411 0.001 7.32
0.411 0.001 7.35
0.411 0.001 7.39
0.413 0.001 7.42
0 0 7.45
0 0 7.48
0.412 0.003 7.52
0.412 0.003 7.56
0.412 0.003 7.59
0.412 0.004 7.62
0.413 0.004 7.65
0.412 0.004 7.68
0.411 0.007 7.71
0 0 7.75
0 0 7.78
0 0 7.81
0 0 7.85
0.437 0.053 7.89
0 0 7.91
0 0 7.95
0 0 7.98
0 0 8.02
0 0 8.05
0 0 8.08
0 0 8.11
0 0 8.15
0 0 8.18
0 0 8.22
0 0 8.25
0 0 8.28
0 0 8.31
0 0 8.35
0 0 8.38
0 0 8.41
0 0 8.45
0 0 8.48
0 0 8.52
0 0 8.55
0 0 8.58
0 0 8.62
0 0 8.65
0 0 8.68
0 0 8.71
0 0 8.75
0 0 8.78
0 0 8.81
0 0 8.85
0 0 8.88
0 0 8.92
0 0 8.95
0 0 8.98
0 0 9.01
0 0 9.05
0 0 9.08
0 0 9.11
0 0 9.15
0 0 9.18
0 0 9.21
0 0 9.25
0 0 9.28
0 0 9.31
0 0 9.35
0 0 9.38
0 0 9.41
0 0 9.45
0 0 9.48
0 0 9.51
0 0 9.55
0 0 9.58
0 0 9.61
0 0 9.64
0 0 9.68
0.663 0.235 9.72
0.663 0.003 9.76
0 0 9.78
0 0 9.81
0.66 0.004 9.85
0.657 0.004 9.88
0.66 0.005 9.92
0.659 0.003 9.95
0 0 9.98
0 0 10.01
0.672 0.019 10.05
0 0 10.08
0 0 10.11
0 0 10.15
0 0 10.18
0 0 10.21
0 0 10.25
0 0 10.28
0 0 10.31
0 0 10.35
0 0 10.38
0 0 10.41
0 0 10.44
0 0 10.48
0 0 10.52
0 0 10.54
0.52 0.151 10.58
0 0 10.61
0 0 10.65
0.496 0.031 10.68
0.49 0.008 10.72
0.483 0.007 10.75
0.477 0.007 10.78
0.472 0.006 10.82
0.468 0.005 10.85
0.465 0.004 10.88
0 0 10.91
0.457 0.009 10.95
0.452 0.005 10.98
0.448 0.005 11.02
0.444 0.004 11.05
0.438 0.005 11.08
0.434 0.005 11.12
0.431 0.004 11.15
0 0 11.18
0 0 11.21
0.417 0.013 11.25
0 0 11.28
0 0 11.31
0.406 0.013 11.35
0.403 0.004 11.38
0.398 0.005 11.42
0.395 0.004 11.45
0 0 11.48
0 0 11.52
0 0 11.55
0.384 0.014 11.58
0.381 0.003 11.62
0 0 11.65
0.379 0.006 11.68
0.378 0.002 11.72
0.377 0.002 11.75
0.377 0.0 11.78
0 0 11.81
0 0 11.85
0 0 11.89
0.375 0.004 11.92
0.376 0.003 11.95
0.376 0.001 11.98
0.376 0.003 12.02
0.377 0.004 12.05
0.379 0.004 12.08
0.383 0.007 12.12
0 0 12.15
0.391 0.018 12.18
0.401 0.013 12.21
0 0 12.25
0 0 12.28
0 0 12.31
0 0 12.35
0.467 0.084 12.38
0 0 12.41
0 0 12.44
0 0 12.48
0 0 12.52
0 0 12.55
0 0 12.58
0 0 12.62
0 0 12.65
0 0 12.68
0 0 12.71
0 0 12.75
0 0 12.78
0 0 12.81
0 0 12.85
0 0 12.88
0 0 12.91
0 0 12.95
0 0 12.98
0 0 13.01
0 0 13.04
0 0 13.08
0 0 13.11
0 0 13.14
0 0 13.18
0 0 13.21
0 0 13.25
0 0 13.28
0 0 13.31
0 0 13.35
0 0 13.38
0 0 13.41
0 0 13.44
0 0 13.48
0 0 13.51
0 0 13.55
0 0 13.58
0 0 13.61
0 0 13.64
0 0 13.68
0 0 13.71
0 0 13.75
0 0 13.78
0 0 13.82
0 0 13.85
0 0 13.88
0 0 13.91
0 0 13.94
0 0 13.98
0 0 14.01
0 0 14.05
0 0 14.08
0 0 14.11
0 0 14.15
0 0 14.18
0 0 14.21
0 0 14.24
0 0 14.28
0 0 14.31
0 0 14.35
0 0 14.38
0 0 14.41
0 0 14.44
0 0 14.48
0 0 14.51
0 0 14.55
0 0 14.58
0 0 14.61
0 0 14.64
0 0 14.68
0 0 14.71
0 0 14.74
0 0 14.78
0 0 14.81
0 0 14.85
0 0 14.88
0 0 14.91
0 0 14.95
0 0 14.98
0 0 15.01
0 0 15.05
0 0 15.08
0 0 15.11
0 0 15.15
0 0 15.18
0 0 15.21
0 0 15.25
0 0 15.28
0 0 15.32
0 0 15.35
0 0 15.38
0 0 15.41
0 0 15.45
0 0 15.48
0 0 15.51
0 0 15.54
0 0 15.58
0 0 15.61
0 0 15.64
0 0 15.68
0 0 15.72
0 0 15.75
0 0 15.78
0 0 15.81
0 0 15.85
0 0 15.88
0 0 15.91
0 0 15.95
0 0 15.98
0 0 16.01
0 0 16.04
0 0 16.08
0 0 16.11
0 0 16.15
0 0 16.18
0 0 16.21
0 0 16.25
0 0 16.28
0 0 16.31
0 0 16.35
0 0 16.38
0 0 16.41
0 0 16.44
0 0 16.48
0 0 16.51
0 0 16.55
0 0 16.58
0 0 16.61
0 0 16.64
0 0 16.68
0 0 16.71
0 0 16.74
0 0 16.78
0 0 16.81
0 0 16.85
0 0 16.88
0 0 16.91
0 0 16.95
0 0 16.98
0 0 17.01
0 0 17.04
0 0 17.08
0 0 17.11
0 0 17.15
0.649 0.307 17.18
0.649 0.001 17.21
0 0 17.25
0.641 0.006 17.28
0 0 17.32
0 0 17.35
0.647 0.011 17.38
0.646 0.001 17.41
0 0 17.44
0 0 17.48
0 0 17.51
0 0 17.54
0 0 17.58
0 0 17.61
0 0 17.64
0.629 0.007 17.68
0 0 17.71
0 0 17.74
0 0 17.78
0 0 17.81
0 0 17.85
0 0 17.88
0 0 17.91
0 0 17.94
0.627 0.011 17.98
0.625 0.002 18.01
0.621 0.004 18.05
0 0 18.08
0.624 0.008 18.11
0.623 0.001 18.15
0 0 18.18
0.63 0.01 18.21
0 0 18.24
0 0 18.28
0 0 18.31
0 0 18.34
0 0 18.38
0.62 0.005 18.41
0 0 18.44
0 0 18.48
0 0 18.51
0.616 0.001 18.54
0 0 18.58
0.617 0.001 18.61
0 0 18.64
0.612 0.004 18.68
0 0 18.72
0 0 18.75
0 0 18.78
0 0 18.81
0 0 18.84
0 0 18.87
0.606 0.003 18.91
0.608 0.003 18.94
0 0 18.98
0.605 0.001 19.01
0 0 19.05
0 0 19.08
0.599 0.006 19.11
0.598 0.001 19.14
0 0 19.18
0.594 0.003 19.21
0.595 0.002 19.24
0 0 19.28
0.594 0.002 19.31
0.594 0.002 19.35
0 0 19.38
0.592 0.003 19.41
0 0 19.44
0 0 19.48
0 0 19.51
0 0 19.54
0 0 19.58
0.592 0.001 19.61
0 0 19.65
0 0 19.68
0.595 0.003 19.71
0.595 0.001 19.75
0.597 0.002 19.78
0.598 0.002 19.81
0 0 19.84
0.593 0.007 19.88
0 0 19.91
0.599 0.007 19.95
0.598 0.001 19.98
0.593 0.007 20.01
0 0 20.04
0 0 20.08
0 0 20.11
0 0 20.14
0 0 20.18
0.598 0.006 20.22
0 0 20.25
0.6 0.002 20.28
0 0 20.31
0.6 0.001 20.35
0 0 20.38
0 0 20.41
0.6 0.001 20.44
0 0 20.48
0.598 0.003 20.51
0 0 20.54
0 0 20.58
0 0 20.61
0 0 20.65
0 0 20.68
0.601 0.002 20.71
0.6 0.002 20.75
0.596 0.007 20.78
0.6 0.006 20.81
0 0 20.84
0.598 0.003 20.88
0 0 20.91
0 0 20.94
0.599 0.002 20.98
0.605 0.006 21.01
0.601 0.006 21.04
0.603 0.003 21.08
0.602 0.004 21.11
0.6 0.003 21.14
0.604 0.006 21.18
0 0 21.21
0.602 0.005 21.25
0.604 0.003 21.28
0.601 0.004 21.31
0 0 21.35
0.602 0.001 21.38
0.602 0.001 21.41
0.604 0.001 21.45
0.601 0.004 21.48
0 0 21.51
0.605 0.003 21.55
0 0 21.58
0 0 21.61
0 0 21.64
0.607 0.001 21.68
0 0 21.71
0 0 21.74
0 0 21.78
0.606 0.006 21.81
0 0 21.84
0 0 21.88
0.61 0.002 21.91
0 0 21.94
0.604 0.012 21.98
0.602 0.002 22.01
0.6 0.003 22.04
0 0 22.08
0 0 22.11
0 0 22.14
0 0 22.18
0.599 0.017 22.21
0.597 0.003 22.24
0 0 22.28
0 0 22.31
0 0 22.35
0.59 0.02 22.38
0 0 22.41
0.591 0.01 22.45
0.59 0.005 22.48
0 0 22.51
0.578 0.022 22.55
0 0 22.58
0.568 0.015 22.61
0.56 0.017 22.65
0 0 22.68
0.544 0.022 22.71
0 0 22.75
0 0 22.78
0 0 22.81
0 0 22.84
0 0 22.88
0 0 22.91
0 0 22.94
0 0 22.97
0 0 23.01
0 0 23.04
0 0 23.08
0.442 0.154 23.12
0 0 23.14
0.429 0.021 23.18
0.422 0.008 23.21
0.412 0.012 23.25
0.404 0.009 23.28
0 0 23.31
0.394 0.017 23.35
0.387 0.008 23.38
0.392 0.008 23.41
0.387 0.007 23.45
0.382 0.007 23.48
0 0 23.51
0 0 23.54
0 0 23.58
0.385 0.019 23.61
0.385 0.003 23.65
0 0 23.68
0.382 0.005 23.71
0.386 0.002 23.75
0.385 0.002 23.78
0.385 0.001 23.81
0.389 0.001 23.85
0.39 0.003 23.88
0.389 0.002 23.91
0 0 23.94
0.392 0.002 23.98
0.391 0.001 24.01
0.396 0.004 24.05
0.396 0.001 24.08
0.397 0.002 24.11
0.397 0.004 24.15
0.402 0.005 24.18
0.404 0.008 24.21
0 0 24.24
0 0 24.28
0.429 0.039 24.31
0 0 24.35
0 0 24.38
0 0 24.41
0 0 24.44
0 0 24.48
0 0 24.51
0 0 24.54
0 0 24.58
0 0 24.61
0 0 24.64
0 0 24.68
0 0 24.71
0 0 24.74
0 0 24.78
0 0 24.81
0 0 24.84
0 0 24.88
0 0 24.91
0 0 24.94
0 0 24.98
0 0 25.01
0 0 25.04
0 0 25.07
0 0 25.11
0 0 25.14
0 0 25.18
0 0 25.21
0 0 25.24
0 0 25.28
0 0 25.31
0 0 25.34
0 0 25.38
0 0 25.41
0 0 25.44
0 0 25.47
0 0 25.51
0 0 25.54
0 0 25.58
0 0 25.61
0 0 25.64
0 0 25.68
0 0 25.71
0 0 25.74
0 0 25.78
0 0 25.81
0 0 25.84
0 0 25.88
0 0 25.91
0 0 25.94
0 0 25.98
0 0 26.01
0 0 26.04
0 0 26.07
0 0 26.11
0 0 26.14
0 0 26.18
0 0 26.21
0 0 26.24
0 0 26.27
0 0 26.31
0 0 26.34
0 0 26.38
0 0 26.41
0 0 26.44
0 0 26.48
0 0 26.51
0 0 26.54
0 0 26.58
0.48 0.051 26.61
0 0 26.64
0 0 26.68
0 0 26.71
0.445 0.054 26.74
0.441 0.01 26.78
0.439 0.009 26.81
0.437 0.008 26.85
0.436 0.006 26.88
0 0 26.91
0.431 0.009 26.94
0.428 0.004 26.98
0.425 0.003 27.01
0 0 27.04
0 0 27.08
0.424 0.008 27.11
0.424 0.001 27.14
0.424 0.002 27.18
0.425 0.001 27.21
0 0 27.24
0.428 0.004 27.28
0.429 0.001 27.31
0.429 0.001 27.34
0.429 0.003 27.38
0.429 0.003 27.41
0.429 0.002 27.44
0.43 0.001 27.48
0.43 0.003 27.51
0.432 0.004 27.55
0.433 0.003 27.58
0.435 0.005 27.61
0.436 0.006 27.65
0.439 0.008 27.68
0.442 0.009 27.71
0 0 27.74
0.454 0.026 27.78
0 0 27.81
0.477 0.035 27.84
0 0 27.88
0 0 27.91
0 0 27.95
0 0 27.97
0 0 28.01
0 0 28.04
0 0 28.08
0 0 28.11
0 0 28.14
0 0 28.18
0 0 28.21
0 0 28.24
0 0 28.27
0 0 28.31
0 0 28.34
0 0 28.38
0 0 28.41
0 0 28.44
0 0 28.48
0 0 28.51
0 0 28.54
0 0 28.58
0 0 28.61
0 0 28.64
0 0 28.68
0 0 28.71
0 0 28.74
0 0 28.78
0 0 28.81
0 0 28.84
0 0 28.88
0 0 28.91
0 0 28.94
0 0 28.97
0 0 29.01
0 0 29.04
0 0 29.08
0 0 29.11
0 0 29.14
0 0 29.18
0 0 29.21
0 0 29.24
0 0 29.27
0 0 29.31
0 0 29.34
0 0 29.38
0 0 29.41
0 0 29.44
0 0 29.47
0 0 29.51
0 0 29.54
0 0 29.58
0 0 29.61
0 0 29.64
0 0 29.68
0 0 29.71
0 0 29.74
0 0 29.78
0 0 29.81
0 0 29.84
0 0 29.88
0 0 29.91
0 0 29.94
0 0 29.98
0 0 30.01
0 0 30.04
0 0 30.07
0 0 30.11
0 0 30.15
0 0 30.18
0 0 30.21
0 0 30.24
0 0 30.28
0.483 0.028 30.31
0.475 0.012 30.35
0 0 30.38
0 0 30.41
0 0 30.44
0 0 30.48
0.445 0.045 30.51
0.441 0.005 30.55
0.439 0.004 30.58
0 0 30.61
0.437 0.006 30.64
0.436 0.004 30.68
0.437 0.004 30.71
0.436 0.002 30.75
0.436 0.003 30.78
0.436 0.002 30.82
0.436 0.001 30.85
0 0 30.88
0 0 30.91
0.437 0.002 30.94
0 0 30.98
0.437 0.004 31.01
0.437 0.002 31.04
0 0 31.08
0.439 0.005 31.11
0.44 0.005 31.14
0 0 31.18
0.444 0.013 31.21
0.448 0.008 31.24
0 0 31.28
0 0 31.31
0.466 0.03 31.34
0.475 0.012 31.38
0.484 0.014 31.41
0.495 0.014 31.45
0 0 31.48
0 0 31.51
0 0 31.55
0 0 31.58
0 0 31.61
0 0 31.64
0 0 31.68
0 0 31.71
0 0 31.74
0 0 31.77
0 0 31.81
0 0 31.85
0 0 31.88
0 0 31.91
0 0 31.94
0 0 31.98
0 0 32.01
0 0 32.04
0 0 32.07
0 0 32.11
0 0 32.14
0 0 32.18
0 0 32.21
0 0 32.24
0 0 32.28
0 0 32.31
0 0 32.34
0 0 32.37
0 0 32.41
0 0 32.44
0 0 32.47
0 0 32.51
0 0 32.54
0 0 32.57
0 0 32.61
0 0 32.64
0 0 32.68
0 0 32.71
0 0 32.74
0 0 32.78
0 0 32.81
0 0 32.84
0 0 32.88
0 0 32.91
0 0 32.94
0 0 32.98
0 0 33.01
0 0 33.04
0 0 33.07
0 0 33.11
0 0 33.14
0 0 33.17
0 0 33.21
0 0 33.24
0 0 33.27
0 0 33.31
0 0 33.34
0 0 33.37
0 0 33.41
0 0 33.44
0 0 33.48
0 0 33.51
0 0 33.54
0 0 33.57
0 0 33.61
0 0 33.64
0 0 33.67
0 0 33.71
0 0 33.74
0 0 33.77
0 0 33.81
0 0 33.84
0 0 33.87
0 0 33.91
0 0 33.94
0 0 33.97
0 0 34.01
0 0 34.04
0 0 34.07
0.512 0.041 34.11
0 0 34.14
0 0 34.18
0 0 34.21
0 0 34.24
0 0 34.28
0 0 34.31
0.415 0.12 34.34
0 0 34.38
0.406 0.021 34.41
0.404 0.007 34.44
0.403 0.006 34.48
0.403 0.005 34.51
0.405 0.004 34.54
0.404 0.001 34.58
0.405 0.003 34.61
0 0 34.64
0.405 0.002 34.68
0.405 0.001 34.71
0.406 0.001 34.74
0 0 34.77
0.404 0.002 34.81
0.403 0.005 34.84
0.404 0.003 34.88
0.402 0.003 34.91
0.404 0.005 34.94
0.404 0.004 34.98
0 0 35.01
0.405 0.004 35.05
0.407 0.002 35.09
0.407 0.002 35.12
0.409 0.002 35.15
0.409 0.004 35.18
0.411 0.003 35.21
0.409 0.004 35.25
0 0 35.28
0.413 0.006 35.31
0.409 0.003 35.35
0.411 0.004 35.38
0.411 0.004 35.41
0.414 0.005 35.44
0 0 35.47
0.417 0.01 35.51
0.42 0.007 35.54
0.418 0.008 35.58
0.423 0.01 35.61
0.43 0.012 35.64
0 0 35.68
0.449 0.028 35.71
0.462 0.016 35.74
0.467 0.015 35.78
0 0 35.81
0 0 35.84
0 0 35.88
0 0 35.91
0 0 35.94
0 0 35.97
0 0 36.01
0 0 36.04
0 0 36.08
0 0 36.11
0 0 36.14
0 0 36.18
0 0 36.21
0 0 36.24
0 0 36.27
0 0 36.31
0 0 36.34
0 0 36.38
0 0 36.41
0 0 36.44
0 0 36.47
0 0 36.51
0 0 36.54
0 0 36.57
0 0 36.61
0 0 36.64
0 0 36.67
0 0 36.71
0 0 36.74
0 0 36.77
0 0 36.81
0 0 36.84
0 0 36.87
0 0 36.91
0 0 36.94
0 0 36.97
0 0 37.01
0 0 37.04
0 0 37.07
0 0 37.11
0 0 37.14
0 0 37.17
0 0 37.21
0 0 37.24
0 0 37.27
0 0 37.31
0 0 37.34
0 0 37.37
0 0 37.41
0 0 37.44
0 0 37.47
0 0 37.51
0 0 37.54
0 0 37.57
0 0 37.61
0 0 37.64
0 0 37.67
0 0 37.71
0 0 37.74
0 0 37.77
0 0 37.81
0 0 37.84
0 0 37.87
0 0 37.91
0 0 37.94
0 0 37.97
0 0 38.01
0 0 38.04
0 0 38.07
0 0 38.11
0 0 38.14
0 0 38.17
0 0 38.21
0 0 38.24
0 0 38.27
0 0 38.31
0 0 38.34
0 0 38.37
0 0 38.41
0 0 38.44
0 0 38.47
0 0 38.51
0 0 38.54
0 0 38.57
0 0 38.61
0 0 38.64
0 0 38.67
0 0 38.71
0 0 38.74
0 0 38.77
0 0 38.81
0 0 38.84
0 0 38.87
0 0 38.91
0 0 38.94
0 0 38.97
0 0 39.01
0 0 39.04
0 0 39.07
0 0 39.11
0 0 39.14
0 0 39.17
0 0 39.21
0 0 39.24
0 0 39.27
0 0 39.31
0 0 39.34
0 0 39.37
0 0 39.41
0 0 39.44
0 0 39.47
0 0 39.51
0 0 39.54
0 0 39.57
0 0 39.61
0 0 39.64
0 0 39.67
0 0 39.71
0 0 39.74
0 0 39.77
0 0 39.81
0 0 39.84
0 0 39.88
0 0 39.91
0 0 39.94
0 0 39.97
0 0 40.01
0 0 40.04
0 0 40.07
0 0 40.11
0 0 40.14
0 0 40.17
0 0 40.21
0 0 40.24
0 0 40.27
0 0 40.31
0 0 40.34
0 0 40.37
0 0 40.41
0 0 40.44
0 0 40.47
0 0 40.51
0 0 40.54
0 0 40.57
0 0 40.61
0 0 40.64
0 0 40.67
0 0 40.71
0 0 40.74
0 0 40.77
0 0 40.81
0 0 40.84
0 0 40.87
0 0 40.91
0 0 40.94
0 0 40.97
0 0 41.01
0 0 41.04
0 0 41.07
0 0 41.11
0 0 41.14
0 0 41.17
0 0 41.21
0 0 41.24
0 0 41.27
0 0 41.31
0 0 41.34
0 0 41.37
0 0 41.4
0 0 41.44
0 0 41.47
0 0 41.51
0 0 41.54
0 0 41.57
0 0 41.61
0 0 41.64
0 0 41.67
0 0 41.71
0 0 41.74
0 0 41.77
0 0 41.81
0 0 41.84
0 0 41.87
0 0 41.91
0 0 41.94
0 0 41.97
0 0 42.01
0.418 0.037 42.04
0 0 42.07
0 0 42.11
0 0 42.14
0.406 0.024 42.18
0 0 42.21
0.394 0.017 42.24
0.394 0.007 42.28
0.388 0.007 42.31
0.383 0.006 42.34
0.384 0.006 42.37
0.379 0.006 42.41
0.375 0.006 42.44
0 0 42.48
0 0 42.51
0.373 0.014 42.55
0.372 0.004 42.58
0.376 0.004 42.61
0.375 0.003 42.64
0.375 0.002 42.68
0.379 0.002 42.71
0.379 0.002 42.74
0.38 0.005 42.77
0.385 0.002 42.81
0.384 0.005 42.84
0.384 0.001 42.88
0 0 42.91
0.387 0.002 42.94
0.386 0.003 42.98
0.387 0.003 43.01
0.391 0.001 43.04
0.39 0.005 43.07
0 0 43.11
0.398 0.007 43.14
0.4 0.004 43.18
0.401 0.005 43.21
0.405 0.003 43.24
0.405 0.004 43.28
0.404 0.001 43.31
0.405 0.001 43.34
0.409 0.004 43.38
0.409 0.003 43.41
0 0 43.44
0.41 0.007 43.47
0 0 43.51
0.409 0.008 43.54
0.412 0.005 43.57
0.411 0.002 43.61
0.41 0.002 43.65
0.413 0.001 43.68
0.413 0.003 43.71
0.411 0.007 43.74
0.41 0.001 43.77
0 0 43.81
0.41 0.003 43.85
0 0 43.87
0.41 0.002 43.91
0.41 0.001 43.94
0.412 0.008 43.97
0.414 0.004 44.01
0.415 0.004 44.05
0.416 0.005 44.08
0.419 0.005 44.11
0.423 0.006 44.14
0.423 0.01 44.18
0 0 44.21
0.433 0.012 44.24
0.438 0.007 44.28
0.439 0.01 44.31
0 0 44.34
0.447 0.012 44.38
0.449 0.004 44.41
0.453 0.004 44.44
0.457 0.006 44.48
0.461 0.007 44.51
0 0 44.54
0 0 44.57
0 0 44.6
0 0 44.64
0 0 44.67
0 0 44.71
0 0 44.74
0 0 44.77
0 0 44.81
0 0 44.84
0 0 44.87
0 0 44.91
0 0 44.94
0 0 44.97
0 0 45.01
0 0 45.04
0 0 45.07
0 0 45.11
0 0 45.14
0 0 45.18
0 0 45.21
0 0 45.24
0 0 45.27
0 0 45.31
0 0 45.34
0 0 45.37
0 0 45.41
0 0 45.44
0 0 45.47
0 0 45.51
0 0 45.54
0 0 45.57
0 0 45.61
0 0 45.64
0 0 45.67
0 0 45.71
0 0 45.74
0 0 45.77
0 0 45.8
0 0 45.84
0 0 45.87
0 0 45.91
0 0 45.94
0 0 45.97
0 0 46.01
0 0 46.04
0 0 46.07
0 0 46.11
0 0 46.14
0 0 46.17
0 0 46.21
0 0 46.24
0 0 46.27
0 0 46.31
0 0 46.34
0 0 46.37
0.699 0.257 46.41
0 0 46.44
0 0 46.47
0 0 46.51
0 0 46.54
0 0 46.57
0 0 46.61
0 0 46.64
0 0 46.67
0 0 46.7
0 0 46.74
0 0 46.77
0 0 46.81
0 0 46.84
0 0 46.87
0 0 46.91
0 0 46.94
0 0 46.98
0 0 47.01
0 0 47.04
0.492 0.214 47.08
0.481 0.014 47.12
0.469 0.014 47.14
0 0 47.17
0 0 47.21
0.443 0.035 47.24
0.436 0.011 47.29
0.43 0.01 47.32
0.424 0.009 47.34
0.419 0.008 47.38
0.417 0.007 47.41
0.413 0.004 47.44
0.411 0.003 47.47
0 0 47.51
0.408 0.005 47.54
0 0 47.58
0.406 0.002 47.61
0.404 0.005 47.64
0.401 0.002 47.68
0.4 0.003 47.71
0.4 0.001 47.74
0.397 0.002 47.78
0.397 0.003 47.81
0.397 0.001 47.84
0.395 0.001 47.87
0.395 0.001 47.91
0.397 0.003 47.94
0.396 0.007 47.97
0.397 0.003 48.01
0 0 48.04
0.4 0.006 48.08
0.402 0.006 48.11
0 0 48.14
0.408 0.016 48.18
0.414 0.012 48.22
0 0 48.24
0.43 0.026 48.27
0 0 48.3
0.454 0.033 48.34
0 0 48.37
0 0 48.4
0 0 48.44
0 0 48.47
0 0 48.51
0 0 48.54
0 0 48.57
0 0 48.61
0 0 48.64
0 0 48.67
0 0 48.71
0 0 48.74
0 0 48.77
0 0 48.81
0 0 48.84
0 0 48.87
0 0 48.91
0 0 48.94
0 0 48.97
0 0 49.01
0 0 49.04
0 0 49.07
0 0 49.1
0 0 49.14
0 0 49.17
0 0 49.2
0 0 49.24
0 0 49.27
0 0 49.3
0 0 49.34
0 0 49.37
0 0 49.4
0 0 49.44
0 0 49.47
0 0 49.51
0 0 49.54
0 0 49.57
0 0 49.6
0 0 49.64
0 0 49.67
0 0 49.7
0 0 49.74
0 0 49.77
0 0 49.8
0 0 49.84
0 0 49.87
0 0 49.9
0 0 49.94
0 0 49.97
0 0 50.01
0 0 50.04
0 0 50.07
0 0 50.1
0 0 50.14
0 0 50.17
0 0 50.2
0 0 50.24
0 0 50.27
0 0 50.31
0 0 50.34
0 0 50.38
0 0 50.4
0 0 50.44
0 0 50.47
0 0 50.5
0 0 50.54
0 0 50.57
0 0 50.61
0 0 50.64
0 0 50.67
0 0 50.71
0 0 50.74
0 0 50.77
0 0 50.81
0.422 0.028 50.85
0.411 0.014 50.87
0.402 0.011 50.91
0 0 50.94
0.387 0.019 50.97
0 0 51.01
0.379 0.013 51.05
0.376 0.005 51.08
0.37 0.007 51.11
0.373 0.008 51.14
0.371 0.005 51.17
0.372 0.003 51.21
0.374 0.006 51.24
0.372 0.005 51.27
0.374 0.002 51.31
0.376 0.005 51.34
0.377 0.003 51.38
0.378 0.003 51.41
0.379 0.003 51.44
0.38 0.002 51.48
0 0 51.51
0.38 0.004 51.54
0.381 0.002 51.57
0.382 0.003 51.61
0.381 0.002 51.64
0.378 0.002 51.67
0.377 0.001 51.71
0.378 0.003 51.74
0.375 0.002 51.78
0.374 0.003 51.81
0.373 0.0 51.84
0.368 0.002 51.87
0 0 51.9
0 0 51.94
0.368 0.004 51.97
0.363 0.002 52.01
0.361 0.002 52.04
0.358 0.005 52.07
0.355 0.005 52.11
0.352 0.005 52.14
0.353 0.005 52.17
0.347 0.003 52.21
0.346 0.002 52.24
0.347 0.002 52.27
0.344 0.001 52.31
0.347 0.005 52.35
0 0 52.38
0.347 0.009 52.41
0.353 0.008 52.45
0.355 0.012 52.48
0 0 52.51
0.372 0.031 52.54
0 0 52.57
0 0 52.61
0 0 52.64
0 0 52.67
0 0 52.71
0 0 52.74
0 0 52.77
0 0 52.8
0 0 52.84
0 0 52.87
0 0 52.9
0 0 52.94
0 0 52.97
0 0 53.01
0 0 53.04
0 0 53.07
0 0 53.11
0 0 53.14
0 0 53.17
0 0 53.2
0 0 53.24
0 0 53.27
0 0 53.3
0 0 53.34
0 0 53.37
0 0 53.4
0 0 53.44
0 0 53.47
0 0 53.51
0 0 53.54
0 0 53.57
0 0 53.61
0 0 53.64
0 0 53.67
0 0 53.7
0 0 53.74
0 0 53.77
0 0 53.8
0 0 53.84
0 0 53.87
0 0 53.9
0 0 53.94
0 0 53.97
0 0 54.01
0 0 54.04
0 0 54.07
0 0 54.1
0 0 54.14
0 0 54.17
0 0 54.2
0 0 54.24
0 0 54.27
0 0 54.3
0 0 54.34
0 0 54.37
0 0 54.4
0 0 54.44
0 0 54.47
0 0 54.5
0 0 54.54
0 0 54.57
0 0 54.6
0 0 54.64
0 0 54.67
0 0 54.7
0 0 54.74
0 0 54.77
0 0 54.8
0 0 54.84
0 0 54.87
0 0 54.9
0 0 54.94
0 0 54.97
0 0 55.01
0 0 55.04
0 0 55.07
0 0 55.1
0 0 55.14
0 0 55.17
0 0 55.2
0 0 55.24
0 0 55.27
0 0 55.3
0 0 55.34
0 0 55.37
0 0 55.4
0 0 55.44
0 0 55.47
0 0 55.5
0 0 55.54
0 0 55.57
0 0 55.6
0 0 55.64
0 0 55.67
0 0 55.7
0 0 55.74
0 0 55.77
0 0 55.8
0 0 55.84
0 0 55.87
0 0 55.9
0 0 55.94
0 0 55.97
0 0 56.0
0 0 56.04
0 0 56.07
0 0 56.1
0 0 56.14
0 0 56.17
0 0 56.21
0 0 56.24
0 0 56.27
0 0 56.3
0 0 56.34
0 0 56.37
0 0 56.4
0 0 56.44
0 0 56.47
0 0 56.5
0 0 56.54
0 0 56.57
0 0 56.6
0 0 56.64
0 0 56.67
0 0 56.7
0 0 56.74
0 0 56.77
0 0 56.8
0 0 56.84
0 0 56.87
0 0 56.9
0 0 56.94
0 0 56.97
0 0 57.0
0 0 57.04
0 0 57.07
0 0 57.11
0 0 57.14
0 0 57.18
0 0 57.2
0 0 57.24
0 0 57.27
0 0 57.3
0 0 57.34
0 0 57.37
0 0 57.4
0 0 57.44
0 0 57.47
0 0 57.51
0 0 57.54
0 0 57.57
0 0 57.6
0 0 57.64
0 0 57.67
0 0 57.7
0 0 57.73
0 0 57.77
0 0 57.8
0 0 57.84
0 0 57.87
0 0 57.9
0 0 57.93
0 0 57.97
0 0 58.0
0 0 58.04
0 0 58.07
0 0 58.11
0 0 58.14
0 0 58.17
0 0 58.2
0 0 58.24
0 0 58.27
0 0 58.3
0 0 58.34
0 0 58.37
0 0 58.4
0 0 58.44
0 0 58.47
0 0 58.5
0 0 58.54
0 0 58.57
0 0 58.6
0 0 58.64
0 0 58.67
0 0 58.71
0 0 58.74
0 0 58.77
0 0 58.8
0 0 58.84
0 0 58.87
0 0 58.9
0 0 58.94
0 0 58.97
0 0 59.0
0 0 59.04
0 0 59.07
0 0 59.1
0 0 59.14
0 0 59.17
0 0 59.2
0 0 59.24
0 0 59.27
0 0 59.31
0 0 59.34
0 0 59.37
0 0 59.4
0 0 59.44
0 0 59.47
0 0 59.5
0 0 59.54
0 0 59.57
0 0 59.61
0 0 59.63
0 0 59.67
0 0 59.7
0 0 59.74
0 0 59.77
0 0 59.8
0 0 59.84
0 0 59.87
0 0 59.9
0 0 59.94
0 0 59.97
0.393 0.046 60.01
0 0 60.04
0.377 0.017 60.07
0 0 60.1
0.373 0.015 60.14
0.368 0.006 60.18
0.369 0.006 60.21
0.365 0.006 60.24
0.359 0.008 60.28
0 0 60.3
0 0 60.34
0 0 60.38
0 0 60.41
0.355 0.02 60.44
0.356 0.006 60.47
0 0 60.5
0.361 0.006 60.54
0.36 0.005 60.57
0 0 60.6
0.365 0.003 60.64
0 0 60.68
0.362 0.006 60.71
0 0 60.74
0 0 60.77
0 0 60.81
0 0 60.84
0.364 0.014 60.87
0 0 60.9
0.36 0.005 60.94
0 0 60.97
0.362 0.003 61.01
0.359 0.004 61.04
0 0 61.07
0.36 0.002 61.1
0.36 0.001 61.14
0.363 0.001 61.17
0.364 0.006 61.21
0.363 0.003 61.24
0 0 61.27
0 0 61.3
0.366 0.007 61.34
0 0 61.37
0 0 61.4
0 0 61.44
0 0 61.47
0 0 61.5
0 0 61.54
0 0 61.57
0 0 61.6
0 0 61.64
0 0 61.67
0 0 61.7
0 0 61.74
0 0 61.77
0 0 61.81
0 0 61.84
0 0 61.87
0 0 61.9
0 0 61.94
0 0 61.97
0 0 62.0
0 0 62.04
0 0 62.07
0 0 62.11
0.389 0.01 62.14
0.394 0.014 62.17
0.401 0.012 62.2
0.409 0.011 62.24
0.419 0.009 62.27
0.426 0.008 62.3
0 0 62.34
0 0 62.37
0.438 0.012 62.4
0 0 62.44
0.438 0.001 62.47
0.438 0.003 62.51
0 0 62.54
0.437 0.003 62.58
0 0 62.6
0.437 0.003 62.64
0.437 0.003 62.68
0.437 0.004 62.71
0 0 62.74
0.441 0.013 62.77
0 0 62.81
0 0 62.84
0 0 62.87
0 0 62.9
0 0 62.94
0.473 0.059 62.97
0 0 63.0
0 0 63.04
0 0 63.07
0 0 63.1
0 0 63.14
0 0 63.17
0 0 63.21
0 0 63.24
0 0 63.27
0 0 63.3
0 0 63.34
0 0 63.37
0 0 63.4
0 0 63.44
0 0 63.47
0 0 63.5
0 0 63.54
0 0 63.57
0 0 63.6
0 0 63.64
0 0 63.67
0 0 63.7
0 0 63.74
0 0 63.77
0 0 63.8
0 0 63.84
0 0 63.87
0 0 63.9
0 0 63.93
0 0 63.97
0 0 64.0
0 0 64.04
0 0 64.07
0 0 64.1
0 0 64.14
0 0 64.17
0 0 64.2
0 0 64.24
0 0 64.27
0 0 64.3
0 0 64.34
0 0 64.37
0 0 64.4
0 0 64.44
0 0 64.47
0 0 64.5
0 0 64.53
0 0 64.57
0 0 64.6
0 0 64.64
0 0 64.67
0 0 64.7
0 0 64.73
0 0 64.77
0 0 64.8
0 0 64.84
0 0 64.87
0 0 64.9
0 0 64.93
0 0 64.97
0 0 65.0
0 0 65.03
0 0 65.07
0 0 65.1
0 0 65.13
0 0 65.17
0 0 65.2
0 0 65.24
0 0 65.27
0 0 65.3
0 0 65.34
0 0 65.37
0 0 65.4
0 0 65.43
0 0 65.47
0 0 65.5
0 0 65.53
0 0 65.57
0 0 65.6
0 0 65.63
0 0 65.67
0 0 65.7
0 0 65.74
0 0 65.77
0 0 65.8
0 0 65.84
0 0 65.87
0 0 65.9
0 0 65.93
0.486 0.041 65.97
0 0 66.0
0 0 66.03
0 0 66.07
0.48 0.016 66.1
0.48 0.002 66.14
0.481 0.002 66.17
0.48 0.002 66.2
0.48 0.002 66.24
0.479 0.001 66.27
0.478 0.003 66.3
0.476 0.003 66.34
0 0 66.37
0.472 0.005 66.4
0.47 0.003 66.44
0.468 0.006 66.48
0.466 0.003 66.51
0.463 0.003 66.54
0 0 66.57
0.456 0.007 66.6
0.453 0.003 66.64
0.449 0.004 66.67
0 0 66.7
0 0 66.73
0.44 0.011 66.77
0.437 0.004 66.8
0.433 0.004 66.84
0 0 66.87
0.426 0.009 66.9
0.424 0.005 66.94
0.422 0.003 66.98
0.421 0.003 67.01
0.419 0.003 67.04
0.419 0.002 67.07
0.418 0.002 67.1
0.417 0.001 67.14
0.416 0.001 67.17
0 0 67.2
0 0 67.24
0.414 0.004 67.27
0.413 0.003 67.31
0.412 0.002 67.34
0.411 0.002 67.37
0.41 0.002 67.4
0.41 0.002 67.44
0.409 0.005 67.47
0.409 0.003 67.5
0.41 0.004 67.54
0 0 67.57
0.414 0.014 67.6
0.419 0.01 67.64
0.427 0.013 67.68
0 0 67.7
0 0 67.73
0 0 67.77
0 0 67.8
0 0 67.84
0 0 67.87
0 0 67.9
0 0 67.93
0 0 67.97
0 0 68.0
0 0 68.04
0 0 68.07
0 0 68.1
0 0 68.13
0 0 68.17
0 0 68.2
0 0 68.24
0 0 68.27
0 0 68.3
0 0 68.34
0 0 68.37
0 0 68.4
0 0 68.43
0 0 68.47
0 0 68.5
0 0 68.53
0 0 68.57
0 0 68.6
0 0 68.63
0 0 68.67
0 0 68.7
0 0 68.73
0 0 68.77
0 0 68.8
0 0 68.83
0 0 68.87
0 0 68.9
0 0 68.93
0 0 68.97
0 0 69.0
0 0 69.03
0 0 69.07
0 0 69.1
0 0 69.13
0 0 69.17
0 0 69.2
0 0 69.23
0 0 69.27
0 0 69.3
0 0 69.34
0 0 69.37
0 0 69.4
0 0 69.43
0 0 69.47
0 0 69.5
0 0 69.54
0 0 69.57
0 0 69.6
0 0 69.63
0 0 69.67
0 0 69.7
0 0 69.73
0 0 69.77
0 0 69.8
0 0 69.84
0 0 69.87
0 0 69.9
0 0 69.93
0 0 69.97
0 0 70.0
0 0 70.03
0 0 70.07
0 0 70.1
0 0 70.13
0 0 70.17
0 0 70.2
0 0 70.23
0 0 70.27
0 0 70.3
0 0 70.34
0 0 70.37
0 0 70.4
0 0 70.43
0 0 70.47
0 0 70.5
0 0 70.53
0 0 70.57
0 0 70.6
0 0 70.63
0 0 70.67
0 0 70.7
0 0 70.73
0 0 70.77
0 0 70.8
0 0 70.84
0 0 70.87
0 0 70.9
0 0 70.93
0 0 70.97
0 0 71.0
0 0 71.04
0 0 71.07
0 0 71.1
0 0 71.13
0 0 71.17
0 0 71.2
0 0 71.23
0 0 71.27
0 0 71.3
0 0 71.33
0 0 71.37
0 0 71.4
0 0 71.43
0 0 71.47
0 0 71.5
0 0 71.53
0 0 71.57
0 0 71.6
0 0 71.63
0 0 71.67
0 0 71.7
0 0 71.74
0 0 71.77
0 0 71.8
0 0 71.83
0 0 71.87
0 0 71.9
0 0 71.93
0 0 71.97
0 0 72.0
0 0 72.03
0 0 72.07
0 0 72.1
0 0 72.13
0 0 72.17
0 0 72.2
0 0 72.23
0 0 72.27
0 0 72.3
0 0 72.34
0 0 72.37
0 0 72.4
0 0 72.43
0 0 72.47
0 0 72.5
0 0 72.53
0 0 72.57
0 0 72.6
0 0 72.63
0 0 72.67
0 0 72.7
0 0 72.73
0 0 72.77
0 0 72.8
0 0 72.83
