0.536 0.001 3.61
0.53 0.0 3.65
0.519 0.007 3.68
0.513 0.001 3.71
0.504 0.005 3.74
0.502 0.003 3.78
0.49 0.004 3.81
0.489 0.004 3.84
0.479 0.009 3.88
0.476 0.001 3.91
0.476 0.004 3.94
0.474 0.001 3.98
0.468 0.005 4.01
0.464 0.002 4.04
0.463 0.002 4.08
0.464 0.005 4.11
0.457 0.004 4.14
0.45 0.008 4.18
0.447 0.003 4.21
0.449 0.005 4.24
0.449 0.001 4.27
0.444 0.006 4.31
0.442 0.003 4.34
0.441 0.002 4.38
0 0 4.41
0.442 0.002 4.44
0 0 4.47
0 0 4.51
0 0 4.54
0 0 4.57
0.423 0.031 4.61
0 0 4.64
0 0 4.67
0 0 4.71
0 0 4.74
0.367 0.08 4.77
0 0 4.81
0.345 0.031 4.84
0 0 4.88
0.32 0.038 4.91
0.312 0.012 4.94
0.302 0.015 4.97
0 0 5.01
0.284 0.03 5.04
0 0 5.08
0 0 5.11
0 0 5.15
0.263 0.045 5.18
0 0 5.21
0.258 0.019 5.24
0 0 5.27
0 0 5.3
0.257 0.021 5.34
0 0 5.38
0 0 5.41
0.262 0.017 5.44
0 0 5.47
0.271 0.008 5.5
0.274 0.004 5.54
0.276 0.003 5.58
0.279 0.002 5.61
0.284 0.004 5.64
0.286 0.005 5.67
0 0 5.71
0.291 0.001 5.74
0 0 5.77
0.295 0.003 5.81
0.297 0.003 5.84
0.297 0.005 5.87
0.299 0.003 5.91
0.3 0.003 5.94
0 0 5.97
0.301 0.006 6.0
0.301 0.003 6.04
0.301 0.003 6.07
0.301 0.004 6.11
0.299 0.003 6.14
0.299 0.002 6.17
0.3 0.002 6.21
0.3 0.002 6.25
0.3 0.001 6.28
0.301 0.0 6.31
0.3 0.002 6.34
0.301 0.001 6.38
0.301 0.002 6.41
0.3 0.001 6.46
0 0 6.5
0.298 0.003 6.53
0.299 0.004 6.55
0.299 0.0 6.58
0 0 6.6
0 0 6.64
0.3 0.002 6.68
0.299 0.004 6.71
0.302 0.005 6.75
0.302 0.003 6.79
0.301 0.004 6.81
0.303 0.006 6.84
0 0 6.87
0.303 0.002 6.91
0 0 6.94
0.304 0.001 6.97
0.304 0.002 7.01
0 0 7.04
0.305 0.005 7.07
0.304 0.005 7.1
0.305 0.005 7.14
0.306 0.004 7.17
0.306 0.004 7.21
0.307 0.005 7.24
0.308 0.006 7.28
0.31 0.007 7.3
0.312 0.008 7.34
0 0 7.37
0.323 0.02 7.4
0 0 7.44
0 0 7.47
0 0 7.5
0 0 7.54
0 0 7.57
0 0 7.6
0 0 7.64
0 0 7.67
0 0 7.7
0 0 7.74
0 0 7.77
0 0 7.81
0 0 7.84
0 0 7.87
0 0 7.9
0 0 7.94
0 0 7.97
0 0 8.0
0 0 8.04
0 0 8.07
0 0 8.1
0 0 8.14
0 0 8.17
0 0 8.21
0 0 8.24
0 0 8.27
0 0 8.3
0 0 8.34
0 0 8.37
0 0 8.4
0 0 8.44
0 0 8.47
0 0 8.5
0 0 8.54
0 0 8.57
0 0 8.6
0 0 8.64
0 0 8.67
0 0 8.7
0 0 8.74
0 0 8.77
0.632 0.298 8.81
0 0 8.84
0 0 8.87
0 0 8.9
0 0 8.94
0 0 8.97
0 0 9.01
0.596 0.068 9.04
0.592 0.004 9.07
0 0 9.1
0.601 0.008 9.14
0.6 0.001 9.18
0 0 9.2
0 0 9.23
0.605 0.006 9.27
0 0 9.3
0.607 0.007 9.34
0 0 9.37
0.603 0.012 9.41
0.6 0.008 9.44
0 0 9.47
0 0 9.5
0 0 9.54
0 0 9.57
0 0 9.6
0 0 9.64
0 0 9.67
0 0 9.7
0 0 9.74
0 0 9.77
0 0 9.8
0 0 9.84
0.421 0.211 9.87
0.417 0.015 9.91
0.408 0.015 9.94
0.402 0.012 9.97
0.401 0.011 10.0
0.398 0.009 10.04
0.395 0.008 10.07
0.397 0.008 10.11
0.397 0.008 10.14
0.397 0.006 10.17
0.396 0.005 10.21
0.402 0.004 10.24
0.402 0.003 10.28
0.402 0.003 10.31
0.405 0.003 10.34
0.405 0.002 10.37
0.406 0.002 10.41
0.407 0.002 10.44
0.408 0.002 10.47
0.408 0.001 10.51
0.409 0.001 10.54
0.408 0.002 10.57
0.407 0.002 10.6
0.405 0.003 10.64
0.406 0.001 10.67
0.406 0.003 10.71
0.405 0.002 10.74
0.406 0.001 10.77
0.406 0.0 10.8
0.406 0.002 10.84
0.408 0.003 10.87
0.407 0.006 10.91
0.408 0.006 10.94
0.411 0.007 10.97
0.412 0.008 11.01
0 0 11.04
0.418 0.023 11.07
0 0 11.1
0 0 11.14
0.447 0.045 11.17
0 0 11.2
0 0 11.24
0 0 11.27
0 0 11.3
0 0 11.34
0 0 11.37
0 0 11.4
0 0 11.44
0 0 11.47
0 0 11.5
0 0 11.54
0 0 11.57
0 0 11.6
0 0 11.64
0 0 11.67
0 0 11.7
0 0 11.74
0 0 11.77
0 0 11.8
0 0 11.83
0 0 11.87
0 0 11.9
0 0 11.94
0 0 11.97
0 0 12.0
0 0 12.04
0 0 12.07
0 0 12.1
0 0 12.14
0 0 12.17
0 0 12.21
0 0 12.24
0 0 12.27
0 0 12.3
0 0 12.34
0 0 12.37
0 0 12.41
0 0 12.44
0 0 12.47
0 0 12.5
0 0 12.54
0 0 12.57
0 0 12.6
0 0 12.63
0 0 12.67
0 0 12.71
0 0 12.74
0 0 12.77
0 0 12.81
0 0 12.84
0 0 12.87
0 0 12.9
0 0 12.94
0 0 12.97
0 0 13.0
0 0 13.04
0 0 13.07
0 0 13.1
0 0 13.14
0 0 13.17
0 0 13.2
0 0 13.23
0 0 13.27
0 0 13.3
0 0 13.34
0 0 13.37
0 0 13.4
0 0 13.43
0 0 13.47
0 0 13.5
0 0 13.54
0 0 13.57
0 0 13.6
0 0 13.64
0 0 13.67
0 0 13.7
0 0 13.74
0 0 13.77
0 0 13.8
0 0 13.83
0 0 13.87
0 0 13.9
0 0 13.94
0.428 0.029 13.97
0 0 14.0
0 0 14.04
0.422 0.021 14.07
0.42 0.005 14.1
0.42 0.004 14.14
0.419 0.003 14.17
0.418 0.003 14.21
0.417 0.004 14.24
0.416 0.002 14.28
0.415 0.002 14.3
0.415 0.001 14.34
0.415 0.001 14.37
0.413 0.002 14.41
0.413 0.001 14.44
0.413 0.001 14.47
0.413 0.001 14.51
0 0 14.54
0 0 14.57
0.41 0.003 14.6
0.407 0.002 14.64
0.408 0.004 14.67
0.406 0.003 14.71
0.403 0.003 14.74
0 0 14.77
0.402 0.002 14.8
0.404 0.007 14.84
0.402 0.002 14.87
0.399 0.007 14.91
0.399 0.001 14.94
0.397 0.003 14.97
0.399 0.003 15.0
0.398 0.002 15.04
0.398 0.001 15.07
0.398 0.001 15.1
0.399 0.001 15.14
0.397 0.001 15.17
0.398 0.002 15.2
0.398 0.002 15.24
0.398 0.003 15.27
0.398 0.003 15.3
0 0 15.34
0.401 0.006 15.37
0.402 0.003 15.41
0 0 15.44
0.403 0.008 15.47
0.406 0.005 15.5
0.408 0.003 15.54
0.409 0.003 15.57
0.411 0.004 15.61
0.413 0.005 15.64
0 0 15.67
0 0 15.7
0 0 15.74
0 0 15.77
0 0 15.8
0.453 0.061 15.84
0.463 0.014 15.88
0 0 15.9
0 0 15.93
0 0 15.97
0 0 16.0
0 0 16.04
0 0 16.07
0 0 16.1
0 0 16.13
0 0 16.17
0 0 16.2
0 0 16.24
0 0 16.27
0 0 16.3
0 0 16.33
0 0 16.37
0 0 16.4
0 0 16.43
0 0 16.47
0 0 16.5
0 0 16.54
0 0 16.57
0 0 16.6
0 0 16.64
0 0 16.67
0 0 16.71
0 0 16.74
0 0 16.77
0 0 16.8
0 0 16.83
0 0 16.87
0 0 16.9
0 0 16.93
0 0 16.97
0 0 17.0
0 0 17.04
0 0 17.07
0 0 17.1
0 0 17.13
0 0 17.17
0 0 17.2
0 0 17.24
0 0 17.27
0 0 17.3
0 0 17.33
0 0 17.37
0 0 17.4
0 0 17.43
0 0 17.47
0 0 17.5
0 0 17.54
0 0 17.57
0 0 17.6
0 0 17.63
0.668 0.208 17.67
0 0 17.7
0.661 0.008 17.74
0.659 0.006 17.77
0 0 17.8
0 0 17.83
0 0 17.87
0 0 17.9
0 0 17.94
0 0 17.97
0 0 18.0
0 0 18.04
0 0 18.07
0 0 18.1
0 0 18.13
0 0 18.17
0 0 18.2
0 0 18.23
0 0 18.27
0 0 18.3
0 0 18.33
0 0 18.37
0 0 18.4
0 0 18.43
0 0 18.47
0 0 18.5
0 0 18.54
0 0 18.57
0 0 18.6
0 0 18.64
0 0 18.67
0 0 18.7
0 0 18.74
0 0 18.77
0 0 18.8
0 0 18.83
0 0 18.87
0 0 18.9
0 0 18.94
0 0 18.97
0 0 19.0
0 0 19.04
0 0 19.07
0 0 19.1
0 0 19.13
0 0 19.17
0 0 19.2
0 0 19.23
0 0 19.27
0 0 19.3
0 0 19.34
0 0 19.37
0 0 19.4
0 0 19.43
0 0 19.47
0 0 19.5
0 0 19.54
0 0 19.57
0 0 19.6
0 0 19.64
0 0 19.67
0 0 19.7
0 0 19.74
0 0 19.77
0 0 19.8
0 0 19.83
0 0 19.87
0 0 19.9
0 0 19.93
0 0 19.97
0 0 20.0
0 0 20.03
0 0 20.07
0 0 20.1
0 0 20.13
0 0 20.17
0 0 20.2
0 0 20.23
0 0 20.27
0 0 20.3
0 0 20.33
0 0 20.37
0 0 20.4
0 0 20.44
0 0 20.47
0 0 20.5
0.598 0.217 20.54
0.601 0.012 20.57
0 0 20.61
0 0 20.64
0 0 20.67
0 0 20.7
0.586 0.028 20.74
0 0 20.77
0 0 20.8
0.587 0.014 20.84
0.589 0.004 20.87
0.594 0.007 20.9
0 0 20.93
0.593 0.006 20.97
0 0 21.0
0.592 0.006 21.04
0.592 0.0 21.07
0 0 21.1
0.61 0.022 21.13
0.585 0.019 21.17
0 0 21.2
0 0 21.23
0.58 0.002 21.27
0 0 21.3
0 0 21.33
0 0 21.37
0.579 0.004 21.4
0.583 0.005 21.44
0.58 0.001 21.47
0.576 0.004 21.5
0.579 0.003 21.54
0.577 0.002 21.57
0.578 0.005 21.61
0.577 0.001 21.64
0 0 21.67
0.57 0.004 21.7
0 0 21.73
0 0 21.77
0.568 0.003 21.81
0.564 0.004 21.84
0.563 0.001 21.87
0 0 21.9
0.554 0.006 21.94
0.556 0.003 21.97
0.553 0.004 22.0
0.552 0.002 22.04
0 0 22.07
0.55 0.002 22.1
0 0 22.13
0.54 0.009 22.17
0.539 0.001 22.2
0.537 0.001 22.23
0.531 0.006 22.27
0.533 0.002 22.3
0.526 0.006 22.34
0.528 0.003 22.37
0 0 22.4
0 0 22.43
0.523 0.009 22.47
0.523 0.002 22.5
0.522 0.002 22.54
0.52 0.004 22.57
0.52 0.002 22.6
0.516 0.007 22.64
0 0 22.67
0.518 0.004 22.7
0.517 0.003 22.73
0 0 22.77
0.517 0.002 22.8
0.521 0.004 22.84
0.514 0.009 22.87
0.514 0.001 22.91
0.516 0.001 22.94
0 0 22.97
0.514 0.002 23.0
0 0 23.03
0 0 23.07
0.517 0.004 23.11
0.519 0.002 23.14
0 0 23.17
0 0 23.2
0.518 0.001 23.24
0.516 0.003 23.27
0.517 0.002 23.3
0 0 23.34
0.519 0.003 23.37
0.52 0.001 23.4
0.52 0.001 23.44
0 0 23.47
0 0 23.5
0.518 0.002 23.54
0.52 0.002 23.57
0.52 0.0 23.6
0.521 0.001 23.64
0 0 23.67
0 0 23.7
0 0 23.73
0 0 23.77
0.523 0.002 23.8
0.522 0.001 23.84
0.519 0.004 23.88
0.521 0.002 23.91
0.524 0.004 23.94
0.517 0.009 23.97
0 0 24.0
0.522 0.005 24.04
0.52 0.003 24.07
0 0 24.1
0.518 0.004 24.13
0 0 24.17
0 0 24.2
0 0 24.23
0 0 24.27
0 0 24.3
0 0 24.33
0.514 0.013 24.37
0.513 0.002 24.4
0.51 0.003 24.43
0 0 24.47
0.512 0.002 24.5
0 0 24.53
0 0 24.57
0 0 24.6
0 0 24.63
0.517 0.006 24.67
0.517 0.002 24.71
0 0 24.74
0.518 0.004 24.77
0 0 24.8
0.516 0.005 24.83
0 0 24.87
0.521 0.004 24.91
0.518 0.005 24.94
0 0 24.97
0.512 0.014 25.01
0.511 0.003 25.04
0.508 0.005 25.07
0.508 0.005 25.1
0.504 0.006 25.13
0.497 0.01 25.17
0 0 25.2
0 0 25.23
0.481 0.026 25.28
0.481 0.003 25.3
0 0 25.33
0.472 0.017 25.37
0 0 25.4
0.465 0.014 25.44
0 0 25.47
0.453 0.017 25.5
0.454 0.004 25.54
0.446 0.012 25.57
0.441 0.007 25.6
0.433 0.011 25.64
0 0 25.67
0.428 0.013 25.7
0.422 0.008 25.74
0.425 0.009 25.77
0 0 25.8
0 0 25.83
0.414 0.021 25.87
0.406 0.012 25.9
0.405 0.005 25.93
0 0 25.97
0 0 26.0
0 0 26.03
0.394 0.023 26.07
0.393 0.011 26.1
0.393 0.003 26.13
0.391 0.003 26.17
0 0 26.2
0.396 0.004 26.23
0.395 0.003 26.27
0.398 0.007 26.3
0.4 0.003 26.34
0.399 0.004 26.37
0 0 26.4
0.404 0.005 26.43
0 0 26.47
0.403 0.005 26.5
0.409 0.003 26.54
0 0 26.57
0.405 0.009 26.6
0 0 26.63
0 0 26.67
0.407 0.004 26.7
0.41 0.003 26.74
0.407 0.002 26.77
0 0 26.8
0.403 0.005 26.84
0 0 26.87
0.406 0.005 26.9
0 0 26.94
0.41 0.008 26.97
0.409 0.001 27.0
0.408 0.002 27.04
0.41 0.005 27.07
0 0 27.1
0 0 27.13
0 0 27.17
0 0 27.2
0 0 27.23
0.403 0.016 27.27
0 0 27.3
0 0 27.33
0 0 27.37
0 0 27.4
0.4 0.016 27.44
0.396 0.006 27.47
0.397 0.005 27.5
0.394 0.005 27.54
0.392 0.005 27.57
0.39 0.005 27.6
0 0 27.63
0.391 0.009 27.67
0.389 0.003 27.7
0.389 0.007 27.74
0.389 0.004 27.77
0 0 27.8
0.392 0.005 27.83
0.39 0.002 27.87
0.391 0.006 27.9
0.395 0.003 27.94
0.393 0.004 27.97
0.393 0.003 28.0
0 0 28.03
0.394 0.003 28.07
0.393 0.002 28.1
0.392 0.003 28.13
0.397 0.001 28.17
0.396 0.003 28.2
0.397 0.005 28.24
0.399 0.002 28.27
0.397 0.005 28.3
0.398 0.002 28.33
0 0 28.37
0.401 0.002 28.4
0.404 0.005 28.44
0.404 0.002 28.47
0.407 0.003 28.5
0.408 0.001 28.54
0.407 0.004 28.57
0.406 0.001 28.6
0.406 0.001 28.64
0.406 0.001 28.68
0 0 28.7
0 0 28.73
0.409 0.006 28.77
0.411 0.003 28.8
0.415 0.005 28.83
0.416 0.005 28.87
0.418 0.005 28.9
0.424 0.007 28.93
0.428 0.007 28.97
0 0 29.0
0.438 0.015 29.04
0 0 29.07
0 0 29.1
0 0 29.13
0 0 29.17
0 0 29.2
0 0 29.23
0 0 29.27
0 0 29.3
0 0 29.33
0 0 29.37
0 0 29.4
0 0 29.43
0 0 29.47
0 0 29.5
0 0 29.53
0 0 29.57
0 0 29.6
0 0 29.63
0 0 29.67
0 0 29.7
0 0 29.73
0 0 29.77
0 0 29.8
0 0 29.83
0 0 29.87
0 0 29.9
0 0 29.93
0 0 29.96
0 0 30.0
0 0 30.03
0 0 30.07
0 0 30.1
0 0 30.13
0 0 30.17
0 0 30.2
0 0 30.23
0 0 30.27
0 0 30.3
0 0 30.33
0 0 30.37
0 0 30.4
0 0 30.43
0 0 30.47
0 0 30.5
0 0 30.53
0 0 30.57
0 0 30.6
0 0 30.63
0 0 30.67
0 0 30.7
0 0 30.73
0 0 30.76
0 0 30.8
0 0 30.83
0 0 30.87
0 0 30.9
0 0 30.93
0 0 30.97
0 0 31.0
0 0 31.03
0 0 31.07
0 0 31.1
0 0 31.13
0 0 31.17
0 0 31.2
0 0 31.23
0 0 31.27
0 0 31.3
0 0 31.33
0 0 31.37
0 0 31.4
0 0 31.43
0 0 31.47
0 0 31.5
0 0 31.53
0 0 31.57
0.457 0.06 31.6
0.448 0.015 31.64
0.438 0.014 31.67
0.433 0.011 31.71
0.429 0.009 31.73
0.427 0.008 31.77
0.425 0.007 31.8
0.423 0.008 31.84
0.423 0.005 31.87
0.423 0.005 31.9
0.424 0.003 31.94
0 0 31.97
0.424 0.006 32.0
0 0 32.03
0 0 32.07
0.425 0.008 32.1
0.424 0.004 32.14
0.425 0.006 32.17
0 0 32.2
0.424 0.005 32.23
0.426 0.005 32.27
0.427 0.002 32.3
0.426 0.004 32.33
0.427 0.006 32.37
0.426 0.002 32.4
0.426 0.002 32.44
0.427 0.003 32.47
0.427 0.005 32.5
0.428 0.003 32.54
0.428 0.002 32.58
0.428 0.003 32.61
0 0 32.63
0.429 0.007 32.67
0.428 0.007 32.7
0.428 0.004 32.73
0.426 0.01 32.77
0.426 0.004 32.8
0.426 0.002 32.83
0.425 0.003 32.87
0.422 0.007 32.9
0.422 0.005 32.93
0.423 0.003 32.97
0.421 0.007 33.0
0.42 0.003 33.03
0 0 33.07
0.421 0.005 33.1
0.422 0.001 33.14
0.421 0.004 33.17
0.422 0.003 33.2
0.423 0.001 33.24
0 0 33.27
0 0 33.3
0 0 33.34
0.428 0.011 33.37
0 0 33.4
0.43 0.007 33.43
0.433 0.008 33.47
0.434 0.004 33.5
0 0 33.53
0.438 0.009 33.57
0.44 0.006 33.6
0 0 33.63
0.448 0.016 33.67
0.456 0.014 33.7
0.463 0.013 33.73
0.474 0.017 33.77
0.484 0.016 33.8
0 0 33.83
0 0 33.87
0 0 33.9
0 0 33.93
0 0 33.96
0 0 34.0
0 0 34.03
0 0 34.07
0 0 34.1
0 0 34.13
0 0 34.17
0 0 34.2
0 0 34.23
0 0 34.27
0 0 34.3
0 0 34.33
0 0 34.37
0 0 34.4
0 0 34.43
0 0 34.47
0 0 34.5
0 0 34.53
0 0 34.56
0 0 34.6
0 0 34.63
0 0 34.67
0 0 34.7
0 0 34.73
0 0 34.76
0 0 34.8
0 0 34.83
0 0 34.87
0 0 34.9
0 0 34.93
0 0 34.96
0 0 35.0
0 0 35.03
0 0 35.06
0 0 35.1
0 0 35.13
0 0 35.17
0 0 35.2
0 0 35.23
0 0 35.27
0 0 35.3
0 0 35.33
0 0 35.37
0 0 35.4
0 0 35.43
0 0 35.47
0.679 0.203 35.5
0 0 35.53
0 0 35.56
0.678 0.009 35.6
0.679 0.004 35.63
0 0 35.66
0 0 35.7
0.683 0.02 35.73
0 0 35.77
0 0 35.8
0 0 35.83
0 0 35.87
0 0 35.9
0 0 35.93
0 0 35.96
0 0 36.0
0 0 36.03
0 0 36.06
0 0 36.1
0 0 36.13
0 0 36.16
0.468 0.222 36.2
0.459 0.014 36.24
0.453 0.012 36.27
0.446 0.011 36.3
0.441 0.009 36.33
0 0 36.37
0 0 36.4
0 0 36.43
0.433 0.022 36.47
0 0 36.5
0 0 36.53
0.427 0.01 36.57
0.425 0.004 36.6
0.426 0.007 36.63
0.425 0.003 36.67
0.424 0.002 36.7
0.423 0.002 36.73
0.422 0.002 36.77
0 0 36.8
0.419 0.003 36.83
0.418 0.001 36.87
0.418 0.002 36.9
0.418 0.003 36.93
0.416 0.007 36.97
0.417 0.004 37.0
0.417 0.001 37.03
0.414 0.005 37.07
0.413 0.003 37.1
0.414 0.003 37.13
0.412 0.006 37.17
0 0 37.2
0.411 0.005 37.23
0.41 0.002 37.27
0.409 0.001 37.3
0 0 37.33
0.409 0.002 37.37
0.409 0.003 37.4
0.41 0.002 37.44
0.412 0.003 37.47
0.414 0.004 37.5
0 0 37.53
0.42 0.01 37.57
0.423 0.008 37.6
0 0 37.63
0 0 37.67
0 0 37.7
0 0 37.73
0.449 0.04 37.77
0.459 0.015 37.8
0 0 37.83
0 0 37.87
0 0 37.9
0 0 37.93
0 0 37.96
0 0 38.0
0 0 38.03
0 0 38.06
0 0 38.1
0 0 38.13
0 0 38.16
0 0 38.2
0 0 38.23
0 0 38.27
0 0 38.3
0 0 38.33
0 0 38.37
0 0 38.4
0 0 38.43
0 0 38.46
0 0 38.5
0 0 38.53
0 0 38.56
0 0 38.6
0 0 38.63
0 0 38.66
0 0 38.7
0 0 38.73
0 0 38.76
0 0 38.8
0 0 38.83
0 0 38.86
0 0 38.9
0 0 38.93
0 0 38.96
0 0 39.0
0 0 39.03
0 0 39.06
0 0 39.1
0 0 39.13
0 0 39.17
0 0 39.2
0 0 39.23
0 0 39.26
0 0 39.3
0 0 39.33
0 0 39.36
0 0 39.4
0 0 39.43
0 0 39.46
0 0 39.5
0 0 39.54
0 0 39.57
0 0 39.6
0 0 39.63
0 0 39.66
0 0 39.7
0 0 39.73
0 0 39.76
0 0 39.8
0 0 39.83
0 0 39.86
0 0 39.9
0 0 39.93
0 0 39.96
0 0 40.0
0 0 40.03
0 0 40.06
0 0 40.1
0 0 40.13
0 0 40.16
0 0 40.2
0 0 40.23
0 0 40.26
0 0 40.3
0 0 40.33
0 0 40.37
0 0 40.4
0 0 40.43
0 0 40.46
0 0 40.49
0 0 40.53
0 0 40.56
0 0 40.6
0 0 40.63
0 0 40.66
0 0 40.7
0 0 40.73
0 0 40.76
0 0 40.8
0 0 40.83
0 0 40.86
0 0 40.9
0 0 40.93
0 0 40.96
0 0 41.0
0 0 41.03
0 0 41.06
0 0 41.1
0 0 41.13
0 0 41.16
0 0 41.2
0 0 41.23
0 0 41.27
0 0 41.3
0 0 41.33
0 0 41.36
0 0 41.4
0 0 41.43
0 0 41.46
0 0 41.5
0 0 41.53
0 0 41.56
0.543 0.387 41.6
0 0 41.63
0 0 41.66
0.53 0.008 41.7
0 0 41.73
0.534 0.007 41.76
0.53 0.004 41.8
0 0 41.83
0 0 41.87
0 0 41.9
0 0 41.93
0 0 41.96
0 0 42.0
0 0 42.03
0 0 42.06
0 0 42.1
0 0 42.13
0 0 42.16
0 0 42.2
0 0 42.23
0 0 42.26
0 0 42.3
0 0 42.33
0 0 42.36
0 0 42.4
0 0 42.43
0 0 42.46
0 0 42.5
0 0 42.53
0 0 42.56
0 0 42.6
0 0 42.63
0 0 42.66
0 0 42.7
0 0 42.73
0 0 42.76
0 0 42.8
0 0 42.83
0 0 42.86
0 0 42.9
0 0 42.93
0 0 42.96
0 0 43.0
0 0 43.03
0 0 43.06
0 0 43.1
0 0 43.13
0 0 43.16
0 0 43.2
0 0 43.23
0 0 43.26
0 0 43.3
0 0 43.33
0 0 43.36
0 0 43.4
0 0 43.43
0 0 43.46
0 0 43.5
0 0 43.53
0 0 43.56
0 0 43.6
0 0 43.63
0 0 43.66
0 0 43.7
0 0 43.73
0 0 43.76
0 0 43.8
0 0 43.83
0 0 43.86
0 0 43.9
0 0 43.93
0 0 43.96
0 0 44.0
0 0 44.03
0 0 44.06
0 0 44.1
0 0 44.13
0 0 44.16
0 0 44.2
0 0 44.23
0 0 44.26
0 0 44.3
0 0 44.33
0 0 44.36
0 0 44.4
0 0 44.43
0 0 44.46
0 0 44.5
0 0 44.53
0 0 44.56
0 0 44.6
0 0 44.63
0 0 44.66
0 0 44.7
0 0 44.73
0 0 44.76
0 0 44.8
0 0 44.83
0 0 44.86
0 0 44.9
0 0 44.93
0 0 44.96
0 0 45.0
0 0 45.03
0 0 45.06
0 0 45.09
0 0 45.13
0 0 45.16
0 0 45.2
0 0 45.23
0 0 45.26
0 0 45.3
0 0 45.33
0 0 45.36
0 0 45.4
0 0 45.43
0 0 45.46
0 0 45.5
0 0 45.53
0 0 45.56
0 0 45.6
0 0 45.63
0 0 45.66
0 0 45.7
0 0 45.73
0 0 45.76
0.52 0.077 45.8
0 0 45.83
0.523 0.01 45.86
0 0 45.9
0 0 45.93
0 0 45.97
0 0 46.0
0.505 0.022 46.03
0 0 46.06
0 0 46.09
0 0 46.13
0 0 46.16
0 0 46.2
0 0 46.23
0 0 46.26
0.494 0.028 46.3
0 0 46.33
0 0 46.36
0 0 46.39
0.486 0.01 46.43
0.494 0.009 46.47
0 0 46.49
0 0 46.53
0 0 46.56
0.494 0.004 46.6
0.5 0.009 46.63
0 0 46.66
0 0 46.7
0 0 46.73
0 0 46.76
0 0 46.8
0.497 0.011 46.83
0 0 46.86
0 0 46.89
0 0 46.93
0 0 46.96
0 0 47.0
0.499 0.012 47.03
0 0 47.06
0 0 47.09
0.483 0.023 47.13
0 0 47.16
0 0 47.2
0 0 47.24
0.483 0.007 47.27
0.48 0.004 47.3
0 0 47.34
0.481 0.004 47.37
0 0 47.4
0.482 0.002 47.43
0.487 0.001 47.47
0 0 47.5
0 0 47.53
0 0 47.56
0.481 0.017 47.6
0 0 47.63
0 0 47.66
0 0 47.7
0 0 47.73
0 0 47.76
0 0 47.8
0 0 47.83
0 0 47.87
0 0 47.9
0 0 47.93
0 0 47.96
0 0 47.99
0 0 48.03
0.48 0.058 48.06
0.479 0.004 48.1
0.479 0.008 48.13
0.476 0.006 48.16
0 0 48.2
0 0 48.23
0 0 48.26
0.484 0.019 48.3
0 0 48.33
0.482 0.014 48.37
0.483 0.004 48.4
0 0 48.43
0.48 0.015 48.46
0.477 0.005 48.5
0 0 48.53
0.464 0.025 48.56
0 0 48.6
0.453 0.017 48.63
0.452 0.007 48.67
0 0 48.7
0.442 0.018 48.73
0.437 0.013 48.76
0.434 0.006 48.8
0.432 0.005 48.83
0.429 0.011 48.87
0.427 0.005 48.9
0.424 0.009 48.93
0.423 0.004 48.97
0.423 0.005 49.0
0 0 49.03
0.418 0.017 49.06
0.42 0.003 49.1
0 0 49.13
0 0 49.16
0 0 49.19
0.414 0.02 49.23
0 0 49.26
0 0 49.29
0 0 49.33
0 0 49.36
0.398 0.022 49.4
0.395 0.007 49.43
0.389 0.007 49.46
0 0 49.49
0 0 49.53
0 0 49.56
0 0 49.6
0.362 0.033 49.64
0.357 0.007 49.67
0.353 0.007 49.7
0.348 0.008 49.73
0 0 49.76
0.345 0.011 49.8
0 0 49.83
0.344 0.01 49.87
0.344 0.004 49.9
0.342 0.003 49.93
0.341 0.003 49.96
0.339 0.004 50.0
0.337 0.004 50.03
0.331 0.008 50.07
0.33 0.003 50.1
0.327 0.003 50.13
0.325 0.002 50.16
0 0 50.2
0 0 50.23
0.319 0.007 50.26
0.317 0.003 50.3
0.316 0.004 50.34
0 0 50.36
0.313 0.005 50.4
0 0 50.43
0 0 50.46
0.309 0.009 50.5
0 0 50.53
0.308 0.004 50.56
0.308 0.002 50.6
0.308 0.001 50.63
0.309 0.001 50.66
0.31 0.003 50.7
0.309 0.003 50.73
0.31 0.001 50.76
0 0 50.79
0.308 0.003 50.83
0.309 0.003 50.86
0.31 0.006 50.9
0.307 0.005 50.93
0 0 50.96
0 0 50.99
0 0 51.03
0.301 0.01 51.06
0 0 51.09
0.302 0.002 51.13
0.303 0.002 51.17
0.303 0.002 51.2
0 0 51.24
0 0 51.27
0.3 0.008 51.3
0 0 51.33
0.292 0.011 51.36
0.29 0.003 51.39
0 0 51.43
0 0 51.46
0.283 0.009 51.5
0.286 0.002 51.53
0.286 0.005 51.56
0.285 0.003 51.6
0.288 0.003 51.63
0.287 0.004 51.66
0.287 0.001 51.7
0.287 0.004 51.73
0.29 0.004 51.77
0.292 0.003 51.8
0 0 51.83
0.298 0.008 51.87
0.3 0.007 51.9
0 0 51.93
0.311 0.016 51.96
0.314 0.008 52.0
0 0 52.03
0 0 52.06
0.332 0.024 52.1
0 0 52.14
0.346 0.014 52.17
0.351 0.006 52.21
0.353 0.003 52.23
0.355 0.004 52.26
0.361 0.004 52.3
0.364 0.007 52.33
0.367 0.006 52.37
0.375 0.007 52.39
0.38 0.008 52.43
0 0 52.46
0 0 52.5
0 0 52.53
0 0 52.56
0 0 52.59
0 0 52.63
0 0 52.66
0 0 52.7
0 0 52.73
0 0 52.76
0 0 52.8
0 0 52.83
0 0 52.86
0 0 52.89
0 0 52.93
0 0 52.96
0 0 52.99
0 0 53.03
0 0 53.06
0 0 53.09
0 0 53.13
0 0 53.16
0 0 53.2
0 0 53.23
0 0 53.26
0 0 53.29
0 0 53.33
0 0 53.36
0 0 53.4
0 0 53.43
0 0 53.46
0 0 53.49
0 0 53.53
0 0 53.56
0 0 53.59
0 0 53.63
0 0 53.66
0 0 53.7
0 0 53.73
0 0 53.76
0 0 53.79
0 0 53.83
0 0 53.86
0 0 53.89
0 0 53.93
0 0 53.96
0 0 53.99
0 0 54.03
0 0 54.06
0 0 54.09
0 0 54.13
0 0 54.16
0 0 54.2
0 0 54.23
0 0 54.26
0 0 54.29
0 0 54.33
0 0 54.36
0 0 54.39
0 0 54.43
0 0 54.46
0 0 54.5
0 0 54.53
0 0 54.56
0 0 54.59
0 0 54.63
0 0 54.66
0 0 54.69
0 0 54.73
0 0 54.76
0 0 54.79
0 0 54.83
0 0 54.86
0.682 0.21 54.9
0 0 54.93
0 0 54.96
0 0 54.99
0.671 0.017 55.03
0.666 0.007 55.07
0 0 55.09
0 0 55.13
0.672 0.01 55.16
0.669 0.006 55.2
0.671 0.003 55.23
0 0 55.26
0.677 0.008 55.3
0 0 55.33
0 0 55.36
0.671 0.019 55.4
0 0 55.43
0 0 55.46
0 0 55.49
0 0 55.53
0 0 55.56
0 0 55.59
0 0 55.63
0 0 55.66
0 0 55.7
0 0 55.73
0 0 55.76
0 0 55.79
0 0 55.83
0.504 0.183 55.86
0.503 0.006 55.9
0.499 0.006 55.93
0.497 0.004 55.97
0 0 55.99
0.497 0.007 56.03
0 0 56.06
0.495 0.004 56.1
0.496 0.002 56.13
0.495 0.002 56.16
0 0 56.2
0 0 56.23
0 0 56.26
0.49 0.008 56.3
0 0 56.33
0 0 56.36
0.485 0.007 56.4
0 0 56.43
0.483 0.006 56.47
0 0 56.5
0 0 56.53
0.48 0.008 56.56
0.476 0.005 56.6
0.475 0.003 56.63
0 0 56.66
0 0 56.7
0 0 56.73
0.468 0.013 56.76
0.466 0.003 56.8
0.463 0.003 56.83
0 0 56.86
0 0 56.89
0.455 0.007 56.93
0.453 0.002 56.96
0.453 0.004 56.99
0.451 0.002 57.03
0.45 0.002 57.06
0.452 0.003 57.09
0.45 0.004 57.13
0.45 0.004 57.16
0.448 0.004 57.19
0.448 0.003 57.23
0.446 0.002 57.26
0.446 0.003 57.29
0.444 0.002 57.33
0.442 0.002 57.36
0.441 0.002 57.4
0.442 0.005 57.43
0.438 0.004 57.46
0.437 0.001 57.49
0 0 57.53
0.435 0.004 57.56
0.437 0.01 57.6
0.435 0.003 57.63
0 0 57.66
0 0 57.69
0.434 0.001 57.73
0.433 0.002 57.76
0.434 0.005 57.79
0.434 0.004 57.83
0 0 57.86
0.431 0.01 57.9
0 0 57.93
0.433 0.011 57.96
0.438 0.01 58.0
0 0 58.03
0.441 0.014 58.06
0.443 0.009 58.1
0.447 0.008 58.13
0.453 0.008 58.16
0.462 0.012 58.2
0.468 0.009 58.23
0 0 58.26
0 0 58.29
0 0 58.32
0 0 58.36
0 0 58.39
0 0 58.43
0 0 58.46
0 0 58.49
0 0 58.53
0 0 58.56
0 0 58.6
0 0 58.63
0 0 58.66
0 0 58.69
0 0 58.73
0 0 58.76
0 0 58.79
0 0 58.83
0 0 58.86
0 0 58.89
0 0 58.93
0 0 58.96
0 0 58.99
0 0 59.03
0 0 59.06
0 0 59.09
0 0 59.13
0 0 59.16
0 0 59.19
0 0 59.23
0 0 59.26
0 0 59.29
0 0 59.33
0 0 59.36
0 0 59.39
0 0 59.43
0 0 59.46
0 0 59.49
0 0 59.53
0 0 59.56
0 0 59.59
0 0 59.62
0 0 59.66
0 0 59.69
0 0 59.73
0 0 59.76
0 0 59.79
0 0 59.83
0 0 59.86
0 0 59.89
0 0 59.93
0 0 59.96
0 0 59.99
0 0 60.03
0 0 60.06
0 0 60.09
0 0 60.13
0 0 60.16
0 0 60.2
0 0 60.23
0 0 60.26
0 0 60.29
0 0 60.33
0 0 60.36
0 0 60.39
0 0 60.43
0 0 60.46
0 0 60.49
0 0 60.53
0 0 60.56
0 0 60.59
0 0 60.63
0.457 0.02 60.66
0 0 60.69
0.437 0.026 60.73
0.428 0.012 60.76
0 0 60.79
0.416 0.018 60.83
0.415 0.008 60.87
0.411 0.005 60.9
0.407 0.005 60.93
0.405 0.005 60.96
0 0 60.99
0 0 61.03
0 0 61.06
0.39 0.017 61.09
0 0 61.13
0.388 0.005 61.16
0 0 61.2
0.384 0.005 61.23
0 0 61.26
0 0 61.29
0.38 0.007 61.33
0 0 61.36
0 0 61.4
0 0 61.43
0 0 61.46
0 0 61.49
0 0 61.53
0 0 61.56
0 0 61.59
0 0 61.63
0 0 61.66
0 0 61.69
0 0 61.73
0 0 61.76
0 0 61.79
0 0 61.83
0 0 61.86
0 0 61.89
0 0 61.93
0 0 61.96
0.374 0.005 62.0
0.38 0.007 62.03
0.378 0.014 62.06
0.385 0.007 62.1
0.389 0.006 62.13
0.39 0.007 62.16
0.395 0.005 62.2
0.394 0.003 62.23
0.396 0.002 62.26
0.398 0.002 62.29
0.398 0.002 62.33
0 0 62.36
0 0 62.39
0 0 62.42
0 0 62.46
0 0 62.49
0.399 0.006 62.53
0.395 0.001 62.56
0.395 0.001 62.6
0 0 62.63
0.393 0.002 62.66
0 0 62.7
0.395 0.003 62.73
0.395 0.003 62.76
0.394 0.003 62.8
0 0 62.83
0 0 62.86
0.396 0.009 62.9
0.398 0.004 62.93
0.402 0.006 62.97
0.405 0.008 63.0
0 0 63.03
0 0 63.06
0 0 63.09
0 0 63.13
0 0 63.16
0 0 63.19
0 0 63.23
0 0 63.26
0 0 63.29
0 0 63.33
0 0 63.36
0 0 63.39
0 0 63.43
0 0 63.46
0 0 63.49
0 0 63.53
0 0 63.56
0 0 63.59
0 0 63.63
0 0 63.66
0 0 63.69
0 0 63.73
0 0 63.76
0 0 63.79
0 0 63.83
0 0 63.86
0 0 63.89
0 0 63.93
0 0 63.96
0 0 63.99
0 0 64.03
0 0 64.06
0 0 64.09
0 0 64.13
0 0 64.16
0 0 64.19
0 0 64.23
0 0 64.26
0 0 64.29
0 0 64.33
0 0 64.36
0 0 64.39
0 0 64.43
0 0 64.46
0 0 64.49
0 0 64.53
0 0 64.56
0 0 64.59
0 0 64.63
0 0 64.66
0 0 64.69
0 0 64.73
0 0 64.76
0 0 64.79
0 0 64.83
0 0 64.86
0 0 64.89
0 0 64.93
0 0 64.96
0 0 64.99
0 0 65.03
0 0 65.06
0 0 65.1
0 0 65.13
0 0 65.16
0 0 65.19
0 0 65.23
0 0 65.26
0 0 65.29
0 0 65.33
0 0 65.36
0 0 65.39
0 0 65.43
0 0 65.46
0 0 65.49
0 0 65.53
0 0 65.56
0 0 65.59
0 0 65.62
0 0 65.66
0 0 65.69
0 0 65.73
0 0 65.76
0 0 65.79
0 0 65.83
0 0 65.86
0 0 65.89
0 0 65.93
0 0 65.96
0 0 65.99
0 0 66.03
0 0 66.06
0 0 66.09
0 0 66.13
0 0 66.16
0 0 66.19
0 0 66.23
0 0 66.26
0 0 66.29
0 0 66.33
0 0 66.36
0 0 66.39
0 0 66.42
0 0 66.46
0 0 66.49
0 0 66.53
0 0 66.56
0 0 66.59
0 0 66.63
0 0 66.66
0 0 66.69
0 0 66.73
0 0 66.76
0 0 66.79
0 0 66.82
0 0 66.86
0 0 66.89
0 0 66.93
0 0 66.96
0 0 66.99
0 0 67.03
0 0 67.06
0 0 67.09
0 0 67.13
0 0 67.16
0 0 67.19
0 0 67.22
0 0 67.26
0 0 67.29
0 0 67.32
0 0 67.36
0 0 67.39
0 0 67.43
0 0 67.46
0 0 67.49
0 0 67.53
0 0 67.56
0 0 67.59
0 0 67.62
0 0 67.66
0 0 67.69
0 0 67.72
0 0 67.76
0 0 67.79
0 0 67.82
0 0 67.86
0 0 67.89
0 0 67.92
0 0 67.96
0 0 67.99
0 0 68.03
0 0 68.06
0 0 68.09
0 0 68.12
0 0 68.16
0 0 68.19
0 0 68.22
0 0 68.26
0 0 68.29
0 0 68.33
0 0 68.36
0 0 68.39
0 0 68.42
0 0 68.46
0 0 68.49
0 0 68.53
0 0 68.56
0 0 68.59
0 0 68.62
0 0 68.66
0 0 68.69
0 0 68.72
0 0 68.76
0 0 68.79
0 0 68.82
0 0 68.86
0 0 68.89
0 0 68.93
0 0 68.96
0 0 68.99
0 0 69.03
0 0 69.06
0 0 69.09
0 0 69.12
0 0 69.16
0 0 69.19
0 0 69.23
0 0 69.26
0 0 69.29
0 0 69.32
0 0 69.36
0 0 69.39
0 0 69.42
0 0 69.46
0 0 69.49
0 0 69.53
0 0 69.56
0 0 69.59
0 0 69.62
0 0 69.66
0 0 69.69
0 0 69.72
0 0 69.76
0 0 69.79
0 0 69.82
0 0 69.86
0.537 0.223 69.89
0 0 69.93
0.533 0.01 69.96
0.528 0.005 69.99
0 0 70.02
0 0 70.06
0.515 0.02 70.09
0.516 0.004 70.13
0 0 70.16
0.5 0.017 70.2
0.498 0.008 70.23
0.495 0.004 70.26
0.488 0.007 70.29
0.485 0.004 70.33
0.484 0.007 70.37
0.478 0.007 70.4
0.476 0.003 70.43
0 0 70.46
0 0 70.49
0.465 0.02 70.53
0.466 0.005 70.56
0.46 0.008 70.59
0.453 0.01 70.63
0.453 0.006 70.66
0.449 0.005 70.7
0.445 0.004 70.73
0 0 70.76
0.446 0.015 70.79
0.444 0.003 70.83
0 0 70.86
0.445 0.009 70.89
0 0 70.93
0.443 0.009 70.96
0.448 0.002 70.99
0.445 0.004 71.03
0.443 0.004 71.06
0.448 0.002 71.1
0.445 0.003 71.13
0.443 0.004 71.16
0 0 71.19
0.44 0.008 71.23
0 0 71.26
0.435 0.006 71.29
0.438 0.002 71.33
0.437 0.002 71.36
0.435 0.003 71.39
0 0 71.42
0 0 71.46
0.436 0.004 71.49
0.434 0.002 71.53
0.437 0.001 71.56
0.435 0.003 71.59
0.434 0.001 71.63
0.435 0.002 71.66
0.436 0.005 71.69
0 0 71.73
0 0 71.76
0 0 71.79
0 0 71.82
0 0 71.86
0.438 0.009 71.89
0.435 0.003 71.93
0.434 0.001 71.96
0.44 0.003 71.99
0.438 0.003 72.03
0 0 72.06
0.439 0.004 72.09
0.439 0.002 72.13
0 0 72.16
0.438 0.006 72.19
0.441 0.008 72.23
0.442 0.003 72.26
0.441 0.008 72.3
0 0 72.32
0.44 0.004 72.36
0.442 0.005 72.39
0.444 0.001 72.43
0.444 0.002 72.47
0.446 0.003 72.5
0.446 0.006 72.54
0 0 72.56
0.446 0.004 72.59
0.448 0.001 72.63
0 0 72.66
0 0 72.69
0.447 0.005 72.73
0.448 0.001 72.76
0.447 0.005 72.79
0.449 0.006 72.83
0.45 0.002 72.86
0.45 0.004 72.89
0.45 0.002 72.93
0.449 0.003 72.97
0 0 72.99
0.446 0.005 73.03
0.449 0.009 73.06
0.446 0.01 73.09
0.445 0.004 73.12
0.447 0.007 73.16
0.448 0.002 73.19
0.447 0.001 73.23
0 0 73.26
0 0 73.29
0 0 73.32
0.445 0.008 73.36
0.447 0.003 73.4
0.446 0.003 73.43
0.445 0.006 73.47
0.449 0.009 73.5
0.449 0.003 73.53
0.45 0.004 73.56
0.453 0.003 73.59
0.454 0.005 73.63
0.458 0.004 73.66
0.46 0.003 73.69
0.461 0.006 73.73
0 0 73.76
0.465 0.005 73.79
0.468 0.003 73.83
0.468 0.002 73.86
0.469 0.003 73.9
0.47 0.002 73.93
0.47 0.001 73.96
0.472 0.003 73.99
0.472 0.002 74.03
0.471 0.002 74.06
0.471 0.002 74.09
0.472 0.001 74.13
0.473 0.001 74.16
0.473 0.002 74.19
0.474 0.001 74.23
0.474 0.002 74.26
0.474 0.002 74.29
0.477 0.004 74.32
0.477 0.002 74.36
0 0 74.4
0 0 74.42
0.481 0.004 74.46
0 0 74.49
0.482 0.003 74.53
0.486 0.006 74.56
0.485 0.005 74.59
0.486 0.004 74.63
0 0 74.66
0 0 74.69
0 0 74.72
0 0 74.76
0.484 0.004 74.8
0.485 0.001 74.83
0 0 74.86
0.484 0.003 74.89
0 0 74.92
0 0 74.96
0.484 0.002 75.0
0.484 0.003 75.03
0 0 75.06
0.485 0.003 75.1
0.485 0.001 75.13
0.485 0.001 75.16
0.487 0.002 75.19
0 0 75.22
0 0 75.26
0.491 0.006 75.29
0 0 75.33
0.496 0.007 75.37
0 0 75.39
0.502 0.012 75.42
0 0 75.46
0.511 0.018 75.49
0.516 0.01 75.53
0 0 75.56
0 0 75.59
0 0 75.63
0 0 75.66
0 0 75.69
0 0 75.72
0 0 75.76
0 0 75.79
0 0 75.82
0 0 75.86
0 0 75.89
0 0 75.92
0 0 75.96
0 0 75.99
0 0 76.02
0 0 76.06
0 0 76.09
0 0 76.12
0 0 76.16
0 0 76.19
0 0 76.22
0 0 76.26
0 0 76.29
0 0 76.32
0 0 76.36
0 0 76.39
0 0 76.42
0 0 76.46
0 0 76.49
0 0 76.52
0 0 76.56
0 0 76.59
0 0 76.62
0 0 76.66
0 0 76.69
0 0 76.72
0 0 76.76
0 0 76.79
0 0 76.82
0 0 76.86
0 0 76.89
0 0 76.93
0 0 76.96
0 0 76.99
0 0 77.02
0 0 77.06
0 0 77.09
0 0 77.12
0 0 77.16
0 0 77.19
0 0 77.22
0 0 77.26
0 0 77.29
0 0 77.33
0 0 77.36
0 0 77.39
0 0 77.42
0 0 77.46
0 0 77.49
0 0 77.53
0 0 77.56
0 0 77.59
0 0 77.62
0 0 77.66
0 0 77.69
0 0 77.72
0 0 77.76
0 0 77.79
0 0 77.82
0 0 77.86
0 0 77.89
0 0 77.92
0 0 77.96
0 0 77.99
0 0 78.02
0 0 78.06
0 0 78.09
0 0 78.12
0 0 78.16
0 0 78.19
0 0 78.22
0 0 78.26
0 0 78.29
0 0 78.32
0.518 0.048 78.36
0.509 0.01 78.4
0 0 78.42
0.497 0.015 78.46
0 0 78.49
0 0 78.52
0 0 78.56
0.486 0.02 78.59
0.483 0.005 78.63
0.482 0.003 78.66
0 0 78.69
0.477 0.004 78.72
0.475 0.003 78.76
0.474 0.003 78.79
0 0 78.83
0.469 0.007 78.86
0.465 0.005 78.89
0.461 0.004 78.92
0 0 78.96
0.457 0.009 78.99
0.453 0.005 79.03
0 0 79.06
0.446 0.008 79.1
0.443 0.005 79.12
0.438 0.007 79.16
0.437 0.006 79.19
0 0 79.22
0.433 0.006 79.26
0 0 79.29
0 0 79.32
0 0 79.36
0 0 79.39
0.432 0.003 79.43
0.432 0.002 79.46
0 0 79.49
0.433 0.003 79.53
0.434 0.004 79.56
0.434 0.001 79.59
0.435 0.002 79.63
0.434 0.005 79.66
0.433 0.003 79.69
0.434 0.003 79.73
0.436 0.007 79.76
0.434 0.006 79.79
0.435 0.005 79.83
0.433 0.003 79.86
0.433 0.004 79.89
0 0 79.92
0 0 79.96
0 0 79.99
0.426 0.008 80.03
0.426 0.001 80.06
0.427 0.002 80.09
0.428 0.002 80.13
0.427 0.006 80.16
0.429 0.005 80.19
0.431 0.006 80.22
0.434 0.007 80.26
0.438 0.008 80.29
0 0 80.32
0 0 80.36
0.45 0.028 80.39
0 0 80.42
0.463 0.019 80.46
0.47 0.011 80.49
0.48 0.014 80.53
0.488 0.012 80.56
0 0 80.59
0 0 80.63
0 0 80.66
0 0 80.69
0 0 80.72
0 0 80.75
0 0 80.79
0 0 80.82
0 0 80.86
0 0 80.89
0 0 80.92
0 0 80.96
0 0 80.99
0 0 81.02
0 0 81.06
0 0 81.09
0 0 81.12
0 0 81.16
0 0 81.19
0 0 81.22
0 0 81.26
0 0 81.29
0 0 81.32
0 0 81.36
0 0 81.39
0 0 81.42
0 0 81.45
0 0 81.49
0 0 81.52
0 0 81.56
0 0 81.59
0 0 81.62
0 0 81.66
0 0 81.69
0 0 81.72
0 0 81.76
0 0 81.79
0 0 81.82
0 0 81.86
0 0 81.89
0 0 81.92
0 0 81.96
0 0 81.99
0 0 82.02
0 0 82.06
0 0 82.09
0 0 82.12
0 0 82.15
0 0 82.19
0 0 82.22
0 0 82.26
0 0 82.29
0 0 82.32
0 0 82.36
0 0 82.39
0 0 82.42
0 0 82.45
0 0 82.49
0 0 82.52
0 0 82.55
0 0 82.59
0 0 82.62
0 0 82.65
0 0 82.69
0 0 82.72
0 0 82.76
0 0 82.79
0 0 82.82
0 0 82.86
0 0 82.89
0 0 82.92
0 0 82.95
0 0 82.99
0 0 83.02
0 0 83.06
0 0 83.09
0 0 83.12
0 0 83.15
0 0 83.19
0 0 83.22
0 0 83.26
0 0 83.29
0 0 83.32
0 0 83.36
0 0 83.39
0 0 83.42
0 0 83.45
0 0 83.49
0 0 83.52
0 0 83.56
0 0 83.59
0 0 83.62
0 0 83.65
0 0 83.69
0 0 83.72
0 0 83.75
0 0 83.79
0 0 83.82
0 0 83.86
0 0 83.89
0 0 83.92
0 0 83.95
0 0 83.99
0 0 84.02
0 0 84.05
0 0 84.09
0 0 84.12
0 0 84.15
0 0 84.19
0 0 84.22
0 0 84.26
0 0 84.29
0 0 84.32
0 0 84.36
0 0 84.39
0 0 84.42
0 0 84.45
0 0 84.49
0 0 84.52
0 0 84.55
0 0 84.59
0 0 84.62
0 0 84.65
0 0 84.69
0 0 84.72
0 0 84.75
0 0 84.79
0 0 84.82
0 0 84.85
0 0 84.89
0 0 84.92
0 0 84.95
0 0 84.99
0 0 85.02
0 0 85.05
0 0 85.09
0 0 85.12
0 0 85.15
0 0 85.19
0 0 85.22
0 0 85.25
0 0 85.29
0 0 85.32
0 0 85.35
0 0 85.39
0 0 85.42
0 0 85.45
0 0 85.49
0 0 85.52
0 0 85.56
0 0 85.59
0 0 85.62
0 0 85.66
0 0 85.69
0 0 85.72
0 0 85.76
0 0 85.79
0 0 85.82
0 0 85.86
0 0 85.89
0 0 85.92
0 0 85.95
0 0 85.99
0 0 86.02
0 0 86.05
0 0 86.09
0 0 86.12
0 0 86.15
0 0 86.19
0 0 86.22
0 0 86.25
0 0 86.29
0 0 86.32
0 0 86.35
