0.509 0.046 6.88
0.5 0.015 6.91
0.489 0.013 6.94
0.478 0.014 6.98
0.464 0.016 7.01
0.455 0.015 7.04
0.443 0.015 7.07
0.434 0.013 7.11
0.429 0.009 7.14
0.423 0.009 7.17
0.419 0.008 7.21
0.42 0.006 7.24
0.418 0.005 7.27
0.419 0.006 7.3
0.417 0.004 7.34
0.418 0.002 7.38
0.417 0.002 7.41
0.417 0.001 7.44
0.419 0.004 7.47
0.419 0.001 7.51
0.418 0.001 7.54
0 0 7.57
0 0 7.61
0 0 7.64
0 0 7.68
0.421 0.004 7.71
0.42 0.001 7.74
0.418 0.003 7.78
0.417 0.003 7.81
0.417 0.004 7.84
0.417 0.005 7.87
0.418 0.007 7.91
0.419 0.009 7.94
0.421 0.011 7.97
0.428 0.014 8.01
0.434 0.015 8.05
0 0 8.07
0.452 0.032 8.11
0 0 8.14
0.48 0.037 8.18
0 0 8.2
0.512 0.034 8.24
0 0 8.27
0.547 0.038 8.31
0.562 0.017 8.35
0.583 0.026 8.38
0.595 0.014 8.41
0.609 0.017 8.44
0.625 0.021 8.47
0.638 0.018 8.51
0.645 0.01 8.54
0.653 0.013 8.58
0.656 0.007 8.61
0.66 0.009 8.64
0.662 0.005 8.69
0.664 0.005 8.72
0.666 0.007 8.75
0.665 0.002 8.78
0 0 8.81
0.667 0.009 8.84
0.669 0.004 8.88
0.669 0.003 8.91
0.669 0.003 8.96
0.67 0.002 8.99
0 0 9.01
0.672 0.006 9.05
0.672 0.001 9.08
0.67 0.002 9.11
0.672 0.004 9.15
0.673 0.002 9.2
0.675 0.003 9.24
0.678 0.005 9.28
0.679 0.002 9.32
0.68 0.003 9.36
0.682 0.004 9.39
0.683 0.003 9.42
0.683 0.002 9.45
0.684 0.003 9.48
0.683 0.002 9.51
0.683 0.003 9.55
0.682 0.002 9.58
0.68 0.002 9.61
0.678 0.002 9.64
0.674 0.004 9.67
0.674 0.001 9.7
0.671 0.004 9.73
0.671 0.001 9.77
0.665 0.006 9.79
0.664 0.003 9.82
0.66 0.005 9.85
0.658 0.003 9.88
0.653 0.004 9.92
0.648 0.007 9.95
0.649 0.001 9.98
0.651 0.003 10.01
0.652 0.002 10.04
0.655 0.003 10.07
0.66 0.005 10.11
0.661 0.002 10.14
0.665 0.005 10.18
0.667 0.003 10.21
0.668 0.001 10.24
0.666 0.002 10.28
0.666 0.001 10.31
0.666 0.001 10.35
0.668 0.002 10.38
0.668 0.001 10.41
0.666 0.003 10.45
0.665 0.002 10.47
0.664 0.003 10.51
0.661 0.006 10.55
0.658 0.007 10.58
0.658 0.005 10.61
0.655 0.007 10.64
0.651 0.007 10.68
0.646 0.008 10.71
0.641 0.008 10.74
0.632 0.012 10.77
0.62 0.015 10.81
0.61 0.013 10.84
0.598 0.015 10.88
0.584 0.017 10.91
0 0 10.94
0.559 0.03 10.97
0.546 0.013 11.01
0 0 11.04
0.522 0.029 11.07
0.509 0.016 11.11
0.496 0.013 11.14
0.485 0.014 11.18
0.474 0.012 11.21
0.463 0.012 11.24
0.453 0.012 11.27
0.444 0.01 11.31
0.434 0.01 11.34
0.427 0.008 11.37
0.42 0.008 11.41
0.414 0.007 11.44
0.41 0.005 11.47
0.406 0.004 11.51
0.404 0.004 11.54
0.401 0.002 11.58
0.401 0.002 11.61
0.401 0.002 11.64
0.4 0.001 11.67
0.399 0.001 11.71
0.4 0.001 11.74
0.4 0.003 11.77
0.4 0.001 11.81
0.4 0.002 11.84
0.399 0.001 11.88
0.399 0.002 11.91
0.399 0.001 11.94
0.401 0.003 11.97
0.401 0.004 12.01
0.403 0.005 12.04
0.406 0.006 12.07
0.409 0.008 12.11
0.413 0.009 12.14
0.418 0.01 12.17
0.424 0.012 12.21
0 0 12.24
0.442 0.026 12.28
0 0 12.3
0.464 0.028 12.34
0 0 12.37
0.49 0.029 12.41
0 0 12.44
0.516 0.028 12.47
0.527 0.01 12.51
0.541 0.015 12.54
0 0 12.57
0.567 0.029 12.61
0.579 0.012 12.64
0.59 0.014 12.67
0 0 12.71
0 0 12.74
0.62 0.036 12.77
0.628 0.01 12.8
0.636 0.01 12.84
0.643 0.009 12.87
0.648 0.007 12.91
0.658 0.012 12.94
0.662 0.006 12.97
0.665 0.004 13.01
0.668 0.005 13.04
0.674 0.008 13.07
0.673 0.002 13.11
0.672 0.003 13.15
0.672 0.004 13.18
0 0 13.21
0.669 0.005 13.24
0.669 0.003 13.27
0.668 0.002 13.31
0.669 0.002 13.34
0.668 0.001 13.38
0.67 0.002 13.41
0.669 0.003 13.45
0.673 0.005 13.48
0.678 0.006 13.51
0.681 0.003 13.54
0.682 0.001 13.57
0.683 0.001 13.61
0.686 0.004 13.64
0.687 0.001 13.68
0.688 0.002 13.71
0.687 0.002 13.74
0.688 0.002 13.77
0.686 0.002 13.8
0.684 0.002 13.84
0.681 0.003 13.87
0.678 0.003 13.91
0.677 0.002 13.94
0.674 0.003 13.97
0.672 0.002 14.01
0.669 0.003 14.04
0.67 0.004 14.07
0.664 0.008 14.1
0.664 0.001 14.14
0.666 0.002 14.17
0.671 0.005 14.21
0.674 0.004 14.24
0.676 0.003 14.27
0.682 0.007 14.31
0.682 0.0 14.34
0.683 0.002 14.37
0.685 0.003 14.41
0.686 0.001 14.44
0.689 0.005 14.47
0.692 0.004 14.51
0.685 0.009 14.54
0.683 0.001 14.57
0.685 0.002 14.61
0.682 0.003 14.64
0.679 0.002 14.67
0.674 0.005 14.7
0.671 0.003 14.74
0.671 0.002 14.77
0.668 0.003 14.81
0.668 0.002 14.84
0.665 0.005 14.87
0.662 0.003 14.91
0.659 0.006 14.94
0 0 14.97
0.652 0.01 15.01
0.651 0.004 15.04
0.649 0.005 15.07
0.64 0.009 15.11
0.633 0.009 15.14
0.626 0.009 15.17
0.621 0.007 15.2
0.606 0.012 15.24
0.599 0.008 15.27
0.589 0.012 15.3
0.58 0.007 15.34
0.574 0.006 15.37
0 0 15.4
0 0 15.44
0.563 0.01 15.47
0.559 0.004 15.51
0.559 0.0 15.54
0.558 0.003 15.57
0.558 0.001 15.6
0.561 0.004 15.64
0.56 0.002 15.67
0.56 0.003 15.71
0.565 0.006 15.74
0.564 0.004 15.77
0.568 0.005 15.8
0.574 0.008 15.84
0 0 15.87
0.58 0.014 15.9
0.585 0.007 15.94
0.593 0.01 15.97
0.592 0.006 16.01
0.593 0.003 16.04
0 0 16.07
0 0 16.1
0 0 16.14
0 0 16.17
0.618 0.038 16.21
0.62 0.002 16.24
0 0 16.27
0.621 0.005 16.31
0.621 0.001 16.34
0 0 16.37
0 0 16.4
0.621 0.011 16.44
0.618 0.006 16.48
0 0 16.51
0.619 0.007 16.54
0.621 0.002 16.57
0 0 16.6
0 0 16.64
0.618 0.007 16.67
0.623 0.006 16.7
0.619 0.001 16.75
0 0 16.77
0 0 16.8
0.626 0.007 16.84
0.619 0.002 16.88
0.615 0.005 16.91
0 0 16.94
0.613 0.004 16.97
0 0 17.0
0.614 0.002 17.04
0.611 0.004 17.07
0.608 0.004 17.1
0 0 17.14
0.606 0.003 17.17
0.604 0.004 17.21
0.603 0.001 17.24
0.602 0.001 17.28
0.594 0.004 17.31
0.595 0.001 17.34
0.594 0.001 17.37
0 0 17.4
0.589 0.001 17.44
0 0 17.47
0 0 17.5
0.585 0.001 17.54
0 0 17.57
0 0 17.6
0.58 0.002 17.64
0 0 17.67
0 0 17.7
0.563 0.01 17.74
0.564 0.003 17.77
0 0 17.8
0.559 0.004 17.84
0.557 0.003 17.88
0.551 0.006 17.91
0.547 0.002 17.94
0.543 0.004 17.98
0 0 18.0
0.532 0.011 18.04
0.532 0.007 18.07
0.526 0.006 18.11
0.52 0.006 18.14
0.513 0.005 18.17
0.511 0.003 18.2
0.511 0.003 18.24
0.504 0.005 18.27
0.501 0.003 18.32
0.501 0.004 18.34
0.495 0.004 18.38
0.487 0.008 18.4
0.482 0.006 18.44
0.477 0.005 18.47
0.469 0.006 18.51
0.466 0.005 18.54
0.463 0.004 18.57
0.456 0.006 18.6
0.452 0.004 18.64
0.451 0.003 18.67
0.447 0.002 18.7
0.446 0.001 18.74
0.445 0.001 18.78
0.445 0.002 18.81
0.445 0.001 18.85
0.446 0.002 18.87
0.447 0.001 18.91
0.446 0.0 18.94
0.446 0.0 18.97
0.447 0.001 19.01
0.445 0.0 19.04
0.447 0.003 19.07
0.447 0.001 19.1
0.444 0.003 19.14
0.446 0.002 19.18
0.448 0.003 19.21
0.447 0.001 19.24
0.446 0.002 19.28
0.448 0.003 19.3
0.448 0.001 19.34
0.446 0.003 19.37
0.447 0.001 19.41
0 0 19.44
0.448 0.001 19.47
0.449 0.001 19.51
0.449 0.001 19.54
0.449 0.0 19.57
0.45 0.0 19.6
0.45 0.0 19.64
0.449 0.001 19.67
0 0 19.7
0.449 0.001 19.74
0.452 0.003 19.77
0.45 0.002 19.8
0.45 0.001 19.84
0.45 0.001 19.87
0.451 0.001 19.9
0.452 0.002 19.94
0.449 0.006 19.97
0 0 20.01
0.449 0.001 20.04
0.45 0.0 20.08
0.45 0.001 20.11
0.446 0.006 20.14
0.447 0.002 20.17
0.445 0.003 20.2
0.446 0.001 20.24
0.446 0.0 20.27
0.445 0.001 20.3
0.443 0.003 20.34
0.445 0.002 20.37
0.447 0.002 20.41
0.445 0.001 20.44
0.443 0.004 20.47
0.445 0.002 20.51
0.444 0.001 20.54
0.446 0.002 20.57
0.447 0.0 20.6
0.446 0.002 20.64
0.446 0.001 20.67
0.447 0.0 20.7
0.449 0.003 20.74
0.45 0.002 20.77
0.447 0.008 20.81
0.45 0.004 20.84
0.45 0.0 20.87
0.451 0.002 20.91
0.455 0.003 20.94
0.454 0.003 20.97
0.454 0.0 21.01
0.459 0.0 21.04
0.459 0.0 21.07
0.458 0.002 21.1
0.462 0.003 21.14
0.46 0.002 21.18
0.46 0.0 21.21
0.463 0.0 21.24
0.461 0.004 21.27
0.462 0.002 21.3
0.461 0.001 21.34
0.465 0.002 21.37
0.465 0.0 21.4
0.466 0.002 21.44
0.469 0.001 21.47
0.467 0.003 21.51
0.467 0.0 21.54
0.468 0.004 21.57
0.469 0.001 21.61
0.465 0.007 21.65
0.468 0.0 21.68
0.468 0.001 21.7
0.464 0.008 21.74
0.464 0.0 21.77
0 0 21.8
0.461 0.008 21.84
0.457 0.005 21.87
0.454 0.009 21.9
0.448 0.008 21.94
0.443 0.005 21.97
0.442 0.007 22.01
0 0 22.04
0 0 22.07
0 0 22.1
0.418 0.037 22.14
0 0 22.17
0.405 0.016 22.2
0.405 0.006 22.24
0.398 0.009 22.27
0.393 0.006 22.3
0.398 0.006 22.34
0.394 0.005 22.37
0.389 0.006 22.4
0.391 0.004 22.44
0.388 0.005 22.47
0.384 0.004 22.51
0.386 0.004 22.55
0.383 0.004 22.58
0.38 0.005 22.61
0.376 0.004 22.64
0.377 0.005 22.67
0.373 0.006 22.7
0.369 0.006 22.74
0.369 0.007 22.77
0.364 0.007 22.81
0.358 0.007 22.84
0.358 0.007 22.87
0.353 0.007 22.9
0.347 0.007 22.94
0.342 0.007 22.97
0.344 0.006 23.0
0.34 0.005 23.04
0.337 0.005 23.07
0.34 0.004 23.1
0.338 0.003 23.14
0.337 0.003 23.17
0.343 0.003 23.21
0.343 0.003 23.24
0.345 0.005 23.27
0.351 0.002 23.31
0.352 0.002 23.34
0.352 0.0 23.37
0.351 0.001 23.4
0.355 0.003 23.44
0.355 0.001 23.47
0.354 0.001 23.51
0.359 0.002 23.54
0.359 0.002 23.57
0.361 0.003 23.6
0.371 0.003 23.64
0.372 0.003 23.67
0.374 0.004 23.7
0.38 0.004 23.74
0.381 0.005 23.77
0.382 0.006 23.8
0.384 0.007 23.84
0.391 0.009 23.87
0.394 0.011 23.9
0.399 0.013 23.94
0.41 0.014 23.97
0.418 0.016 24.01
0.427 0.015 24.04
0 0 24.07
0.457 0.035 24.11
0 0 24.14
0.488 0.032 24.18
0 0 24.2
0.524 0.04 24.24
0.54 0.018 24.28
0.556 0.016 24.3
0.575 0.022 24.34
0.593 0.019 24.37
0.616 0.02 24.4
0.625 0.01 24.44
0.64 0.019 24.47
0.651 0.011 24.51
0.658 0.009 24.54
0 0 24.57
0.671 0.02 24.6
0.675 0.003 24.64
0.677 0.005 24.67
0.678 0.003 24.71
0.681 0.003 24.74
0.681 0.003 24.77
0.68 0.003 24.8
0.68 0.002 24.84
0.678 0.003 24.87
0.679 0.004 24.91
0.681 0.001 24.94
0.681 0.001 24.97
0.682 0.002 25.0
0.682 0.0 25.03
0.688 0.002 25.07
0.688 0.001 25.1
0.689 0.002 25.13
0.692 0.004 25.17
0.692 0.001 25.2
0 0 25.23
0.695 0.006 25.27
0.694 0.002 25.3
0.692 0.002 25.34
0.689 0.003 25.37
0.691 0.002 25.4
0.689 0.002 25.44
0.69 0.002 25.47
0.691 0.001 25.5
0.689 0.003 25.54
0.69 0.001 25.57
0.691 0.001 25.61
0.692 0.004 25.64
0.69 0.003 25.67
0.689 0.002 25.7
0.683 0.008 25.74
0.678 0.005 25.77
0.675 0.004 25.8
0.674 0.002 25.84
0.678 0.004 25.87
0.678 0.001 25.9
0.68 0.003 25.94
0.679 0.003 25.97
0.68 0.002 26.0
0.679 0.002 26.04
0.679 0.003 26.07
0.678 0.003 26.1
0 0 26.13
0.673 0.005 26.17
0.67 0.004 26.2
0.664 0.007 26.24
0.655 0.011 26.27
0.653 0.004 26.3
0.646 0.01 26.34
0.639 0.009 26.37
0.627 0.014 26.4
0.612 0.018 26.44
0.593 0.023 26.47
0 0 26.5
0.555 0.046 26.54
0.538 0.022 26.57
0 0 26.6
0 0 26.64
0 0 26.67
0.49 0.064 26.7
0.48 0.013 26.74
0.472 0.012 26.77
0.463 0.011 26.8
0.456 0.01 26.84
0.449 0.009 26.87
0.445 0.008 26.9
0.44 0.007 26.94
0.437 0.005 26.97
0.434 0.005 27.0
0.431 0.004 27.04
0.43 0.003 27.07
0.429 0.003 27.1
0.426 0.003 27.14
0.425 0.002 27.18
0.424 0.001 27.2
0.423 0.004 27.24
0.423 0.001 27.27
0.423 0.001 27.3
0.423 0.001 27.34
0.423 0.001 27.37
0.424 0.001 27.4
0.425 0.002 27.44
0.425 0.003 27.47
0.427 0.004 27.5
0.429 0.004 27.54
0.431 0.004 27.57
0.433 0.004 27.61
0.435 0.004 27.64
0.436 0.004 27.67
0.437 0.003 27.71
0.438 0.003 27.74
0.439 0.003 27.77
0.438 0.004 27.81
0.439 0.003 27.84
0.44 0.003 27.87
0.439 0.003 27.91
0.44 0.003 27.94
0.442 0.004 27.97
0.443 0.003 28.01
0.445 0.005 28.05
0.447 0.004 28.07
0.451 0.006 28.11
0.452 0.007 28.14
0.456 0.005 28.17
0.459 0.006 28.2
0.461 0.005 28.24
0.463 0.004 28.27
0.465 0.005 28.3
0.467 0.004 28.34
0.465 0.004 28.37
0 0 28.4
0 0 28.43
0.472 0.011 28.47
0.476 0.004 28.51
0.481 0.005 28.54
0.484 0.006 28.57
0.49 0.006 28.6
0.496 0.007 28.64
0.5 0.008 28.67
0.508 0.009 28.7
0.514 0.006 28.73
0.522 0.008 28.77
0.524 0.007 28.8
0.531 0.008 28.84
0.538 0.008 28.87
0.538 0.004 28.9
0.545 0.008 28.94
0.549 0.005 28.97
0.55 0.006 29.01
0.555 0.005 29.04
0.558 0.004 29.07
0.559 0.006 29.1
0.563 0.005 29.14
0.566 0.003 29.17
0.569 0.003 29.2
0.567 0.002 29.24
0.569 0.003 29.27
0.571 0.003 29.3
0.57 0.005 29.34
0.573 0.003 29.37
0.575 0.003 29.4
0.57 0.001 29.44
0.573 0.005 29.47
0.574 0.002 29.5
0.57 0.002 29.54
0.571 0.002 29.57
0.575 0.005 29.6
0.578 0.003 29.64
0.57 0.003 29.67
0.575 0.006 29.7
0.579 0.004 29.74
0.577 0.005 29.77
0.581 0.005 29.8
0.584 0.004 29.84
0 0 29.87
0.581 0.004 29.9
0.584 0.003 29.94
0.586 0.003 29.97
0.58 0.0 30.0
0.58 0.0 30.04
0 0 30.07
0.574 0.002 30.1
0.575 0.003 30.13
0.576 0.003 30.17
0.568 0.002 30.21
0.566 0.003 30.24
0.564 0.004 30.27
0.556 0.004 30.3
0.552 0.004 30.34
0.551 0.002 30.37
0.55 0.002 30.4
0.544 0.002 30.43
0.542 0.002 30.47
0.546 0.007 30.5
0.536 0.004 30.54
0.535 0.002 30.57
0.534 0.003 30.6
0.527 0.003 30.64
0.526 0.002 30.67
0.525 0.001 30.7
0.524 0.001 30.74
0.517 0.001 30.77
0.518 0.001 30.8
0.518 0.001 30.84
0.506 0.001 30.87
0.508 0.003 30.9
0.507 0.003 30.93
0.503 0.003 30.97
0.502 0.001 31.01
0.5 0.003 31.04
0.497 0.006 31.07
0.496 0.002 31.1
0.494 0.002 31.14
0.494 0.0 31.17
0.488 0.001 31.2
0.485 0.006 31.23
0.489 0.004 31.27
0.484 0.002 31.3
0.486 0.003 31.34
0.485 0.003 31.37
0.481 0.001 31.4
0.483 0.003 31.43
0.483 0.001 31.47
0.477 0.002 31.5
0.475 0.003 31.54
0.476 0.002 31.57
0.476 0.002 31.6
0.471 0.002 31.63
0.473 0.002 31.67
0.477 0.004 31.7
0.478 0.007 31.73
0.48 0.003 31.77
0.484 0.005 31.8
0.486 0.007 31.84
0.492 0.007 31.87
0.495 0.005 31.9
0.496 0.006 31.93
0.502 0.007 31.97
0 0 32.0
0.508 0.01 32.03
0.51 0.008 32.07
0 0 32.1
0.517 0.009 32.13
0.515 0.007 32.17
0.514 0.006 32.2
0 0 32.23
0 0 32.26
0 0 32.3
0 0 32.33
0 0 32.37
0 0 32.4
0 0 32.43
0 0 32.47
0 0 32.5
0 0 32.53
0 0 32.57
0 0 32.6
0 0 32.63
0 0 32.67
0 0 32.7
0 0 32.74
0 0 32.77
0 0 32.8
0 0 32.83
0 0 32.87
0 0 32.9
0 0 32.93
0 0 32.97
0 0 33.0
0 0 33.03
0 0 33.07
0 0 33.1
0 0 33.13
0 0 33.17
0 0 33.2
0 0 33.23
0 0 33.27
0 0 33.3
0 0 33.33
0 0 33.37
0 0 33.4
0.493 0.027 33.43
0.491 0.002 33.47
0.49 0.003 33.5
0.484 0.008 33.54
0.481 0.003 33.57
0.476 0.006 33.6
0.477 0.004 33.63
0.476 0.002 33.67
0.472 0.004 33.71
0.471 0.002 33.74
0.471 0.002 33.77
0.471 0.001 33.8
0.468 0.004 33.83
0.468 0.0 33.87
0.469 0.002 33.9
0.469 0.001 33.93
0.471 0.003 33.97
0.472 0.001 34.01
0.473 0.002 34.03
0.476 0.004 34.07
0.475 0.005 34.1
0.476 0.002 34.13
0 0 34.17
0.48 0.004 34.2
0.482 0.002 34.23
0.485 0.004 34.27
0.488 0.003 34.3
0.489 0.003 34.34
0.491 0.003 34.37
0.495 0.004 34.4
0.496 0.002 34.43
0.495 0.003 34.47
0.498 0.004 34.5
0.498 0.001 34.53
0.5 0.002 34.57
0.499 0.003 34.6
0 0 34.63
0.503 0.006 34.67
0.499 0.008 34.7
0 0 34.73
0.502 0.004 34.77
0.505 0.005 34.8
0 0 34.83
0 0 34.87
0.498 0.012 34.9
0.501 0.005 34.94
0 0 34.96
0.499 0.004 35.0
0 0 35.03
0.5 0.002 35.07
0.503 0.004 35.1
0 0 35.13
0.503 0.001 35.17
0 0 35.2
0.499 0.006 35.23
0.506 0.01 35.27
0 0 35.3
0 0 35.33
0.501 0.007 35.37
0.502 0.002 35.4
0.499 0.004 35.43
0.502 0.003 35.47
0.499 0.004 35.5
0.497 0.002 35.53
0.497 0.001 35.57
0.497 0.001 35.6
0.496 0.002 35.63
0.495 0.001 35.67
0.495 0.001 35.7
0.496 0.003 35.73
0.493 0.005 35.77
0.494 0.001 35.8
0.495 0.003 35.83
0.493 0.004 35.87
0 0 35.9
0.495 0.001 35.93
0.495 0.001 35.97
0.495 0.001 36.0
0 0 36.04
0.496 0.001 36.07
0.497 0.002 36.1
0 0 36.13
0.497 0.001 36.17
0.497 0.001 36.2
0.498 0.001 36.24
0 0 36.27
0.495 0.003 36.3
0 0 36.33
0.497 0.001 36.37
0.497 0.001 36.4
0 0 36.43
0.497 0.003 36.47
0.498 0.003 36.5
0.495 0.005 36.53
0.498 0.003 36.57
0 0 36.6
0.496 0.003 36.63
0 0 36.67
0.497 0.001 36.7
0.499 0.003 36.73
0.502 0.002 36.77
0.501 0.002 36.8
0.5 0.001 36.83
0 0 36.86
0 0 36.9
0.501 0.003 36.93
0 0 36.96
0.5 0.004 37.0
0 0 37.03
0.495 0.005 37.07
0.497 0.003 37.1
0.493 0.005 37.13
0.492 0.001 37.17
0 0 37.2
0.489 0.008 37.23
0.486 0.003 37.27
0.483 0.005 37.3
0 0 37.33
0 0 37.37
0 0 37.4
0.479 0.014 37.43
0 0 37.46
0.471 0.01 37.5
0.469 0.008 37.53
0 0 37.57
0.465 0.006 37.6
0 0 37.63
0.465 0.003 37.67
0.459 0.009 37.7
0.458 0.002 37.73
0 0 37.76
0.454 0.008 37.8
0 0 37.83
0.454 0.007 37.87
0.454 0.004 37.9
0.452 0.005 37.94
0.457 0.005 37.98
0.453 0.006 38.01
0.45 0.005 38.05
0 0 38.07
0 0 38.1
0.436 0.019 38.13
0 0 38.17
0.425 0.017 38.2
0.417 0.011 38.23
0.411 0.008 38.27
0.406 0.01 38.31
0.397 0.011 38.34
0.389 0.009 38.37
0.384 0.009 38.4
0 0 38.43
0.366 0.022 38.47
0.359 0.01 38.5
0.354 0.01 38.53
0.348 0.01 38.57
0.343 0.008 38.6
0.34 0.009 38.64
0.334 0.008 38.67
0.328 0.009 38.7
0.324 0.009 38.73
0.32 0.007 38.77
0.316 0.006 38.8
0.313 0.007 38.83
0.31 0.005 38.87
0.308 0.004 38.9
0.307 0.003 38.93
0.306 0.003 38.97
0.305 0.002 39.0
0.303 0.002 39.03
0.304 0.002 39.07
0.303 0.002 39.1
0.303 0.001 39.13
0.304 0.001 39.17
0.304 0.001 39.2
0.303 0.002 39.23
0.305 0.002 39.27
0.304 0.002 39.3
0.303 0.001 39.34
0.304 0.001 39.37
0.306 0.002 39.41
0.307 0.001 39.44
0.307 0.002 39.47
0.309 0.002 39.5
0.309 0.002 39.53
0.311 0.002 39.57
0.313 0.003 39.6
0.315 0.004 39.63
0.318 0.005 39.67
0.321 0.005 39.7
0.324 0.006 39.73
0.325 0.006 39.77
0.328 0.006 39.8
0.332 0.007 39.84
0.335 0.007 39.87
0.338 0.008 39.9
0.342 0.008 39.94
0.347 0.009 39.97
0.352 0.01 40.0
0.358 0.011 40.03
0.364 0.01 40.07
0.371 0.011 40.1
0.381 0.013 40.13
0 0 40.17
0.401 0.025 40.2
0.414 0.016 40.23
0.428 0.016 40.27
0 0 40.3
0.455 0.033 40.33
0.468 0.015 40.37
0 0 40.4
0 0 40.43
0.503 0.043 40.47
0 0 40.5
0.521 0.02 40.53
0.529 0.01 40.57
0.533 0.004 40.61
0.539 0.007 40.64
0.545 0.008 40.67
0.547 0.003 40.7
0.547 0.002 40.73
0.549 0.004 40.77
0.551 0.004 40.8
0.551 0.002 40.83
0.553 0.002 40.87
0.555 0.004 40.9
0.556 0.002 40.93
0.559 0.002 40.97
0.559 0.002 41.0
0.562 0.003 41.03
0.564 0.001 41.07
0.566 0.002 41.1
0.571 0.006 41.13
0.571 0.002 41.17
0.577 0.004 41.2
0.575 0.003 41.23
0 0 41.26
0.575 0.002 41.3
0.572 0.003 41.33
0.571 0.002 41.37
0.569 0.005 41.4
0.568 0.003 41.43
0.565 0.003 41.47
0.568 0.001 41.5
0.567 0.001 41.53
0.566 0.003 41.57
0.568 0.001 41.6
0.567 0.001 41.63
0 0 41.67
0.57 0.004 41.7
0.575 0.003 41.73
0.575 0.001 41.77
0.576 0.002 41.8
0.581 0.004 41.83
0.584 0.003 41.87
0.583 0.002 41.9
0.586 0.003 41.93
0.587 0.002 41.96
0.587 0.001 42.0
0 0 42.03
0.588 0.003 42.06
0.592 0.005 42.1
0.591 0.003 42.13
0.596 0.001 42.17
0.598 0.002 42.2
0.598 0.001 42.23
0.606 0.004 42.27
0 0 42.3
0 0 42.33
0.601 0.01 42.36
0.599 0.002 42.4
0.595 0.004 42.43
0 0 42.46
0.601 0.005 42.5
0 0 42.53
0.599 0.005 42.57
0.607 0.003 42.6
0.608 0.002 42.63
0.609 0.002 42.67
0.613 0.003 42.7
0.613 0.002 42.73
0.613 0.003 42.77
0.618 0.002 42.8
0.618 0.001 42.84
0.617 0.001 42.87
0.615 0.004 42.9
0.621 0.001 42.93
0.622 0.002 42.97
0.622 0.001 43.0
0.629 0.002 43.03
0.633 0.005 43.07
0.635 0.004 43.1
0.643 0.004 43.13
0.647 0.004 43.17
0.652 0.006 43.2
0.66 0.004 43.23
0.662 0.002 43.27
0.664 0.004 43.3
0.664 0.002 43.33
0.668 0.002 43.37
0.67 0.003 43.4
0.675 0.007 43.44
0.676 0.004 43.47
0 0 43.5
0.674 0.004 43.53
0.676 0.003 43.57
0.673 0.004 43.6
0.666 0.008 43.63
0.662 0.008 43.67
0.652 0.012 43.7
0.641 0.011 43.73
0.626 0.017 43.77
0.614 0.021 43.8
0.593 0.023 43.84
0.571 0.026 43.87
0.552 0.025 43.9
0.531 0.024 43.94
0.511 0.023 43.97
0 0 44.0
0.478 0.042 44.03
0.463 0.02 44.07
0 0 44.1
0.442 0.031 44.13
0.434 0.012 44.17
0.427 0.012 44.2
0.424 0.009 44.23
0.419 0.008 44.27
0.416 0.007 44.3
0.416 0.005 44.34
0.414 0.004 44.37
0.413 0.003 44.4
0.415 0.002 44.43
0.414 0.001 44.47
0.413 0.001 44.5
0.413 0.0 44.53
0.414 0.001 44.57
0.414 0.001 44.61
0.413 0.002 44.64
0.415 0.002 44.67
0.414 0.001 44.7
0.413 0.002 44.73
0.416 0.001 44.77
0.417 0.003 44.8
0.418 0.002 44.84
0.421 0.002 44.87
0.422 0.002 44.9
0.424 0.001 44.93
0.425 0.002 44.97
0.427 0.001 45.0
0.427 0.001 45.04
0.426 0.001 45.08
0.428 0.002 45.1
0.429 0.002 45.13
0.431 0.003 45.17
0.432 0.001 45.2
0.432 0.003 45.23
0.432 0.001 45.27
0.431 0.001 45.3
0.432 0.002 45.34
0.431 0.001 45.37
0.431 0.001 45.4
0.431 0.001 45.43
0.43 0.001 45.47
0.429 0.001 45.5
0.428 0.001 45.54
0.426 0.001 45.57
0.425 0.003 45.6
0.423 0.003 45.64
0.423 0.001 45.67
0.424 0.002 45.7
0.426 0.001 45.73
0.426 0.003 45.77
0.426 0.001 45.8
0.425 0.003 45.83
0.425 0.004 45.86
0.425 0.002 45.9
0.424 0.001 45.93
0.422 0.002 45.97
0.421 0.002 46.0
0.42 0.003 46.04
0.419 0.002 46.07
0.418 0.001 46.1
0.418 0.002 46.13
0.417 0.001 46.17
0.417 0.001 46.2
0.416 0.002 46.23
0.417 0.002 46.27
0.417 0.001 46.3
0.418 0.001 46.33
0.418 0.002 46.37
0.418 0.002 46.4
0.418 0.0 46.43
0.418 0.001 46.47
0.418 0.001 46.5
0.419 0.002 46.54
0.42 0.002 46.57
0.421 0.002 46.6
0.423 0.002 46.64
0.425 0.003 46.67
0.425 0.003 46.7
0.426 0.003 46.73
0.427 0.004 46.77
0.426 0.004 46.8
0.428 0.006 46.84
0.429 0.007 46.87
0.431 0.007 46.9
0.435 0.008 46.93
0.439 0.009 46.96
0.444 0.008 47.0
0.451 0.009 47.03
0.458 0.008 47.07
0.466 0.009 47.1
0.473 0.009 47.13
0.481 0.009 47.17
0.488 0.007 47.2
0.494 0.007 47.23
0.501 0.007 47.27
0.508 0.008 47.3
0.513 0.006 47.33
0.521 0.008 47.37
0.527 0.007 47.4
0.534 0.009 47.44
0.54 0.006 47.47
0.548 0.008 47.5
0.554 0.007 47.54
0.561 0.008 47.57
0.57 0.009 47.6
0.576 0.007 47.64
0.581 0.006 47.67
0.586 0.005 47.7
0.591 0.005 47.73
0.598 0.01 47.77
0.6 0.003 47.8
0.605 0.007 47.84
0.602 0.005 47.87
0.599 0.005 47.9
0.603 0.007 47.93
0 0 47.97
0.603 0.007 48.0
0.605 0.002 48.03
0.611 0.009 48.07
0.61 0.001 48.1
0 0 48.13
0.62 0.012 48.17
0.624 0.006 48.2
0.63 0.008 48.23
0.632 0.002 48.26
0.637 0.006 48.3
0.637 0.002 48.34
0.641 0.004 48.37
0.644 0.003 48.4
0 0 48.43
0.647 0.004 48.47
0 0 48.5
0.651 0.005 48.53
0.652 0.001 48.57
0.653 0.002 48.61
0.652 0.003 48.63
0.654 0.003 48.67
0 0 48.7
0.656 0.003 48.74
0.657 0.003 48.77
0.656 0.001 48.8
0.657 0.003 48.84
0.657 0.002 48.87
0.66 0.005 48.9
0.659 0.002 48.94
0.658 0.003 48.97
0.659 0.002 49.0
0.658 0.002 49.04
0.657 0.002 49.07
0.657 0.001 49.1
0.657 0.001 49.13
0.658 0.002 49.17
0.663 0.007 49.2
0.66 0.003 49.23
0.662 0.003 49.27
0.663 0.002 49.3
0.659 0.004 49.33
0.66 0.003 49.37
0.661 0.003 49.4
0 0 49.43
0.662 0.007 49.47
0.656 0.006 49.5
0.662 0.007 49.53
0.664 0.002 49.57
0.666 0.003 49.6
0.666 0.001 49.63
0.667 0.003 49.67
0.665 0.002 49.71
0.661 0.005 49.73
0.659 0.003 49.77
0.652 0.007 49.8
0.649 0.004 49.84
0.651 0.005 49.87
0 0 49.9
0.645 0.007 49.94
0.639 0.005 49.97
0.637 0.004 50.0
0 0 50.03
0 0 50.06
0.632 0.008 50.1
0.632 0.002 50.14
0 0 50.16
0.639 0.007 50.2
0.64 0.001 50.23
0 0 50.26
0.637 0.003 50.3
0 0 50.33
0 0 50.36
0 0 50.39
0.638 0.002 50.43
0 0 50.46
0.639 0.007 50.5
0.636 0.004 50.53
0.639 0.004 50.56
0.639 0.002 50.6
0.645 0.006 50.63
0.649 0.004 50.67
0.653 0.004 50.7
0.658 0.005 50.74
0 0 50.76
0.663 0.007 50.8
0 0 50.83
0 0 50.87
0.658 0.006 50.9
0.658 0.002 50.93
0.657 0.001 50.97
0.656 0.001 51.0
0 0 51.03
0 0 51.06
0 0 51.1
0 0 51.13
0.66 0.005 51.17
0.657 0.003 51.2
0 0 51.23
0.657 0.003 51.27
0.657 0.0 51.31
0.661 0.006 51.33
0.657 0.005 51.37
0 0 51.4
0.658 0.003 51.43
0.653 0.004 51.47
0.651 0.002 51.5
0.65 0.001 51.54
0.651 0.003 51.56
0.652 0.002 51.6
0.648 0.005 51.63
0.646 0.001 51.67
0.643 0.004 51.7
0 0 51.73
0 0 51.76
0.63 0.012 51.8
0.627 0.004 51.83
0.624 0.004 51.87
0.619 0.004 51.9
0.615 0.004 51.93
0.61 0.006 51.97
0.605 0.004 52.0
0.604 0.002 52.03
0.601 0.003 52.07
0.598 0.002 52.1
0.598 0.002 52.14
0.599 0.002 52.17
0.596 0.003 52.2
0.6 0.004 52.23
0.604 0.005 52.27
0 0 52.29
0.615 0.014 52.33
0.621 0.006 52.37
0.629 0.008 52.4
0.633 0.007 52.43
0.643 0.011 52.47
0.65 0.006 52.5
0 0 52.53
0 0 52.56
0 0 52.59
0 0 52.63
0.661 0.021 52.67
0.65 0.012 52.7
0.649 0.006 52.73
0.636 0.011 52.77
0 0 52.8
0.615 0.022 52.84
0 0 52.86
0.587 0.026 52.9
0 0 52.93
0.565 0.018 52.97
0.551 0.017 53.0
0.54 0.012 53.04
0 0 53.06
0 0 53.1
0.522 0.017 53.13
0.529 0.008 53.17
0 0 53.2
0 0 53.23
0 0 53.26
0.528 0.01 53.3
0 0 53.33
0.541 0.014 53.37
0.548 0.014 53.4
0 0 53.43
0 0 53.46
0 0 53.5
0 0 53.53
0 0 53.56
0 0 53.59
0.559 0.033 53.63
0 0 53.66
0.565 0.009 53.7
0 0 53.73
0.564 0.003 53.77
0 0 53.8
0 0 53.83
0 0 53.86
0 0 53.9
0 0 53.93
0 0 53.96
0.549 0.007 54.0
0.553 0.005 54.04
0.544 0.006 54.07
0 0 54.09
0.547 0.004 54.13
0.539 0.004 54.17
0 0 54.2
0.541 0.003 54.23
0.542 0.002 54.26
0.54 0.003 54.3
0.531 0.014 54.33
0 0 54.36
0.525 0.004 54.4
0.528 0.005 54.43
0 0 54.46
0 0 54.5
0.52 0.005 54.53
0.516 0.004 54.57
0.511 0.004 54.6
0.507 0.005 54.63
0.504 0.004 54.67
0 0 54.7
0.49 0.011 54.73
0.488 0.006 54.77
0 0 54.79
0.473 0.011 54.83
0 0 54.86
0.463 0.011 54.9
0 0 54.93
0 0 54.96
0 0 55.0
0.444 0.015 55.03
0.443 0.002 55.07
0.442 0.001 55.1
0 0 55.13
0 0 55.16
0.439 0.002 55.2
0 0 55.23
0 0 55.26
0.44 0.004 55.3
0.441 0.001 55.34
0.442 0.004 55.37
0.443 0.002 55.4
0 0 55.43
0.444 0.004 55.46
0.446 0.002 55.5
0 0 55.53
0 0 55.56
0 0 55.59
0.453 0.009 55.63
0.455 0.002 55.67
0.456 0.003 55.7
0.457 0.002 55.73
0.46 0.003 55.76
0 0 55.8
0.463 0.005 55.83
0 0 55.86
0.465 0.004 55.9
0 0 55.93
0.466 0.003 55.97
0.47 0.005 56.0
0 0 56.03
0.469 0.003 56.07
0 0 56.09
0.469 0.002 56.13
0 0 56.16
0.47 0.003 56.2
0 0 56.23
0 0 56.26
0 0 56.29
0 0 56.33
0 0 56.36
0.474 0.005 56.4
0.473 0.002 56.43
0 0 56.46
0.473 0.001 56.5
0 0 56.53
0.474 0.002 56.57
0 0 56.59
0 0 56.63
0 0 56.66
0.478 0.004 56.7
0.48 0.002 56.74
0 0 56.76
0.482 0.002 56.8
0 0 56.83
0 0 56.86
0.485 0.004 56.9
0.483 0.003 56.93
0 0 56.96
0.485 0.003 57.0
0.485 0.001 57.03
0 0 57.06
0 0 57.09
0.483 0.002 57.13
0.484 0.002 57.17
0.484 0.0 57.2
0.482 0.004 57.23
0.485 0.004 57.27
0.485 0.0 57.3
0 0 57.33
0.486 0.0 57.36
0 0 57.39
0.484 0.002 57.43
0.488 0.004 57.47
0 0 57.5
0 0 57.53
0 0 57.56
0 0 57.59
0 0 57.63
0.487 0.002 57.67
0 0 57.69
0.487 0.002 57.73
0.489 0.003 57.76
0 0 57.79
0 0 57.83
0 0 57.86
0.489 0.003 57.9
0.489 0.001 57.93
0.488 0.001 57.96
0.489 0.001 58.0
0.489 0.002 58.03
0.487 0.003 58.07
0 0 58.09
0.493 0.003 58.13
0 0 58.16
0 0 58.19
0 0 58.23
0 0 58.26
0.485 0.014 58.3
0.491 0.005 58.33
0 0 58.36
0.483 0.009 58.4
0.483 0.001 58.43
0.484 0.002 58.46
0.48 0.005 58.51
0 0 58.53
0.479 0.006 58.57
0.473 0.007 58.6
0.473 0.002 58.63
0.474 0.002 58.67
0.471 0.004 58.7
0.469 0.002 58.73
0 0 58.76
0.466 0.01 58.8
0.463 0.004 58.83
0.464 0.003 58.86
0 0 58.9
0.465 0.005 58.93
0.463 0.004 58.96
0 0 59.0
0.464 0.006 59.03
0 0 59.06
0.463 0.009 59.1
0.461 0.003 59.13
0.462 0.002 59.17
0.464 0.002 59.21
0.46 0.005 59.24
0.458 0.003 59.27
0 0 59.3
0.458 0.01 59.33
0.454 0.005 59.36
0 0 59.4
0.448 0.013 59.43
0 0 59.46
0 0 59.5
0.43 0.028 59.53
0.422 0.009 59.56
0.415 0.009 59.6
0 0 59.63
0.404 0.021 59.67
0.398 0.008 59.7
0.39 0.01 59.73
0.391 0.006 59.76
0.387 0.006 59.8
0.383 0.006 59.83
0.385 0.006 59.87
0.383 0.003 59.9
0.381 0.002 59.94
0.386 0.001 59.97
0.386 0.001 60.0
0.386 0.002 60.03
0.387 0.001 60.07
0.394 0.002 60.1
0.394 0.001 60.13
0.395 0.001 60.17
0.4 0.002 60.2
0.399 0.003 60.23
0.398 0.003 60.27
0.403 0.004 60.3
0 0 60.33
0.404 0.009 60.36
0.41 0.003 60.4
0.409 0.004 60.43
0.41 0.001 60.47
0 0 60.5
0.414 0.004 60.53
0.411 0.004 60.56
0 0 60.6
0.412 0.015 60.63
0.407 0.009 60.67
0.401 0.009 60.7
0.402 0.008 60.73
0.397 0.007 60.76
0.395 0.007 60.8
0.391 0.005 60.83
0.394 0.004 60.87
0.394 0.004 60.9
0.393 0.002 60.93
0.397 0.001 60.96
0.396 0.003 61.0
0.396 0.002 61.03
0.4 0.001 61.06
0.4 0.001 61.1
0.399 0.001 61.13
0.403 0.001 61.17
0.403 0.002 61.2
0.403 0.003 61.23
0.404 0.003 61.27
0.409 0.004 61.3
0.41 0.005 61.34
0.41 0.005 61.37
0.416 0.006 61.4
0.417 0.007 61.43
0.418 0.007 61.46
0.423 0.007 61.5
0.425 0.007 61.53
0.428 0.007 61.57
0.433 0.007 61.6
0.435 0.008 61.63
0.438 0.007 61.67
0.441 0.007 61.7
0.447 0.006 61.73
0 0 61.76
0.453 0.011 61.8
0.462 0.005 61.84
0.466 0.005 61.87
0.471 0.005 61.9
0.479 0.006 61.93
0.485 0.006 61.96
0.491 0.007 62.0
0.497 0.009 62.03
0.505 0.009 62.06
0.511 0.008 62.1
0.517 0.007 62.13
0.524 0.008 62.17
0.529 0.007 62.2
0.533 0.005 62.23
0.539 0.007 62.26
0.543 0.007 62.3
0.546 0.004 62.34
0.551 0.005 62.37
0.555 0.007 62.4
0.556 0.002 62.43
0.558 0.004 62.46
0.563 0.005 62.5
0.566 0.006 62.54
0.568 0.004 62.57
0.571 0.003 62.6
0.573 0.003 62.63
0.576 0.004 62.66
0.58 0.004 62.69
0.581 0.002 62.73
0.585 0.006 62.76
0.586 0.001 62.8
0.59 0.004 62.83
0.593 0.005 62.87
0.595 0.004 62.9
0.595 0.002 62.93
0.6 0.01 62.96
0.599 0.001 63.0
0.6 0.002 63.03
0.599 0.002 63.07
0.603 0.007 63.1
0.603 0.002 63.13
0.607 0.006 63.17
0 0 63.19
0.612 0.008 63.23
0.616 0.008 63.26
0 0 63.3
0 0 63.33
0.618 0.007 63.37
0.62 0.003 63.4
0.621 0.002 63.43
0.622 0.002 63.46
0.624 0.003 63.5
0.628 0.005 63.53
0.63 0.003 63.57
0.633 0.005 63.6
0.636 0.004 63.63
0.638 0.002 63.66
0.637 0.002 63.7
0.637 0.0 63.73
0.637 0.0 63.76
0.637 0.001 63.79
0.642 0.009 63.83
0.637 0.007 63.86
0.64 0.005 63.9
0.638 0.002 63.93
0.638 0.003 63.97
0.639 0.004 64.0
0.638 0.002 64.03
0 0 64.06
0.639 0.006 64.1
0.638 0.001 64.13
0.64 0.003 64.16
0.642 0.004 64.2
0.643 0.003 64.23
0.642 0.002 64.27
0.641 0.002 64.3
0 0 64.33
0.643 0.007 64.36
0 0 64.39
0 0 64.43
0 0 64.46
0.654 0.012 64.5
0 0 64.53
0.657 0.004 64.56
0.659 0.003 64.6
0.66 0.001 64.63
0.66 0.001 64.67
0.663 0.003 64.7
0 0 64.73
0 0 64.76
0.668 0.006 64.8
0.667 0.001 64.84
0.666 0.003 64.87
0 0 64.89
0 0 64.93
0.653 0.021 64.96
0 0 64.99
0.645 0.013 65.03
0.638 0.01 65.06
0.634 0.007 65.1
0.621 0.018 65.13
0.612 0.013 65.17
0.605 0.011 65.19
0.593 0.018 65.23
0 0 65.26
0.574 0.03 65.3
0.565 0.016 65.33
0.557 0.013 65.37
0.55 0.012 65.4
0.544 0.01 65.43
0 0 65.46
0.533 0.02 65.5
0.528 0.009 65.53
0 0 65.56
0.519 0.015 65.6
0 0 65.63
0.512 0.013 65.67
0.508 0.007 65.7
0.505 0.006 65.73
0.502 0.005 65.76
0.498 0.005 65.8
0.495 0.004 65.83
0.491 0.005 65.86
0.489 0.004 65.9
0.488 0.004 65.93
0.488 0.003 65.96
0.488 0.003 66.0
0.489 0.003 66.03
0.49 0.002 66.07
0.491 0.001 66.1
0.492 0.002 66.13
0.492 0.002 66.17
0.492 0.002 66.2
0.493 0.001 66.23
0.493 0.002 66.27
0.492 0.002 66.3
0.492 0.002 66.33
0.491 0.001 66.36
0.491 0.001 66.4
0 0 66.43
0.49 0.003 66.46
0.491 0.002 66.5
0.493 0.002 66.53
0.493 0.005 66.56
0.493 0.004 66.6
0.493 0.007 66.63
0.493 0.005 66.67
0.493 0.007 66.7
0 0 66.73
0.495 0.005 66.76
0.496 0.001 66.8
0.495 0.003 66.83
0.494 0.001 66.87
0.493 0.002 66.9
0.492 0.001 66.94
0.491 0.001 66.97
0.491 0.001 67.0
0.49 0.001 67.03
0.49 0.001 67.06
0.489 0.002 67.1
0.488 0.002 67.13
0.487 0.002 67.17
0.485 0.005 67.2
0.483 0.004 67.23
0.481 0.004 67.27
0.479 0.004 67.29
0.478 0.002 67.33
0.479 0.001 67.37
0.479 0.001 67.4
0.479 0.001 67.43
0.479 0.002 67.46
0.48 0.001 67.5
0.482 0.001 67.54
0.482 0.001 67.57
0 0 67.6
0.482 0.001 67.63
0.483 0.003 67.67
0.481 0.001 67.69
0.48 0.003 67.73
0.479 0.003 67.76
0.477 0.001 67.79
0.477 0.0 67.83
0.477 0.0 67.86
0.476 0.0 67.9
0.476 0.003 67.93
0.475 0.002 67.96
0.473 0.003 68.0
0.468 0.004 68.03
0.465 0.005 68.06
0.459 0.006 68.1
0.452 0.007 68.13
0.447 0.007 68.17
0.442 0.007 68.2
0.436 0.006 68.23
0.433 0.006 68.27
0.431 0.005 68.3
0.427 0.004 68.34
0.427 0.002 68.36
0.426 0.002 68.4
0.425 0.001 68.43
0.419 0.001 68.46
0.418 0.001 68.5
0.418 0.002 68.54
0.415 0.001 68.56
0.416 0.003 68.6
0.416 0.002 68.63
0.412 0.001 68.67
0.412 0.001 68.71
0.413 0.001 68.74
0.41 0.001 68.77
0.409 0.001 68.8
0.408 0.001 68.83
0.407 0.003 68.86
0.403 0.003 68.9
0.403 0.002 68.93
0.402 0.003 68.96
0.399 0.002 69.0
0.399 0.003 69.03
0.401 0.003 69.06
0.399 0.004 69.09
0.401 0.005 69.13
0.403 0.005 69.16
0.404 0.006 69.2
0.401 0.007 69.23
0.403 0.008 69.26
0.406 0.009 69.29
0.405 0.009 69.33
0.409 0.009 69.36
0.414 0.01 69.39
0.414 0.01 69.43
0.42 0.01 69.46
0 0 69.49
0.429 0.02 69.53
0 0 69.56
0.446 0.022 69.59
0.456 0.012 69.63
0.456 0.013 69.67
0.467 0.012 69.7
0.478 0.014 69.73
0.484 0.013 69.77
0.494 0.011 69.8
0.504 0.012 69.83
0.508 0.011 69.87
0.517 0.009 69.9
0.527 0.012 69.93
0 0 69.96
0.536 0.017 70.0
0.545 0.009 70.03
0.554 0.009 70.06
0.553 0.006 70.1
0.562 0.01 70.13
0.567 0.005 70.16
0.567 0.007 70.2
0.573 0.007 70.23
0.579 0.007 70.26
0 0 70.29
0.578 0.006 70.33
0 0 70.36
0.584 0.007 70.39
0 0 70.43
0.58 0.003 70.46
0 0 70.49
0.575 0.002 70.53
0 0 70.56
0 0 70.59
0.577 0.012 70.63
0.579 0.003 70.66
0 0 70.69
0.585 0.008 70.73
0 0 70.76
0.582 0.004 70.8
0 0 70.83
0 0 70.86
0 0 70.89
0 0 70.92
0 0 70.96
0 0 70.99
0 0 71.02
0.564 0.016 71.07
0.566 0.004 71.1
0.565 0.002 71.13
0.564 0.003 71.16
0 0 71.2
0.555 0.005 71.23
0 0 71.26
0.545 0.006 71.29
0.546 0.006 71.33
0.542 0.004 71.36
0.535 0.002 71.39
0.533 0.003 71.43
0.535 0.003 71.46
0.529 0.001 71.5
0.528 0.001 71.53
0.528 0.002 71.56
0.527 0.001 71.6
0.522 0.001 71.63
0.52 0.002 71.66
0.521 0.003 71.7
0.518 0.003 71.73
0.516 0.002 71.76
0.514 0.002 71.8
0.5 0.005 71.84
0.501 0.003 71.87
0.499 0.003 71.9
0.495 0.001 71.93
0.498 0.003 71.96
0.501 0.003 72.0
0.504 0.003 72.03
0.502 0.003 72.06
0.506 0.004 72.1
0.511 0.005 72.13
0.503 0.003 72.16
0.506 0.004 72.2
0.507 0.002 72.23
0.505 0.003 72.26
0.508 0.004 72.29
0.507 0.003 72.33
0.505 0.001 72.37
0.506 0.001 72.4
0.505 0.001 72.43
0 0 72.46
0.503 0.003 72.5
0.501 0.002 72.53
0.5 0.001 72.56
0.496 0.002 72.59
0 0 72.62
0.495 0.001 72.66
0.492 0.0 72.7
0.492 0.0 72.73
0 0 72.76
0.494 0.003 72.8
0.489 0.006 72.83
0.486 0.003 72.86
0 0 72.9
0.481 0.003 72.93
0.477 0.006 72.96
0.478 0.003 72.99
0.475 0.001 73.03
0.475 0.0 73.06
0.476 0.001 73.1
0.471 0.005 73.13
0 0 73.16
0.472 0.002 73.2
0.47 0.004 73.23
0.468 0.003 73.26
0.472 0.006 73.29
0.47 0.003 73.33
0.468 0.003 73.36
0.47 0.003 73.4
0.468 0.004 73.43
0.466 0.002 73.46
0.469 0.004 73.5
0.47 0.001 73.53
0.469 0.002 73.56
0.469 0.001 73.6
0.47 0.001 73.63
0.471 0.001 73.67
0 0 73.69
0 0 73.73
0.473 0.003 73.76
0.474 0.004 73.8
0.471 0.004 73.83
0.471 0.001 73.87
0.469 0.002 73.89
0.467 0.003 73.93
0.464 0.004 73.96
0.46 0.003 74.0
0.456 0.003 74.03
0.453 0.003 74.07
0.453 0.003 74.1
0.449 0.004 74.13
0.448 0.002 74.16
0.446 0.002 74.2
0.447 0.002 74.23
0.445 0.002 74.26
0.444 0.002 74.29
0.444 0.0 74.33
0.447 0.005 74.36
0.446 0.001 74.4
0.446 0.001 74.43
0.446 0.001 74.46
0.446 0.0 74.5
0.447 0.002 74.53
0.447 0.001 74.56
0.449 0.003 74.6
0.45 0.001 74.63
0.45 0.001 74.66
0.45 0.003 74.7
0.451 0.002 74.73
0.451 0.0 74.76
0.453 0.001 74.8
0.452 0.001 74.83
0.453 0.002 74.86
0.455 0.001 74.9
0.453 0.003 74.93
0.454 0.002 74.96
0.455 0.002 75.0
0.456 0.0 75.03
0.456 0.001 75.07
0.456 0.001 75.1
0.456 0.001 75.13
0.456 0.001 75.17
0.456 0.001 75.2
0.455 0.003 75.23
0.455 0.0 75.27
0.455 0.001 75.3
0.455 0.001 75.33
0.455 0.001 75.36
0 0 75.39
0.453 0.002 75.43
0.455 0.002 75.46
0 0 75.49
0.451 0.005 75.53
0.453 0.001 75.56
0.452 0.001 75.6
0.455 0.005 75.63
0.457 0.002 75.66
0.455 0.003 75.7
0.455 0.001 75.73
0.458 0.001 75.77
0.458 0.001 75.8
0.459 0.001 75.83
0.459 0.0 75.86
0.462 0.001 75.9
0.461 0.001 75.93
0.46 0.002 75.96
0.462 0.001 76.0
0.463 0.001 76.03
0.463 0.0 76.07
0.466 0.001 76.1
0.464 0.002 76.13
0.466 0.003 76.17
0.468 0.0 76.21
0.468 0.0 76.24
0.468 0.0 76.27
0.468 0.0 76.3
0.47 0.0 76.33
0.471 0.001 76.36
0.471 0.0 76.4
0.473 0.001 76.43
0.473 0.001 76.46
0.473 0.0 76.5
0.477 0.001 76.53
0.476 0.001 76.57
0.475 0.001 76.6
0.475 0.001 76.63
0.478 0.0 76.67
0.479 0.001 76.7
0.478 0.001 76.73
0.482 0.0 76.76
0.481 0.0 76.8
0.481 0.001 76.83
0.488 0.001 76.86
0.488 0.0 76.89
0.494 0.008 76.93
0.49 0.007 76.96
0.494 0.001 77.0
0.493 0.001 77.03
0.494 0.002 77.06
0.492 0.003 77.1
0.491 0.001 77.13
0.492 0.002 77.16
0.5 0.001 77.2
0.5 0.001 77.23
0.497 0.004 77.26
0.504 0.005 77.29
0.498 0.009 77.33
0.493 0.006 77.36
0.494 0.002 77.39
0.493 0.006 77.43
0.489 0.004 77.46
0.485 0.005 77.5
0.485 0.005 77.53
0 0 77.56
0 0 77.59
0.479 0.011 77.63
0.474 0.006 77.66
0 0 77.7
0.469 0.01 77.73
0.466 0.003 77.76
0.461 0.006 77.79
0.457 0.004 77.83
0 0 77.86
0 0 77.89
0.457 0.007 77.93
0 0 77.96
0.459 0.003 78.0
0.459 0.002 78.03
0.466 0.001 78.06
0 0 78.09
0 0 78.12
0.471 0.006 78.16
0 0 78.19
0.473 0.003 78.23
0.475 0.003 78.26
0 0 78.29
0.48 0.004 78.33
0.478 0.002 78.36
0.479 0.002 78.39
0.482 0.004 78.43
0.48 0.002 78.47
0.482 0.001 78.5
0.483 0.002 78.53
0.482 0.001 78.56
0.481 0.001 78.59
0.484 0.002 78.63
0 0 78.66
0.482 0.003 78.7
0.482 0.004 78.73
0.481 0.001 78.76
0.481 0.001 78.79
0.482 0.001 78.83
0.48 0.002 78.87
0.478 0.003 78.9
0.479 0.001 78.93
0.477 0.003 78.96
0.476 0.001 78.99
0.477 0.002 79.03
0.476 0.003 79.06
0 0 79.09
0 0 79.12
0.476 0.004 79.16
0.475 0.001 79.2
0.473 0.003 79.23
0.474 0.001 79.26
0.472 0.004 79.29
0.472 0.001 79.33
0.473 0.003 79.37
0.471 0.003 79.4
0.47 0.003 79.43
0.469 0.003 79.46
0 0 79.49
0.466 0.008 79.53
0.465 0.003 79.56
0 0 79.59
0 0 79.62
0.46 0.012 79.66
0.459 0.003 79.7
0 0 79.73
0.458 0.003 79.76
0.457 0.002 79.79
0 0 79.83
0.456 0.003 79.86
0.455 0.001 79.9
0.455 0.001 79.93
0 0 79.96
0.455 0.001 79.99
0.455 0.0 80.03
0.456 0.002 80.06
0.456 0.001 80.09
0.456 0.001 80.13
0 0 80.16
0.456 0.001 80.19
0.456 0.001 80.23
0.457 0.001 80.26
0.456 0.001 80.29
0.457 0.001 80.33
0.456 0.002 80.36
0.457 0.002 80.4
0.456 0.001 80.43
0.457 0.002 80.46
0 0 80.49
0 0 80.52
0.457 0.001 80.56
0.457 0.001 80.6
0.457 0.001 80.63
0.457 0.001 80.66
0.457 0.0 80.69
0.458 0.001 80.73
0.457 0.002 80.76
0.457 0.001 80.79
0 0 80.82
0.458 0.001 80.86
0.457 0.002 80.89
0.457 0.001 80.93
0 0 80.96
0.456 0.003 80.99
0 0 81.02
0.455 0.004 81.06
0.454 0.001 81.09
0.452 0.003 81.13
0.453 0.001 81.16
0.451 0.002 81.19
0 0 81.22
0.449 0.004 81.26
0 0 81.29
0 0 81.32
0.446 0.009 81.36
0.447 0.003 81.39
0.444 0.005 81.43
0.441 0.003 81.46
0.441 0.003 81.49
0 0 81.53
0.435 0.008 81.56
0.435 0.004 81.59
0.432 0.005 81.63
0.43 0.003 81.66
0 0 81.69
0.427 0.007 81.73
0.424 0.003 81.76
0.423 0.002 81.8
0.426 0.002 81.83
0.426 0.002 81.86
0.426 0.002 81.9
0.429 0.002 81.93
0.428 0.002 81.96
0 0 81.99
0.432 0.002 82.03
0.432 0.001 82.06
0.432 0.002 82.09
0.432 0.001 82.13
0.434 0.004 82.16
0.435 0.002 82.2
0.435 0.001 82.23
0.439 0.0 82.26
0.44 0.001 82.29
0.439 0.001 82.33
0.444 0.0 82.36
0.444 0.001 82.39
0.445 0.002 82.43
0.449 0.001 82.47
0.45 0.001 82.5
0.45 0.001 82.53
0.452 0.002 82.56
0.462 0.001 82.59
0.463 0.002 82.63
0.464 0.001 82.66
0.468 0.001 82.69
0.468 0.0 82.72
0.468 0.001 82.76
0.472 0.002 82.79
0.47 0.002 82.83
0.468 0.002 82.86
0.465 0.005 82.89
0.468 0.003 82.93
0.464 0.004 82.96
0.461 0.003 83.0
0.461 0.005 83.03
0.454 0.008 83.06
0.448 0.007 83.1
0.447 0.007 83.13
0.439 0.008 83.16
0.429 0.01 83.2
0.423 0.011 83.23
0.413 0.01 83.26
0.405 0.009 83.29
0.398 0.009 83.33
0.397 0.007 83.36
0.391 0.007 83.39
0.388 0.005 83.43
0.39 0.005 83.46
0.388 0.003 83.5
0.388 0.003 83.53
0.392 0.003 83.56
0.393 0.001 83.59
0.394 0.003 83.63
0.398 0.002 83.67
0.4 0.002 83.7
0.401 0.002 83.73
0.403 0.002 83.76
0.411 0.003 83.79
0.413 0.003 83.83
0.414 0.004 83.86
0.417 0.002 83.9
0.417 0.002 83.93
0.417 0.002 83.96
0.421 0.003 83.99
0.421 0.001 84.03
0.421 0.004 84.06
0.421 0.003 84.09
0.423 0.002 84.13
0.423 0.001 84.16
0.422 0.002 84.2
0.424 0.003 84.23
0.423 0.001 84.26
0.423 0.001 84.3
0.425 0.002 84.34
0.425 0.002 84.37
0.425 0.0 84.4
0.427 0.0 84.43
0.428 0.003 84.46
0.427 0.001 84.49
0.425 0.004 84.53
0.426 0.001 84.56
0.425 0.001 84.59
0.424 0.001 84.63
0.426 0.002 84.67
0.426 0.001 84.7
0.428 0.003 84.74
0.43 0.003 84.76
0.431 0.004 84.8
0.433 0.004 84.84
0.436 0.004 84.87
0.438 0.005 84.9
0.441 0.006 84.93
0.444 0.007 84.96
0.449 0.009 84.99
0.454 0.011 85.03
0.461 0.013 85.06
0.47 0.014 85.09
0.481 0.016 85.12
0 0 85.16
0 0 85.19
0 0 85.23
0.544 0.069 85.26
0 0 85.29
0.58 0.039 85.33
0 0 85.36
0.613 0.037 85.39
0.631 0.02 85.43
0.645 0.016 85.46
0.658 0.015 85.49
0.671 0.014 85.53
0.682 0.014 85.56
0 0 85.59
0.696 0.016 85.63
0 0 85.67
0.706 0.013 85.7
0.71 0.007 85.73
0.709 0.002 85.76
0.711 0.005 85.79
0.713 0.003 85.82
0.714 0.003 85.86
0.715 0.003 85.89
0.715 0.001 85.93
0.716 0.003 85.96
0.715 0.001 86.0
0.716 0.002 86.04
0.717 0.002 86.07
0.715 0.002 86.1
0.717 0.003 86.13
0.717 0.001 86.16
0.718 0.002 86.19
0.719 0.003 86.22
0.721 0.002 86.26
0.721 0.001 86.29
0.721 0.001 86.32
0.721 0.001 86.36
0.722 0.002 86.39
0.72 0.003 86.43
0.716 0.004 86.46
0.713 0.003 86.5
0.709 0.004 86.53
0.709 0.002 86.56
0.705 0.004 86.6
0.701 0.003 86.63
0.697 0.004 86.66
0.695 0.004 86.69
0.691 0.004 86.72
0.689 0.002 86.76
0.689 0.001 86.79
0.688 0.003 86.83
0 0 86.86
0.687 0.004 86.9
0.694 0.008 86.93
0.695 0.001 86.96
0.693 0.001 86.99
0.692 0.003 87.02
0.69 0.002 87.06
0.684 0.007 87.1
0.68 0.004 87.13
0.673 0.009 87.16
0.668 0.006 87.2
0 0 87.22
0.652 0.018 87.26
0.641 0.014 87.29
0.629 0.014 87.33
0.614 0.016 87.36
0.599 0.018 87.39
0.585 0.016 87.43
0.572 0.014 87.46
0.555 0.019 87.49
0.539 0.018 87.53
0.525 0.015 87.56
0.511 0.016 87.59
0.498 0.015 87.62
0.487 0.012 87.66
0.474 0.014 87.69
0.462 0.015 87.73
0.453 0.011 87.76
0.444 0.01 87.8
0.436 0.009 87.83
0.432 0.007 87.86
0.427 0.006 87.89
0.425 0.004 87.92
0.424 0.003 87.96
0.422 0.003 87.99
0.421 0.002 88.04
0.422 0.001 88.07
0.422 0.001 88.09
0.421 0.003 88.12
0.422 0.001 88.16
0.422 0.001 88.19
0.421 0.001 88.22
0.422 0.001 88.26
0.423 0.002 88.29
0.423 0.002 88.33
0.423 0.004 88.36
0.424 0.002 88.39
0.425 0.002 88.43
0.426 0.002 88.47
0.427 0.003 88.5
0.43 0.004 88.53
0.43 0.005 88.56
0.433 0.006 88.59
0.436 0.007 88.62
0.438 0.009 88.66
0.443 0.009 88.69
0.448 0.01 88.72
0 0 88.75
0.461 0.023 88.79
0.47 0.012 88.83
0.478 0.012 88.86
0 0 88.89
0.499 0.024 88.93
0.51 0.011 88.96
0.522 0.012 88.99
0.536 0.015 89.02
0.549 0.013 89.06
0.561 0.014 89.09
0 0 89.12
0.589 0.031 89.16
0.604 0.017 89.19
0.619 0.018 89.22
0.632 0.015 89.26
0.645 0.016 89.29
0.655 0.011 89.32
0.663 0.009 89.36
0.673 0.012 89.39
0 0 89.42
0.686 0.014 89.46
0.689 0.003 89.49
0.697 0.01 89.53
0.7 0.005 89.56
0.699 0.001 89.59
0.699 0.001 89.62
0 0 89.66
0.701 0.005 89.69
0 0 89.72
0.702 0.003 89.76
0 0 89.79
0 0 89.82
0.703 0.005 89.86
0.705 0.004 89.89
0.704 0.001 89.93
0.705 0.001 89.96
0.708 0.005 89.99
0.711 0.003 90.02
0.712 0.003 90.06
0.712 0.001 90.09
0.713 0.001 90.12
0.711 0.002 90.16
0.715 0.007 90.19
0.709 0.006 90.23
0.708 0.002 90.26
0.707 0.002 90.29
0.705 0.002 90.32
0.706 0.001 90.36
0.705 0.002 90.39
0.703 0.003 90.42
0.698 0.005 90.46
0.696 0.002 90.49
0.693 0.004 90.52
0 0 90.56
0.693 0.004 90.59
0.691 0.002 90.62
0.688 0.003 90.66
0.689 0.002 90.69
0.687 0.003 90.72
0.683 0.005 90.76
0.677 0.009 90.79
0.672 0.007 90.82
0.666 0.008 90.86
0.651 0.017 90.89
0.633 0.019 90.92
0.616 0.018 90.96
0.592 0.026 90.99
0 0 91.02
0.554 0.043 91.06
0.538 0.018 91.09
0.526 0.016 91.12
0 0 91.16
0.51 0.026 91.19
0.507 0.009 91.23
0.507 0.007 91.25
0.509 0.007 91.29
0.511 0.006 91.33
0.514 0.005 91.36
0.517 0.004 91.39
0.519 0.003 91.43
0.521 0.003 91.46
0.523 0.003 91.49
0.525 0.002 91.52
0.526 0.001 91.56
0.526 0.002 91.59
0.527 0.001 91.63
0.528 0.001 91.66
0.529 0.001 91.69
0.529 0.001 91.72
0.529 0.0 91.76
0.529 0.001 91.79
0.53 0.001 91.82
0.529 0.001 91.86
0.528 0.002 91.89
0.529 0.002 91.92
0.527 0.001 91.96
0.528 0.001 91.99
0.528 0.001 92.02
0.529 0.002 92.06
0.526 0.002 92.09
0.527 0.001 92.12
0.528 0.002 92.16
0.526 0.001 92.19
0.526 0.002 92.23
0.528 0.002 92.26
0.525 0.001 92.29
0.525 0.001 92.32
0.525 0.001 92.36
0.523 0.001 92.39
0.524 0.002 92.42
0.523 0.002 92.46
0.523 0.002 92.49
0.517 0.003 92.52
0.517 0.004 92.56
0.518 0.005 92.59
0.517 0.006 92.63
0.521 0.009 92.66
0.524 0.008 92.69
0.528 0.012 92.72
0.531 0.009 92.76
0.534 0.008 92.79
0.538 0.011 92.83
0.545 0.01 92.86
0.55 0.007 92.89
0.557 0.009 92.93
0 0 92.95
0 0 92.99
0.576 0.026 93.02
0.581 0.009 93.06
0 0 93.09
0.596 0.016 93.13
0 0 93.16
0.612 0.021 93.19
0 0 93.22
0 0 93.25
0 0 93.29
0.624 0.016 93.33
0 0 93.36
0.63 0.012 93.39
0.632 0.002 93.42
0.631 0.002 93.46
0 0 93.49
0 0 93.52
0 0 93.56
0 0 93.59
0 0 93.62
0.637 0.022 93.66
0.638 0.002 93.69
0 0 93.72
0 0 93.76
0.614 0.014 93.79
0.608 0.003 93.82
0.603 0.006 93.86
0.603 0.002 93.89
0.593 0.005 93.93
0 0 93.95
0.588 0.005 93.99
0 0 94.02
0.589 0.009 94.06
0.593 0.007 94.09
0 0 94.12
0.583 0.007 94.16
0.576 0.002 95.66
0.573 0.003 95.69
0.568 0.0 95.72
0 0 95.75
0.561 0.004 95.77
0 0 95.79
0.549 0.006 95.81
0.544 0.003 95.85
0.536 0.006 95.88
0.534 0.002 95.91
0.532 0.003 95.93
0.527 0.004 95.95
0.526 0.003 95.98
0.521 0.003 96.01
0 0 96.04
0.517 0.002 96.08
0 0 96.11
0.511 0.003 96.14
0.509 0.002 96.17
0.508 0.003 96.19
0 0 96.21
0.508 0.004 96.25
0.505 0.004 96.27
0.5 0.005 96.29
0.498 0.002 96.33
0.5 0.005 96.35
0.496 0.004 96.39
0.495 0.003 96.42
0.493 0.003 96.45
0.491 0.003 96.48
0.487 0.004 96.52
0.486 0.003 96.54
0.484 0.002 96.58
0.482 0.002 96.61
0 0 96.64
0.483 0.006 96.66
0 0 96.68
0.479 0.003 96.7
0.48 0.002 96.73
0 0 96.75
0.478 0.002 96.78
0.479 0.002 96.8
0 0 96.84
0.478 0.001 96.87
0.481 0.004 96.91
0.482 0.001 96.93
0.484 0.003 96.97
0.485 0.002 97.0
0 0 97.03
0.489 0.004 97.06
0.494 0.006 97.09
0.495 0.002 97.12
0.497 0.002 97.15
0 0 97.46
0.501 0.004 97.49
0.503 0.001 97.53
0.504 0.001 97.55
0.506 0.002 97.57
0.508 0.003 97.6
0.507 0.002 97.62
0.51 0.003 97.64
0 0 97.66
0.512 0.002 97.7
0.516 0.005 97.73
0.514 0.003 97.75
0.516 0.002 97.77
0.516 0.001 97.8
0.514 0.003 97.84
0.514 0.001 97.87
0.516 0.002 97.9
0.518 0.003 97.93
0.518 0.0 97.96
0.516 0.004 97.99
0.516 0.001 98.02
0.519 0.005 98.05
0 0 98.08
0.52 0.002 98.12
0.522 0.004 98.15
0.518 0.005 98.18
0.521 0.001 98.21
0 0 98.24
0.523 0.003 98.27
0.518 0.006 98.3
0.521 0.004 98.34
0.52 0.001 98.36
0.522 0.002 98.39
0.526 0.0 98.43
0.52 0.007 98.46
0.523 0.004 98.49
0.523 0.001 98.52
0.525 0.0 98.55
0 0 98.58
0.522 0.004 98.6
0.523 0.002 98.63
0.523 0.0 98.66
0 0 98.69
0.525 0.003 98.73
0.524 0.005 98.75
0.519 0.006 98.78
0.526 0.009 98.81
0 0 98.84
0.531 0.001 98.87
0.531 0.0 98.91
0.529 0.002 98.94
0.531 0.002 98.97
0.534 0.003 99.0
0.532 0.002 99.03
0 0 99.06
0.538 0.003 99.09
0.539 0.001 99.13
0.539 0.0 99.15
0.539 0.007 99.19
0.541 0.003 99.22
0.539 0.002 99.25
0.54 0.0 99.28
0.543 0.0 99.31
0.54 0.004 99.34
0.541 0.001 99.38
0.545 0.005 99.41
0 0 99.44
0.545 0.001 99.47
0 0 99.5
0.549 0.001 99.53
0.544 0.007 99.56
0.545 0.001 99.59
0.549 0.001 99.62
0.549 0.0 99.65
0.549 0.0 99.69
0.545 0.005 99.72
0.549 0.001 99.75
0.551 0.005 99.78
0.554 0.003 99.81
0.555 0.004 99.84
0.559 0.005 99.88
0.559 0.001 99.9
0.556 0.003 99.94
0.561 0.001 99.97
0.559 0.002 100.0
0.558 0.001 100.03
0.561 0.003 100.06
0.562 0.001 100.09
0.562 0.001 100.12
0.562 0.001 100.15
0 0 100.18
0.561 0.009 100.22
0.563 0.002 100.25
0.569 0.0 100.28
0.568 0.002 100.31
0.565 0.004 100.34
0.564 0.003 100.37
0.567 0.003 100.4
0.566 0.001 100.43
0 0 100.46
0 0 100.49
0.564 0.012 100.52
0 0 100.56
0 0 100.59
0.562 0.009 100.62
0 0 100.65
0.554 0.012 100.68
0.563 0.002 100.72
0 0 100.74
0.557 0.01 100.77
0.552 0.007 100.81
0.552 0.007 100.84
0.548 0.006 100.87
0 0 100.9
0.542 0.013 100.94
0.535 0.011 100.96
0.529 0.008 100.99
0 0 101.02
0.519 0.021 101.05
0.511 0.012 101.09
0.508 0.007 101.12
0.507 0.009 101.15
0.504 0.006 101.18
0.501 0.007 101.21
0.499 0.006 101.24
0 0 101.27
0.504 0.005 101.3
0 0 101.33
0.509 0.003 101.37
0.511 0.003 101.4
0.514 0.003 101.43
0.518 0.005 101.46
0.523 0.002 101.49
0.524 0.001 101.52
0.524 0.001 101.55
0.527 0.001 101.58
0.527 0.0 101.62
0.527 0.001 101.65
0.526 0.001 101.68
0.529 0.001 101.71
0.528 0.001 101.74
0.527 0.001 101.77
0.528 0.002 101.8
0.525 0.003 101.83
0 0 101.86
0.519 0.006 101.9
0.519 0.003 101.93
0.516 0.003 101.96
0.514 0.003 101.99
0.517 0.002 102.02
0.516 0.002 102.05
0 0 102.08
0 0 102.11
0 0 102.14
0.515 0.005 102.18
0.513 0.002 102.21
0.515 0.001 102.24
0 0 102.27
0.513 0.003 102.31
0.509 0.004 102.33
0.51 0.002 102.36
0.508 0.002 102.4
0.504 0.005 102.43
0.504 0.003 102.46
0.501 0.003 102.49
0.499 0.002 102.52
0 0 102.55
0.495 0.007 102.59
0.493 0.002 102.62
0.492 0.001 102.65
0.494 0.001 102.68
0.493 0.001 102.71
0.491 0.004 102.74
0.493 0.003 102.77
0.493 0.001 102.8
0.492 0.001 102.83
0.492 0.0 102.86
0.492 0.001 102.89
0.491 0.002 102.93
0.491 0.001 102.96
0.489 0.001 102.99
0.489 0.002 103.02
0.486 0.003 103.05
0.487 0.002 103.08
0.485 0.004 103.11
0.487 0.002 103.15
0.486 0.004 103.18
0.486 0.002 103.22
0.489 0.003 103.25
0.49 0.002 103.28
0.491 0.002 103.32
0.492 0.002 103.35
0.493 0.001 103.38
0.494 0.001 103.41
0.494 0.003 103.44
0.496 0.002 103.47
0.496 0.002 103.5
0 0 103.53
0.497 0.006 103.56
0.498 0.003 103.59
0.499 0.003 103.63
0.499 0.003 103.66
0.501 0.003 103.69
0.501 0.003 103.72
0.502 0.002 103.75
0.503 0.002 103.78
0.504 0.001 103.81
0.505 0.001 103.84
0.508 0.003 103.87
0 0 103.9
0 0 103.93
0 0 103.96
0.513 0.013 104.0
0.515 0.006 104.03
0 0 104.06
0 0 104.09
0.527 0.02 104.12
0.533 0.008 104.15
0 0 104.18
0 0 104.21
0.559 0.032 104.25
0 0 104.28
0 0 104.31
0.591 0.036 104.34
0.601 0.011 104.37
0.617 0.019 104.4
0.631 0.017 104.43
0.646 0.016 104.47
0.662 0.018 104.49
0.669 0.007 104.53
0 0 104.56
0 0 104.59
0.702 0.037 104.62
0.713 0.012 104.65
0 0 104.68
0 0 104.71
0.726 0.016 104.75
0.726 0.002 104.78
0.729 0.007 104.81
0.725 0.005 104.84
0 0 104.87
0.731 0.011 104.9
0.729 0.003 104.93
0.734 0.008 104.96
0 0 105.0
0.734 0.004 105.03
0.738 0.006 105.06
0.74 0.001 105.09
0 0 105.12
0 0 105.15
0.74 0.003 105.18
0.741 0.001 105.21
0.742 0.001 105.24
0 0 105.27
0.745 0.002 105.31
0 0 105.33
0 0 105.37
0 0 105.4
0.748 0.004 105.43
0 0 105.46
0.746 0.003 105.49
0.746 0.001 105.53
0 0 105.55
0.744 0.003 105.59
0.744 0.001 105.62
0.744 0.002 105.65
0.741 0.004 105.68
0.737 0.004 105.71
0.742 0.005 105.74
0 0 105.77
0.745 0.003 105.8
0.744 0.003 105.84
0.747 0.003 105.87
0.747 0.002 105.9
0.748 0.002 105.93
0.751 0.002 105.96
0 0 105.99
0 0 106.02
0 0 106.05
0 0 106.08
0 0 106.11
0 0 106.14
0 0 106.18
0 0 106.21
0 0 106.24
0 0 106.27
0 0 106.3
0 0 106.33
0 0 106.37
0 0 106.39
0.75 0.015 106.41
0.745 0.006 106.44
0 0 106.47
0.748 0.008 106.51
0.749 0.004 106.54
0.745 0.006 106.57
0 0 106.6
0.741 0.004 106.63
0.743 0.004 106.66
0 0 106.69
0.74 0.003 106.72
0.738 0.003 106.76
0.74 0.006 106.79
0.733 0.008 106.82
0.734 0.004 106.85
0.728 0.006 106.88
0.726 0.002 106.91
0.729 0.003 106.95
0.732 0.003 106.97
0.736 0.004 107.0
0.74 0.006 107.04
0.743 0.003 107.06
0.744 0.002 107.1
0.746 0.004 107.13
0.744 0.003 107.16
0.745 0.001 107.19
0.746 0.001 107.22
0 0 107.25
0.738 0.009 107.29
0 0 107.31
0.736 0.004 107.35
0.738 0.002 107.38
0 0 107.41
0.743 0.006 107.44
0 0 107.47
0.746 0.004 107.5
0 0 107.53
0.749 0.004 107.56
0.746 0.005 107.59
0.745 0.0 107.63
0.747 0.002 107.66
0.747 0.002 107.69
0.75 0.005 107.72
0.747 0.004 107.75
0 0 107.78
0.74 0.007 107.81
0.734 0.008 107.84
0.723 0.012 107.88
0.711 0.014 107.91
0.698 0.015 107.94
0.684 0.014 107.97
0.665 0.021 108.0
0.647 0.02 108.03
0 0 108.06
0.607 0.048 108.1
0.591 0.022 108.13
0.577 0.022 108.16
0 0 108.19
0.562 0.029 108.22
0.561 0.01 108.25
0.562 0.007 108.28
0.56 0.006 108.31
0 0 108.34
0.565 0.01 108.37
0.564 0.003 108.41
0.568 0.005 108.43
0.57 0.002 108.47
0.572 0.002 108.5
0 0 108.53
0.572 0.003 108.56
0.572 0.001 108.59
0 0 108.62
0.569 0.001 108.65
0.569 0.001 108.68
0.569 0.001 108.71
0.563 0.002 108.75
0.564 0.002 108.78
0.564 0.0 108.81
0.562 0.001 108.84
0.561 0.001 108.87
0.562 0.001 108.9
0.561 0.0 108.93
0.557 0.001 108.96
0 0 108.99
0.557 0.001 109.03
0.553 0.0 109.06
0.552 0.001 109.09
0.551 0.002 109.12
0.55 0.001 109.15
0.545 0.002 109.18
0.544 0.002 109.21
0.544 0.002 109.24
0.539 0.003 109.28
0.541 0.005 109.31
0.543 0.005 109.34
0.545 0.005 109.37
0.543 0.005 109.4
0.546 0.006 109.43
0.55 0.008 109.46
0.548 0.007 109.49
0.553 0.011 109.53
0.555 0.009 109.56
0.561 0.01 109.59
0 0 109.62
0 0 109.65
0.554 0.017 109.68
0 0 109.71
0 0 109.74
0 0 109.77
0 0 109.8
0 0 109.84
0 0 109.87
0 0 109.9
0 0 109.91
0 0 109.94
0 0 109.97
0 0 110.01
0 0 110.04
0 0 110.07
0 0 110.1
0 0 110.13
0 0 110.16
0 0 110.19
0 0 110.22
0 0 110.25
0 0 110.29
0 0 110.32
0 0 110.35
0 0 110.38
0 0 110.41
0 0 110.44
0 0 110.47
0 0 110.5
0 0 110.53
0.531 0.071 110.57
0 0 110.6
0 0 110.63
0.53 0.006 110.65
0 0 110.67
0 0 110.7
0 0 110.74
0 0 110.77
0 0 110.8
0 0 110.83
0 0 110.85
0 0 110.88
0 0 110.91
0 0 110.94
0 0 110.97
0 0 111.0
0 0 111.03
0.543 0.046 111.07
0 0 111.09
0 0 111.13
0.541 0.005 111.16
0 0 111.19
0 0 111.22
0 0 111.25
0 0 111.28
0 0 111.31
0 0 111.34
0 0 111.37
0 0 111.41
0 0 111.44
0 0 111.47
0 0 111.5
0 0 111.53
0 0 111.56
0 0 111.59
0.526 0.017 111.62
0 0 111.65
0 0 111.69
0 0 111.72
0 0 111.75
0.516 0.003 111.78
0 0 111.81
0 0 111.84
0.52 0.007 111.88
0 0 111.9
0 0 111.94
0.506 0.011 111.97
0 0 112.0
0 0 112.03
0 0 112.06
0 0 112.09
0 0 112.12
0.461 0.04 112.16
0.454 0.008 112.19
0.442 0.007 112.22
0.438 0.006 112.25
0 0 112.28
0 0 112.31
0 0 112.34
0 0 112.37
0.418 0.016 112.41
0 0 112.44
0 0 112.47
0 0 112.5
0 0 112.53
0.4 0.006 112.56
0.401 0.002 112.59
0 0 112.62
0 0 112.65
0 0 112.68
0 0 112.72
0 0 112.75
0 0 112.78
0.412 0.021 112.81
0.414 0.002 112.84
0 0 112.87
0 0 112.9
0 0 112.93
0.422 0.013 112.97
0 0 112.99
0.425 0.005 113.03
0.427 0.003 113.06
0.425 0.002 113.09
0.428 0.004 113.11
0.428 0.002 113.14
0.432 0.005 113.17
0.427 0.004 113.2
0 0 113.23
0 0 113.26
0 0 113.29
0.427 0.003 113.32
0.429 0.004 113.36
0 0 113.39
0.427 0.001 113.42
0.427 0.001 113.45
0 0 113.48
0.425 0.004 113.51
0 0 113.54
0.429 0.007 113.57
0.428 0.002 113.61
0.429 0.003 113.64
0.428 0.003 113.67
0 0 113.7
0 0 113.73
0.428 0.004 113.76
0.432 0.004 113.8
0.434 0.002 113.83
0 0 113.85
