0 0 42.74
0 0 42.77
0 0 42.8
0 0 42.84
0 0 42.87
0 0 42.91
0 0 42.94
0 0 42.97
0 0 43.01
0 0 43.04
0 0 43.07
0 0 43.1
0 0 43.14
0 0 43.17
0.43 0.308 43.21
0 0 43.24
0 0 43.27
0 0 43.3
0.384 0.071 43.34
0.368 0.019 43.38
0 0 43.4
0.348 0.035 43.44
0 0 43.47
0.33 0.029 43.51
0.324 0.011 43.54
0.323 0.011 43.57
0 0 43.6
0.317 0.015 43.64
0.32 0.006 43.67
0.319 0.005 43.7
0.319 0.005 43.74
0.325 0.004 43.77
0.326 0.003 43.81
0.326 0.003 43.84
0.333 0.003 43.88
0.333 0.002 43.91
0.332 0.001 43.94
0.332 0.001 43.97
0.344 0.001 44.01
0.343 0.0 44.04
0.343 0.001 44.07
0.342 0.003 44.11
0.341 0.002 44.14
0.341 0.002 44.18
0.356 0.005 44.21
0.359 0.012 44.24
0.364 0.02 44.27
0.374 0.022 44.31
0.394 0.024 44.34
0 0 44.37
0 0 44.4
0.466 0.076 44.44
0.492 0.029 44.47
0.513 0.022 44.51
0.544 0.025 44.54
0.563 0.02 44.58
0 0 44.6
0 0 44.64
0 0 44.67
0 0 44.7
0 0 44.74
0 0 44.77
0 0 44.8
0 0 44.84
0 0 44.87
0 0 44.9
0 0 44.94
0 0 44.97
0 0 45.01
0 0 45.04
0 0 45.07
0 0 45.1
0.701 0.121 45.14
0 0 45.17
0 0 45.2
0 0 45.24
0.702 0.021 45.27
0 0 45.3
0.704 0.008 45.34
0.702 0.003 45.38
0.706 0.003 45.41
0.707 0.003 45.44
0.705 0.002 45.47
0.708 0.001 45.51
0.708 0.002 45.54
0.705 0.003 45.57
0.706 0.004 45.61
0.709 0.002 45.64
0.708 0.001 45.68
0.705 0.004 45.71
0.705 0.003 45.74
0.7 0.005 45.77
0.698 0.002 45.81
0.695 0.007 45.84
0.692 0.003 45.87
0.689 0.004 45.91
0.686 0.003 45.94
0.687 0.002 45.98
0.685 0.003 46.01
0.685 0.001 46.04
0.689 0.002 46.07
0.692 0.003 46.11
0.69 0.003 46.14
0.692 0.002 46.17
0.689 0.006 46.21
0.692 0.005 46.24
0.691 0.008 46.28
0.681 0.013 46.31
0.669 0.014 46.34
0.655 0.018 46.38
0.64 0.016 46.41
0.624 0.018 46.44
0.606 0.021 46.47
0.59 0.02 46.51
0 0 46.54
0.563 0.033 46.57
0.55 0.019 46.61
0 0 46.64
0.535 0.018 46.67
0.527 0.01 46.71
0.52 0.01 46.74
0.512 0.01 46.77
0 0 46.81
0.497 0.016 46.84
0 0 46.88
0 0 46.91
0.475 0.025 46.94
0 0 46.97
0.464 0.013 47.01
0 0 47.05
0.457 0.014 47.09
0.455 0.003 47.11
0.452 0.005 47.15
0.449 0.004 47.17
0.447 0.003 47.21
0.445 0.003 47.24
0.443 0.003 47.29
0.442 0.003 47.32
0.44 0.003 47.35
0.439 0.002 47.38
0.437 0.002 47.41
0.437 0.002 47.44
0.436 0.002 47.47
0.436 0.001 47.51
0.435 0.001 47.54
0.434 0.001 47.57
0.435 0.002 47.61
0.435 0.001 47.65
0.436 0.001 47.68
0.434 0.002 47.71
0.434 0.001 47.74
0.436 0.002 47.78
0.438 0.003 47.81
0.44 0.005 47.84
0.444 0.008 47.87
0.447 0.01 47.91
0.452 0.013 47.94
0.459 0.014 47.97
0.469 0.018 48.01
0.482 0.019 48.04
0 0 48.07
0 0 48.11
0.535 0.059 48.14
0 0 48.17
0.58 0.048 48.21
0.601 0.022 48.24
0.624 0.027 48.27
0.642 0.02 48.31
0.662 0.023 48.34
0.676 0.015 48.38
0.685 0.01 48.41
0.699 0.016 48.44
0.707 0.009 48.47
0.712 0.006 48.51
0.718 0.009 48.55
0.723 0.007 48.57
0 0 48.6
0.725 0.007 48.64
0.731 0.009 48.67
0.731 0.004 48.71
0.727 0.004 48.74
0.726 0.002 48.77
0.723 0.003 48.81
0.722 0.002 48.84
0 0 48.87
0.72 0.004 48.9
0.718 0.002 48.94
0.716 0.002 48.97
0.715 0.002 49.01
0.713 0.002 49.04
0.709 0.003 49.07
0 0 49.1
0.704 0.005 49.14
0.702 0.003 49.17
0.7 0.002 49.21
0.695 0.005 49.24
0.695 0.0 49.27
0.695 0.001 49.31
0.69 0.005 49.34
0.688 0.002 49.37
0 0 49.4
0.681 0.01 49.44
0.68 0.005 49.47
0.672 0.009 49.51
0.663 0.011 49.54
0.651 0.013 49.57
0.63 0.023 49.6
0 0 49.64
0.593 0.041 49.67
0.572 0.021 49.7
0.556 0.016 49.74
0 0 49.77
0.523 0.035 49.8
0.509 0.015 49.84
0.499 0.012 49.87
0.488 0.011 49.91
0 0 49.94
0.468 0.022 49.97
0 0 50.01
0 0 50.04
0.447 0.026 50.07
0.44 0.008 50.1
0.433 0.007 50.14
0.427 0.007 50.17
0.422 0.006 50.21
0.418 0.005 50.24
0.416 0.004 50.28
0.413 0.004 50.31
0.412 0.003 50.34
0.41 0.003 50.37
0.411 0.003 50.4
0.41 0.001 50.44
0.408 0.001 50.48
0.409 0.002 50.51
0.408 0.002 50.54
0.407 0.001 50.57
0.407 0.001 50.6
0.409 0.002 50.64
0.409 0.004 50.67
0.412 0.007 50.71
0.415 0.01 50.74
0 0 50.77
0.429 0.027 50.8
0.438 0.015 50.84
0.451 0.017 50.87
0 0 50.9
0.482 0.036 50.94
0 0 50.97
0.523 0.041 51.01
0 0 51.04
0 0 51.07
0.589 0.067 51.1
0.609 0.022 51.14
0.629 0.022 51.17
0.649 0.022 51.2
0.667 0.02 51.24
0.68 0.015 51.27
0.689 0.009 51.31
0.698 0.01 51.34
0 0 51.37
0.708 0.013 51.4
0 0 51.44
0.717 0.011 51.47
0.715 0.002 51.51
0 0 51.53
0.716 0.004 51.57
0 0 51.6
0 0 51.64
0.715 0.002 51.67
0.719 0.005 51.7
0.717 0.002 51.74
0.718 0.002 51.77
0.72 0.005 51.8
0.717 0.003 51.84
0.715 0.003 51.88
0.712 0.003 51.91
0.713 0.002 51.94
0.713 0.001 51.97
0.712 0.002 52.01
0.71 0.002 52.04
0.707 0.003 52.07
0.704 0.004 52.11
0.698 0.006 52.14
0.698 0.001 52.17
0.697 0.001 52.21
0.695 0.003 52.24
0.692 0.003 52.27
0.689 0.004 52.3
0.684 0.007 52.34
0.679 0.007 52.37
0.671 0.01 52.41
0.656 0.016 52.44
0.64 0.018 52.47
0.62 0.02 52.51
0.597 0.023 52.54
0.573 0.024 52.57
0.548 0.025 52.61
0.522 0.027 52.64
0.501 0.022 52.68
0 0 52.7
0.458 0.046 52.74
0.439 0.02 52.77
0.425 0.017 52.81
0.413 0.014 52.84
0.405 0.012 52.87
0.401 0.01 52.91
0.395 0.007 52.94
0.394 0.006 52.97
0.392 0.003 53.01
0.389 0.002 53.04
0.389 0.002 53.07
0.388 0.001 53.11
0.387 0.001 53.14
0.387 0.001 53.17
0.386 0.001 53.21
0.386 0.002 53.24
0.386 0.002 53.27
0.388 0.006 53.31
0.392 0.01 53.34
0.397 0.015 53.37
0.407 0.019 53.4
0.421 0.021 53.44
0.435 0.022 53.47
0 0 53.5
0 0 53.54
0 0 53.57
0 0 53.6
0 0 53.63
0.576 0.145 53.67
0.596 0.022 53.71
0 0 53.74
0 0 53.77
0 0 53.8
0 0 53.84
0 0 53.87
0 0 53.9
0 0 53.94
0 0 53.97
0.691 0.11 54.01
0.688 0.004 54.04
0.69 0.004 54.07
0 0 54.1
0 0 54.14
0.691 0.008 54.17
0 0 54.21
0 0 54.24
0.69 0.007 54.27
0 0 54.3
0 0 54.34
0 0 54.37
0 0 54.4
0.687 0.009 54.44
0 0 54.47
0 0 54.5
0 0 54.54
0 0 54.57
0 0 54.6
0.667 0.013 54.64
0.67 0.01 54.68
0.664 0.007 54.71
0.668 0.004 54.74
0.665 0.003 54.77
0.662 0.003 54.8
0.664 0.003 54.84
0 0 54.87
0.66 0.002 54.91
0.653 0.009 54.94
0.65 0.003 54.97
0.641 0.004 55.0
0.633 0.008 55.04
0.628 0.005 55.07
0 0 55.1
0.608 0.01 55.14
0 0 55.17
0.594 0.008 55.21
0.591 0.004 55.24
0 0 55.27
0.583 0.008 55.3
0.576 0.001 55.34
0.575 0.002 55.37
0.573 0.002 55.41
0 0 55.44
0.565 0.003 55.47
0.565 0.001 55.51
0.564 0.007 55.54
0.563 0.001 55.57
0 0 55.6
0 0 55.63
0 0 55.67
0 0 55.7
0.552 0.01 55.74
0 0 55.77
0.544 0.006 55.81
0.542 0.003 55.84
0.537 0.003 55.87
0.537 0.002 55.9
0 0 55.93
0.539 0.003 55.97
0.535 0.002 56.0
0.538 0.004 56.04
0.541 0.003 56.07
0.541 0.008 56.1
0.543 0.002 56.14
0.545 0.003 56.17
0 0 56.2
0.544 0.005 56.24
0 0 56.27
0.538 0.005 56.3
0.539 0.002 56.34
0.538 0.003 56.37
0.531 0.002 56.4
0.529 0.006 56.44
0.529 0.004 56.47
0.532 0.003 56.5
0 0 56.53
0 0 56.57
0.531 0.013 56.6
0 0 56.63
0 0 56.67
0.53 0.01 56.7
0.536 0.01 56.74
0 0 56.77
0 0 56.8
0 0 56.84
0.537 0.007 56.87
0 0 56.9
0.531 0.012 56.94
0 0 56.97
0.527 0.008 57.0
0 0 57.03
0.53 0.006 57.07
0 0 57.1
0 0 57.14
0 0 57.17
0.533 0.007 57.2
0 0 57.24
0.529 0.004 57.28
0 0 57.3
0.521 0.007 57.34
0 0 57.37
0.516 0.006 57.4
0.515 0.004 57.44
0.507 0.008 57.47
0.504 0.005 57.5
0.501 0.005 57.54
0 0 57.57
0.489 0.011 57.61
0.487 0.005 57.64
0.48 0.008 57.67
0.478 0.003 57.7
0.475 0.003 57.74
0.471 0.004 57.78
0 0 57.8
0 0 57.84
0.469 0.005 57.87
0.466 0.004 57.91
0.467 0.002 57.94
0 0 57.97
0 0 58.0
0.468 0.001 58.04
0.467 0.002 58.07
0.469 0.002 58.1
0.468 0.002 58.14
0.469 0.001 58.17
0.469 0.001 58.2
0.471 0.001 58.24
0 0 58.27
0.474 0.004 58.31
0.473 0.004 58.34
0.475 0.003 58.37
0.477 0.001 58.41
0.478 0.001 58.43
0.48 0.002 58.47
0.48 0.001 58.51
0.48 0.001 58.54
0.482 0.001 58.57
0.48 0.004 58.6
0.481 0.002 58.63
0.485 0.005 58.67
0.484 0.001 58.7
0.486 0.002 58.73
0.485 0.001 58.77
0.486 0.001 58.8
0.484 0.003 58.84
0.484 0.001 58.87
0.485 0.001 58.9
0.485 0.0 58.94
0.485 0.001 58.97
0.486 0.002 59.01
0.484 0.003 59.04
0 0 59.07
0.483 0.002 59.1
0.481 0.002 59.14
0.481 0.001 59.17
0.478 0.005 59.2
0 0 59.23
0.475 0.003 59.27
0.474 0.003 59.31
0 0 59.34
0 0 59.37
0 0 59.4
0.469 0.01 59.44
0.468 0.002 59.47
0 0 59.5
0 0 59.54
0.47 0.003 59.57
0 0 59.6
0.477 0.007 59.63
0.478 0.001 59.67
0.478 0.001 59.71
0.481 0.003 59.74
0.48 0.002 59.77
0.479 0.001 59.8
0.479 0.001 59.84
0.479 0.0 59.87
0.477 0.002 59.91
0.485 0.004 59.94
0 0 59.97
0.482 0.003 60.01
0.48 0.003 60.04
0.486 0.005 60.07
0.481 0.006 60.1
0.481 0.001 60.14
0.483 0.002 60.17
0.484 0.003 60.2
0.482 0.003 60.24
0.483 0.002 60.27
0 0 60.3
0.483 0.001 60.34
0.483 0.001 60.37
0 0 60.4
0.486 0.0 60.44
0.483 0.004 60.47
0 0 60.5
0.487 0.001 60.54
0.486 0.003 60.57
0.489 0.001 60.6
0.488 0.0 60.63
0.488 0.001 60.67
0.491 0.0 60.7
0.488 0.003 60.73
0.489 0.003 60.77
0 0 60.8
0.495 0.002 60.84
0.494 0.003 60.87
0.492 0.002 60.9
0.498 0.002 60.94
0.496 0.002 60.97
0 0 61.0
0.501 0.001 61.04
0.504 0.004 61.07
0.502 0.003 61.1
0.507 0.001 61.14
0.506 0.002 61.17
0.508 0.002 61.2
0.505 0.004 61.24
0.509 0.002 61.27
0.505 0.004 61.3
0 0 61.34
0 0 61.37
0.487 0.026 61.4
0.479 0.01 61.44
0.475 0.011 61.47
0.466 0.01 61.5
0.455 0.014 61.54
0.448 0.007 61.57
0.442 0.013 61.6
0.432 0.012 61.64
0.422 0.011 61.67
0.417 0.011 61.7
0.407 0.011 61.74
0.397 0.011 61.77
0 0 61.8
0.384 0.021 61.84
0.374 0.012 61.87
0.372 0.009 61.9
0.365 0.008 61.94
0.36 0.007 61.97
0.36 0.007 62.0
0.356 0.005 62.04
0.354 0.004 62.07
0 0 62.1
0.359 0.008 62.14
0.357 0.003 62.17
0.356 0.003 62.2
0.361 0.003 62.24
0 0 62.27
0.359 0.003 62.3
0.363 0.002 62.34
0.361 0.005 62.37
0.36 0.002 62.4
0.36 0.0 62.43
0 0 62.47
0 0 62.5
0.367 0.005 62.54
0.372 0.004 62.57
0 0 62.6
0.373 0.006 62.64
0.378 0.002 62.67
0.378 0.004 62.7
0.379 0.002 62.74
0.383 0.003 62.77
0.384 0.002 62.8
0.384 0.002 62.84
0.389 0.002 62.87
0 0 62.9
0 0 62.93
0.385 0.007 62.97
0.388 0.002 63.0
0 0 63.03
0 0 63.07
0.392 0.007 63.1
0 0 63.13
0 0 63.17
0 0 63.2
0.391 0.004 63.24
0 0 63.27
0 0 63.3
0 0 63.34
0 0 63.37
0 0 63.4
0.403 0.02 63.44
0 0 63.47
0.412 0.026 63.5
0.422 0.018 63.53
0 0 63.57
0.446 0.04 63.6
0 0 63.63
0 0 63.67
0 0 63.7
0.512 0.073 63.74
0.534 0.022 63.77
0.552 0.02 63.81
0.57 0.02 63.84
0.589 0.018 63.87
0 0 63.9
0.624 0.039 63.93
0.636 0.011 63.97
0.647 0.014 64.0
0.651 0.005 64.03
0 0 64.07
0.665 0.014 64.1
0.669 0.007 64.14
0.672 0.005 64.17
0.669 0.006 64.2
0.672 0.006 64.24
0.672 0.003 64.27
0 0 64.3
0.673 0.005 64.34
0.675 0.004 64.37
0.674 0.002 64.4
0.675 0.003 64.44
0.675 0.001 64.47
0 0 64.5
0 0 64.53
0.68 0.007 64.57
0 0 64.6
0.682 0.002 64.64
0 0 64.67
0 0 64.7
0 0 64.74
0.678 0.008 64.77
0 0 64.8
0.665 0.014 64.84
0.661 0.004 64.87
0.659 0.004 64.9
0.656 0.004 64.94
0 0 64.97
0 0 65.0
0 0 65.03
0 0 65.07
0.669 0.015 65.1
0 0 65.13
0 0 65.17
0 0 65.2
0.637 0.035 65.24
0.621 0.017 65.27
0.604 0.018 65.3
0.584 0.02 65.34
0.561 0.024 65.37
0.535 0.028 65.4
0.511 0.027 65.44
0 0 65.47
0 0 65.5
0.453 0.071 65.54
0 0 65.57
0 0 65.6
0.42 0.051 65.64
0.414 0.01 65.67
0 0 65.7
0.41 0.014 65.74
0.407 0.005 65.77
0.404 0.004 65.8
0.403 0.002 65.84
0.402 0.002 65.87
0.401 0.005 65.9
0.402 0.003 65.94
0.402 0.001 65.97
0.402 0.002 66.0
0.404 0.002 66.04
0 0 66.07
0 0 66.1
0.405 0.004 66.13
0.407 0.002 66.17
0.407 0.001 66.2
0.408 0.003 66.24
0.408 0.002 66.27
0 0 66.3
0.409 0.006 66.34
0 0 66.37
0.415 0.012 66.4
0 0 66.44
0.424 0.02 66.47
0.431 0.013 66.5
0.44 0.015 66.53
0.452 0.016 66.57
0.465 0.018 66.6
0.48 0.018 66.63
0 0 66.67
0 0 66.7
0.537 0.059 66.74
0.559 0.025 66.77
0.579 0.02 66.8
0.597 0.018 66.84
0.622 0.029 66.87
0 0 66.9
0.654 0.034 66.94
0.67 0.019 66.97
0.682 0.013 67.0
0 0 67.03
0.701 0.022 67.07
0 0 67.1
0 0 67.13
0.726 0.027 67.17
0 0 67.2
0 0 67.23
0 0 67.27
0 0 67.3
0 0 67.34
0 0 67.37
0 0 67.4
0 0 67.43
0.737 0.014 67.47
0 0 67.5
0.738 0.005 67.54
0 0 67.57
0 0 67.6
0.739 0.006 67.63
0.742 0.006 67.67
0 0 67.7
0.743 0.003 67.74
0.742 0.002 67.77
0.737 0.006 67.8
0.742 0.006 67.84
0 0 67.87
0.744 0.003 67.9
0.744 0.002 67.93
0.748 0.004 67.97
0 0 68.0
0.751 0.006 68.03
0.75 0.001 68.07
0 0 68.1
0.746 0.005 68.13
0.743 0.005 68.17
0.742 0.001 68.2
0.738 0.004 68.24
0.737 0.002 68.27
0.734 0.003 68.31
0.734 0.002 68.34
0.729 0.005 68.37
0.728 0.002 68.4
0.729 0.003 68.43
0.729 0.001 68.47
0.727 0.002 68.5
0 0 68.54
0.721 0.008 68.57
0.717 0.004 68.6
0.716 0.002 68.63
0 0 68.67
0.714 0.004 68.7
0.71 0.005 68.74
0 0 68.77
0.703 0.007 68.8
0.701 0.003 68.84
0.694 0.008 68.87
0 0 68.9
0 0 68.93
0 0 68.97
0 0 69.0
0.641 0.059 69.04
0.628 0.014 69.07
0.61 0.02 69.1
0.591 0.02 69.13
0 0 69.17
0 0 69.2
0.522 0.073 69.24
0.501 0.024 69.27
0.481 0.024 69.3
0.464 0.02 69.34
0 0 69.37
0.438 0.036 69.4
0.428 0.014 69.44
0 0 69.47
0.417 0.02 69.5
0.413 0.007 69.53
0.41 0.006 69.57
0.407 0.005 69.6
0.405 0.004 69.63
0 0 69.67
0.401 0.005 69.7
0.399 0.002 69.73
0 0 69.77
0.4 0.003 69.8
0 0 69.83
0.403 0.005 69.87
0.404 0.005 69.9
0.406 0.003 69.94
0.407 0.005 69.97
0.41 0.007 70.0
0.412 0.008 70.03
0.415 0.011 70.07
0.421 0.013 70.1
0.428 0.015 70.13
0.436 0.017 70.17
0.448 0.018 70.2
0.46 0.019 70.24
0.475 0.021 70.27
0.491 0.019 70.3
0 0 70.33
0.528 0.042 70.37
0.549 0.023 70.4
0.57 0.023 70.43
0 0 70.46
0 0 70.5
0.63 0.07 70.53
0.648 0.019 70.57
0.662 0.016 70.6
0.673 0.011 70.63
0.682 0.009 70.67
0.689 0.008 70.7
0.694 0.006 70.73
0.695 0.002 70.77
0 0 70.8
0.7 0.006 70.83
0.702 0.004 70.87
0.703 0.003 70.9
0.703 0.002 70.93
0.703 0.002 70.97
0.703 0.001 71.0
0.706 0.005 71.04
0.704 0.003 71.07
0.704 0.001 71.1
0.705 0.002 71.13
0.708 0.003 71.17
0.708 0.001 71.2
0.708 0.002 71.24
0.712 0.004 71.27
0.712 0.001 71.3
0.711 0.001 71.34
0.711 0.001 71.37
0.71 0.002 71.4
0.709 0.002 71.44
0.71 0.003 71.47
0.712 0.005 71.51
0 0 71.53
0.712 0.002 71.57
0.712 0.002 71.6
0.705 0.008 71.63
0.699 0.006 71.67
0.699 0.003 71.7
0.694 0.005 71.74
0.692 0.002 71.77
0.69 0.002 71.8
0.685 0.005 71.83
0.68 0.006 71.87
0.68 0.006 71.9
0.672 0.01 71.93
0.663 0.01 71.97
0.651 0.013 72.0
0 0 72.03
0.614 0.043 72.07
0.594 0.023 72.1
0 0 72.13
0.552 0.051 72.17
0 0 72.2
0 0 72.23
0.502 0.065 72.27
0.49 0.018 72.3
0.477 0.02 72.34
0.47 0.014 72.37
0.462 0.013 72.4
0.456 0.01 72.43
0.452 0.008 72.47
0.447 0.008 72.5
0.443 0.006 72.53
0.44 0.003 72.57
0.438 0.003 72.6
0.437 0.004 72.64
0.434 0.004 72.67
0 0 72.7
0.431 0.005 72.73
0 0 72.76
0.428 0.004 72.8
0 0 72.83
0.427 0.002 72.87
0.427 0.001 72.9
0 0 72.93
0.43 0.005 72.97
0.432 0.003 73.0
0.434 0.005 73.03
0.438 0.005 73.07
0.443 0.005 73.1
0.444 0.004 73.14
0.444 0.003 73.17
0.445 0.001 73.2
0.443 0.003 73.23
0.441 0.003 73.27
0.438 0.004 73.3
0.436 0.004 73.33
0.435 0.002 73.37
0.434 0.003 73.4
0.429 0.003 73.44
0.427 0.004 73.47
0.424 0.005 73.5
0.422 0.006 73.54
0.414 0.005 73.57
0.412 0.005 73.6
0.409 0.005 73.63
0.404 0.003 73.67
0.402 0.003 73.7
0.4 0.003 73.73
0.395 0.002 73.77
0.394 0.002 73.8
0.393 0.004 73.84
0.388 0.002 73.87
0.387 0.003 73.9
0.385 0.003 73.93
0 0 73.96
0.378 0.003 74.0
0 0 74.03
0 0 74.06
0 0 74.1
0 0 74.13
0 0 74.17
0.376 0.016 74.2
0.381 0.013 74.24
0 0 74.27
0.4 0.04 74.3
0 0 74.33
0 0 74.36
0.453 0.067 74.4
0.469 0.024 74.43
0.488 0.02 74.47
0.504 0.017 74.5
0.509 0.01 74.53
0.517 0.01 74.57
0.517 0.001 74.6
0.506 0.006 74.63
0.497 0.01 74.67
0.48 0.019 74.7
0.462 0.021 74.73
0 0 74.77
0.424 0.04 74.8
0.409 0.018 74.83
0.386 0.014 74.87
0.378 0.01 74.9
0.374 0.007 74.93
0.365 0.005 74.97
0.361 0.005 75.0
0.358 0.006 75.03
0.346 0.008 75.07
0.341 0.009 75.1
0.335 0.008 75.13
0 0 75.16
0.32 0.014 75.2
0.319 0.004 75.23
0 0 75.27
0.311 0.003 75.3
0.311 0.002 75.33
0.31 0.001 75.37
0.302 0.002 75.4
0.299 0.006 75.43
0.297 0.002 75.47
0.289 0.005 75.5
0.292 0.009 75.53
0.296 0.018 75.57
0.304 0.027 75.6
0 0 75.63
0 0 75.67
0 0 75.7
0 0 75.73
0.429 0.161 75.77
0.465 0.039 75.8
0.489 0.036 75.83
0.514 0.028 75.87
0.536 0.025 75.9
0.547 0.018 75.93
0.559 0.014 75.97
0.571 0.013 76.0
0 0 76.03
0.58 0.017 76.07
0 0 76.1
0.588 0.009 76.13
0 0 76.16
0.578 0.004 76.2
0.578 0.0 76.23
0.571 0.001 76.27
0.569 0.002 76.3
0.567 0.002 76.33
0.563 0.004 76.37
0 0 76.4
0.554 0.006 76.43
0.552 0.003 76.47
0.544 0.004 76.5
0.544 0.004 76.53
0.542 0.002 76.57
0.535 0.002 76.6
0.533 0.002 76.63
0.537 0.006 76.67
0.529 0.003 76.7
0.531 0.004 76.73
0.531 0.001 76.76
0.532 0.002 76.8
0.528 0.004 76.84
0.527 0.001 76.87
0.528 0.002 76.9
0.52 0.003 76.93
0 0 76.96
0.514 0.007 77.0
0.508 0.001 77.03
0.507 0.001 77.06
0 0 77.1
0 0 77.13
0.5 0.004 77.17
0.498 0.003 77.2
0.499 0.002 77.23
0.491 0.004 77.27
0.487 0.004 77.3
0.483 0.005 77.33
0.472 0.003 77.37
0.468 0.004 77.4
0.464 0.004 77.43
0.461 0.002 77.47
0.462 0.002 77.5
0.464 0.002 77.53
0.465 0.002 77.57
0.463 0.002 77.6
0.469 0.008 77.63
0.47 0.002 77.67
0 0 77.7
0.471 0.004 77.73
0.474 0.003 77.76
0.473 0.002 77.8
0.474 0.001 77.83
0.477 0.003 77.87
0.47 0.006 77.9
0.469 0.001 77.93
0.469 0.002 77.97
0 0 78.0
0 0 78.03
0.458 0.01 78.07
0.456 0.003 78.1
0.449 0.007 78.13
0.449 0.001 78.17
0.447 0.003 78.2
0.447 0.002 78.23
0.449 0.003 78.27
0.446 0.005 78.3
0.445 0.001 78.33
0.447 0.003 78.37
0 0 78.4
0 0 78.43
0.444 0.002 78.47
0.443 0.002 78.5
0.443 0.001 78.53
0.443 0.002 78.57
0.443 0.0 78.6
0 0 78.63
0.444 0.004 78.67
0 0 78.7
0.445 0.001 78.74
0.444 0.0 78.77
0.446 0.002 78.8
0.447 0.001 78.83
0.446 0.001 78.87
0 0 78.9
0.447 0.002 78.93
0.447 0.001 78.97
0.448 0.002 79.0
0.448 0.001 79.03
0.449 0.001 79.07
0.45 0.001 79.1
0.45 0.001 79.13
0.453 0.003 79.17
0.454 0.002 79.2
0.454 0.001 79.23
0.456 0.003 79.27
0.458 0.001 79.3
0.458 0.001 79.34
0.459 0.001 79.37
0.458 0.002 79.4
0 0 79.43
0.456 0.002 79.47
0.457 0.002 79.5
0.457 0.0 79.53
0 0 79.56
0 0 79.6
0.457 0.001 79.63
0.456 0.001 79.67
0.457 0.001 79.7
0.458 0.002 79.74
0 0 79.76
0.456 0.003 79.8
0.456 0.001 79.84
0.455 0.002 79.87
0.454 0.001 79.9
0.456 0.002 79.93
0.456 0.0 79.97
0.456 0.0 80.0
0.457 0.001 80.04
0.457 0.0 80.07
0.457 0.001 80.1
0.459 0.002 80.13
0.457 0.002 80.17
0.458 0.001 80.2
0.458 0.001 80.24
0.458 0.0 80.27
0.46 0.002 80.3
0.46 0.0 80.34
0.462 0.002 80.37
0.462 0.0 80.4
0.463 0.001 80.44
0.464 0.001 80.46
0.464 0.0 80.5
0.463 0.001 80.53
0.467 0.002 80.57
0.465 0.002 80.6
0.466 0.001 80.63
0.468 0.001 80.67
0.468 0.0 80.7
0.466 0.002 80.73
0.466 0.0 80.77
0 0 80.8
0.467 0.001 80.83
0.467 0.0 80.87
0.466 0.005 80.9
0.468 0.003 80.93
0.466 0.002 80.96
0 0 81.0
0.465 0.005 81.03
0.467 0.004 81.06
0.466 0.002 81.1
0.468 0.002 81.13
0.469 0.003 81.17
0.469 0.001 81.2
0.469 0.003 81.23
0.469 0.0 81.26
0.468 0.002 81.3
0.47 0.001 81.33
0.47 0.001 81.37
0.471 0.0 81.4
0.473 0.001 81.43
0.473 0.0 81.47
0.474 0.002 81.5
0.473 0.0 81.53
0.476 0.001 81.57
0.477 0.002 81.6
0.476 0.001 81.63
0.478 0.001 81.67
0.48 0.003 81.7
0.48 0.0 81.73
0.486 0.003 81.76
0.485 0.002 81.8
0.484 0.001 81.83
0.491 0.002 81.87
0.492 0.002 81.9
0.492 0.001 81.93
0 0 81.97
0.496 0.0 82.0
0.497 0.001 82.03
0.495 0.002 82.07
0.499 0.001 82.1
0.499 0.0 82.13
0.498 0.001 82.17
0.498 0.0 82.2
0.5 0.003 82.23
0.501 0.002 82.27
0.508 0.001 82.3
0.508 0.001 82.33
0.507 0.001 82.37
0.507 0.001 82.4
0.505 0.003 82.43
0.505 0.0 82.47
0.503 0.003 82.5
0.515 0.005 82.53
0.514 0.002 82.57
0.514 0.001 82.6
0.52 0.001 82.63
0.52 0.0 82.67
0.518 0.002 82.7
0.52 0.003 82.73
0.523 0.002 82.77
0.521 0.002 82.8
0.522 0.001 82.83
0.525 0.002 82.87
0.527 0.003 82.9
0.524 0.004 82.93
0.529 0.002 82.97
0.529 0.001 83.0
0.528 0.003 83.03
0.533 0.002 83.06
0.533 0.0 83.1
0.531 0.002 83.13
0.529 0.003 83.17
0.531 0.005 83.2
0.523 0.01 83.23
0.512 0.012 83.27
0.499 0.018 83.3
0.483 0.018 83.33
0 0 83.36
0.446 0.046 83.4
0 0 83.43
0 0 83.46
0 0 83.5
0 0 83.53
0.355 0.102 83.57
0.34 0.019 83.6
0.327 0.02 83.63
0.317 0.017 83.67
0.309 0.017 83.7
0.305 0.015 83.74
0.3 0.013 83.77
0.296 0.012 83.8
0.296 0.01 83.83
0.293 0.009 83.87
0.291 0.007 83.9
0.289 0.006 83.93
0.29 0.004 83.97
0.288 0.004 84.0
0.285 0.004 84.03
0.286 0.003 84.06
0.285 0.002 84.1
0.284 0.002 84.13
0.286 0.004 84.17
0.283 0.003 84.2
0.283 0.001 84.23
0.284 0.004 84.26
0.285 0.006 84.3
0.286 0.014 84.34
0.287 0.019 84.37
0.299 0.027 84.4
0.313 0.029 84.43
0.333 0.031 84.47
0 0 84.5
0 0 84.53
0.411 0.085 84.57
0.439 0.027 84.6
0.469 0.031 84.63
0.489 0.02 84.67
0.505 0.015 84.7
0.519 0.014 84.73
0.528 0.009 84.76
0.537 0.009 84.8
0.544 0.008 84.83
0.549 0.005 84.87
0 0 84.9
0.559 0.011 84.93
0.561 0.002 84.97
0.566 0.007 85.0
0.567 0.002 85.03
0.573 0.01 85.06
0.573 0.002 85.1
0.576 0.005 85.13
0.579 0.005 85.17
0.582 0.005 85.2
0.584 0.005 85.23
0.584 0.003 85.26
0.585 0.003 85.3
0.583 0.002 85.33
0 0 85.37
0 0 85.4
0.584 0.007 85.43
0.582 0.002 85.47
0.58 0.002 85.5
0.58 0.001 85.53
0 0 85.56
0 0 85.59
0.576 0.005 85.63
0.574 0.003 85.66
0.57 0.005 85.7
0.567 0.004 85.73
0.566 0.002 85.76
0.562 0.004 85.8
0.56 0.003 85.83
0.558 0.003 85.86
0.558 0.002 85.9
0.557 0.002 85.93
0.557 0.001 85.96
0.56 0.002 86.0
0.562 0.003 86.03
0 0 86.06
0.566 0.003 86.1
0 0 86.13
0.568 0.002 86.17
0.57 0.002 86.2
0.57 0.001 86.23
0.57 0.004 86.26
0.571 0.003 86.3
0.569 0.003 86.33
0.57 0.002 86.36
0 0 86.39
0.563 0.007 86.43
0.566 0.007 86.46
0.568 0.003 86.5
0.569 0.003 86.53
0.569 0.001 86.57
0.576 0.005 86.6
0 0 86.63
0 0 86.67
0 0 86.7
0 0 86.73
0 0 86.77
0 0 86.8
0 0 86.83
0 0 86.86
0.586 0.007 86.9
0.589 0.001 86.93
0.59 0.002 86.96
0.588 0.003 87.0
0.591 0.002 87.03
0.59 0.003 87.06
0.587 0.005 87.1
0.589 0.003 87.13
0 0 87.16
0.58 0.01 87.2
0.572 0.008 87.23
0.57 0.006 87.27
0.56 0.01 87.3
0 0 87.33
0.547 0.018 87.36
0.537 0.011 87.4
0.53 0.007 87.43
0.526 0.009 87.47
0 0 87.5
0.516 0.011 87.53
0.515 0.006 87.57
0 0 87.59
0 0 87.63
0.507 0.009 87.67
0.504 0.009 87.7
0.503 0.003 87.73
0.5 0.004 87.76
0.504 0.007 87.8
0.502 0.002 87.83
0.501 0.002 87.87
0.503 0.004 87.9
0.502 0.002 87.93
0.5 0.003 87.96
0 0 88.0
0.503 0.005 88.03
0 0 88.06
0 0 88.1
0.507 0.005 88.13
0.509 0.004 88.17
0.507 0.006 88.2
0 0 88.23
0 0 88.26
0 0 88.29
0.516 0.004 88.33
0 0 88.36
0 0 88.4
0.516 0.002 88.43
0 0 88.46
0 0 88.5
0 0 88.53
0.518 0.01 88.57
0 0 88.6
0.516 0.004 88.63
0 0 88.67
0.515 0.007 88.7
0.513 0.004 88.73
0.513 0.007 88.76
0.511 0.005 88.8
0.51 0.002 88.84
0.512 0.005 88.87
0 0 88.9
0 0 88.93
0.499 0.019 88.96
0.5 0.004 89.0
0.497 0.007 89.04
0.496 0.003 89.07
0.501 0.005 89.1
0.5 0.003 89.13
0.499 0.004 89.17
0.503 0.003 89.2
0.504 0.002 89.23
0.504 0.002 89.27
0.505 0.002 89.3
0.508 0.002 89.33
0 0 89.36
0 0 89.39
0 0 89.43
0.511 0.004 89.46
0.509 0.004 89.5
0.509 0.002 89.53
0.507 0.003 89.56
0 0 89.59
0 0 89.63
0.504 0.005 89.67
0.501 0.004 89.7
0.5 0.002 89.73
0 0 89.76
0.498 0.006 89.8
0 0 89.83
0.495 0.009 89.86
0 0 89.9
0.489 0.007 89.93
0 0 89.96
0 0 90.0
0.465 0.026 90.03
0.455 0.011 90.06
0.444 0.012 90.1
0.436 0.01 90.13
0 0 90.16
0.425 0.017 90.2
0.422 0.006 90.23
0 0 90.26
0 0 90.3
0 0 90.33
0.422 0.014 90.36
0.423 0.001 90.4
0.423 0.001 90.44
0 0 90.46
0.425 0.002 90.5
0.427 0.003 90.53
0 0 90.56
0.427 0.002 90.6
0.427 0.003 90.63
0.426 0.002 90.66
0.426 0.002 90.71
0.426 0.001 90.74
0.427 0.001 90.76
0.426 0.002 90.8
0.425 0.002 90.83
0 0 90.86
0.424 0.001 90.9
0 0 90.93
0.425 0.008 90.96
0.425 0.007 91.0
0.426 0.009 91.03
0.428 0.012 91.06
0.432 0.013 91.1
0.437 0.013 91.13
0 0 91.16
0.456 0.028 91.2
0 0 91.23
0 0 91.26
0 0 91.29
0.507 0.057 91.33
0.522 0.015 91.36
0 0 91.4
0.556 0.035 91.43
0.57 0.015 91.46
0.588 0.02 91.5
0.605 0.019 91.53
0 0 91.56
0.63 0.028 91.6
0 0 91.63
0.651 0.026 91.66
0.659 0.009 91.7
0.67 0.013 91.73
0.676 0.007 91.76
0.68 0.005 91.8
0.686 0.008 91.83
0.691 0.006 91.87
0.693 0.003 91.9
0 0 91.93
0.701 0.009 91.96
0.703 0.002 92.0
0.701 0.003 92.03
0.701 0.001 92.06
0 0 92.09
0.701 0.003 92.13
0 0 92.16
0.7 0.003 92.2
0.701 0.002 92.23
0.699 0.002 92.27
0.702 0.005 92.3
0.699 0.003 92.33
0.697 0.002 92.36
0.696 0.002 92.4
0.695 0.002 92.43
0.693 0.002 92.46
0.689 0.004 92.5
0.686 0.003 92.53
0.687 0.003 92.57
0.682 0.006 92.6
0 0 92.63
0.676 0.005 92.66
0.677 0.001 92.7
0.677 0.001 92.73
0.675 0.003 92.76
0.679 0.004 92.8
0.677 0.003 92.83
0.681 0.005 92.86
0.68 0.003 92.9
0.681 0.002 92.93
0 0 92.96
0.683 0.004 93.0
0.685 0.003 93.03
0 0 93.06
0.69 0.007 93.1
0 0 93.13
0 0 93.16
0 0 93.19
0.698 0.01 93.23
0.701 0.003 93.26
0 0 93.29
0.701 0.004 93.33
0.704 0.004 93.36
0.703 0.001 93.4
0.702 0.002 93.43
0.703 0.001 93.46
0.705 0.002 93.5
0.708 0.004 93.53
0.707 0.001 93.56
0.708 0.001 93.6
0.708 0.001 93.63
0.708 0.001 93.67
0.707 0.001 93.71
0.708 0.002 93.74
0.706 0.001 93.77
0.708 0.002 93.81
0.706 0.002 93.83
0.703 0.003 93.86
0.705 0.003 93.9
0.702 0.004 93.93
0.704 0.004 93.97
0.704 0.001 94.0
0.7 0.004 94.03
0.702 0.005 94.07
0.7 0.003 94.1
0.699 0.001 94.13
0.706 0.009 94.16
0.703 0.005 94.2
0 0 94.23
0.701 0.003 94.26
0.701 0.001 94.3
0.698 0.004 94.33
0.697 0.004 94.37
0.695 0.003 94.4
0.689 0.006 94.43
0.688 0.001 94.47
0.686 0.002 94.5
0.684 0.002 94.53
0.686 0.005 94.56
0.677 0.01 94.6
0.678 0.003 94.63
0.673 0.007 94.67
0.673 0.003 94.7
0.671 0.005 94.73
0 0 94.76
0.662 0.014 94.8
0 0 94.83
0 0 94.86
0.638 0.029 94.9
0 0 94.93
0 0 94.96
0.603 0.04 95.01
0.592 0.012 95.03
0.585 0.007 95.06
0.575 0.01 95.1
0 0 95.13
0.55 0.025 95.17
0 0 95.2
0.526 0.024 95.23
0 0 95.26
0 0 95.3
0 0 95.33
0 0 95.36
0 0 95.39
0 0 95.43
0 0 95.46
0.441 0.095 95.5
0.438 0.008 95.53
0 0 95.56
0.429 0.012 95.6
0.423 0.007 95.63
0 0 95.66
0.421 0.005 95.7
0.423 0.003 95.73
0.423 0.002 95.76
0.426 0.004 95.8
0.424 0.003 95.83
0.424 0.0 95.86
0 0 95.89
0.424 0.002 95.93
0.424 0.001 95.96
0.423 0.002 96.0
0.424 0.001 96.03
0.426 0.002 96.06
0.428 0.005 96.1
0.43 0.006 96.13
0 0 96.17
0.437 0.016 96.2
0.442 0.009 96.23
0.447 0.009 96.27
0.454 0.01 96.3
0.46 0.009 96.33
0.466 0.009 96.37
0 0 96.4
0.483 0.019 96.43
0.492 0.01 96.47
0.503 0.012 96.5
0.512 0.01 96.53
0.524 0.012 96.56
0.534 0.011 96.6
0 0 96.63
0.558 0.024 96.66
0.573 0.015 96.7
0 0 96.73
0.597 0.026 96.76
0 0 96.8
0 0 96.83
0.638 0.043 96.87
0 0 96.9
0.66 0.024 96.93
0.668 0.009 96.96
0.678 0.012 97.0
0.686 0.009 97.03
0.691 0.005 97.06
0.693 0.004 97.1
0.701 0.009 97.13
0.703 0.003 97.17
0.703 0.001 97.2
0.705 0.003 97.23
0.705 0.002 97.26
0 0 97.3
0.704 0.002 97.34
0.703 0.001 97.37
0.703 0.001 97.4
0.706 0.004 97.43
0.707 0.003 97.46
0.706 0.001 97.5
0 0 97.53
0.707 0.003 97.56
0 0 97.6
0.709 0.002 97.63
0.708 0.002 97.67
0.71 0.003 97.7
0.71 0.001 97.73
0 0 97.76
0.709 0.001 97.8
0 0 97.83
0.707 0.005 97.86
0.704 0.005 97.9
0 0 97.93
0 0 97.96
0.705 0.003 98.0
0 0 98.03
0.702 0.005 98.06
0.7 0.002 98.1
0.701 0.001 98.13
0 0 98.16
0.691 0.01 98.19
0.688 0.003 98.23
0 0 98.26
0 0 98.29
0.679 0.01 98.33
0.676 0.003 98.36
0.672 0.006 98.4
0.673 0.002 98.43
0.675 0.002 98.46
0.674 0.002 98.5
0 0 98.53
0.674 0.006 98.56
0.674 0.002 98.6
0 0 98.63
0 0 98.66
0.667 0.011 98.7
0.663 0.005 98.73
0.657 0.007 98.76
0.647 0.011 98.8
0.639 0.008 98.83
0 0 98.86
0.622 0.017 98.9
0.615 0.008 98.93
0.604 0.012 98.96
0.592 0.013 99.0
0 0 99.03
0 0 99.06
0 0 99.09
0.557 0.037 99.13
0.549 0.01 99.16
0.54 0.011 99.2
0.536 0.007 99.23
0.533 0.007 99.27
0.531 0.005 99.3
0.529 0.005 99.33
0 0 99.36
0.526 0.006 99.4
0.524 0.004 99.43
0.523 0.004 99.46
0 0 99.5
0.523 0.007 99.53
0.525 0.004 99.56
0.526 0.003 99.6
0.528 0.003 99.63
0 0 99.66
0.532 0.004 99.7
0.536 0.004 99.73
0.537 0.002 99.76
0.539 0.002 99.8
0.542 0.003 99.83
0.543 0.001 99.86
0.545 0.001 99.9
0 0 99.93
0.546 0.002 99.96
0.548 0.002 100.0
0.547 0.001 100.03
0.547 0.0 100.06
0.548 0.001 100.09
0.549 0.001 100.13
0.549 0.001 100.16
0.549 0.001 100.2
0.551 0.001 100.23
0.551 0.001 100.26
0.551 0.001 100.3
0.551 0.001 100.33
0.551 0.001 100.36
0.552 0.002 100.4
0.554 0.001 100.43
0.554 0.001 100.46
0.553 0.001 100.5
0.554 0.002 100.53
0.553 0.002 100.56
0.552 0.001 100.59
0.551 0.002 100.63
0.551 0.002 100.66
0.549 0.004 100.7
0.547 0.006 100.73
0.546 0.006 100.76
0.544 0.008 100.79
0.544 0.009 100.83
0 0 100.86
0.545 0.018 100.9
0 0 100.93
0 0 100.96
0.546 0.023 101.0
0.545 0.006 101.03
0.543 0.007 101.06
0 0 101.09
0.544 0.007 101.13
0.544 0.003 101.17
0.549 0.007 101.2
0 0 101.23
0 0 101.26
0 0 101.29
0.555 0.011 101.33
0 0 101.36
0 0 101.39
0 0 101.43
0 0 101.46
0 0 101.49
0 0 101.53
0 0 101.56
0 0 101.59
0 0 101.63
0 0 101.66
0 0 101.69
0 0 101.73
0 0 101.76
0.585 0.039 101.79
0.595 0.011 101.83
0.61 0.016 101.87
0.618 0.01 101.9
0 0 101.93
0.642 0.024 101.96
0.653 0.011 102.0
0 0 102.03
0.672 0.02 102.06
0.676 0.005 102.1
0.682 0.006 102.13
0 0 102.16
0.698 0.017 102.19
0.705 0.008 102.23
0.709 0.005 102.26
0.715 0.006 102.3
0 0 102.33
0.726 0.012 102.36
0.73 0.004 102.4
0.735 0.006 102.43
0 0 102.46
0.737 0.003 102.5
0.747 0.013 102.53
0 0 102.56
0 0 102.59
0 0 102.63
0 0 102.66
0 0 102.69
0 0 102.72
0 0 102.76
0 0 102.79
0 0 102.83
0 0 102.86
0 0 102.9
0 0 102.93
0.774 0.029 102.96
0 0 102.99
0 0 103.03
0 0 103.06
0 0 103.09
0 0 103.13
0 0 103.16
0 0 103.19
0 0 103.23
0 0 103.26
0.756 0.021 103.29
0 0 103.33
