0.27 0.007 11.48
0.27 0.006 11.51
0.267 0.005 11.54
0.263 0.007 11.58
0.265 0.005 11.62
0.263 0.005 11.64
0.261 0.005 11.68
0.261 0.005 11.71
0.264 0.004 11.74
0.264 0.003 11.77
0.263 0.003 11.81
0.267 0.004 11.85
0.267 0.004 11.88
0.267 0.005 11.91
0.276 0.003 11.95
0.277 0.003 11.98
0.278 0.003 12.01
0.282 0.003 12.05
0.283 0.003 12.08
0.282 0.003 12.11
0.281 0.003 12.14
0.284 0.004 12.18
0.283 0.004 12.21
0.281 0.005 12.24
0.284 0.003 12.28
0.282 0.005 12.31
0.28 0.004 12.35
0.282 0.005 12.38
0.279 0.006 12.41
0.276 0.006 12.44
0.275 0.005 12.48
0.278 0.005 12.51
0.277 0.004 12.55
0.277 0.004 12.58
0.28 0.004 12.61
0.28 0.003 12.65
0.28 0.003 12.68
0.282 0.004 12.72
0.282 0.005 12.75
0.281 0.006 12.79
0.284 0.004 12.82
0.283 0.003 12.85
0.284 0.002 12.88
0.285 0.004 12.91
0 0 12.94
0.289 0.004 12.98
0 0 13.01
0 0 13.04
0.292 0.005 13.08
0 0 13.11
0 0 13.14
0 0 13.18
0 0 13.21
0.299 0.01 13.24
0.306 0.004 13.28
0 0 13.31
0 0 13.35
0.308 0.002 13.38
0.307 0.001 13.42
0.307 0.001 13.46
0.307 0.003 13.48
0.306 0.002 13.52
0 0 13.54
0 0 13.57
0 0 13.61
0 0 13.64
0 0 13.68
0.307 0.004 13.71
0.307 0.003 13.74
0 0 13.78
0.308 0.001 13.81
0.308 0.002 13.84
0 0 13.87
0 0 13.91
0 0 13.94
0.31 0.001 13.98
0 0 14.01
0.313 0.003 14.04
0.314 0.001 14.08
0 0 14.11
0 0 14.14
0.315 0.003 14.18
0 0 14.22
0.316 0.004 14.25
0.315 0.002 14.29
0 0 14.31
0.316 0.005 14.35
0.315 0.004 14.38
0.315 0.004 14.41
0.314 0.006 14.44
0.317 0.005 14.48
0.319 0.005 14.51
0.321 0.005 14.55
0.324 0.005 14.58
0.326 0.005 14.61
0.329 0.005 14.64
0.332 0.004 14.68
0.334 0.005 14.71
0.336 0.005 14.75
0.339 0.004 14.78
0.34 0.004 14.81
0.343 0.004 14.85
0.344 0.003 14.89
0.346 0.003 14.92
0.347 0.003 14.95
0.349 0.004 14.98
0.349 0.003 15.01
0.349 0.003 15.05
0.35 0.004 15.09
0.351 0.003 15.12
0.351 0.002 15.15
0.351 0.002 15.18
0.352 0.005 15.21
0.353 0.003 15.24
0.355 0.007 15.28
0.356 0.002 15.32
0.358 0.004 15.35
0.359 0.003 15.38
0.363 0.009 15.41
0.364 0.003 15.44
0.367 0.004 15.48
0.37 0.006 15.51
0.373 0.007 15.55
0.377 0.006 15.58
0.379 0.005 15.62
0.381 0.006 15.64
0.385 0.007 15.68
0.39 0.009 15.71
0.396 0.008 15.74
0.402 0.009 15.78
0.408 0.009 15.82
0.416 0.011 15.84
0.424 0.011 15.87
0.433 0.012 15.91
0.44 0.01 15.94
0.45 0.013 15.98
0.459 0.011 16.01
0.467 0.011 16.05
0.479 0.014 16.08
0.487 0.01 16.11
0 0 16.14
0.508 0.023 16.18
0.518 0.011 16.21
0.529 0.011 16.24
0.538 0.01 16.28
0.547 0.009 16.32
0.561 0.014 16.35
0.569 0.009 16.38
0.583 0.014 16.41
0.592 0.009 16.44
0.594 0.006 16.48
0.608 0.017 16.51
0.613 0.005 16.55
0.615 0.003 16.58
0 0 16.61
0.625 0.01 16.64
0.626 0.002 16.68
0.63 0.005 16.71
0.627 0.003 16.74
0.63 0.005 16.78
0.629 0.001 16.81
0.632 0.004 16.84
0.634 0.003 16.88
0.634 0.002 16.91
0.632 0.003 16.94
0.631 0.002 16.98
0.632 0.004 17.01
0.628 0.004 17.05
0.626 0.002 17.08
0.625 0.002 17.11
0.625 0.003 17.14
0.624 0.002 17.18
0.621 0.003 17.21
0.62 0.002 17.24
0.62 0.003 17.28
0.617 0.003 17.31
0.617 0.003 17.35
0.616 0.003 17.38
0.613 0.005 17.41
0.612 0.003 17.44
0.612 0.002 17.48
0.612 0.002 17.51
0.61 0.003 17.55
0 0 17.57
0.613 0.005 17.61
0.612 0.001 17.64
0.615 0.003 17.68
0.618 0.003 17.71
0.615 0.004 17.74
0.615 0.002 17.78
0.614 0.002 17.81
0.611 0.003 17.84
0 0 17.87
0.608 0.004 17.91
0.609 0.004 17.94
0.609 0.001 17.97
0.61 0.001 18.01
0 0 18.04
0 0 18.07
0 0 18.11
0 0 18.14
0.617 0.008 18.18
0.618 0.001 18.21
0.62 0.002 18.25
0.62 0.001 18.28
0.617 0.003 18.31
0.62 0.002 18.34
0.62 0.001 18.38
0.62 0.0 18.41
0.623 0.003 18.44
0.623 0.0 18.48
0.623 0.001 18.51
0.625 0.002 18.55
0.625 0.001 18.58
0.624 0.001 18.61
0.625 0.001 18.65
0.626 0.001 18.68
0 0 18.71
0.629 0.003 18.75
0.631 0.001 18.78
0.629 0.004 18.81
0.633 0.004 18.84
0.632 0.004 18.88
0.629 0.004 18.91
0.628 0.002 18.94
0.627 0.001 18.97
0.627 0.002 19.01
0.622 0.006 19.04
0.621 0.001 19.08
0.619 0.002 19.11
0.619 0.0 19.14
0.618 0.001 19.18
0.62 0.002 19.21
0.62 0.003 19.25
0.62 0.002 19.28
0 0 19.31
0.62 0.002 19.34
0.621 0.002 19.38
0.621 0.001 19.41
0.619 0.002 19.44
0.617 0.003 19.48
0.616 0.001 19.51
0.614 0.003 19.54
0.614 0.001 19.57
0 0 19.61
0.614 0.001 19.64
0.614 0.0 19.68
0.616 0.003 19.72
0.617 0.001 19.75
0 0 19.77
0.619 0.002 19.81
0 0 19.84
0.619 0.002 19.87
0 0 19.91
0.624 0.005 19.94
0.623 0.003 19.98
0.625 0.002 20.01
0 0 20.04
0.624 0.001 20.08
0.627 0.004 20.11
0.627 0.001 20.14
0.629 0.003 20.18
0 0 20.21
0.635 0.006 20.24
0.633 0.005 20.27
0.631 0.004 20.31
0.631 0.005 20.34
0.624 0.009 20.38
0.617 0.009 20.41
0.61 0.01 20.45
0.601 0.011 20.48
0 0 20.51
0.573 0.03 20.54
0.56 0.015 20.57
0.545 0.016 20.61
0.529 0.016 20.64
0 0 20.67
0 0 20.71
0.483 0.046 20.74
0.466 0.017 20.77
0.453 0.015 20.81
0.436 0.018 20.84
0 0 20.87
0.407 0.03 20.91
0.395 0.012 20.94
0.383 0.012 20.97
0.371 0.011 21.01
0.363 0.008 21.04
0.357 0.006 21.07
0 0 21.11
0.35 0.007 21.14
0 0 21.18
0.347 0.004 21.21
0.344 0.002 21.24
0.344 0.001 21.27
0 0 21.31
0.341 0.005 21.34
0.341 0.001 21.38
0 0 21.41
0 0 21.44
0.338 0.002 21.47
0.335 0.004 21.51
0.332 0.004 21.54
0.328 0.002 21.57
0 0 21.61
0 0 21.64
0.316 0.01 21.67
0.31 0.007 21.71
0 0 21.74
0 0 21.77
0 0 21.81
0 0 21.84
0.282 0.023 21.88
0 0 21.91
0 0 21.94
0 0 21.97
0.271 0.013 22.01
0 0 22.04
0.267 0.007 22.08
0.257 0.01 22.11
0.254 0.004 22.14
0.252 0.004 22.18
0.246 0.004 22.21
0 0 22.24
0 0 22.27
0.234 0.015 22.31
0 0 22.34
0 0 22.37
0 0 22.41
0 0 22.44
0 0 22.47
0 0 22.51
0.212 0.023 22.54
0.212 0.002 22.58
0 0 22.61
0.204 0.008 22.64
0 0 22.67
0.202 0.003 22.71
0 0 22.74
0.197 0.004 22.78
0 0 22.81
0 0 22.84
0 0 22.87
0.194 0.015 22.91
0.193 0.004 22.94
0 0 22.97
0.184 0.01 23.01
0 0 23.04
0.18 0.008 23.08
0 0 23.11
0.181 0.005 23.14
0 0 23.17
0.176 0.004 23.21
0 0 23.24
0 0 23.27
0.166 0.006 23.31
0 0 23.34
0 0 23.37
0.158 0.005 23.41
0.157 0.002 23.44
0 0 23.47
0 0 23.51
0 0 23.54
0 0 23.57
0 0 23.61
0 0 23.64
0 0 23.67
0 0 23.7
0 0 23.74
0 0 23.77
0 0 23.8
0 0 23.84
0 0 23.87
0 0 23.91
0 0 23.94
0 0 23.97
0 0 24.01
0 0 24.04
0 0 24.07
0 0 24.11
0 0 24.14
0 0 24.17
0 0 24.21
0 0 24.24
0 0 24.27
0 0 24.3
0 0 24.34
0 0 24.37
0 0 24.41
0 0 24.44
0.1 0.03 24.47
0.097 0.004 24.51
0 0 24.54
0 0 24.57
0.096 0.009 24.61
0.097 0.002 24.65
0.098 0.004 24.67
0 0 24.7
0.097 0.004 24.74
0 0 24.77
0.099 0.004 24.81
0.098 0.002 24.84
0.099 0.003 24.87
0.101 0.003 24.91
0 0 24.94
0 0 24.97
0 0 25.0
0 0 25.04
0 0 25.07
0.122 0.03 25.11
0.128 0.007 25.15
0.133 0.008 25.18
0.14 0.009 25.21
0.148 0.01 25.24
0.156 0.012 25.28
0.167 0.013 25.31
0.179 0.014 25.34
0.191 0.016 25.38
0.206 0.016 25.41
0.223 0.019 25.44
0.24 0.018 25.47
0.255 0.02 25.51
0.273 0.018 25.54
0.292 0.02 25.57
0.31 0.019 25.6
0.328 0.018 25.64
0.345 0.018 25.67
0.359 0.016 25.7
0.375 0.017 25.74
0.385 0.011 25.78
0.401 0.019 25.81
0.407 0.007 25.84
0.419 0.014 25.87
0.428 0.011 25.91
0.437 0.011 25.94
0.443 0.008 25.97
0.452 0.011 26.01
0.46 0.01 26.04
0.462 0.006 26.07
0 0 26.1
0.469 0.011 26.14
0.474 0.006 26.17
0.473 0.005 26.21
0.472 0.005 26.24
0.476 0.007 26.28
0 0 26.3
0.475 0.01 26.34
0 0 26.37
0 0 26.4
0 0 26.44
0.474 0.019 26.47
0.474 0.004 26.51
0.467 0.007 26.54
0.468 0.003 26.57
0.467 0.002 26.61
0.469 0.002 26.64
0.485 0.02 26.67
0.471 0.017 26.71
0.47 0.002 26.74
0.47 0.0 26.77
0.477 0.008 26.81
0.47 0.009 26.84
0.47 0.0 26.87
0.479 0.012 26.91
0.478 0.003 26.94
0.472 0.009 26.98
0.475 0.004 27.01
0.476 0.003 27.04
0.475 0.003 27.07
0.475 0.001 27.1
0.476 0.001 27.14
0.475 0.002 27.17
0.474 0.002 27.21
0.474 0.001 27.24
0.49 0.019 27.27
0.473 0.021 27.31
0.474 0.002 27.34
0 0 27.37
0.501 0.029 27.4
0.479 0.029 27.44
0.485 0.006 27.47
0.475 0.012 27.51
0.479 0.007 27.54
0.474 0.007 27.57
0.473 0.005 27.61
0.472 0.001 27.64
0.475 0.005 27.67
0.476 0.002 27.71
0.474 0.002 27.74
0.482 0.011 27.77
0.477 0.009 27.81
0.477 0.002 27.84
0.479 0.003 27.88
0.48 0.001 27.91
0.475 0.007 27.94
0.487 0.016 27.98
0.475 0.016 28.01
0.482 0.006 28.04
0.479 0.004 28.07
0.481 0.003 28.1
0.482 0.002 28.14
0.484 0.002 28.17
0.485 0.001 28.21
0.488 0.0 28.24
0.486 0.003 28.27
0.488 0.005 28.31
0.485 0.004 28.35
0.49 0.004 28.38
0.49 0.002 28.42
0.487 0.004 28.44
0.486 0.005 28.48
0.483 0.003 28.51
0.484 0.001 28.54
0.485 0.003 28.58
0.487 0.003 28.6
0.484 0.003 28.64
0.489 0.007 28.68
0.49 0.003 28.71
0.487 0.003 28.74
0.486 0.001 28.77
0.491 0.004 28.8
0.483 0.009 28.84
0.482 0.002 28.87
0.486 0.001 28.91
0.481 0.006 28.94
0.48 0.001 28.98
0.487 0.003 29.01
0.484 0.004 29.04
0.484 0.002 29.07
0.486 0.002 29.1
0.489 0.004 29.14
0.486 0.003 29.18
0.484 0.004 29.21
0.487 0.003 29.24
0.49 0.002 29.27
0.486 0.006 29.3
0.494 0.003 29.34
0.495 0.003 29.37
0.498 0.003 29.4
0.505 0.005 29.44
0.507 0.007 29.47
0.514 0.009 29.51
0.517 0.005 29.54
0 0 29.57
0.529 0.013 29.61
0.533 0.006 29.65
0.536 0.003 29.68
0.54 0.006 29.71
0.539 0.002 29.74
0 0 29.77
0.545 0.003 29.81
0.545 0.001 29.84
0.544 0.003 29.87
0.551 0.002 29.91
0.549 0.002 29.94
0.549 0.001 29.97
0.555 0.006 30.01
0.552 0.006 30.04
0 0 30.07
0.554 0.008 30.11
0.554 0.004 30.14
0.555 0.002 30.17
0.56 0.002 30.21
0.558 0.007 30.24
0.561 0.002 30.27
0.56 0.001 30.3
0.563 0.001 30.34
0.561 0.002 30.37
0.569 0.013 30.41
0.567 0.009 30.44
0.572 0.006 30.47
0.569 0.004 30.51
0.574 0.002 30.54
0.574 0.001 30.58
0.577 0.003 30.61
0.579 0.002 30.64
0.587 0.007 30.67
0.582 0.006 30.71
0.587 0.006 30.74
0.59 0.003 30.77
0.595 0.005 30.81
0.598 0.003 30.84
0.603 0.001 30.88
0.604 0.001 30.91
0.606 0.003 30.94
0.608 0.004 30.97
0.608 0.001 31.01
0.608 0.0 31.04
0.608 0.0 31.07
0.617 0.007 31.11
0.614 0.004 31.14
0.613 0.001 31.18
0.615 0.001 31.21
0.614 0.002 31.24
0.612 0.003 31.27
0.616 0.003 31.31
0.612 0.006 31.34
0.607 0.008 31.38
0.597 0.013 31.41
0.585 0.014 31.44
0.565 0.02 31.48
0.543 0.023 31.51
0.519 0.026 31.54
0.488 0.031 31.57
0 0 31.6
0.427 0.065 31.64
0 0 31.67
0.367 0.064 31.71
0.345 0.031 31.74
0.327 0.024 31.78
0 0 31.81
0 0 31.84
0.298 0.06 31.88
0 0 31.9
0 0 31.94
0 0 31.97
0.292 0.038 32.01
0 0 32.04
0.294 0.011 32.08
0.294 0.008 32.11
0 0 32.14
0 0 32.17
0 0 32.2
0.298 0.016 32.24
0 0 32.27
0 0 32.3
0 0 32.34
0 0 32.37
0 0 32.41
0 0 32.44
0 0 32.47
0 0 32.51
0 0 32.54
0 0 32.57
0.306 0.017 32.61
0 0 32.64
0 0 32.67
0 0 32.71
0 0 32.74
0 0 32.77
0 0 32.8
0 0 32.84
0 0 32.87
0 0 32.9
0 0 32.94
0 0 32.97
0 0 33.01
0 0 33.04
0 0 33.07
0 0 33.11
0 0 33.14
0 0 33.17
0 0 33.2
0 0 33.24
0 0 33.27
0 0 33.31
0 0 33.34
0 0 33.37
0 0 33.41
0 0 33.44
0 0 33.47
0 0 33.51
0 0 33.54
0 0 33.57
0 0 33.6
0 0 33.64
0 0 33.67
0 0 33.71
0 0 33.74
0 0 33.77
0 0 33.81
0 0 33.84
0 0 33.87
0 0 33.9
0 0 33.94
0 0 33.97
0 0 34.01
0.28 0.047 34.04
0 0 34.07
0.281 0.006 34.11
0.282 0.005 34.15
0.283 0.005 34.18
0.285 0.005 34.21
0 0 34.24
0 0 34.27
0.296 0.016 34.31
0.301 0.006 34.34
0.305 0.005 34.38
0.309 0.005 34.41
0.313 0.005 34.44
0.317 0.006 34.48
0.321 0.004 34.51
0.324 0.004 34.54
0.327 0.005 34.58
0.33 0.005 34.61
0.333 0.005 34.64
0.335 0.003 34.68
0.338 0.005 34.71
0.341 0.004 34.74
0.345 0.005 34.78
0.349 0.005 34.81
0.354 0.007 34.84
0.359 0.007 34.87
0.364 0.009 34.91
0.37 0.009 34.94
0.376 0.009 34.98
0.384 0.013 35.01
0.391 0.011 35.04
0.4 0.013 35.07
0.411 0.014 35.1
0.422 0.015 35.14
0 0 35.17
0.449 0.035 35.21
0.463 0.016 35.24
0 0 35.27
0.497 0.04 35.31
0.514 0.018 35.34
0.532 0.02 35.37
0.551 0.021 35.41
0.566 0.017 35.44
0.581 0.016 35.47
0.595 0.016 35.51
0.606 0.013 35.54
0.616 0.012 35.57
0.626 0.013 35.61
0.631 0.007 35.64
0.638 0.01 35.67
0.644 0.011 35.71
0.645 0.004 35.74
0.651 0.01 35.77
0.652 0.005 35.81
0.652 0.004 35.84
0.656 0.007 35.88
0.658 0.004 35.91
0.662 0.007 35.94
0.663 0.002 35.97
0.66 0.003 36.01
0.661 0.003 36.04
0.658 0.005 36.07
0.663 0.008 36.11
0.663 0.003 36.14
0.667 0.006 36.17
0 0 36.2
0.669 0.006 36.24
0.67 0.002 36.27
0.666 0.004 36.3
0.664 0.002 36.34
0.665 0.002 36.38
0.665 0.002 36.41
0.667 0.003 36.44
0.664 0.005 36.47
0.664 0.002 36.51
0.665 0.002 36.55
0.671 0.01 36.57
0.66 0.015 36.61
0.659 0.003 36.64
0.652 0.008 36.67
0.647 0.005 36.71
0.645 0.003 36.74
0.645 0.004 36.77
0.642 0.004 36.8
0.64 0.002 36.84
0.642 0.004 36.88
0.639 0.003 36.91
0.64 0.004 36.94
0.639 0.002 36.97
0.641 0.002 37.01
0.641 0.002 37.04
0.643 0.002 37.07
0.644 0.002 37.1
0.653 0.013 37.14
0.647 0.01 37.17
0.648 0.001 37.21
0.649 0.001 37.25
0.652 0.005 37.27
0.655 0.005 37.31
0.657 0.004 37.34
0.661 0.007 37.37
0.661 0.002 37.4
0.667 0.011 37.44
0.667 0.003 37.47
0.671 0.007 37.51
0.675 0.005 37.54
0.68 0.006 37.57
0.678 0.003 37.6
0.685 0.01 37.64
0.683 0.002 37.67
0.683 0.001 37.7
0.684 0.001 37.74
0.684 0.001 37.77
0.681 0.003 37.81
0.681 0.001 37.84
0.679 0.002 37.87
0.677 0.003 37.91
0.675 0.003 37.94
0.671 0.005 37.97
0.669 0.004 38.01
0.667 0.004 38.04
0.665 0.004 38.07
0.667 0.002 38.1
0.667 0.002 38.14
0.664 0.006 38.17
0.664 0.003 38.21
0.662 0.005 38.24
0.664 0.002 38.27
0.663 0.003 38.31
0.662 0.003 38.34
0.663 0.001 38.37
0.671 0.01 38.4
0.663 0.011 38.44
0.665 0.005 38.47
0.659 0.007 38.51
0.658 0.002 38.54
0.656 0.002 38.57
0.658 0.002 38.6
0.654 0.005 38.64
0.658 0.006 38.67
0.659 0.002 38.71
0.652 0.009 38.74
0.663 0.014 38.77
0.655 0.012 38.8
0.651 0.005 38.84
0.664 0.018 38.87
0.653 0.017 38.91
0.656 0.003 38.94
0.657 0.001 38.97
0 0 39.0
0.657 0.001 39.04
0 0 39.07
0.655 0.002 39.11
0.656 0.001 39.14
0.654 0.002 39.17
0.649 0.005 39.21
0.651 0.005 39.24
0.647 0.004 39.27
0.652 0.01 39.3
0.647 0.005 39.34
0.641 0.006 39.37
0.636 0.006 39.4
0.635 0.001 39.44
0.636 0.001 39.47
0.644 0.011 39.51
0.639 0.008 39.54
0.64 0.002 39.57
0.65 0.012 39.6
0.648 0.008 39.64
0.661 0.016 39.67
0.665 0.004 39.71
0.655 0.014 39.74
0.653 0.002 39.77
0.656 0.006 39.8
0.651 0.006 39.84
0.647 0.004 39.88
0.653 0.01 39.9
0.646 0.009 39.94
0.647 0.002 39.97
0.648 0.003 40.01
0.642 0.007 40.04
0.639 0.003 40.07
0.635 0.004 40.1
0.635 0.002 40.14
0.634 0.002 40.17
0.632 0.002 40.21
0.632 0.001 40.24
0.632 0.001 40.27
0.629 0.005 40.3
0.628 0.002 40.34
0.632 0.004 40.37
0.633 0.002 40.41
0.635 0.003 40.44
0.634 0.002 40.47
0.637 0.004 40.51
0.633 0.005 40.54
0.636 0.005 40.57
0.634 0.002 40.6
0.632 0.001 40.64
0.631 0.001 40.67
0.631 0.001 40.7
0.639 0.01 40.74
0.628 0.013 40.77
0.636 0.01 40.81
0.628 0.01 40.84
0.627 0.001 40.87
0.628 0.002 40.91
0.627 0.002 40.94
0.629 0.005 40.97
0.629 0.0 41.0
0.632 0.003 41.04
0.629 0.002 41.07
0.63 0.002 41.11
0.628 0.003 41.14
0.628 0.001 41.18
0.626 0.001 41.21
0.624 0.002 41.24
0.624 0.002 41.27
0.62 0.002 41.31
0.619 0.002 41.34
0.618 0.002 41.37
0.621 0.005 41.4
0.619 0.003 41.44
0.621 0.003 41.47
0.616 0.004 41.51
0.618 0.002 41.54
0.618 0.001 41.57
0.618 0.001 41.6
0.615 0.001 41.64
0.619 0.004 41.67
0.615 0.008 41.71
0.616 0.009 41.75
0.613 0.005 41.77
0.614 0.002 41.81
0.611 0.002 41.84
0.609 0.005 41.87
0.608 0.004 41.91
0.606 0.002 41.94
0.607 0.002 41.98
0.606 0.003 42.0
0.61 0.005 42.04
0.605 0.001 42.07
0.605 0.001 42.1
0.607 0.002 42.14
0.601 0.003 42.17
0.598 0.004 42.21
0.602 0.006 42.24
0.595 0.003 42.27
0.596 0.002 42.3
0.598 0.004 42.34
0.596 0.003 42.37
0.586 0.008 42.4
0.589 0.004 42.44
0.589 0.001 42.47
0.584 0.0 42.5
0.582 0.002 42.54
0.583 0.002 42.57
0.581 0.005 42.6
0.578 0.004 42.64
0.577 0.002 42.67
0.572 0.001 42.7
0.571 0.001 42.74
0.568 0.004 42.77
0.567 0.002 42.8
0.562 0.003 42.84
0.561 0.002 42.87
0.56 0.001 42.91
0.547 0.0 42.94
0.553 0.009 42.97
0.545 0.012 43.01
0.54 0.003 43.04
0.548 0.011 43.07
0.541 0.009 43.1
0.533 0.001 43.14
0.532 0.002 43.17
0.532 0.001 43.21
0.532 0.002 43.24
0.526 0.002 43.27
0.531 0.006 43.31
0.534 0.003 43.34
0.529 0.002 43.37
0.526 0.005 43.4
0.529 0.004 43.44
0.517 0.005 43.47
0.518 0.002 43.51
0.515 0.003 43.55
0.507 0.0 43.57
0.509 0.003 43.61
0.507 0.001 43.64
0.506 0.001 43.67
0.494 0.007 43.7
0.497 0.005 43.74
0.506 0.013 43.77
0.485 0.017 43.81
0.486 0.001 43.84
0.486 0.0 43.87
0.477 0.002 43.9
0.474 0.003 43.93
0.471 0.004 43.97
0.47 0.002 44.01
0.464 0.001 44.04
0.469 0.005 44.07
0.468 0.002 44.1
0.461 0.001 44.13
0.46 0.001 44.17
0.467 0.011 44.2
0.449 0.005 44.24
0.452 0.004 44.27
0.442 0.013 44.3
0.433 0.003 44.34
0.432 0.001 44.37
0.439 0.01 44.4
0.432 0.01 44.44
0.424 0.002 44.47
0.423 0.002 44.5
0.423 0.0 44.54
0.415 0.002 44.57
0.417 0.004 44.6
0.412 0.007 44.64
0.401 0.006 44.67
0.397 0.004 44.7
0.394 0.005 44.74
0.39 0.005 44.77
0.384 0.001 44.81
0.377 0.011 44.84
0.375 0.004 44.87
0.366 0.008 44.9
0.366 0.006 44.93
0.37 0.005 44.98
0.364 0.011 45.01
0.369 0.006 45.04
0.372 0.006 45.07
0.372 0.006 45.11
0.375 0.005 45.14
0.378 0.004 45.17
0.38 0.004 45.2
0.379 0.003 45.24
0.381 0.003 45.27
0.385 0.004 45.3
0.38 0.003 45.34
0.379 0.003 45.37
0.38 0.001 45.4
0.377 0.002 45.44
0.374 0.004 45.47
0.374 0.001 45.5
0.367 0.002 45.54
0.364 0.003 45.57
0.362 0.003 45.6
0.359 0.003 45.64
0.355 0.004 45.67
0.353 0.002 45.7
0.354 0.006 45.74
0.346 0.005 45.77
0.342 0.007 45.8
0.339 0.009 45.84
0.333 0.006 45.87
0.329 0.004 45.9
0.331 0.004 45.94
0.328 0.004 45.97
0.325 0.002 46.0
0.323 0.003 46.04
0.322 0.002 46.07
0.32 0.004 46.1
0.32 0.002 46.14
0.319 0.001 46.17
0.314 0.004 46.2
0.314 0.003 46.23
0.317 0.005 46.27
0.319 0.006 46.3
0.32 0.001 46.34
0.319 0.003 46.37
0.323 0.005 46.4
0.323 0.003 46.44
0.324 0.004 46.47
0.327 0.004 46.51
0.326 0.003 46.54
0.329 0.004 46.57
0.33 0.001 46.61
0.331 0.003 46.63
0.333 0.003 46.67
0.329 0.005 46.71
0.329 0.006 46.74
0.325 0.004 46.77
0.324 0.002 46.8
0.323 0.002 46.84
0.323 0.002 46.87
0.321 0.004 46.9
0.322 0.001 46.94
0.321 0.001 46.97
0.321 0.001 47.0
0.32 0.002 47.03
0.318 0.002 47.07
0.316 0.002 47.1
0.315 0.002 47.14
0.313 0.002 47.17
0.31 0.002 47.21
0.308 0.003 47.23
0.306 0.002 47.27
0.302 0.004 47.31
0.299 0.003 47.34
0.297 0.002 47.38
0.295 0.002 47.4
0.292 0.003 47.44
0.29 0.003 47.47
0.288 0.003 47.5
0.288 0.003 47.54
0.285 0.004 47.57
0.286 0.002 47.61
0.287 0.004 47.64
0.289 0.005 47.67
0.292 0.006 47.7
0.297 0.007 47.73
0.3 0.011 47.77
0.307 0.008 47.8
0.31 0.006 47.84
0.314 0.004 47.88
0.313 0.004 47.91
0.313 0.001 47.94
0.314 0.003 47.97
0.313 0.003 48.0
0.315 0.002 48.03
0.317 0.003 48.07
0.318 0.005 48.1
0.319 0.001 48.14
0.319 0.003 48.17
0.317 0.002 48.2
0.316 0.002 48.24
0.315 0.004 48.27
0.312 0.003 48.3
0.313 0.005 48.34
0.311 0.002 48.37
0.313 0.005 48.4
0.313 0.001 48.44
0.312 0.001 48.47
0.312 0.002 48.51
0.312 0.001 48.54
0.313 0.001 48.57
0.313 0.001 48.61
0.313 0.002 48.64
0.314 0.001 48.67
0.312 0.002 48.7
0.312 0.002 48.74
0.312 0.002 48.77
0.312 0.004 48.8
0.311 0.002 48.84
0.31 0.003 48.87
0.309 0.002 48.9
0.309 0.002 48.94
0.307 0.002 48.97
0.309 0.001 49.0
0.307 0.001 49.04
0.306 0.001 49.07
0.309 0.002 49.1
0.308 0.002 49.13
0.307 0.001 49.17
0.311 0.002 49.2
0.31 0.001 49.23
0.311 0.001 49.27
0.311 0.001 49.3
0.314 0.002 49.34
0.318 0.004 49.37
0.32 0.002 49.4
0.323 0.004 49.44
0.325 0.003 49.47
0.327 0.003 49.5
0.333 0.003 49.53
0.333 0.006 49.57
0.336 0.004 49.6
0.344 0.005 49.63
0.345 0.005 49.67
0.346 0.004 49.7
0.347 0.002 49.73
0.355 0.003 49.77
0.355 0.001 49.8
0.357 0.001 49.84
0.36 0.001 49.87
0.361 0.002 49.9
0.36 0.002 49.93
0.363 0.001 49.97
0.364 0.002 50.0
0.363 0.002 50.04
0.376 0.014 50.07
0.368 0.013 50.11
0.37 0.003 50.13
0.37 0.002 50.17
0.372 0.004 50.2
0.374 0.002 50.23
0.375 0.001 50.27
0.384 0.005 50.3
0.382 0.002 50.33
0.384 0.004 50.37
0.385 0.004 50.4
0.385 0.002 50.44
0.384 0.001 50.47
0.387 0.004 50.5
0.391 0.002 50.54
0.391 0.0 50.57
0.39 0.001 50.6
0.394 0.001 50.63
0.395 0.002 50.67
0.394 0.001 50.7
0.396 0.004 50.73
0.399 0.004 50.77
0.398 0.001 50.8
0.405 0.004 50.84
0.403 0.004 50.87
0.402 0.001 50.9
0.403 0.001 50.93
0.415 0.004 50.97
0.413 0.003 51.01
0.415 0.004 51.04
0.422 0.003 51.07
0.422 0.001 51.1
0.423 0.002 51.13
0.431 0.006 51.17
0.43 0.002 51.2
0.43 0.002 51.23
0.433 0.001 51.27
0.432 0.001 51.3
0.431 0.001 51.34
0.43 0.002 51.37
0.435 0.001 51.4
0.434 0.003 51.44
0.434 0.001 51.47
0.437 0.0 51.5
0.435 0.002 51.54
0.437 0.004 51.57
0.439 0.001 51.6
0.437 0.003 51.63
0.434 0.003 51.67
0.435 0.001 51.7
0.438 0.002 51.74
0.437 0.001 51.77
0.435 0.002 51.8
0.438 0.001 51.83
0.438 0.002 51.87
0.439 0.001 51.9
0.444 0.004 51.93
0.443 0.002 51.97
0.444 0.003 52.0
0.446 0.001 52.04
0.446 0.002 52.07
0.447 0.002 52.1
0.446 0.002 52.14
0.444 0.004 52.17
0.444 0.003 52.2
0.444 0.002 52.24
0.443 0.005 52.27
0.441 0.002 52.3
0.442 0.003 52.33
0.443 0.002 52.37
0.442 0.002 52.4
0.44 0.002 52.43
0.441 0.003 52.47
0.442 0.002 52.5
0.439 0.004 52.53
0.438 0.002 52.57
0.437 0.001 52.6
0.438 0.002 52.63
0.439 0.002 52.67
0.437 0.005 52.7
0.44 0.005 52.73
0.439 0.001 52.77
0.438 0.002 52.8
0.438 0.001 52.83
0.438 0.0 52.87
0.437 0.002 52.9
0.438 0.001 52.93
0.44 0.003 52.97
0.441 0.0 53.0
0.439 0.003 53.03
0.436 0.004 53.07
0.437 0.002 53.1
0.438 0.002 53.14
0.436 0.002 53.17
0.436 0.002 53.2
0.437 0.003 53.23
0.437 0.001 53.27
0.435 0.002 53.3
0.433 0.002 53.34
0.435 0.002 53.37
0.435 0.001 53.4
0.436 0.001 53.43
0.436 0.001 53.47
0.436 0.001 53.5
0.438 0.002 53.53
0.438 0.001 53.57
0.439 0.001 53.6
0.441 0.002 53.63
0.44 0.003 53.67
0.443 0.003 53.7
0.443 0.006 53.73
0.441 0.009 53.77
0.441 0.008 53.8
0.44 0.008 53.83
0.436 0.01 53.87
0.432 0.01 53.9
0.431 0.004 53.94
0.43 0.002 53.97
0.431 0.002 54.0
0.434 0.003 54.03
0.437 0.006 54.07
0.439 0.006 54.1
0.443 0.005 54.13
0.448 0.009 54.17
0.448 0.003 54.2
0.451 0.003 54.23
0.452 0.003 54.27
0.454 0.002 54.3
0.458 0.003 54.34
0.459 0.003 54.37
0.461 0.003 54.4
0.461 0.002 54.43
0.466 0.005 54.47
0.466 0.001 54.5
0.469 0.005 54.53
0.47 0.004 54.57
0.472 0.006 54.6
0.472 0.002 54.63
0.474 0.002 54.67
0.472 0.002 54.7
0.472 0.001 54.74
0.476 0.005 54.77
0.477 0.003 54.8
0.478 0.001 54.84
0.476 0.002 54.87
0.482 0.004 54.9
0.483 0.001 54.93
0.484 0.002 54.97
0.488 0.001 55.0
0.485 0.003 55.03
0.486 0.001 55.07
0.489 0.001 55.1
0.489 0.001 55.13
0.491 0.003 55.17
0.493 0.003 55.2
0.494 0.005 55.23
0.494 0.001 55.27
0.494 0.002 55.3
0.498 0.003 55.33
0.497 0.003 55.37
0.496 0.004 55.4
0.497 0.004 55.43
0.495 0.002 55.47
0.499 0.007 55.5
0.5 0.005 55.54
0.5 0.0 55.57
0.496 0.005 55.6
0.497 0.001 55.63
0.499 0.005 55.67
0.501 0.002 55.7
0.498 0.004 55.73
0.507 0.002 55.77
0.513 0.01 55.8
0.505 0.012 55.83
0.516 0.011 55.87
0.508 0.012 55.9
0.508 0.002 55.94
0.507 0.001 55.97
0.518 0.01 56.01
0.512 0.009 56.04
0.512 0.001 56.07
0.518 0.001 56.1
0.517 0.002 56.13
0.518 0.001 56.17
0.524 0.002 56.2
0.522 0.002 56.23
0.52 0.003 56.27
0.519 0.001 56.3
0.524 0.003 56.33
0.525 0.003 56.37
0.53 0.009 56.4
0.527 0.011 56.43
0.527 0.001 56.47
0.526 0.001 56.5
0.53 0.001 56.53
0.531 0.001 56.57
0.532 0.001 56.6
0.537 0.0 56.63
0.537 0.001 56.67
0.538 0.002 56.7
0.536 0.006 56.73
0.541 0.005 56.77
0.543 0.004 56.8
0.541 0.007 56.83
0.546 0.003 56.87
0.548 0.001 56.9
0.547 0.001 56.93
0.551 0.003 56.97
0.55 0.001 57.0
0.551 0.0 57.04
0.553 0.001 57.07
0.556 0.006 57.1
0.558 0.002 57.13
0.561 0.003 57.17
0.571 0.009 57.2
0.576 0.006 57.24
0.578 0.002 57.27
0.589 0.01 57.3
0.594 0.005 57.34
0.599 0.007 57.37
0.607 0.007 57.4
0.607 0.002 57.44
0.614 0.012 57.47
0.617 0.004 57.5
0.615 0.003 57.53
0.618 0.007 57.57
0.615 0.003 57.6
0.617 0.001 57.63
0.62 0.005 57.67
0.628 0.01 57.7
0.623 0.01 57.74
0.624 0.002 57.77
0.622 0.003 57.8
0.623 0.001 57.84
0.626 0.002 57.87
0.625 0.003 57.9
0.623 0.005 57.93
0.628 0.004 57.97
0.627 0.006 58.01
0.629 0.004 58.04
0.628 0.008 58.07
0.627 0.007 58.1
0.626 0.005 58.13
0.629 0.004 58.17
0.631 0.004 58.2
0.629 0.006 58.24
0.628 0.004 58.27
0.633 0.005 58.3
0.63 0.006 58.34
0.632 0.002 58.37
0 0 58.4
0 0 58.43
0.64 0.008 58.47
0.636 0.005 58.5
0 0 58.53
0.64 0.004 58.57
0 0 58.6
0 0 58.63
0 0 58.67
0 0 58.7
0.645 0.01 58.74
0 0 58.77
0.646 0.002 58.8
0 0 58.83
0 0 58.87
0.649 0.005 58.91
0 0 58.93
0 0 58.97
0 0 59.0
0 0 59.03
0 0 59.07
0 0 59.1
0 0 59.13
0.649 0.005 59.17
0 0 59.2
0.646 0.004 59.23
0 0 59.27
0.647 0.001 59.3
0.646 0.001 59.34
0 0 59.36
0.641 0.005 59.4
0 0 59.43
0.636 0.005 59.47
0.636 0.001 59.5
0.638 0.002 59.53
0.643 0.007 59.57
0.642 0.004 59.6
0.646 0.004 59.64
0.651 0.006 59.67
0.655 0.005 59.7
0.653 0.006 59.73
0 0 59.76
0.657 0.009 59.8
0.659 0.005 59.84
0 0 59.87
0 0 59.9
0.659 0.008 59.94
0.658 0.001 59.97
0.66 0.004 60.0
0.658 0.002 60.03
0 0 60.07
0 0 60.1
0.657 0.01 60.14
0.657 0.003 60.17
0.656 0.003 60.2
0 0 60.23
0.652 0.005 60.27
0.648 0.005 60.3
0.645 0.003 60.33
0.638 0.009 60.37
0.639 0.004 60.4
0.634 0.006 60.43
0.633 0.004 60.47
0.627 0.006 60.5
0.624 0.003 60.53
0.622 0.002 60.57
0.62 0.002 60.6
0.618 0.004 60.63
0.617 0.003 60.67
0.618 0.001 60.7
0.616 0.002 60.73
0.613 0.004 60.77
0.612 0.001 60.8
0.611 0.001 60.83
0.61 0.002 60.87
0.609 0.003 60.9
0.606 0.004 60.94
0.605 0.001 60.97
0.604 0.001 61.0
0.604 0.001 61.03
0.604 0.001 61.07
0.607 0.004 61.1
0 0 61.13
0 0 61.17
0.606 0.001 61.2
0.609 0.004 61.24
0.606 0.004 61.27
0.607 0.001 61.3
0.607 0.002 61.33
0.609 0.002 61.37
0 0 61.4
0.607 0.002 61.43
0.608 0.001 61.47
0.606 0.002 61.5
0.605 0.002 61.54
0.605 0.001 61.57
0.603 0.003 61.6
0.604 0.003 61.63
0.602 0.003 61.67
0.6 0.002 61.7
0 0 61.74
0 0 61.77
0 0 61.8
0.598 0.005 61.84
0.599 0.001 61.87
0.598 0.001 61.9
0.6 0.002 61.93
0.602 0.002 61.97
0.604 0.002 62.0
0 0 62.04
0 0 62.07
0 0 62.1
0.621 0.02 62.13
0 0 62.17
0 0 62.2
0.612 0.015 62.24
0 0 62.27
0.616 0.004 62.3
0.616 0.002 62.34
0.62 0.003 62.37
0 0 62.4
0.621 0.001 62.44
0 0 62.46
0.621 0.001 62.5
0 0 62.53
0.617 0.003 62.57
0 0 62.6
0.614 0.004 62.63
0 0 62.67
0 0 62.7
0.617 0.003 62.73
0 0 62.76
0 0 62.8
0.611 0.007 62.83
0.614 0.004 62.87
0.615 0.002 62.9
0 0 62.93
0 0 62.97
0 0 63.0
0.609 0.011 63.03
0.602 0.008 63.07
0.6 0.003 63.1
0 0 63.13
0 0 63.17
0.586 0.016 63.2
0 0 63.23
0.562 0.026 63.27
0.549 0.014 63.3
0.533 0.018 63.33
0.514 0.02 63.37
0.493 0.022 63.4
0.471 0.023 63.43
0.446 0.026 63.47
0.421 0.025 63.5
0.395 0.026 63.53
0.373 0.022 63.57
0 0 63.6
0 0 63.64
0 0 63.67
0 0 63.7
0 0 63.73
0.286 0.105 63.77
0 0 63.8
0 0 63.83
0 0 63.87
0 0 63.9
0 0 63.93
0 0 63.96
0 0 64.0
0 0 64.03
0.251 0.081 64.06
0.251 0.004 64.1
0 0 64.13
0 0 64.17
0.259 0.014 64.2
0 0 64.23
0 0 64.26
0 0 64.3
0 0 64.34
0 0 64.36
0 0 64.4
0 0 64.43
0 0 64.46
0 0 64.5
0 0 64.53
0 0 64.56
0 0 64.6
0 0 64.63
0 0 64.66
0 0 64.7
0 0 64.73
0 0 64.76
0 0 64.8
0 0 64.83
0 0 64.86
0 0 64.9
0 0 64.93
0 0 64.96
0 0 65.0
0 0 65.03
0 0 65.06
0 0 65.1
0 0 65.13
0 0 65.17
0 0 65.2
0 0 65.23
0 0 65.26
0 0 65.3
0 0 65.33
0 0 65.36
0 0 65.4
0 0 65.43
0 0 65.46
0 0 65.5
0 0 65.53
0 0 65.57
0 0 65.6
0 0 65.63
0 0 65.66
0 0 65.7
0 0 65.73
0 0 65.76
0 0 65.8
0 0 65.83
0 0 65.86
0 0 65.9
0 0 65.93
0 0 65.96
0.231 0.006 66.0
0 0 66.03
0 0 66.06
0 0 66.1
0.243 0.029 66.13
0.241 0.007 66.17
0.245 0.006 66.21
0.243 0.007 66.25
0.245 0.005 66.28
0.246 0.005 66.31
0.248 0.005 66.35
0.245 0.005 66.38
0.247 0.005 66.41
0.25 0.005 66.44
0.247 0.005 66.47
0.249 0.004 66.51
0.25 0.004 66.54
0.252 0.004 66.57
0.248 0.003 66.6
0.249 0.003 66.65
0.25 0.002 66.68
0.239 0.001 66.71
0.238 0.001 66.74
0.238 0.001 66.77
0.23 0.003 66.8
0.23 0.003 66.83
0.23 0.003 66.87
0.231 0.004 66.9
0.226 0.004 66.93
0.229 0.004 66.97
0.231 0.004 67.0
0.228 0.005 67.03
0.233 0.005 67.07
0.238 0.007 67.1
0.238 0.007 67.13
0.245 0.008 67.17
0.254 0.011 67.2
0.259 0.012 67.23
0.27 0.012 67.26
0.284 0.015 67.3
0.299 0.015 67.33
0.308 0.016 67.36
0.325 0.018 67.4
0.338 0.015 67.43
0.349 0.018 67.47
0.364 0.016 67.5
0.381 0.017 67.53
0.391 0.016 67.57
0.409 0.019 67.6
0.422 0.013 67.63
0.429 0.012 67.67
0.447 0.019 67.7
0.462 0.016 67.73
0.474 0.012 67.77
0.48 0.01 67.8
0.49 0.011 67.83
0.504 0.016 67.87
0.509 0.011 67.9
0.516 0.009 67.93
0.516 0.004 67.96
0.518 0.014 68.0
0.515 0.005 68.03
0.52 0.008 68.06
0.524 0.006 68.1
0.518 0.003 68.13
0.521 0.005 68.16
0.522 0.002 68.2
0.521 0.004 68.23
0.52 0.003 68.27
0.522 0.004 68.3
0.519 0.003 68.33
0 0 68.37
0.522 0.005 68.4
0.518 0.002 68.44
0 0 68.46
0 0 68.5
0.521 0.005 68.53
0 0 68.56
0.518 0.001 68.6
0.516 0.002 68.63
0.512 0.001 68.67
0.512 0.002 68.7
0.511 0.001 68.73
0 0 68.76
0.51 0.003 68.8
0.509 0.002 68.84
0.507 0.001 68.86
0.509 0.002 68.9
0.512 0.004 68.93
0.515 0.002 68.97
0.515 0.003 69.0
0 0 69.03
0.516 0.002 69.07
0.517 0.004 69.1
0.518 0.002 69.13
0.52 0.003 69.17
0 0 69.2
0 0 69.23
0.526 0.009 69.27
0.521 0.004 69.3
0.519 0.003 69.33
0.522 0.004 69.36
0.521 0.002 69.4
0.513 0.009 69.43
0 0 69.46
0.523 0.013 69.5
0.523 0.002 69.53
0.517 0.007 69.57
0.519 0.003 69.6
0.522 0.005 69.64
0.524 0.003 69.67
0.521 0.004 69.7
0.519 0.001 69.73
0.519 0.002 69.77
0.515 0.004 69.8
0.52 0.01 69.83
0.518 0.003 69.87
0.521 0.005 69.9
0.519 0.002 69.93
0.524 0.007 69.96
0.534 0.013 70.0
0.538 0.005 70.03
0 0 70.06
0 0 70.1
0.541 0.007 70.13
0.542 0.001 70.17
0 0 70.2
0.546 0.004 70.23
0.545 0.004 70.26
0 0 70.3
0 0 70.33
0.554 0.009 70.37
0 0 70.4
0 0 70.43
0.561 0.009 70.47
0.556 0.004 70.5
0 0 70.53
0 0 70.57
0 0 70.6
0 0 70.63
0.564 0.008 70.67
0 0 70.7
0 0 70.73
0 0 70.76
0 0 70.8
0.564 0.001 70.83
0.563 0.002 70.86
0 0 70.9
0 0 70.93
0 0 70.96
0 0 71.0
0.564 0.007 71.03
0.56 0.004 71.06
0.556 0.008 71.1
0.556 0.001 71.13
0.552 0.005 71.17
0.562 0.01 71.2
0.556 0.007 71.23
0.557 0.003 71.26
0.551 0.006 71.3
0.565 0.015 71.33
0.565 0.002 71.36
0.548 0.019 71.4
0.554 0.006 71.43
0 0 71.46
0 0 71.5
0.553 0.005 71.53
0 0 71.56
0 0 71.6
0 0 71.63
0 0 71.66
0.551 0.007 71.7
0 0 71.73
0 0 71.76
0.549 0.006 71.8
0 0 71.83
0.557 0.007 71.86
0.556 0.001 71.9
0.554 0.002 71.94
0.554 0.004 71.97
0 0 72.0
0.553 0.001 72.03
0.55 0.004 72.07
0 0 72.1
0.554 0.001 72.13
0.553 0.001 72.17
0 0 72.2
0 0 72.23
0.561 0.005 72.26
0.56 0.004 72.3
0 0 72.33
0.563 0.003 72.37
0 0 72.4
0.566 0.002 72.43
0 0 72.46
0 0 72.5
0.576 0.002 72.53
0.573 0.003 72.57
0.574 0.001 72.6
0 0 72.63
0.582 0.004 72.67
0 0 72.7
0.585 0.002 72.73
0.582 0.004 72.77
0 0 72.8
0.583 0.006 72.83
0.58 0.003 72.86
0.58 0.002 72.9
0.576 0.004 72.93
0.577 0.005 72.96
0.574 0.004 73.0
0.568 0.007 73.03
0.572 0.001 73.06
0.572 0.001 73.1
0.568 0.006 73.13
0.571 0.003 73.16
0.572 0.002 73.2
0 0 73.23
0.578 0.004 73.27
0.577 0.003 73.3
0.577 0.001 73.34
0.576 0.001 73.37
0.58 0.001 73.4
0.581 0.004 73.43
0 0 73.46
0 0 73.5
0 0 73.53
0 0 73.56
0 0 73.6
0 0 73.63
0.597 0.006 73.67
0 0 73.7
0.601 0.002 73.73
0.601 0.001 73.77
0.6 0.001 73.8
0.613 0.005 73.83
0.611 0.002 73.87
0.612 0.002 73.9
0.617 0.002 73.93
0.617 0.001 73.96
0.618 0.001 74.0
0.625 0.005 74.03
0.622 0.005 74.06
0.626 0.006 74.1
0.622 0.005 74.13
0.63 0.005 74.17
0.627 0.004 74.2
0.629 0.001 74.23
0.628 0.005 74.27
0.632 0.005 74.3
0.631 0.002 74.33
0.636 0.001 74.36
0.635 0.002 74.4
0.636 0.002 74.43
0.638 0.001 74.47
0.637 0.002 74.5
0.638 0.001 74.53
0.634 0.005 74.57
0.641 0.004 74.6
0.638 0.003 74.63
0.635 0.005 74.67
0.641 0.003 74.7
0.641 0.002 74.73
0.639 0.005 74.77
0.642 0.003 74.8
0.639 0.007 74.83
0.637 0.007 74.86
0.634 0.008 74.9
0.636 0.005 74.93
0.634 0.006 74.97
0 0 75.0
0 0 75.03
0 0 75.06
0.633 0.013 75.1
0 0 75.13
0.635 0.004 75.17
0.636 0.002 75.2
0.639 0.001 75.23
0.637 0.003 75.27
0.635 0.004 75.3
0.635 0.001 75.33
0.635 0.003 75.37
0.635 0.001 75.4
0.633 0.002 75.44
0.634 0.001 75.47
0.634 0.0 75.5
0.633 0.003 75.53
0.634 0.001 75.57
0.635 0.001 75.61
0.633 0.002 75.63
0.633 0.002 75.67
0.635 0.003 75.7
0.635 0.001 75.73
0.636 0.002 75.77
0.641 0.004 75.8
0 0 75.83
0.645 0.004 75.86
0 0 75.9
0.662 0.019 75.93
0 0 75.96
0.673 0.011 76.0
0 0 76.04
0 0 76.06
0.675 0.003 76.1
0 0 76.13
0 0 76.16
0 0 76.19
0.683 0.009 76.23
0 0 76.26
0.687 0.004 76.3
0 0 76.33
0 0 76.36
0 0 76.4
0 0 76.43
0.693 0.006 76.47
0 0 76.5
0 0 76.53
0 0 76.56
0 0 76.6
0.691 0.002 76.63
0.691 0.0 76.67
0.69 0.002 76.7
0 0 76.73
0.69 0.001 76.77
0 0 76.8
0 0 76.83
0 0 76.86
0 0 76.89
0.692 0.002 76.93
0.69 0.003 76.96
0.691 0.0 77.0
0.689 0.002 77.03
0 0 77.06
0.689 0.0 77.1
0.688 0.001 77.13
0.688 0.0 77.17
0.69 0.003 77.2
0.689 0.001 77.23
0.688 0.001 77.27
0 0 77.3
0 0 77.33
0 0 77.36
0 0 77.4
0 0 77.43
0 0 77.46
0 0 77.5
0 0 77.53
0.688 0.002 77.56
0 0 77.59
0.689 0.001 77.63
0.688 0.001 77.67
0 0 77.69
0.686 0.002 77.73
0.685 0.001 77.76
0 0 77.79
0 0 77.83
0 0 77.86
0 0 77.9
0 0 77.93
0.688 0.003 77.96
0 0 78.0
0.688 0.0 78.03
0.689 0.002 78.06
0.688 0.001 78.1
0.687 0.0 78.13
0 0 78.16
0.686 0.002 78.2
0.681 0.007 78.23
0.681 0.001 78.26
0.679 0.003 78.3
0.676 0.003 78.33
0.67 0.007 78.36
0.667 0.004 78.4
0.663 0.004 78.43
0.663 0.004 78.47
0 0 78.5
0.654 0.009 78.54
0.653 0.001 78.57
0.656 0.004 78.6
0.652 0.005 78.63
0.65 0.003 78.66
0.648 0.003 78.7
0 0 78.73
0 0 78.76
0.643 0.006 78.8
0.643 0.001 78.83
0.643 0.002 78.87
0.635 0.01 78.9
0.638 0.004 78.93
0.637 0.001 78.97
0 0 79.0
0.635 0.004 79.03
0.633 0.003 79.06
0 0 79.09
0 0 79.13
0 0 79.16
0 0 79.2
0.637 0.005 79.23
0 0 79.26
0.637 0.001 79.3
0.633 0.004 79.33
0.634 0.002 79.36
0 0 79.39
0 0 79.43
0.623 0.011 79.46
0 0 79.5
0.623 0.003 79.53
0.619 0.004 79.56
0.62 0.003 79.59
0 0 79.63
0.616 0.004 79.67
0 0 79.69
0.618 0.003 79.73
0.621 0.003 79.76
0.621 0.006 79.79
0.628 0.009 79.83
0.631 0.003 79.86
0.635 0.005 79.9
0 0 79.93
0 0 79.96
0.638 0.007 80.0
0 0 80.03
0.641 0.004 80.06
0.642 0.001 80.1
0.644 0.004 80.13
0.641 0.005 80.17
0 0 80.2
0.645 0.006 80.24
0.646 0.002 80.27
0.647 0.002 80.3
0.646 0.002 80.33
0.642 0.007 80.37
0.645 0.003 80.4
0 0 80.43
0 0 80.46
0 0 80.5
0.649 0.005 80.53
0 0 80.56
0.651 0.003 80.6
0.653 0.002 80.63
0.652 0.004 80.66
0.65 0.007 80.7
0.654 0.005 80.73
0 0 80.76
0.649 0.005 80.8
0 0 80.83
0.645 0.004 80.86
0 0 80.89
0 0 80.93
0.649 0.007 80.96
0.648 0.002 81.0
0 0 81.03
0.654 0.007 81.06
0.651 0.004 81.1
0.657 0.008 81.13
0.655 0.004 81.17
0 0 81.2
0.655 0.003 81.23
0.657 0.004 81.27
0.654 0.006 81.3
0 0 81.33
0 0 81.36
0 0 81.39
0.649 0.005 81.43
0.652 0.005 81.47
0.649 0.004 81.5
0.651 0.002 81.53
0.653 0.003 81.56
0.653 0.002 81.6
0.652 0.003 81.63
0.649 0.005 81.66
0 0 81.69
0 0 81.73
0.653 0.006 81.76
0 0 81.79
0 0 81.83
0 0 81.86
0.656 0.003 81.9
0.656 0.001 81.93
0 0 81.96
0.656 0.002 82.0
0.652 0.005 82.04
0.652 0.002 82.07
0.653 0.003 82.1
0 0 82.13
0.65 0.003 82.16
0.647 0.003 82.2
0.645 0.002 82.23
0.645 0.001 82.26
0.644 0.002 82.29
0 0 82.33
0.641 0.003 82.36
0.64 0.001 82.4
0 0 82.43
0.639 0.002 82.46
0.64 0.002 82.5
0.639 0.001 82.53
0 0 82.56
0.636 0.005 82.6
0 0 82.63
0 0 82.66
0.642 0.006 82.69
0 0 82.73
0.648 0.007 82.76
0.65 0.002 82.8
0.649 0.002 82.83
0.65 0.002 82.86
0 0 82.89
0.651 0.002 82.93
0.65 0.002 82.96
0.651 0.003 83.0
0 0 83.03
0.647 0.004 83.06
0.647 0.001 83.1
0 0 83.13
0 0 83.16
0 0 83.19
0.649 0.005 83.23
0.646 0.005 83.26
0 0 83.29
0 0 83.33
0.649 0.005 83.36
0.648 0.001 83.39
0 0 83.43
0.647 0.002 83.46
0.646 0.001 83.5
0.649 0.005 83.53
0.652 0.004 83.56
0.647 0.008 83.6
0.649 0.002 83.63
0.648 0.003 83.66
0.647 0.003 83.7
0.647 0.001 83.73
0.647 0.0 83.76
0.645 0.002 83.8
0.645 0.001 83.83
0.646 0.002 83.86
0.646 0.001 83.9
0.645 0.001 83.93
0.646 0.001 83.96
0.645 0.001 84.0
0.647 0.002 84.03
0.648 0.002 84.06
0.649 0.002 84.09
0.649 0.001 84.13
0.651 0.002 84.17
0.655 0.004 84.19
0.653 0.004 84.23
0.65 0.003 84.26
0.651 0.004 84.29
0.649 0.002 84.33
0.649 0.001 84.36
0.65 0.002 84.4
0.649 0.001 84.43
0.649 0.002 84.46
0.648 0.001 84.5
0.645 0.003 84.53
0.644 0.001 84.56
0.643 0.001 84.6
0.644 0.001 84.63
0.644 0.003 84.66
0.646 0.004 84.7
0.645 0.003 84.73
0.646 0.002 84.76
0.647 0.001 84.79
0.644 0.002 84.83
0.646 0.005 84.86
0.645 0.003 84.9
0.643 0.004 84.93
0.643 0.003 84.96
0.647 0.008 85.0
0.646 0.002 85.03
0.649 0.005 85.06
0.654 0.007 85.09
0.654 0.004 85.13
0.653 0.001 85.16
0.652 0.001 85.19
0.656 0.006 85.23
0.648 0.002 85.26
0.648 0.002 85.29
0.647 0.001 85.33
0.642 0.002 85.36
0.641 0.001 85.39
0.64 0.001 85.43
0.636 0.002 85.46
0.636 0.002 85.5
0.634 0.003 85.53
0.634 0.001 85.56
0.629 0.001 85.59
0.631 0.002 85.63
0.63 0.0 85.66
0.625 0.001 85.69
0.626 0.001 85.73
0.63 0.005 85.76
0.626 0.0 85.79
0.625 0.002 85.83
0.624 0.002 85.86
0.62 0.001 85.89
0.622 0.002 85.93
0.621 0.001 85.96
0.621 0.001 86.0
0.614 0.004 86.03
0.621 0.01 86.06
0.615 0.008 86.1
0.608 0.003 86.13
0.608 0.0 86.16
0.603 0.006 86.2
0.599 0.002 86.23
0.597 0.003 86.26
0.596 0.001 86.29
0.594 0.003 86.33
0.594 0.007 86.37
0.591 0.005 86.4
0.594 0.004 86.43
0.582 0.0 86.46
0.581 0.001 86.5
0.583 0.002 86.53
0.574 0.002 86.57
0.574 0.001 86.59
0.571 0.003 86.63
0.562 0.003 86.66
0.56 0.002 86.69
0.558 0.002 86.73
0.558 0.001 86.76
0.549 0.002 86.8
0 0 86.83
0.546 0.003 86.86
0.536 0.004 86.89
0.535 0.002 86.93
0.536 0.001 86.96
0.53 0.001 87.0
0.528 0.004 87.03
0.527 0.002 87.06
0.521 0.001 87.1
0.527 0.007 87.13
0.519 0.011 87.16
0.521 0.002 87.19
0.515 0.001 87.23
0.516 0.001 87.26
0.514 0.003 87.29
0.508 0.002 87.33
0.51 0.002 87.36
0.511 0.001 87.39
0.504 0.001 87.43
0.506 0.002 87.46
0.505 0.001 87.5
0.498 0.001 87.53
0.498 0.0 87.56
0.498 0.001 87.6
0.498 0.0 87.63
0.49 0.001 87.66
0.491 0.001 87.7
0.493 0.002 87.73
0.48 0.001 87.76
0.482 0.003 87.79
0.482 0.001 87.83
0.475 0.001 87.86
0.474 0.002 87.9
0.475 0.003 87.93
0.464 0.004 87.96
0.459 0.006 88.0
0.458 0.002 88.03
0.459 0.002 88.06
0.452 0.001 88.09
0.454 0.002 88.13
0.454 0.0 88.16
0.447 0.002 88.19
0.446 0.001 88.23
0.446 0.001 88.26
0.443 0.004 88.29
0 0 88.33
0.442 0.001 88.36
0.437 0.002 88.4
0.437 0.001 88.43
0.439 0.002 88.46
0.441 0.003 88.5
0.436 0.001 88.53
0.435 0.003 88.56
0.436 0.002 88.59
0.431 0.003 88.63
0.432 0.003 88.66
0.432 0.003 88.69
0.427 0.003 88.73
0.426 0.005 88.76
0.429 0.005 88.79
0.428 0.001 88.83
0.419 0.005 88.86
0.423 0.004 88.89
0.424 0.002 88.93
0.42 0.002 88.96
0.42 0.001 89.0
0.422 0.004 89.03
0.413 0.001 89.07
0.415 0.003 89.1
0.412 0.004 89.13
0.407 0.001 89.17
0.411 0.007 89.19
0.409 0.004 89.23
0.408 0.002 89.26
0.406 0.002 89.3
0.406 0.0 89.33
0.407 0.001 89.36
0.403 0.0 89.39
0.405 0.003 89.43
0.404 0.001 89.46
0.4 0.002 89.5
0.398 0.002 89.53
0.397 0.001 89.57
0.391 0.003 89.6
0.391 0.002 89.63
0.394 0.005 89.66
0 0 89.69
0.388 0.004 89.73
0.388 0.003 89.76
0.386 0.004 89.8
0.383 0.001 89.83
0.383 0.002 89.86
0.382 0.001 89.9
0.376 0.005 89.93
0.375 0.003 89.96
0.377 0.003 90.0
0.372 0.004 90.03
0.374 0.003 90.06
0.374 0.0 90.09
0.371 0.004 90.13
0.371 0.003 90.16
0.371 0.001 90.2
0.371 0.001 90.23
0.367 0.001 90.26
0.368 0.001 90.29
0.369 0.001 90.33
0.368 0.001 90.36
0.372 0.005 90.4
0.372 0.001 90.43
0.369 0.003 90.47
0.372 0.003 90.5
0.371 0.002 90.53
0.369 0.003 90.56
0.37 0.002 90.59
0.369 0.001 90.63
0.369 0.001 90.66
0.372 0.004 90.7
0.37 0.005 90.73
0.37 0.002 90.76
0.37 0.002 90.8
0.374 0.005 90.83
0.373 0.004 90.86
0.374 0.002 90.9
0.375 0.002 90.94
0.376 0.002 90.96
0.377 0.002 91.0
0.377 0.002 91.03
0.377 0.002 91.06
0.376 0.002 91.09
0.374 0.003 91.13
0.376 0.002 91.17
0.376 0.001 91.2
0.376 0.002 91.23
0 0 91.26
0.379 0.004 91.3
0.381 0.001 91.33
0.381 0.001 91.37
0.384 0.003 91.41
0.386 0.004 91.43
0.385 0.001 91.46
0.386 0.001 91.49
0.386 0.001 91.53
0.386 0.002 91.56
0.389 0.003 91.59
0.39 0.001 91.63
0.393 0.004 91.67
0.394 0.001 91.71
0.397 0.005 91.74
0.396 0.001 91.78
0.396 0.001 91.81
0.395 0.003 91.84
0.398 0.007 91.87
0.398 0.002 91.9
0.396 0.004 91.93
0 0 91.96
0.396 0.002 92.0
0.397 0.001 92.03
0.401 0.005 92.07
0.397 0.005 92.1
0.4 0.005 92.13
0.408 0.009 92.16
0.4 0.012 92.19
0.398 0.002 92.23
0.401 0.002 92.26
0.402 0.001 92.3
0.403 0.002 92.33
0.406 0.001 92.36
0.407 0.001 92.4
0.407 0.002 92.43
0.41 0.003 92.46
0.412 0.0 92.5
0.41 0.002 92.53
0.413 0.006 92.56
0.412 0.005 92.6
0.41 0.003 92.63
0.413 0.005 92.67
0.412 0.004 92.69
0.412 0.002 92.73
0.41 0.002 92.76
0.408 0.003 92.79
0.406 0.005 92.83
0.405 0.002 92.86
0.402 0.003 92.89
0.405 0.001 92.93
0.408 0.003 92.96
0.409 0.003 93.0
0.412 0.002 93.03
0.413 0.002 93.06
0.411 0.001 93.09
0.414 0.001 93.13
0.413 0.001 93.16
0.413 0.001 93.19
0.415 0.003 93.23
0.417 0.002 93.26
0.42 0.004 93.29
0.418 0.002 93.33
0.422 0.001 93.36
0.42 0.002 93.39
0.417 0.004 93.43
0.421 0.0 93.46
0.42 0.002 93.5
0.421 0.001 93.53
0.429 0.002 93.56
0.431 0.003 93.59
0.429 0.002 93.63
0.43 0.001 93.66
0.435 0.0 93.69
0.434 0.001 93.73
0.435 0.001 93.76
0 0 93.79
0.437 0.003 93.83
0.44 0.004 93.86
0.445 0.003 93.89
0.446 0.002 93.93
0.445 0.005 93.96
0.447 0.004 94.0
0.45 0.006 94.03
0.453 0.003 94.06
0.451 0.006 94.09
0 0 94.13
0.457 0.009 94.16
0.458 0.004 94.19
0.462 0.004 94.23
0.465 0.003 94.26
0.464 0.006 94.3
0.47 0.003 94.33
0.471 0.003 94.36
0.475 0.004 94.39
0.475 0.003 94.43
0.483 0.004 94.46
0.484 0.003 94.5
0.486 0.002 94.53
0.491 0.002 94.56
0.493 0.002 94.6
0.494 0.001 94.63
0.499 0.001 94.66
0 0 94.69
0.503 0.004 94.73
0.509 0.003 94.76
0.51 0.001 94.79
0.508 0.002 94.83
0.505 0.002 94.86
0.511 0.002 94.89
0.51 0.0 94.93
0.51 0.003 94.96
0.514 0.004 94.99
0.514 0.002 95.03
0.516 0.002 95.06
0 0 95.1
0.517 0.004 95.13
0.516 0.002 95.16
0.517 0.004 95.19
0.515 0.002 95.23
0.514 0.003 95.26
0.516 0.002 95.3
0 0 95.33
0.519 0.003 95.36
0.526 0.008 95.39
0.524 0.007 95.43
0 0 95.46
0.528 0.005 95.5
0.53 0.002 95.53
0.531 0.002 95.57
0 0 95.59
0.538 0.005 95.64
0.538 0.001 95.67
0.538 0.002 95.7
0 0 95.73
0.537 0.004 95.76
0 0 95.79
0.533 0.005 95.83
0.531 0.003 95.86
0.529 0.002 95.9
0.528 0.002 95.93
0.525 0.005 95.96
0.526 0.004 96.0
0.524 0.002 96.03
0.528 0.005 96.06
0 0 96.09
0.523 0.005 96.13
0.525 0.004 96.16
0.523 0.004 96.19
0.524 0.002 96.23
0.523 0.002 96.26
0 0 96.29
0 0 96.33
0.513 0.011 96.36
0 0 96.39
0.505 0.01 96.43
0.498 0.006 96.47
0 0 96.49
0.494 0.008 96.53
0.491 0.003 96.56
0.489 0.003 96.59
0 0 96.63
0 0 96.66
0.488 0.001 96.7
0 0 96.73
0 0 96.76
0.487 0.004 96.79
0 0 96.82
0.485 0.004 96.86
0.486 0.003 96.89
0.489 0.005 96.93
0.491 0.003 96.96
0 0 96.99
0 0 97.03
0 0 97.06
0.491 0.015 97.1
0 0 97.12
0 0 97.16
0 0 97.19
0.413 0.078 97.23
0.38 0.034 97.26
0.352 0.028 97.3
0 0 97.33
0 0 97.36
0 0 97.39
0 0 97.42
0.225 0.145 97.46
0 0 97.49
0 0 97.52
0.195 0.067 97.56
0 0 97.59
0.191 0.03 97.63
0 0 97.66
0 0 97.69
0 0 97.72
0 0 97.76
0 0 97.79
0 0 97.83
0 0 97.86
0 0 97.89
0 0 97.92
0 0 97.96
0 0 97.99
0 0 98.02
0 0 98.06
0 0 98.09
0 0 98.12
0 0 98.16
0 0 98.19
0 0 98.22
0 0 98.26
0 0 98.29
0 0 98.33
0 0 98.36
0 0 98.39
0 0 98.42
0 0 98.46
0 0 98.49
0 0 98.52
0 0 98.56
0 0 98.59
0 0 98.63
0 0 98.66
0 0 98.69
0 0 98.72
0 0 98.76
0 0 98.79
0 0 98.83
0 0 98.86
0 0 98.89
0 0 98.92
0 0 98.96
0 0 98.99
0 0 99.02
0 0 99.06
0 0 99.09
0 0 99.12
0 0 99.16
0 0 99.19
0 0 99.22
0 0 99.26
0 0 99.29
0 0 99.33
0 0 99.36
0 0 99.39
0 0 99.42
0 0 99.46
0 0 99.49
0 0 99.52
0 0 99.56
0 0 99.59
0 0 99.62
0 0 99.66
0 0 99.69
0 0 99.72
0 0 99.76
0 0 99.79
0 0 99.82
0 0 99.86
0 0 99.89
0 0 99.92
0 0 99.96
0 0 100.0
0 0 100.03
0 0 100.06
0 0 100.09
0 0 100.12
0 0 100.16
0 0 100.19
0 0 100.22
0.284 0.054 100.26
0.287 0.004 100.29
0.29 0.004 100.33
0.295 0.003 100.36
0.297 0.003 100.39
0.299 0.003 100.42
0.301 0.002 100.46
0.305 0.002 100.5
0.307 0.002 100.53
0.308 0.002 100.56
0.313 0.002 100.59
0.315 0.003 100.63
0.316 0.001 100.66
0.323 0.002 100.69
0.325 0.004 100.72
0.326 0.001 100.76
0.329 0.002 100.79
0.33 0.001 100.83
0.331 0.003 100.86
0.331 0.002 100.89
0.336 0.004 100.93
0.337 0.002 100.96
0.338 0.001 101.0
0.341 0.001 101.03
0.343 0.003 101.06
0.344 0.002 101.09
0.346 0.002 101.13
0.347 0.002 101.16
0.347 0.002 101.2
0.348 0.003 101.23
0.349 0.002 101.26
0.349 0.001 101.29
0.349 0.002 101.33
0.35 0.003 101.36
0.351 0.002 101.39
0.351 0.001 101.43
0.353 0.003 101.46
0.352 0.004 101.49
0.351 0.003 101.53
0.351 0.003 101.56
0.348 0.004 101.59
0.347 0.006 101.63
0.344 0.004 101.66
0.344 0.005 101.7
0.343 0.003 101.72
0.342 0.003 101.76
0.343 0.003 101.79
0.345 0.004 101.83
0.346 0.003 101.86
0.35 0.004 101.9
0.352 0.004 101.93
0.353 0.004 101.96
0.355 0.004 101.99
0.358 0.005 102.03
0.359 0.005 102.06
0.36 0.005 102.09
0.362 0.005 102.13
0.364 0.005 102.16
0.366 0.004 102.19
0.368 0.004 102.23
0.37 0.004 102.26
0.373 0.005 102.29
0.376 0.004 102.33
0.381 0.006 102.36
0.387 0.008 102.39
0.394 0.008 102.42
0.402 0.009 102.46
0.413 0.012 102.49
0.42 0.008 102.52
0.429 0.01 102.56
0.438 0.01 102.59
0.447 0.01 102.63
0.457 0.011 102.66
0.464 0.008 102.69
0.473 0.01 102.73
0.482 0.011 102.76
0.489 0.008 102.79
0.496 0.008 102.83
0.505 0.011 102.86
0.512 0.008 102.89
0.523 0.013 102.92
0.531 0.01 102.96
0 0 102.99
0.548 0.019 103.03
0.556 0.01 103.06
0 0 103.09
0.576 0.024 103.13
0.585 0.011 103.16
0.598 0.015 103.19
0.609 0.013 103.23
0 0 103.26
0 0 103.29
0 0 103.32
0.65 0.045 103.36
0 0 103.39
0 0 103.42
0 0 103.46
0 0 103.49
0 0 103.52
0.702 0.055 103.56
0 0 103.59
0 0 103.62
0 0 103.66
0 0 103.69
0.717 0.023 103.73
0.718 0.004 103.76
0.719 0.004 103.79
0.72 0.004 103.83
0.717 0.006 103.86
0.72 0.005 103.9
0.719 0.003 103.93
0 0 103.96
0.72 0.004 103.99
0.721 0.002 104.03
0.724 0.005 104.06
0.72 0.006 104.09
0.722 0.003 104.12
0.721 0.002 104.16
0.72 0.002 104.19
0.716 0.004 104.23
0.726 0.014 104.26
0.715 0.013 104.29
0.713 0.002 104.33
0.711 0.002 104.36
0.711 0.002 104.39
0.708 0.004 104.42
0.707 0.001 104.46
0.705 0.002 104.49
0.704 0.001 104.53
0.701 0.003 104.56
0.697 0.005 104.59
0.693 0.004 104.63
0.687 0.006 104.66
0.682 0.006 104.69
0 0 104.72
0.675 0.012 104.76
0.671 0.008 104.79
0.669 0.004 104.83
0.664 0.008 104.86
0.664 0.005 104.9
0.66 0.01 104.93
0.659 0.008 104.96
0.656 0.009 104.99
0.654 0.007 105.03
0.651 0.006 105.06
0.647 0.004 105.1
0.64 0.008 105.13
0 0 105.16
0.628 0.012 105.19
0.623 0.005 105.23
0.62 0.004 105.26
0 0 105.29
0.614 0.007 105.33
0.613 0.002 105.36
0.611 0.002 105.39
0.612 0.002 105.42
0.61 0.002 105.46
0 0 105.49
0.608 0.003 105.52
0.609 0.002 105.56
0 0 105.59
0.608 0.002 105.63
0.61 0.003 105.66
0 0 105.69
0.621 0.012 105.73
0.63 0.009 105.76
0.634 0.005 105.79
0 0 105.83
0.647 0.013 105.86
0 0 105.89
0.664 0.017 105.93
0 0 105.96
0 0 105.99
0 0 106.02
0 0 106.05
0 0 106.09
0 0 106.12
0.677 0.015 106.16
0 0 106.19
0 0 106.22
0 0 106.26
0 0 106.29
0 0 106.32
0.686 0.009 106.36
0 0 106.39
0 0 106.42
0.681 0.008 106.46
0.685 0.005 106.5
0.685 0.001 106.53
0 0 106.56
0.687 0.002 106.59
0 0 106.62
0.684 0.004 106.66
0 0 106.69
0 0 106.72
0 0 106.76
0 0 106.79
0 0 106.82
0 0 106.86
0.657 0.031 106.89
0.65 0.008 106.92
0.641 0.011 106.96
0.634 0.01 106.99
0.623 0.013 107.02
0.609 0.015 107.06
0 0 107.09
0.579 0.035 107.12
0.56 0.021 107.16
0.541 0.024 107.19
0.511 0.03 107.23
0.489 0.027 107.26
0.454 0.036 107.29
0.427 0.029 107.33
0.397 0.031 107.36
0.373 0.026 107.39
0.346 0.028 107.43
0 0 107.46
0 0 107.49
0 0 107.52
0 0 107.56
0 0 107.59
0 0 107.62
0 0 107.66
0 0 107.69
0 0 107.72
0 0 107.76
0 0 107.79
0 0 107.83
0 0 107.86
0 0 107.89
0.273 0.093 107.92
0.276 0.004 107.96
0.277 0.005 107.99
0.28 0.004 108.03
0.285 0.005 108.06
0.286 0.002 108.09
0.288 0.002 108.12
0.291 0.003 108.16
0.293 0.003 108.19
0.294 0.002 108.23
0.294 0.002 108.27
0.294 0.002 108.3
0.294 0.003 108.33
0.294 0.001 108.36
0.294 0.001 108.39
0.293 0.003 108.43
0.292 0.0 108.46
0.29 0.003 108.49
0.29 0.001 108.52
0.286 0.005 108.56
0.282 0.005 108.59
0.282 0.001 108.62
0.28 0.004 108.66
0.277 0.002 108.69
0.276 0.002 108.72
0.275 0.001 108.76
0.274 0.001 108.8
0.273 0.004 108.82
0.273 0.001 108.86
0.27 0.003 108.9
0.269 0.004 108.92
0.269 0.003 108.96
0.268 0.003 108.99
0.265 0.002 109.03
0.262 0.004 109.06
0.261 0.002 109.09
0.253 0.003 109.12
0.251 0.003 109.16
0.249 0.002 109.19
0.243 0.003 109.22
0.242 0.003 109.26
0.24 0.003 109.29
0 0 109.33
0 0 109.36
0.231 0.012 109.39
0.225 0.004 109.43
0.224 0.003 109.47
0 0 109.5
0 0 109.52
0 0 109.56
0.222 0.011 109.6
0.223 0.004 109.64
0 0 109.66
0 0 109.69
0.22 0.006 109.73
0.216 0.002 109.76
0.217 0.002 109.79
0.216 0.001 109.83
0 0 109.86
0.211 0.003 109.89
0 0 109.93
0 0 109.96
0 0 109.99
0 0 110.02
0 0 110.06
0 0 110.09
0 0 110.12
0 0 110.16
0 0 110.19
0 0 110.22
0 0 110.26
0 0 110.29
0 0 110.32
0 0 110.36
0 0 110.39
0 0 110.42
0 0 110.46
0 0 110.49
0 0 110.52
0 0 110.56
0 0 110.59
0 0 110.62
0 0 110.66
0 0 110.69
0 0 110.72
0 0 110.76
0 0 110.79
0 0 110.82
0 0 110.86
0.166 0.01 110.89
0.17 0.006 110.93
0.17 0.006 110.96
0.172 0.002 110.99
0.174 0.004 111.02
0.175 0.003 111.06
0.169 0.004 111.09
0.167 0.003 111.13
0.166 0.001 111.16
0.161 0.0 111.2
0.161 0.001 111.22
0.161 0.001 111.26
0 0 111.29
0 0 111.32
0 0 111.36
0.156 0.002 111.39
0 0 111.42
0 0 111.46
0 0 111.49
0 0 111.52
0.149 0.004 111.56
0 0 111.6
0 0 111.62
0.143 0.002 111.66
0 0 111.69
0 0 111.72
0 0 111.75
0.14 0.001 111.79
0 0 111.82
0.139 0.003 111.86
0.14 0.003 111.89
0.141 0.001 111.92
0.138 0.002 111.96
0.138 0.001 111.99
0.138 0.0 112.03
0.136 0.001 112.06
0.135 0.002 112.09
0.135 0.001 112.12
0.133 0.001 112.16
0.133 0.001 112.19
0.133 0.002 112.23
0.133 0.0 112.26
0.131 0.002 112.29
0.131 0.001 112.32
0.131 0.001 112.36
0.129 0.001 112.4
0.129 0.001 112.43
0.13 0.001 112.46
0.13 0.002 112.5
0.13 0.002 112.52
0.13 0.003 112.56
0.13 0.002 112.59
0.129 0.002 112.63
0.129 0.003 112.66
0.129 0.002 112.69
0.128 0.001 112.72
0.128 0.003 112.76
0.129 0.001 112.79
0.127 0.001 112.83
0.127 0.001 112.86
0.126 0.001 112.89
0.125 0.001 112.92
0.125 0.001 112.96
0.125 0.001 112.99
0.125 0.002 113.03
0.125 0.002 113.06
0.125 0.001 113.09
0.125 0.001 113.12
0.125 0.002 113.16
0.125 0.001 113.19
0.125 0.0 113.22
0.125 0.001 113.26
0.125 0.001 113.29
0.125 0.0 113.32
0.124 0.001 113.36
0.124 0.001 113.39
0.123 0.006 113.42
0.123 0.003 113.46
0.123 0.003 113.49
0.123 0.001 113.53
0.123 0.002 113.56
0.122 0.001 113.59
0.121 0.002 113.63
0.12 0.002 113.67
0.12 0.001 113.69
0.12 0.0 113.73
0.12 0.001 113.76
0.12 0.001 113.79
0.12 0.001 113.82
0.121 0.002 113.86
0.121 0.001 113.89
0.121 0.001 113.92
0.121 0.001 113.96
0 0 113.99
0 0 114.02
0 0 114.05
0.12 0.002 114.09
0.12 0.001 114.12
0.121 0.003 114.16
0 0 114.19
0.122 0.003 114.23
0.122 0.0 114.26
0.123 0.001 114.29
0.123 0.001 114.33
0.125 0.001 114.36
0.125 0.003 114.39
0.125 0.001 114.42
0.126 0.001 114.46
0 0 114.49
0.128 0.004 114.53
0.129 0.002 114.56
0.132 0.002 114.59
0.133 0.003 114.62
0.134 0.005 114.66
0.137 0.004 114.69
0.14 0.003 114.73
0.142 0.004 114.76
0.144 0.003 114.79
0.146 0.003 114.82
0.148 0.004 114.86
0.15 0.003 114.89
0.154 0.003 114.92
0.156 0.005 114.96
0.158 0.004 114.99
0.162 0.005 115.02
0.165 0.007 115.06
0.169 0.007 115.09
0.176 0.008 115.12
0.181 0.009 115.16
0.189 0.01 115.19
0.202 0.012 115.22
0.213 0.014 115.26
0.224 0.013 115.29
0.236 0.014 115.32
0.251 0.014 115.36
0 0 115.39
0.268 0.02 115.42
0.281 0.013 115.46
0 0 115.49
0 0 115.52
0.297 0.016 115.56
0 0 115.59
0 0 115.62
0 0 115.65
0 0 115.69
0 0 115.72
0 0 115.75
0 0 115.79
0 0 115.82
0.3 0.019 115.86
0.302 0.009 115.89
0.294 0.01 115.93
0.285 0.01 115.96
0.281 0.008 115.99
0.274 0.008 116.02
0.267 0.007 116.06
0.265 0.007 116.09
0.262 0.004 116.12
0.262 0.003 116.16
0.261 0.002 116.19
0.265 0.002 116.22
0.268 0.004 116.25
0.269 0.002 116.29
0.278 0.006 116.32
0.283 0.006 116.35
0 0 116.39
0 0 116.42
0.307 0.023 116.45
0.317 0.011 116.49
0 0 116.52
0 0 116.55
0.355 0.034 116.59
0 0 116.62
0 0 116.66
0 0 116.69
0 0 116.72
0 0 116.76
0 0 116.79
0 0 116.82
0 0 116.85
0 0 116.89
0 0 116.92
0.531 0.162 116.95
0 0 116.99
0 0 117.02
0.568 0.039 117.05
0.579 0.009 117.09
0.589 0.013 117.12
0.592 0.005 117.16
0.6 0.006 117.2
0.609 0.011 117.22
0.609 0.003 117.26
0.62 0.008 117.29
0 0 117.32
0 0 117.35
0 0 117.39
0.634 0.014 117.42
0 0 117.46
0 0 117.49
0.642 0.006 117.52
0 0 117.55
0.643 0.003 117.59
0.643 0.007 117.62
0.643 0.002 117.66
0.637 0.006 117.69
0 0 117.72
0.636 0.007 117.75
0.631 0.005 117.79
0.626 0.006 117.82
0.631 0.007 117.86
0.631 0.003 117.89
0.631 0.003 117.92
0.632 0.003 117.96
0 0 117.99
0.629 0.005 118.02
0 0 118.05
0 0 118.09
0.63 0.005 118.12
0.631 0.005 118.16
0.632 0.001 118.19
0.635 0.004 118.22
0.636 0.003 118.26
0.643 0.002 118.29
0.642 0.004 118.32
0.647 0.006 118.36
0 0 118.39
0.648 0.008 118.42
0.647 0.003 118.45
0.651 0.001 118.49
0.65 0.002 118.52
0.647 0.005 118.56
0.651 0.001 118.59
0.651 0.001 118.62
0.649 0.004 118.66
0.649 0.001 118.69
0.649 0.003 118.72
0.647 0.002 118.76
0.642 0.006 118.79
0 0 118.82
0.637 0.008 118.85
0 0 118.89
0.631 0.009 118.93
0.629 0.002 118.96
0.627 0.003 118.99
0.629 0.0 119.02
0.629 0.001 119.05
0.628 0.002 119.09
0.628 0.001 119.12
0.633 0.001 119.16
0 0 119.19
0.632 0.0 119.22
0 0 119.25
0.634 0.002 119.29
0.635 0.002 119.32
0 0 119.35
0.634 0.005 119.39
0.635 0.002 119.42
0 0 119.46
0.638 0.005 119.49
0.639 0.002 119.52
0.636 0.006 119.56
0.639 0.002 119.59
0 0 119.62
0.636 0.005 119.66
0.637 0.0 119.69
0.637 0.001 119.72
0.637 0.0 119.76
0.637 0.001 119.79
0.638 0.001 119.82
0 0 119.85
0.638 0.002 119.89
0.639 0.001 119.92
0.64 0.001 119.96
0.64 0.001 119.99
0.641 0.001 120.02
0 0 120.05
0 0 120.09
0 0 120.12
0 0 120.15
0 0 120.19
0.653 0.012 120.22
0.657 0.004 120.26
0 0 120.29
0.663 0.007 120.32
0.666 0.004 120.35
0.668 0.004 120.39
0.67 0.003 120.42
0.669 0.003 120.46
0.67 0.001 120.49
0.67 0.001 120.52
0.667 0.005 120.56
0.667 0.0 120.59
0.669 0.002 120.62
0 0 120.65
0 0 120.68
0.672 0.003 120.72
0.676 0.006 120.76
0.677 0.002 120.79
0.677 0.002 120.82
0 0 120.85
0 0 120.89
0.68 0.004 120.92
0 0 120.95
0 0 120.99
0 0 121.02
0 0 121.06
0 0 121.09
0 0 121.12
0 0 121.15
0 0 121.19
0 0 121.22
0 0 121.25
0 0 121.29
0 0 121.32
0 0 121.35
0 0 121.39
0 0 121.42
0 0 121.45
0 0 121.49
0 0 121.52
0 0 121.55
0 0 121.58
0 0 121.62
0 0 121.65
0 0 121.69
0 0 121.72
0 0 121.75
0 0 121.78
0 0 121.82
0 0 121.85
0 0 121.89
0 0 121.92
0 0 121.95
0 0 121.99
0 0 122.02
0 0 122.05
0 0 122.09
0 0 122.12
0 0 122.15
0 0 122.19
0 0 122.22
0 0 122.26
0 0 122.29
0 0 122.32
0 0 122.35
0 0 122.39
0 0 122.42
0 0 122.45
0 0 122.49
0 0 122.52
0 0 122.55
0 0 122.58
0 0 122.62
0 0 122.65
0 0 122.69
0.646 0.043 122.72
0 0 122.75
0 0 122.79
0 0 122.82
0 0 122.85
0 0 122.88
0 0 122.92
0.628 0.018 122.96
0.626 0.003 122.99
0.626 0.002 123.02
0.625 0.002 123.06
0.627 0.003 123.09
0.627 0.002 123.12
0.63 0.005 123.16
0 0 123.18
0.635 0.008 123.22
0.638 0.005 123.26
0 0 123.28
0.644 0.009 123.33
0.645 0.002 123.35
0.649 0.005 123.39
0 0 123.42
0.654 0.007 123.45
0.65 0.009 123.49
0.651 0.002 123.52
0.653 0.002 123.55
0 0 123.58
0.652 0.004 123.62
0.65 0.004 123.66
0.651 0.002 123.69
0 0 123.72
0.649 0.004 123.76
0.648 0.001 123.79
0 0 123.82
0.647 0.004 123.86
0.647 0.002 123.89
0 0 123.92
0.652 0.007 123.95
0.651 0.002 123.99
0.655 0.005 124.02
0.652 0.004 124.06
0.654 0.003 124.09
0.652 0.003 124.12
0.655 0.004 124.16
0.652 0.004 124.19
0.652 0.0 124.22
0.651 0.001 124.25
0.651 0.001 124.29
0.647 0.006 124.32
0.648 0.002 124.35
0.648 0.001 124.39
0.645 0.003 124.42
0.642 0.003 124.45
0.64 0.002 124.49
0.638 0.003 124.52
0.634 0.004 124.55
0.631 0.003 124.59
0.628 0.004 124.62
0.623 0.004 124.66
0.619 0.004 124.69
0.619 0.004 124.72
0.615 0.004 124.75
0.613 0.002 124.79
0.61 0.003 124.82
0.61 0.002 124.85
0.611 0.003 124.89
0.606 0.006 124.92
0.606 0.001 124.95
0.606 0.002 124.99
0.605 0.003 125.02
0.604 0.002 125.05
0.603 0.001 125.09
0.601 0.001 125.12
0.598 0.005 125.15
0 0 125.19
0.597 0.001 125.22
0.599 0.004 125.25
0.601 0.002 125.29
0.604 0.004 125.32
0.606 0.004 125.35
0.607 0.003 125.39
0.611 0.004 125.42
0.61 0.002 125.45
0.612 0.002 125.49
0.613 0.001 125.52
0.604 0.003 125.55
0.602 0.002 125.59
0.599 0.004 125.62
0.593 0.003 125.66
0.593 0.001 125.69
0.596 0.004 125.72
0.597 0.002 125.75
0.595 0.002 125.79
0.595 0.002 125.83
0.595 0.001 125.85
0.59 0.003 125.89
0.593 0.004 125.92
0.595 0.003 125.95
0.589 0.003 125.99
0.588 0.003 126.02
0.585 0.005 126.05
0.578 0.008 126.09
0.566 0.008 126.12
0.558 0.01 126.16
0.548 0.011 126.19
0.532 0.012 126.22
0.515 0.017 126.25
0.495 0.021 126.29
0.468 0.021 126.32
0.444 0.025 126.36
0.42 0.024 126.39
0.391 0.025 126.42
0.366 0.026 126.46
0.342 0.026 126.49
0.322 0.023 126.52
0.297 0.023 126.55
0.282 0.023 126.58
0.272 0.017 126.62
0.26 0.014 126.66
0.256 0.012 126.69
0.253 0.01 126.72
0.243 0.008 126.75
0.243 0.006 126.79
0.244 0.008 126.82
0.238 0.005 126.86
0.24 0.005 126.89
0.241 0.003 126.92
0.241 0.002 126.95
0.235 0.002 126.99
0.234 0.001 127.02
0.232 0.003 127.05
0.224 0.001 127.09
0.223 0.002 127.12
0.224 0.003 127.15
0.218 0.007 127.18
0.221 0.002 127.22
0.223 0.003 127.26
0.219 0.003 127.29
0.222 0.003 127.32
0.224 0.002 127.36
0.225 0.002 127.39
0.22 0.001 127.42
0.22 0.001 127.45
0.219 0.003 127.49
0.213 0.002 127.52
0.213 0.003 127.55
0.213 0.003 127.59
0.208 0.002 127.62
0.208 0.002 127.66
0.209 0.003 127.69
0.21 0.002 127.72
0.206 0.003 127.76
0.207 0.003 127.79
0.209 0.004 127.82
0.205 0.002 127.85
0.207 0.004 127.89
0.208 0.001 127.92
0.204 0.003 127.95
0.205 0.001 127.99
0.205 0.001 128.02
0.201 0.002 128.05
0.201 0.003 128.08
0.201 0.002 128.12
0.201 0.002 128.15
0.191 0.004 128.19
0.191 0.002 128.22
0.191 0.001 128.25
0.186 0.001 128.29
0.186 0.0 128.32
0.187 0.003 128.35
0.183 0.001 128.39
0.184 0.001 128.42
0.184 0.001 128.46
0.181 0.001 128.49
0.182 0.002 128.52
0.183 0.003 128.56
0.184 0.003 128.59
0.181 0.003 128.62
0.182 0.003 128.65
0.182 0.002 128.69
0.18 0.003 128.72
0.181 0.004 128.75
0.182 0.004 128.79
0.18 0.004 128.82
0.181 0.003 128.85
0.182 0.003 128.89
0.18 0.005 128.92
0.182 0.003 128.95
0.184 0.004 128.99
0.186 0.004 129.02
0.185 0.006 129.05
0.187 0.004 129.09
0.189 0.004 129.12
0.187 0.004 129.15
0.188 0.003 129.19
0.189 0.003 129.22
0.186 0.004 129.25
0.187 0.004 129.29
0.189 0.005 129.32
0.191 0.007 129.35
0.188 0.005 129.39
0.191 0.006 129.42
0.194 0.006 129.45
0.195 0.006 129.49
0.199 0.011 129.52
0.202 0.006 129.56
0 0 129.58
0.206 0.013 129.62
0.21 0.007 129.66
0.21 0.006 129.69
0 0 129.72
0 0 129.75
0 0 129.78
0 0 129.82
0 0 129.85
0 0 129.89
0 0 129.92
0 0 129.95
0 0 129.99
0 0 130.02
0 0 130.05
0 0 130.08
0.25 0.093 130.12
0 0 130.15
0.26 0.018 130.19
0 0 130.22
0 0 130.25
0 0 130.28
0 0 130.32
0 0 130.35
0 0 130.39
0 0 130.42
0 0 130.45
0.303 0.068 130.49
0 0 130.52
0 0 130.55
0 0 130.59
0 0 130.62
0 0 130.65
0 0 130.68
0 0 130.72
0 0 130.75
0 0 130.78
0 0 130.82
0 0 130.85
0 0 130.88
0 0 130.92
0 0 130.95
0 0 130.99
0 0 131.02
0 0 131.05
0 0 131.09
0 0 131.12
0 0 131.15
0 0 131.19
0 0 131.22
0 0 131.25
0 0 131.28
0 0 131.32
0 0 131.35
0 0 131.39
0 0 131.42
0 0 131.45
0 0 131.49
0 0 131.52
0 0 131.55
0 0 131.59
0 0 131.62
0 0 131.65
0 0 131.68
0 0 131.72
0 0 131.75
0 0 131.78
0 0 131.82
0.416 0.119 131.85
0 0 131.88
0 0 131.92
0.412 0.01 131.95
0 0 131.98
0 0 132.02
0 0 132.05
0 0 132.08
0.426 0.017 132.12
0 0 132.15
0.423 0.011 132.19
0 0 132.22
0.427 0.004 132.25
0 0 132.28
0 0 132.32
0.427 0.005 132.35
0 0 132.38
0 0 132.42
0 0 132.45
0 0 132.49
0 0 132.52
0.423 0.01 132.55
0.426 0.001 132.59
0.423 0.006 132.62
0.421 0.004 132.66
0 0 132.69
0 0 132.72
0 0 132.75
0.421 0.009 132.79
0 0 132.82
0.416 0.008 132.85
0 0 132.88
0.415 0.005 132.92
0.414 0.001 132.95
0.411 0.003 132.99
0.412 0.001 133.02
0.41 0.004 133.05
0 0 133.09
0.411 0.001 133.12
0.413 0.002 133.15
0.414 0.002 133.19
0.416 0.001 133.22
0.416 0.0 133.25
0.416 0.001 133.28
0.413 0.002 133.32
0 0 133.35
0.414 0.003 133.39
0.414 0.0 133.42
0.416 0.001 133.45
0.417 0.003 133.49
0 0 133.52
0.416 0.005 133.55
0 0 133.58
0.413 0.005 133.62
0.414 0.002 133.65
0.414 0.002 133.68
0.412 0.003 133.72
0.412 0.001 133.75
0.415 0.001 133.79
0 0 133.82
0.416 0.002 133.85
0.427 0.003 133.88
0.428 0.002 133.92
0.429 0.004 133.95
0.431 0.003 133.99
0.431 0.0 134.02
0.432 0.002 134.05
0.435 0.002 134.09
0.43 0.006 134.12
0.427 0.004 134.15
0.423 0.004 134.18
0.423 0.007 134.22
0.424 0.002 134.25
0 0 134.28
0 0 134.32
0.424 0.005 134.35
0 0 134.38
0.429 0.002 134.42
0.427 0.003 134.45
0.43 0.004 134.49
0.433 0.002 134.52
0.435 0.004 134.55
0.434 0.001 134.58
0.433 0.003 134.62
0.439 0.001 134.65
0.436 0.003 134.68
0.436 0.004 134.72
0.437 0.002 134.76
0.437 0.001 134.79
0.436 0.002 134.82
0.439 0.001 134.85
0.437 0.002 134.88
0.44 0.004 134.92
0.438 0.003 134.95
0.439 0.002 134.99
0.44 0.002 135.02
0 0 135.05
0.442 0.003 135.08
0.438 0.004 135.12
0.437 0.003 135.16
0.438 0.006 135.19
0.432 0.008 135.22
0.424 0.008 135.25
0.418 0.01 135.28
0.405 0.014 135.32
0.39 0.015 135.35
0.374 0.015 135.39
0.358 0.02 135.42
0.34 0.019 135.45
0.322 0.018 135.48
0.305 0.021 135.52
0.288 0.02 135.55
0.273 0.017 135.58
0.261 0.019 135.62
0.25 0.016 135.66
0.241 0.016 135.68
0.235 0.017 135.72
0.227 0.013 135.75
0.219 0.015 135.79
0.213 0.012 135.82
0.209 0.012 135.85
0.204 0.011 135.89
0.199 0.01 135.92
0.198 0.009 135.95
0.196 0.009 135.99
0.195 0.008 136.02
0.196 0.007 136.05
0.197 0.007 136.09
0.196 0.006 136.12
0.197 0.007 136.15
0.197 0.006 136.18
0.196 0.006 136.22
0.196 0.007 136.25
0.196 0.005 136.28
0.195 0.005 136.32
0.195 0.005 136.35
0.195 0.005 136.38
0 0 136.41
0 0 136.45
0 0 136.48
0 0 136.52
0 0 136.55
0 0 136.58
0 0 136.62
0 0 136.65
0 0 136.68
0 0 136.72
0 0 136.75
0 0 136.78
0.211 0.036 136.82
0.212 0.002 136.85
0 0 136.88
0 0 136.92
0 0 136.95
0 0 136.98
0 0 137.02
0.214 0.005 137.05
0 0 137.08
0 0 137.12
0.214 0.005 137.15
0 0 137.18
0 0 137.22
0.213 0.003 137.25
0 0 137.28
0 0 137.32
0.213 0.002 137.35
0 0 137.38
0 0 137.42
0 0 137.45
0 0 137.48
0.213 0.005 137.52
0.212 0.001 137.55
0.213 0.002 137.59
0 0 137.62
0 0 137.65
0 0 137.68
0 0 137.71
0 0 137.75
0 0 137.79
0 0 137.82
0 0 137.85
0.215 0.01 137.89
0.217 0.004 137.92
0.219 0.004 137.95
0.221 0.004 137.99
0.222 0.003 138.02
0.225 0.004 138.05
0.227 0.005 138.08
0.23 0.005 138.12
0.231 0.001 138.15
0.231 0.001 138.18
0.231 0.001 138.22
0.231 0.002 138.25
0.231 0.001 138.28
0.23 0.002 138.32
0.23 0.001 138.35
0.232 0.002 138.38
0.231 0.001 138.42
0.23 0.001 138.45
0.227 0.006 138.48
0.226 0.003 138.52
0.225 0.001 138.56
0.223 0.002 138.58
0.222 0.009 138.62
0.221 0.003 138.66
0.219 0.005 138.69
0.219 0.005 138.72
0.218 0.004 138.76
0.216 0.002 138.79
0.217 0.003 138.82
0.216 0.002 138.85
0.215 0.002 138.89
0.215 0.003 138.93
0.214 0.002 138.95
0.213 0.002 138.98
0 0 139.02
0.214 0.007 139.05
0 0 139.08
0 0 139.11
0 0 139.15
0 0 139.18
0 0 139.21
0 0 139.25
0 0 139.28
0 0 139.32
0 0 139.35
0 0 139.38
0.228 0.021 139.42
0 0 139.45
0 0 139.48
0 0 139.52
0.23 0.001 139.55
0 0 139.58
0 0 139.62
0 0 139.65
0 0 139.68
0 0 139.72
0.237 0.002 139.75
0.237 0.002 139.79
0 0 139.82
0 0 139.85
0 0 139.88
0 0 139.92
0 0 139.95
0.24 0.006 139.99
0 0 140.02
0 0 140.05
0.244 0.001 140.08
0 0 140.11
0 0 140.15
0.249 0.002 140.18
0.249 0.001 140.22
0.254 0.001 140.25
0 0 140.28
0.256 0.003 140.32
0 0 140.35
0 0 140.38
0.264 0.006 140.42
0 0 140.45
0.27 0.006 140.48
0 0 140.52
0.273 0.003 140.55
0.278 0.003 140.58
0.279 0.002 140.62
0.28 0.001 140.65
0.284 0.001 140.68
0.285 0.001 140.72
0.286 0.001 140.75
0.29 0.001 140.79
0.291 0.002 140.82
0.292 0.002 140.85
0.296 0.004 140.88
0.298 0.001 140.92
0.299 0.002 140.95
0.301 0.002 140.98
0.308 0.003 141.02
0.309 0.003 141.05
0.311 0.004 141.08
0.315 0.003 141.12
0.315 0.003 141.15
0.316 0.002 141.18
0.32 0.007 141.22
0.321 0.002 141.25
0.322 0.002 141.28
0.325 0.001 141.32
0.326 0.003 141.35
0.326 0.001 141.38
0.327 0.002 141.42
0.33 0.001 141.45
0.331 0.002 141.49
0.331 0.001 141.52
0.334 0.002 141.55
0.335 0.002 141.58
0.335 0.001 141.62
0.338 0.002 141.65
0.338 0.001 141.68
0.339 0.003 141.72
0.341 0.002 141.76
0.341 0.002 141.79
0.34 0.002 141.82
0.34 0.002 141.85
0.339 0.003 141.88
0.339 0.003 141.92
0.338 0.003 141.95
0.34 0.003 141.98
0.34 0.003 142.02
0.341 0.003 142.06
0.343 0.004 142.08
0.345 0.004 142.12
0.347 0.004 142.16
0.352 0.005 142.19
0.355 0.005 142.22
0.358 0.004 142.25
0.36 0.004 142.28
0.364 0.004 142.32
0.366 0.003 142.35
0.369 0.003 142.38
0.372 0.004 142.42
0.374 0.003 142.45
0.376 0.003 142.49
0.379 0.004 142.52
0.382 0.005 142.55
0.384 0.006 142.58
0.388 0.006 142.62
0.393 0.007 142.65
0.398 0.008 142.68
0.404 0.009 142.72
0.411 0.008 142.75
0.417 0.008 142.78
0.423 0.009 142.82
0.431 0.01 142.85
0.438 0.009 142.88
0.446 0.01 142.92
0.454 0.01 142.95
0.465 0.013 142.99
0.476 0.013 143.02
0.487 0.012 143.05
0.498 0.012 143.09
0 0 143.12
0.522 0.026 143.15
0 0 143.18
0.54 0.021 143.22
0.548 0.01 143.25
0.556 0.009 143.28
0.563 0.008 143.32
0.569 0.008 143.35
0 0 143.38
0.591 0.024 143.42
0 0 143.45
0.608 0.019 143.48
0.614 0.007 143.52
0 0 143.55
0 0 143.58
0 0 143.62
0 0 143.65
0 0 143.68
0 0 143.71
0.642 0.029 143.75
0 0 143.78
0 0 143.81
0 0 143.85
0 0 143.88
0.665 0.042 143.92
0.671 0.008 143.95
0 0 143.98
0 0 144.02
0 0 144.05
0 0 144.08
0 0 144.11
0.665 0.017 144.15
0 0 144.18
0 0 144.22
0.666 0.007 144.25
0 0 144.28
0 0 144.32
0 0 144.35
0.668 0.006 144.38
0 0 144.41
0 0 144.45
0 0 144.48
0 0 144.51
0 0 144.55
0 0 144.58
0 0 144.62
0 0 144.65
0 0 144.68
0 0 144.71
0 0 144.75
0 0 144.78
0 0 144.82
0 0 144.85
0 0 144.88
0 0 144.92
0.676 0.026 144.95
0.673 0.004 144.99
0.671 0.002 145.02
0.67 0.001 145.06
0.665 0.006 145.09
0.658 0.009 145.12
0.652 0.006 145.15
0.648 0.004 145.18
0.64 0.011 145.22
0.639 0.002 145.25
0.633 0.007 145.28
0.63 0.004 145.32
0.629 0.001 145.35
0.627 0.003 145.38
0.627 0.002 145.42
0.625 0.002 145.45
0.622 0.003 145.49
0.621 0.002 145.52
0.621 0.0 145.55
0.62 0.001 145.58
0.619 0.001 145.62
0.62 0.002 145.65
0.623 0.003 145.68
0.625 0.003 145.72
0.626 0.001 145.75
0.624 0.002 145.78
0.622 0.002 145.82
0.62 0.002 145.85
0.615 0.006 145.89
0.612 0.003 145.92
0.608 0.004 145.95
0.607 0.002 145.98
0.606 0.001 146.02
0.604 0.001 146.06
0.605 0.001 146.08
0.604 0.001 146.12
0.605 0.001 146.15
0.606 0.002 146.18
0.609 0.005 146.22
0.607 0.002 146.25
0.609 0.003 146.28
0.61 0.001 146.32
0.611 0.001 146.35
0.611 0.0 146.38
0.611 0.001 146.42
0.614 0.003 146.45
0.616 0.003 146.48
0.617 0.002 146.52
0.617 0.001 146.55
0.621 0.005 146.58
0.62 0.001 146.62
0.618 0.002 146.65
0.62 0.004 146.69
0.622 0.003 146.73
0 0 146.75
0 0 146.79
0 0 146.82
0 0 146.85
0.646 0.025 146.88
0 0 146.91
0 0 146.95
0.655 0.009 146.98
0.651 0.005 147.02
0.656 0.006 147.05
0 0 147.08
0.659 0.004 147.12
0 0 147.15
0.661 0.004 147.18
0 0 147.21
0 0 147.25
0 0 147.28
0 0 147.32
0.671 0.013 147.35
0 0 147.38
0.67 0.0 147.42
0 0 147.45
0.669 0.002 147.49
0.67 0.002 147.52
0 0 147.55
0 0 147.58
0.666 0.005 147.62
0.668 0.002 147.65
0 0 147.68
0 0 147.71
0.669 0.002 147.75
0 0 147.78
0.661 0.013 147.82
0.657 0.007 147.86
0.654 0.003 147.89
0 0 147.91
0.644 0.011 147.95
0.638 0.007 147.98
0.634 0.004 148.02
0.631 0.004 148.05
0.628 0.004 148.09
0.626 0.003 148.12
0.623 0.004 148.15
0.621 0.005 148.18
0.614 0.006 148.22
0.612 0.004 148.25
0 0 148.28
0.611 0.006 148.32
0 0 148.35
0 0 148.38
0.608 0.004 148.42
0.605 0.003 148.45
0.601 0.005 148.49
0.598 0.003 148.52
0.598 0.003 148.55
0.598 0.001 148.58
0.595 0.004 148.62
0.592 0.003 148.65
0.589 0.003 148.68
0.582 0.006 148.72
0.579 0.006 148.75
0.568 0.01 148.79
0.559 0.01 148.82
0.549 0.012 148.85
0.538 0.011 148.88
0.527 0.013 148.91
0.515 0.013 148.95
0.497 0.017 148.98
0.478 0.019 149.02
0.455 0.022 149.05
0.432 0.022 149.08
0.411 0.022 149.12
0.393 0.018 149.15
0.373 0.021 149.18
0.353 0.019 149.22
0.338 0.017 149.25
0.32 0.019 149.29
0.303 0.017 149.32
0.289 0.017 149.35
0.276 0.015 149.38
0.262 0.014 149.42
0.252 0.012 149.45
0.244 0.011 149.49
0.233 0.009 149.52
0.229 0.007 149.55
0.225 0.007 149.58
0.222 0.005 149.61
0.216 0.005 149.65
0.212 0.005 149.68
0.209 0.006 149.72
0.203 0.005 149.75
0 0 149.78
0 0 149.81
0 0 149.85
0.189 0.022 149.88
0.187 0.005 149.92
0 0 149.95
0 0 149.98
0 0 150.01
0 0 150.05
0 0 150.08
0 0 150.11
0 0 150.15
0 0 150.18
0 0 150.21
0 0 150.25
0 0 150.28
0 0 150.31
0 0 150.35
0.191 0.028 150.38
0.189 0.004 150.42
0 0 150.45
0 0 150.48
0 0 150.51
0 0 150.55
0 0 150.58
0 0 150.61
0 0 150.65
0 0 150.68
0.196 0.034 150.72
0.193 0.004 150.75
0.197 0.004 150.78
0.199 0.002 150.82
0.195 0.001 150.85
0.195 0.002 150.88
0.195 0.003 150.92
0.189 0.004 150.95
0.187 0.003 150.98
0.187 0.003 151.01
0.182 0.002 151.05
0.182 0.001 151.08
0.183 0.002 151.11
0.185 0.003 151.15
0.18 0.001 151.19
0.18 0.001 151.22
0.181 0.002 151.25
0.177 0.003 151.28
0.177 0.002 151.32
0.177 0.001 151.35
0.172 0.001 151.38
0.174 0.003 151.41
0.177 0.004 151.45
0.173 0.003 151.48
0.174 0.001 151.52
0.174 0.002 151.55
0.175 0.002 151.58
0.169 0.002 151.61
0.165 0.007 151.65
0.164 0.001 151.68
0.16 0.002 151.71
0.159 0.002 151.75
0.16 0.003 151.78
0.155 0.001 151.82
0 0 151.84
0.157 0.004 151.88
0 0 151.91
0 0 151.94
0 0 151.98
0.15 0.001 152.02
0.147 0.001 152.05
0.146 0.002 152.08
0.147 0.002 152.11
0 0 152.15
0.145 0.003 152.18
0.145 0.001 152.22
0.141 0.0 152.25
0.142 0.001 152.29
0.142 0.001 152.32
0 0 152.35
0.14 0.002 152.38
0.141 0.001 152.42
0.141 0.001 152.45
0 0 152.48
0.14 0.002 152.51
0.139 0.003 152.55
0.136 0.002 152.58
0.136 0.001 152.62
0.137 0.002 152.65
0.134 0.002 152.68
0.133 0.002 152.71
0.133 0.002 152.75
0.133 0.002 152.78
0.13 0.002 152.81
0.13 0.001 152.85
0.129 0.002 152.88
0.127 0.001 152.91
0.127 0.002 152.95
0.127 0.001 152.98
0.126 0.002 153.02
0.126 0.001 153.05
0.126 0.002 153.08
0.126 0.005 153.11
0.126 0.002 153.15
0.126 0.002 153.18
0.126 0.001 153.22
0.125 0.001 153.25
0.125 0.0 153.28
0.126 0.001 153.32
0.125 0.001 153.35
0.124 0.001 153.38
0.121 0.004 153.42
0.12 0.003 153.45
0.117 0.003 153.48
0 0 153.51
0 0 153.54
0 0 153.58
0.113 0.009 153.61
0.114 0.002 153.65
0.113 0.001 153.68
0 0 153.71
0.113 0.002 153.75
0.113 0.001 153.78
0 0 153.81
0 0 153.85
0 0 153.88
0 0 153.91
0 0 153.95
0 0 153.98
0 0 154.01
0 0 154.04
0.117 0.004 154.08
0.118 0.003 154.11
0 0 154.15
0 0 154.18
0 0 154.21
0.117 0.009 154.25
0 0 154.28
0 0 154.31
0 0 154.35
0 0 154.38
0.114 0.008 154.41
0 0 154.44
0 0 154.48
0 0 154.51
0.115 0.002 154.55
0.115 0.002 154.58
0 0 154.61
0 0 154.65
0.118 0.002 154.68
0 0 154.71
0.122 0.004 154.75
0.12 0.004 154.78
0.122 0.003 154.82
0 0 154.84
0 0 154.88
0 0 154.91
0 0 154.95
0.122 0.004 154.98
0 0 155.02
0 0 155.05
0.125 0.006 155.09
0.126 0.001 155.11
0.127 0.001 155.15
0 0 155.18
0 0 155.21
0 0 155.24
0.134 0.006 155.28
0.133 0.005 155.32
0 0 155.34
0 0 155.38
0 0 155.41
0 0 155.44
0 0 155.48
0 0 155.51
0 0 155.54
0 0 155.58
0 0 155.61
0 0 155.65
0 0 155.68
0.157 0.017 155.71
0 0 155.74
0.166 0.005 155.78
0.169 0.004 155.81
0.17 0.002 155.85
0.175 0.002 155.88
0.176 0.001 155.91
0.176 0.002 155.95
0.177 0.003 155.98
0.181 0.004 156.01
0.183 0.004 156.05
0.185 0.003 156.08
0.192 0.004 156.11
0.195 0.005 156.15
0.198 0.005 156.18
0.206 0.005 156.21
0.209 0.005 156.25
0.211 0.005 156.28
0.217 0.004 156.31
0.221 0.005 156.35
0.222 0.003 156.38
0.223 0.003 156.41
0.23 0.002 156.45
0.23 0.003 156.48
0.231 0.002 156.51
0.241 0.002 156.55
0.241 0.003 156.59
0.24 0.004 156.61
0.245 0.003 156.65
0.246 0.003 156.68
0.247 0.004 156.71
0.25 0.004 156.75
0.259 0.005 156.78
0.261 0.005 156.81
0.265 0.007 156.85
0.274 0.007 156.88
0.28 0.009 156.91
0.285 0.01 156.95
0.299 0.011 156.98
0.308 0.012 157.01
0.319 0.013 157.05
0.335 0.013 157.08
0.348 0.014 157.11
0.361 0.014 157.15
0.375 0.014 157.18
0.394 0.014 157.21
0.409 0.016 157.25
0.423 0.015 157.28
0.445 0.017 157.31
0.461 0.017 157.35
0.477 0.016 157.38
0.497 0.016 157.42
0.508 0.012 157.45
0.524 0.015 157.48
0 0 157.51
0 0 157.55
0.574 0.045 157.58
0.582 0.009 157.61
0 0 157.65
0 0 157.68
0.617 0.031 157.71
0.628 0.004 157.75
0 0 157.78
0 0 157.81
0.637 0.006 157.85
0.634 0.004 157.88
0.639 0.006 157.91
0.637 0.004 157.95
0.636 0.008 157.98
0.64 0.005 158.01
0.635 0.006 158.05
0.641 0.002 158.08
0.636 0.006 158.11
0 0 158.15
0.637 0.005 158.18
0.639 0.003 158.21
0.64 0.002 158.25
0.643 0.002 158.28
0.643 0.001 158.32
0.642 0.001 158.35
0 0 158.38
0.646 0.001 158.41
0 0 158.45
0 0 158.48
0 0 158.51
0.649 0.004 158.55
0.648 0.002 158.58
0 0 158.61
0.652 0.004 158.65
0 0 158.68
0 0 158.71
0.651 0.006 158.75
0.648 0.004 158.78
0.646 0.002 158.81
0.645 0.005 158.85
0.643 0.002 158.88
0.64 0.003 158.92
0 0 158.94
0.643 0.003 158.98
0.641 0.002 159.01
0 0 159.04
0.636 0.009 159.08
0.632 0.004 159.11
0 0 159.15
0.629 0.006 159.18
0 0 159.21
0.626 0.004 159.25
0.625 0.003 159.28
0.623 0.002 159.31
0.622 0.003 159.35
0 0 159.38
0.624 0.003 159.41
0.62 0.005 159.45
0 0 159.48
0.627 0.007 159.51
0.627 0.002 159.55
0.627 0.002 159.58
0 0 159.61
0.632 0.008 159.65
0 0 159.68
0.637 0.005 159.71
0 0 159.74
0 0 159.78
0 0 159.81
0 0 159.84
0.658 0.023 159.88
0 0 159.91
0.668 0.008 159.95
0 0 159.98
0.676 0.01 160.01
0 0 160.04
0 0 160.08
0.682 0.007 160.11
0 0 160.15
0 0 160.18
0.679 0.003 160.21
0.677 0.002 160.25
0 0 160.28
0.677 0.001 160.32
0 0 160.35
0.678 0.002 160.38
0.68 0.001 160.41
0.68 0.001 160.45
0 0 160.48
0 0 160.51
0 0 160.55
0.669 0.015 160.58
0.663 0.009 160.61
0.66 0.004 160.65
0.658 0.003 160.68
0.657 0.003 160.71
0.656 0.003 160.75
0.654 0.003 160.78
0.651 0.003 160.82
0.649 0.003 160.85
0.645 0.004 160.88
0.642 0.003 160.91
0.64 0.004 160.95
0.637 0.004 160.98
0.633 0.004 161.01
0.63 0.003 161.05
0 0 161.08
0 0 161.11
0.623 0.009 161.15
0 0 161.18
0 0 161.21
0 0 161.24
0.615 0.009 161.28
0.605 0.013 161.31
0.601 0.007 161.35
0.594 0.009 161.38
0.586 0.01 161.41
0.573 0.014 161.45
0.552 0.022 161.48
0.532 0.02 161.52
0.507 0.025 161.55
0.481 0.025 161.58
0.454 0.028 161.62
0.429 0.026 161.65
0.403 0.027 161.68
0.378 0.026 161.71
0.352 0.028 161.75
0.331 0.024 161.78
0.31 0.024 161.82
0.293 0.02 161.85
0.28 0.017 161.88
0 0 161.91
0 0 161.94
0 0 161.98
0 0 162.01
0 0 162.04
0.259 0.052 162.08
0.26 0.003 162.12
0.261 0.003 162.15
0.262 0.003 162.18
0 0 162.21
0 0 162.24
0.266 0.01 162.28
0.268 0.003 162.31
0 0 162.34
0 0 162.38
0 0 162.41
0 0 162.44
0 0 162.48
0 0 162.51
0 0 162.54
0 0 162.58
0.288 0.023 162.61
0 0 162.65
0 0 162.68
0.292 0.008 162.71
0.293 0.003 162.75
0.295 0.005 162.78
0.296 0.003 162.81
0 0 162.84
0.301 0.009 162.88
0.303 0.002 162.91
0.304 0.002 162.95
0.304 0.001 162.98
0 0 163.01
0 0 163.04
0.303 0.001 163.08
0.304 0.001 163.12
0.304 0.002 163.15
0.305 0.004 163.18
0.308 0.005 163.21
0.31 0.005 163.25
0.313 0.003 163.28
0.316 0.006 163.31
0.32 0.004 163.35
0.321 0.004 163.38
0.32 0.003 163.41
0.319 0.004 163.44
0.316 0.005 163.48
0.313 0.006 163.51
0.312 0.002 163.55
0.312 0.002 163.58
0.312 0.002 163.61
0.312 0.002 163.65
0.313 0.001 163.68
0.314 0.003 163.72
0.315 0.004 163.75
0.317 0.002 163.78
0.317 0.001 163.82
0.318 0.002 163.85
0.319 0.001 163.88
0.32 0.002 163.91
0.32 0.003 163.95
0.32 0.002 163.98
0.32 0.001 164.01
0.32 0.002 164.04
0.32 0.001 164.08
0.321 0.001 164.11
0.321 0.002 164.15
0.32 0.001 164.18
0.319 0.001 164.21
0.317 0.002 164.25
0.314 0.004 164.28
0.311 0.004 164.31
0.308 0.004 164.34
0.305 0.004 164.38
0 0 164.41
0.303 0.003 164.45
0.305 0.003 164.48
0.308 0.003 164.51
0.31 0.003 164.55
0.313 0.004 164.58
0.313 0.002 164.61
0.312 0.002 164.65
0.312 0.001 164.68
0 0 164.71
0.312 0.002 164.74
0.312 0.001 164.78
0.312 0.001 164.81
0.312 0.001 164.85
0.313 0.001 164.88
0.314 0.001 164.91
0.315 0.002 164.95
0.318 0.003 164.98
0.319 0.003 165.01
0.321 0.002 165.04
0.322 0.003 165.08
0.324 0.003 165.11
0.324 0.001 165.15
0.325 0.001 165.18
0.325 0.0 165.21
0.325 0.002 165.24
0.324 0.001 165.28
0.324 0.002 165.31
0 0 165.34
0.324 0.001 165.38
0.324 0.002 165.41
0.324 0.003 165.45
0.324 0.002 165.48
0.324 0.005 165.51
0 0 165.54
0 0 165.58
0.326 0.013 165.61
0 0 165.64
0 0 165.68
0 0 165.71
0.326 0.002 165.75
0 0 165.78
0.33 0.004 165.81
0.331 0.005 165.85
0.332 0.005 165.88
0.334 0.005 165.92
0.337 0.004 165.94
0.339 0.002 165.98
0.339 0.004 166.01
0.339 0.004 166.04
0.34 0.002 166.08
0.34 0.002 166.11
0.34 0.002 166.15
0.34 0.001 166.18
0.34 0.002 166.21
0.341 0.002 166.25
0.341 0.002 166.28
0.343 0.003 166.31
0.344 0.002 166.35
0.346 0.003 166.38
0.349 0.002 166.41
0.351 0.003 166.44
0.352 0.003 166.48
0.353 0.002 166.51
0.353 0.002 166.54
0.353 0.002 166.58
0.351 0.003 166.61
0.35 0.002 166.65
0.346 0.005 166.68
0.345 0.003 166.71
0.344 0.003 166.75
0.345 0.001 166.78
0.345 0.0 166.81
0.344 0.001 166.85
0.343 0.002 166.88
0.342 0.003 166.91
0.341 0.002 166.95
0.339 0.002 166.98
0.338 0.002 167.01
0.336 0.002 167.04
0.334 0.002 167.08
0.333 0.003 167.11
0.333 0.003 167.15
0.334 0.005 167.18
0.337 0.007 167.21
0.344 0.011 167.24
0.349 0.009 167.28
0.354 0.008 167.31
0.36 0.009 167.34
0.366 0.01 167.38
0.372 0.01 167.41
0.378 0.011 167.44
0.385 0.014 167.48
0.395 0.015 167.51
0.407 0.018 167.54
0.418 0.015 167.58
0.431 0.018 167.61
0.444 0.016 167.64
0.455 0.012 167.68
0.467 0.014 167.71
0.475 0.009 167.74
0.481 0.007 167.78
0 0 167.81
0.49 0.012 167.84
0.492 0.005 167.88
0.49 0.002 167.91
0.49 0.003 167.95
0 0 167.98
0.483 0.008 168.01
0.478 0.006 168.05
0.472 0.006 168.08
0.465 0.007 168.11
0.459 0.006 168.14
0.454 0.005 168.18
0.451 0.004 168.21
0 0 168.24
0.447 0.009 168.28
0.449 0.004 168.31
0.447 0.003 168.34
0.446 0.003 168.38
0.446 0.002 168.41
0.443 0.002 168.44
0.441 0.003 168.48
0 0 168.51
0.436 0.004 168.54
0.435 0.002 168.58
0 0 168.61
0 0 168.64
0.431 0.003 168.68
0.434 0.004 168.71
0.432 0.001 168.74
0.433 0.002 168.78
0.433 0.001 168.81
0 0 168.84
0.432 0.002 168.88
0.429 0.004 168.91
0.428 0.002 168.95
0.425 0.004 168.98
0.426 0.002 169.01
0.423 0.001 169.05
0.422 0.002 169.08
0 0 169.11
0.419 0.003 169.14
0.415 0.002 169.18
0.414 0.003 169.21
0.413 0.002 169.25
0.409 0.003 169.28
0.407 0.002 169.31
0.406 0.002 169.34
0.399 0.002 169.38
0.398 0.002 169.41
0 0 169.44
0.395 0.004 169.48
0.391 0.001 169.51
0.392 0.002 169.55
0.392 0.002 169.58
0.389 0.001 169.61
0.389 0.002 169.64
0 0 169.67
0.386 0.005 169.71
0.388 0.004 169.75
0.39 0.004 169.78
0.389 0.005 169.81
0.39 0.003 169.84
0 0 169.87
0 0 169.91
0 0 169.94
0.396 0.014 169.98
0 0 170.01
0 0 170.05
0.404 0.014 170.08
0.407 0.003 170.11
0.408 0.009 170.15
0 0 170.19
0.422 0.021 170.22
0.422 0.011 170.25
0.431 0.014 170.28
0.436 0.007 170.31
0.442 0.008 170.35
0.445 0.01 170.38
0 0 170.41
0 0 170.44
0 0 170.48
0 0 170.51
0.484 0.072 170.55
0.484 0.012 170.58
0 0 170.61
0 0 170.64
0 0 170.67
0 0 170.71
0 0 170.74
0.53 0.064 170.78
0.522 0.003 170.81
0.522 0.003 170.84
0.522 0.002 170.88
0 0 170.91
0.522 0.006 170.94
0.513 0.011 170.98
0 0 171.01
0.507 0.002 171.04
0.511 0.004 171.08
0.508 0.004 171.11
0.516 0.016 171.14
0.503 0.017 171.18
0.504 0.001 171.21
0.498 0.001 171.25
0.509 0.013 171.28
0.494 0.019 171.31
0.488 0.001 171.34
0 0 171.37
0.49 0.002 171.41
0.49 0.001 171.45
0.483 0.002 171.48
0.493 0.012 171.51
