0 0 10.08
0 0 10.11
0 0 10.14
0 0 10.18
0 0 10.21
0 0 10.24
0 0 10.28
0 0 10.31
0 0 10.35
0 0 10.38
0 0 10.41
0 0 10.45
0 0 10.48
0 0 10.51
0 0 10.54
0 0 10.58
0 0 10.61
0 0 10.64
0 0 10.68
0 0 10.71
0 0 10.74
0 0 10.78
0 0 10.81
0 0 10.85
0 0 10.88
0 0 10.91
0 0 10.95
0 0 10.98
0 0 11.01
0 0 11.04
0 0 11.08
0 0 11.11
0 0 11.14
0 0 11.18
0 0 11.21
0 0 11.24
0 0 11.28
0 0 11.31
0 0 11.34
0 0 11.38
0 0 11.41
0 0 11.44
0 0 11.48
0 0 11.51
0 0 11.54
0 0 11.58
0 0 11.61
0 0 11.64
0 0 11.68
0 0 11.71
0 0 11.74
0 0 11.78
0 0 11.81
0 0 11.84
0 0 11.88
0 0 11.91
0 0 11.94
0 0 11.98
0 0 12.01
0 0 12.04
0 0 12.08
0 0 12.11
0 0 12.14
0 0 12.18
0 0 12.21
0 0 12.25
0 0 12.28
0 0 12.31
0 0 12.34
0 0 12.38
0 0 12.41
0 0 12.44
0 0 12.48
0 0 12.51
0 0 12.54
0 0 12.58
0 0 12.61
0 0 12.64
0 0 12.68
0 0 12.71
0 0 12.74
0 0 12.78
0 0 12.81
0 0 12.85
0 0 12.88
0 0 12.91
0 0 12.94
0 0 12.98
0 0 13.01
0 0 13.04
0 0 13.08
0 0 13.11
0 0 13.14
0 0 13.18
0 0 13.21
0 0 13.24
0 0 13.28
0 0 13.31
0 0 13.34
0 0 13.38
0 0 13.41
0 0 13.44
0 0 13.48
0 0 13.51
0 0 13.54
0 0 13.58
0 0 13.61
0 0 13.64
0 0 13.68
0 0 13.71
0 0 13.74
0 0 13.77
0 0 13.81
0 0 13.84
0 0 13.88
0 0 13.91
0 0 13.94
0 0 13.98
0 0 14.01
0 0 14.04
0 0 14.08
0 0 14.11
0 0 14.14
0 0 14.18
0 0 14.21
0 0 14.24
0 0 14.28
0 0 14.31
0 0 14.35
0 0 14.38
0 0 14.41
0 0 14.44
0 0 14.48
0 0 14.51
0 0 14.54
0 0 14.58
0 0 14.61
0 0 14.64
0 0 14.68
0 0 14.71
0 0 14.74
0 0 14.78
0 0 14.81
0 0 14.85
0 0 14.88
0 0 14.91
0 0 14.94
0 0 14.98
0 0 15.01
0 0 15.04
0 0 15.08
0 0 15.11
0 0 15.14
0 0 15.18
0 0 15.21
0 0 15.24
0 0 15.28
0 0 15.31
0 0 15.34
0 0 15.38
0 0 15.41
0 0 15.44
0 0 15.48
0 0 15.51
0 0 15.54
0 0 15.58
0 0 15.61
0 0 15.64
0 0 15.68
0 0 15.71
0 0 15.74
0 0 15.77
0 0 15.81
0 0 15.84
0 0 15.88
0 0 15.91
0 0 15.94
0.516 0.085 15.98
0 0 16.01
0 0 16.04
0 0 16.08
0 0 16.11
0.5 0.009 16.15
0.504 0.005 16.18
0.495 0.004 16.21
0 0 16.25
0 0 16.28
0 0 16.31
0.505 0.02 16.34
0.505 0.0 16.38
0.506 0.001 16.41
0.506 0.008 16.45
0 0 16.48
0 0 16.51
0 0 16.54
0 0 16.58
0.5 0.002 16.61
0.488 0.014 16.65
0.491 0.012 16.69
0.482 0.01 16.72
0.473 0.01 16.75
0 0 16.78
0 0 16.81
0.485 0.025 16.85
0.477 0.004 16.88
0 0 16.91
0.485 0.009 16.94
0 0 16.98
0.472 0.013 17.01
0 0 17.04
0.484 0.013 17.08
0 0 17.11
0 0 17.14
0.49 0.015 17.18
0 0 17.21
0 0 17.24
0 0 17.27
0 0 17.31
0 0 17.34
0 0 17.38
0 0 17.41
0 0 17.44
0 0 17.47
0 0 17.51
0 0 17.54
0 0 17.58
0 0 17.61
0 0 17.64
0 0 17.68
0 0 17.71
0 0 17.74
0 0 17.77
0 0 17.81
0 0 17.84
0 0 17.87
0 0 17.91
0 0 17.94
0.446 0.026 17.97
0.439 0.008 18.01
0 0 18.04
0.428 0.009 18.08
0 0 18.11
0 0 18.14
0 0 18.18
0 0 18.21
0.402 0.025 18.25
0.4 0.005 18.28
0.395 0.005 18.31
0.392 0.005 18.35
0.389 0.006 18.38
0.384 0.005 18.41
0.379 0.007 18.45
0.379 0.004 18.48
0.377 0.003 18.51
0.376 0.004 18.55
0.373 0.005 18.58
0.375 0.005 18.62
0.378 0.005 18.64
0.38 0.003 18.68
0.387 0.008 18.71
0.389 0.003 18.75
0.392 0.005 18.78
0.395 0.004 18.82
0.399 0.008 18.85
0.398 0.006 18.88
0.397 0.007 18.91
0.397 0.007 18.94
0.396 0.006 18.98
0.396 0.005 19.01
0 0 19.04
0.388 0.009 19.08
0 0 19.11
0.384 0.006 19.14
0.385 0.004 19.18
0.385 0.002 19.21
0.387 0.003 19.24
0.386 0.002 19.28
0.391 0.006 19.31
0.396 0.006 19.35
0 0 19.37
0.402 0.008 19.41
0.406 0.004 19.45
0 0 19.48
0.417 0.012 19.52
0 0 19.54
0.423 0.006 19.58
0.427 0.005 19.61
0.432 0.005 19.65
0.434 0.003 19.68
0.429 0.006 19.71
0.428 0.002 19.75
0.432 0.006 19.78
0.427 0.006 19.81
0.428 0.002 19.84
0.425 0.003 19.88
0.424 0.001 19.91
0.421 0.003 19.94
0.424 0.004 19.98
0.416 0.011 20.01
0.418 0.004 20.04
0.417 0.003 20.08
0.418 0.002 20.11
0.416 0.003 20.14
0.416 0.002 20.18
0.418 0.002 20.21
0 0 20.24
0.42 0.001 20.28
0 0 20.31
0.415 0.007 20.35
0.415 0.0 20.38
0.416 0.0 20.41
0.417 0.001 20.44
0 0 20.48
0.418 0.003 20.51
0.417 0.001 20.54
0.415 0.002 20.58
0.414 0.003 20.61
0.414 0.0 20.64
0.415 0.002 20.68
0.417 0.0 20.71
0.415 0.002 20.74
0.415 0.0 20.78
0 0 20.81
0 0 20.84
0.414 0.004 20.88
0.416 0.002 20.92
0.417 0.002 20.94
0.414 0.004 20.98
0.414 0.001 21.02
0.413 0.004 21.05
0.41 0.003 21.09
0.407 0.003 21.11
0.408 0.002 21.15
0.403 0.005 21.18
0.397 0.007 21.21
0.392 0.005 21.25
0.39 0.005 21.28
0.382 0.009 21.32
0.376 0.006 21.34
0.372 0.009 21.38
0.366 0.007 21.41
0.356 0.011 21.44
0.355 0.006 21.48
0.348 0.008 21.51
0.341 0.008 21.55
0.339 0.007 21.58
0.33 0.01 21.61
0.324 0.007 21.64
0.318 0.007 21.68
0.314 0.009 21.71
0.309 0.007 21.74
0.303 0.007 21.78
0.302 0.006 21.81
0.297 0.006 21.84
0.292 0.006 21.88
0.298 0.005 21.91
0.293 0.005 21.94
0.29 0.004 21.98
0.293 0.004 22.02
0.289 0.005 22.05
0.287 0.003 22.08
0.284 0.004 22.11
0.288 0.002 22.15
0.285 0.005 22.18
0.283 0.002 22.22
0.288 0.002 22.25
0.286 0.003 22.28
0.285 0.003 22.31
0.291 0.002 22.35
0.29 0.002 22.38
0.29 0.002 22.42
0.296 0.002 22.45
0.296 0.001 22.48
0.296 0.001 22.51
0.295 0.002 22.54
0.3 0.002 22.58
0.298 0.003 22.61
0.295 0.003 22.64
0.299 0.003 22.68
0.296 0.005 22.71
0.296 0.002 22.74
0.299 0.004 22.78
0.298 0.002 22.81
0.297 0.003 22.85
0.3 0.004 22.89
0.299 0.003 22.92
0.297 0.003 22.95
0.296 0.003 22.98
0.3 0.003 23.01
0.298 0.003 23.04
0.297 0.003 23.08
0.306 0.002 23.11
0.305 0.003 23.15
0.304 0.001 23.18
0 0 23.21
0 0 23.24
0.308 0.006 23.28
0 0 23.31
0 0 23.34
0.314 0.002 23.38
0.314 0.001 23.41
0.317 0.001 23.45
0 0 23.47
0 0 23.51
0.319 0.003 23.54
0.318 0.002 23.58
0.317 0.002 23.61
0.321 0.003 23.64
0.32 0.001 23.68
0.319 0.003 23.72
0.324 0.003 23.76
0.322 0.004 23.78
0.322 0.005 23.81
0.321 0.001 23.85
0 0 23.87
0 0 23.91
0 0 23.94
0.326 0.006 23.98
0.324 0.005 24.02
0 0 24.04
0.329 0.007 24.08
0.33 0.001 24.11
0.329 0.003 24.15
0 0 24.18
0 0 24.21
0 0 24.24
0 0 24.27
0.334 0.005 24.31
0 0 24.34
0.334 0.001 24.38
0 0 24.42
0 0 24.45
0.337 0.003 24.48
0 0 24.51
0 0 24.54
0.34 0.002 24.58
0 0 24.61
0.342 0.003 24.64
0.343 0.002 24.68
0.344 0.001 24.71
0.347 0.003 24.74
0.347 0.002 24.78
0.348 0.002 24.81
0 0 24.84
0 0 24.87
0.351 0.002 24.91
0.354 0.006 24.95
0.354 0.001 24.98
0 0 25.01
0.355 0.002 25.04
0 0 25.08
0 0 25.11
0.359 0.003 25.15
0 0 25.18
0 0 25.21
0.364 0.006 25.24
0.366 0.002 25.28
0.366 0.004 25.31
0.367 0.002 25.35
0.368 0.002 25.38
0.368 0.003 25.41
0.368 0.002 25.44
0.369 0.002 25.48
0.37 0.002 25.51
0.37 0.002 25.54
0.37 0.003 25.58
0.372 0.004 25.62
0.374 0.004 25.65
0.375 0.005 25.68
0.377 0.006 25.71
0.381 0.006 25.75
0.384 0.007 25.78
0.388 0.007 25.81
0.391 0.007 25.85
0.394 0.007 25.88
0.399 0.008 25.93
0.404 0.008 25.96
0.407 0.007 25.99
0.412 0.008 26.02
0.419 0.009 26.06
0.426 0.009 26.08
0.433 0.01 26.11
0.441 0.01 26.15
0.45 0.011 26.18
0.457 0.009 26.22
0.467 0.011 26.26
0.477 0.011 26.29
0.484 0.009 26.32
0.493 0.01 26.35
0.5 0.009 26.38
0 0 26.41
0.514 0.017 26.44
0.519 0.007 26.48
0.528 0.01 26.51
0 0 26.55
0.537 0.012 26.59
0.543 0.007 26.61
0 0 26.64
0 0 26.68
0 0 26.71
0 0 26.74
0 0 26.78
0 0 26.81
0.608 0.068 26.85
0 0 26.87
0.629 0.021 26.91
0 0 26.94
0.651 0.024 26.98
0 0 27.01
0.666 0.017 27.04
0.677 0.015 27.08
0.675 0.007 27.11
0.684 0.013 27.15
0 0 27.18
0.692 0.015 27.22
0.691 0.005 27.25
0.693 0.005 27.28
0.694 0.004 27.31
0.692 0.004 27.35
0 0 27.37
0.692 0.007 27.41
0.689 0.004 27.44
0 0 27.48
0.683 0.007 27.52
0.681 0.002 27.55
0.681 0.001 27.58
0.68 0.002 27.61
0.675 0.007 27.64
0.676 0.001 27.69
0.672 0.006 27.72
0.673 0.002 27.75
0.671 0.007 27.78
0.675 0.004 27.81
0.673 0.003 27.85
0.674 0.002 27.88
0.672 0.003 27.91
0.669 0.003 27.95
0.663 0.006 27.98
0.662 0.002 28.01
0.662 0.002 28.04
0.661 0.002 28.08
0.66 0.002 28.11
0.66 0.002 28.15
0.663 0.003 28.18
0.665 0.003 28.21
0.668 0.003 28.25
0.668 0.004 28.28
0.666 0.004 28.31
0.669 0.003 28.35
0.672 0.003 28.39
0.669 0.004 28.42
0.668 0.001 28.44
0.667 0.002 28.48
0.663 0.006 28.51
0.661 0.004 28.55
0.662 0.001 28.58
0.66 0.004 28.61
0 0 28.64
0.661 0.002 28.68
0.662 0.001 28.71
0.662 0.001 28.75
0.66 0.002 28.78
0 0 28.81
0.657 0.004 28.85
0.654 0.004 28.88
0.653 0.002 28.91
0.649 0.005 28.94
0.644 0.005 28.97
0.642 0.003 29.01
0.639 0.004 29.04
0.631 0.009 29.08
0.627 0.004 29.11
0.625 0.003 29.15
0.621 0.004 29.18
0.616 0.004 29.21
0.616 0.002 29.24
0 0 29.28
0.613 0.004 29.31
0.612 0.001 29.36
0.612 0.001 29.39
0.612 0.001 29.42
0.611 0.001 29.46
0.611 0.001 29.49
0.61 0.004 29.52
0.611 0.005 29.55
0.611 0.0 29.58
0.612 0.003 29.61
0.614 0.004 29.64
0.616 0.002 29.68
0 0 29.71
0.619 0.004 29.74
0.62 0.003 29.77
0.624 0.004 29.81
0.628 0.004 29.85
0.633 0.005 29.88
0.639 0.006 29.91
0.644 0.008 29.94
0 0 29.97
0.647 0.007 30.02
0 0 30.04
0 0 30.08
0.65 0.003 30.12
0.651 0.001 30.15
0.65 0.001 30.18
0 0 30.21
0.648 0.003 30.24
0 0 30.28
0.646 0.004 30.31
0.645 0.004 30.35
0.645 0.001 30.38
0.647 0.003 30.41
0.647 0.002 30.44
0.648 0.002 30.47
0.647 0.002 30.51
0.646 0.001 30.54
0.646 0.001 30.58
0.648 0.005 30.61
0.644 0.003 30.64
0.645 0.006 30.68
0 0 30.71
0.643 0.006 30.74
0.636 0.008 30.78
0.63 0.007 30.81
0.62 0.009 30.85
0.607 0.013 30.88
0.59 0.017 30.91
0.575 0.015 30.94
0.558 0.017 30.97
0.54 0.018 31.01
0.52 0.02 31.05
0.502 0.018 31.07
0.484 0.019 31.11
0.467 0.017 31.14
0.451 0.017 31.18
0.436 0.016 31.21
0.422 0.015 31.25
0.407 0.019 31.28
0.395 0.014 31.31
0.387 0.012 31.34
0.379 0.012 31.37
0.374 0.009 31.41
0.37 0.007 31.44
0.366 0.007 31.47
0.365 0.006 31.51
0.363 0.005 31.54
0.36 0.005 31.58
0.357 0.005 31.61
0.354 0.004 31.64
0.351 0.004 31.68
0.348 0.005 31.71
0.346 0.003 31.74
0.345 0.004 31.77
0.344 0.003 31.81
0.343 0.003 31.84
0.343 0.002 31.87
0.342 0.002 31.91
0 0 31.94
0 0 31.97
0 0 32.01
0.343 0.006 32.04
0.343 0.001 32.07
0.344 0.002 32.11
0 0 32.14
0 0 32.17
0 0 32.21
0.348 0.004 32.24
0 0 32.27
0.349 0.001 32.31
0 0 32.34
0.35 0.003 32.38
0.349 0.002 32.41
0 0 32.44
0 0 32.47
0.349 0.001 32.51
0 0 32.54
0 0 32.57
0.346 0.003 32.61
0 0 32.64
0 0 32.67
0 0 32.71
0.345 0.004 32.74
0 0 32.77
0 0 32.81
0 0 32.84
0 0 32.87
0.346 0.006 32.91
0 0 32.94
0.346 0.006 32.98
0.346 0.003 33.01
0.347 0.004 33.04
0.348 0.004 33.08
0.349 0.004 33.11
0.35 0.004 33.14
0.352 0.005 33.18
0.353 0.005 33.21
0.354 0.005 33.24
0.356 0.005 33.28
0.358 0.007 33.31
0.36 0.006 33.34
0.363 0.007 33.38
0.367 0.008 33.41
0.372 0.009 33.44
0.378 0.01 33.47
0.385 0.011 33.51
0.396 0.013 33.55
0.406 0.014 33.58
0.42 0.015 33.61
0.435 0.016 33.64
0.449 0.017 33.68
0.466 0.018 33.71
0.482 0.017 33.74
0.497 0.017 33.78
0 0 33.81
0.531 0.034 33.85
0.546 0.015 33.88
0.559 0.014 33.91
0.571 0.013 33.94
0.583 0.012 33.98
0.59 0.009 34.02
0.598 0.009 34.04
0.61 0.013 34.08
0.615 0.007 34.11
0.62 0.005 34.14
0.625 0.005 34.18
0.624 0.002 34.21
0.628 0.005 34.25
0.63 0.002 34.28
0.631 0.002 34.31
0.631 0.004 34.34
0.63 0.003 34.38
0.631 0.002 34.41
0.625 0.002 34.44
0.625 0.002 34.47
0.624 0.002 34.51
0.623 0.004 34.54
0.622 0.003 34.58
0.623 0.002 34.61
0.626 0.004 34.64
0.62 0.003 34.68
0.62 0.001 34.71
0.619 0.003 34.74
0.622 0.01 34.77
0.621 0.005 34.81
0.622 0.004 34.84
0.618 0.003 34.88
0.619 0.002 34.92
0.618 0.003 34.94
0.614 0.002 34.98
0.615 0.002 35.01
0.613 0.003 35.04
0.613 0.0 35.07
0.606 0.003 35.11
0.607 0.002 35.14
0.602 0.006 35.18
0.595 0.002 35.21
0 0 35.24
0.587 0.008 35.27
0.58 0.002 35.31
0.58 0.001 35.35
0.58 0.002 35.38
0.574 0.001 35.42
0.572 0.002 35.45
0.572 0.001 35.48
0 0 35.51
0.565 0.005 35.54
0.56 0.005 35.57
0.56 0.001 35.61
0.548 0.002 35.64
0.547 0.001 35.68
0.546 0.001 35.71
0.541 0.004 35.74
0 0 35.77
0 0 35.81
0.542 0.001 35.84
0 0 35.87
0 0 35.91
0.539 0.007 35.94
0 0 35.97
0.533 0.002 36.01
0.531 0.003 36.04
0.526 0.004 36.07
0.524 0.003 36.11
0 0 36.14
0.527 0.005 36.17
0.518 0.002 36.21
0 0 36.24
0 0 36.27
0.511 0.001 36.31
0.512 0.001 36.34
0 0 36.37
0.506 0.004 36.41
0.506 0.002 36.44
0 0 36.47
0 0 36.51
0 0 36.54
0 0 36.57
0 0 36.6
0 0 36.64
0 0 36.67
0.499 0.007 36.71
0 0 36.74
0.491 0.003 36.77
0 0 36.81
0 0 36.84
0.491 0.011 36.87
0 0 36.91
0.482 0.002 36.94
0.482 0.0 36.97
0 0 37.01
0.484 0.003 37.04
0.477 0.001 37.07
0.477 0.001 37.11
0.478 0.002 37.14
0.464 0.001 37.18
0.467 0.005 37.21
0.466 0.003 37.25
0.463 0.006 37.28
0.466 0.003 37.31
0.466 0.002 37.34
0.464 0.006 37.38
0 0 37.41
0.465 0.003 37.44
0.468 0.005 37.47
0.462 0.001 37.51
0 0 37.54
0.466 0.006 37.58
0.461 0.001 37.61
0 0 37.64
0.465 0.004 37.68
0.461 0.002 37.71
0.464 0.003 37.74
0.466 0.003 37.78
0.464 0.003 37.81
0.465 0.002 37.84
0.467 0.003 37.87
0.469 0.002 37.91
0.463 0.001 37.94
0.463 0.001 37.97
0.463 0.001 38.01
0.46 0.002 38.04
0.462 0.003 38.07
0 0 38.1
0 0 38.14
0.46 0.004 38.18
0.46 0.001 38.21
0 0 38.24
0.456 0.004 38.28
0 0 38.31
0.462 0.008 38.34
0.459 0.001 38.37
0.462 0.004 38.41
0.465 0.003 38.44
0.463 0.002 38.48
0.462 0.002 38.51
0.463 0.002 38.54
0.461 0.0 38.57
0.46 0.001 38.61
0.462 0.002 38.64
0.462 0.001 38.68
0.458 0.001 38.71
0.462 0.005 38.74
0 0 38.77
0.459 0.002 38.81
0.457 0.003 38.84
0.46 0.004 38.87
0.457 0.002 38.91
0.457 0.001 38.94
0.457 0.001 38.98
0.458 0.003 39.01
0 0 39.04
0.457 0.002 39.07
0.457 0.0 39.11
0.455 0.001 39.14
0.455 0.001 39.17
0.455 0.0 39.21
0.452 0.002 39.24
0.452 0.001 39.27
0.453 0.0 39.31
0.452 0.0 39.34
0.453 0.002 39.37
0.454 0.0 39.41
0.453 0.002 39.44
0 0 39.47
0.453 0.001 39.51
0.453 0.001 39.54
0.452 0.001 39.57
0.454 0.003 39.61
0.454 0.0 39.64
0.453 0.001 39.67
0.454 0.001 39.71
0.453 0.002 39.74
0.453 0.001 39.78
0.453 0.001 39.81
0.452 0.001 39.84
0.454 0.003 39.87
0.452 0.003 39.91
0 0 39.94
0.454 0.003 39.98
0.452 0.003 40.01
0.45 0.002 40.04
0.451 0.001 40.07
0.45 0.001 40.11
0.45 0.0 40.14
0.449 0.001 40.18
0.447 0.002 40.21
0.45 0.004 40.24
0.45 0.0 40.28
0.45 0.001 40.32
0.448 0.003 40.35
0.447 0.001 40.38
0.446 0.002 40.41
0.446 0.001 40.44
0.446 0.001 40.47
0.446 0.001 40.51
0.446 0.001 40.54
0.447 0.001 40.57
0.445 0.002 40.61
0.444 0.0 40.64
0.443 0.003 40.68
0.446 0.005 40.71
0.445 0.002 40.74
0.444 0.001 40.77
0.443 0.003 40.81
0 0 40.84
0.442 0.001 40.87
0.445 0.003 40.91
0.445 0.001 40.94
0.444 0.001 40.97
0.447 0.002 41.01
0.445 0.002 41.04
0.445 0.0 41.07
0.445 0.001 41.11
0.445 0.002 41.14
0.445 0.001 41.17
0.443 0.002 41.21
0.45 0.007 41.24
0.444 0.008 41.27
0.445 0.003 41.31
0.445 0.002 41.34
0 0 41.37
0.444 0.008 41.41
0.446 0.005 41.44
0.444 0.005 41.47
0.437 0.007 41.51
0.435 0.005 41.55
0.433 0.005 41.58
0.422 0.012 41.61
0.42 0.005 41.64
0.421 0.005 41.68
0.418 0.004 41.71
0.41 0.008 41.74
0.408 0.005 41.78
0.406 0.004 41.81
0.4 0.006 41.84
0.405 0.005 41.87
0.402 0.003 41.91
0.402 0.001 41.94
0.401 0.001 41.97
0 0 42.01
0 0 42.04
0.411 0.009 42.07
0.409 0.009 42.11
0 0 42.14
0.408 0.002 42.18
0 0 42.21
0.411 0.003 42.24
0.406 0.007 42.27
0.411 0.002 42.3
0.414 0.004 42.34
0.41 0.007 42.37
0.41 0.002 42.41
0.417 0.003 42.44
0.417 0.002 42.47
0.415 0.004 42.51
0.421 0.002 42.54
0.423 0.002 42.57
0.421 0.003 42.61
0.425 0.002 42.64
0.427 0.002 42.68
0 0 42.7
0 0 42.74
0.432 0.002 42.77
0.431 0.001 42.81
0.433 0.003 42.84
0.443 0.003 42.87
0.44 0.005 42.91
0.445 0.007 42.94
0 0 42.97
0.449 0.006 43.01
0.45 0.002 43.04
0.457 0.003 43.07
0.454 0.006 43.11
0 0 43.14
0.457 0.005 43.18
0 0 43.21
0.456 0.008 43.24
0.451 0.006 43.27
0.457 0.007 43.31
0.448 0.009 43.34
0.448 0.007 43.37
0 0 43.4
0.446 0.01 43.44
0.445 0.006 43.47
0 0 43.5
0.448 0.008 43.54
0 0 43.57
0 0 43.6
0.452 0.012 43.64
0 0 43.67
0.45 0.008 43.71
0 0 43.74
0.459 0.007 43.77
0.459 0.002 43.81
0.463 0.003 43.84
0.464 0.001 43.88
0.465 0.003 43.91
0.471 0.002 43.94
0.472 0.0 43.97
0.473 0.002 44.01
0.474 0.001 44.04
0.479 0.002 44.07
0.48 0.001 44.11
0.478 0.002 44.14
0.491 0.003 44.18
0 0 44.2
0.487 0.004 44.24
0.484 0.012 44.27
0.478 0.007 44.3
0 0 44.34
0.459 0.022 44.37
0 0 44.41
0.446 0.022 44.44
0 0 44.47
0.432 0.024 44.51
0.419 0.015 44.54
0.408 0.012 44.57
0.404 0.012 44.61
0.393 0.013 44.64
0.384 0.011 44.67
0.38 0.013 44.71
0.373 0.009 44.74
0.365 0.012 44.77
0.358 0.009 44.8
0.357 0.009 44.84
0.351 0.008 44.88
0.344 0.009 44.91
0.343 0.008 44.94
0.337 0.008 44.97
0.329 0.009 45.01
0.33 0.007 45.04
0.323 0.008 45.07
0.319 0.007 45.11
0.32 0.006 45.14
0.317 0.005 45.17
0.315 0.005 45.21
0.313 0.004 45.24
0.316 0.005 45.27
0.314 0.004 45.31
0.311 0.004 45.34
0.315 0.003 45.37
0.314 0.003 45.41
0.313 0.003 45.44
0.317 0.003 45.48
0.315 0.004 45.51
0.314 0.004 45.54
0.319 0.005 45.57
0 0 45.6
0.314 0.008 45.64
0.313 0.004 45.68
0 0 45.71
0 0 45.74
0 0 45.77
0.319 0.016 45.81
0 0 45.84
0.318 0.006 45.87
0.321 0.003 45.91
0.32 0.003 45.94
0.319 0.002 45.98
0.322 0.002 46.01
0.323 0.001 46.04
0.323 0.002 46.07
0.322 0.001 46.11
0.324 0.002 46.14
0.323 0.001 46.18
0 0 46.2
0.323 0.004 46.24
0 0 46.27
0.324 0.002 46.31
0 0 46.34
0.328 0.002 46.37
0.329 0.002 46.41
0.333 0.002 46.44
0 0 46.47
0.338 0.006 46.51
0.34 0.004 46.54
0 0 46.57
0.346 0.009 46.61
0.347 0.005 46.64
0.349 0.005 46.67
0.351 0.005 46.71
0.353 0.005 46.74
0.357 0.005 46.77
0.36 0.005 46.81
0.363 0.005 46.84
0.366 0.005 46.88
0.369 0.005 46.91
0.373 0.006 46.94
0.377 0.006 46.97
0.382 0.006 47.01
0.386 0.006 47.04
0.391 0.007 47.07
0.395 0.007 47.11
0.399 0.007 47.14
0.404 0.007 47.18
0.409 0.006 47.22
0.413 0.007 47.24
0.418 0.007 47.28
0.423 0.007 47.31
0.427 0.007 47.34
0.432 0.008 47.37
0.437 0.008 47.41
0.444 0.01 47.45
0.451 0.009 47.47
0.46 0.01 47.51
0 0 47.54
0.477 0.021 47.57
0.489 0.012 47.61
0.5 0.013 47.64
0.512 0.012 47.68
0 0 47.7
0.534 0.024 47.74
0.549 0.016 47.77
0.562 0.013 47.81
0.574 0.012 47.84
0 0 47.87
0.597 0.024 47.91
0 0 47.94
0 0 47.97
0.628 0.034 48.01
0.638 0.011 48.04
0.647 0.01 48.08
0.651 0.004 48.11
0.656 0.007 48.15
0.661 0.005 48.18
0.665 0.006 48.21
0.667 0.004 48.24
0.667 0.003 48.27
0 0 48.3
0.667 0.007 48.34
0.666 0.003 48.38
0.666 0.003 48.41
0.665 0.003 48.44
0.664 0.003 48.47
0.661 0.003 48.51
0.66 0.002 48.54
0.658 0.002 48.58
0.659 0.001 48.61
0.659 0.002 48.64
0.661 0.003 48.67
0.663 0.003 48.7
0.663 0.001 48.74
0.664 0.002 48.77
0.663 0.001 48.81
0.661 0.002 48.84
0.658 0.002 48.88
0.656 0.002 48.91
0 0 48.94
0.652 0.005 48.97
0.648 0.005 49.01
0.646 0.002 49.05
0.644 0.004 49.08
0.641 0.003 49.11
0.639 0.003 49.14
0 0 49.17
0.633 0.008 49.21
0.63 0.003 49.24
0.627 0.003 49.27
0.624 0.003 49.31
0.621 0.003 49.34
0.614 0.007 49.37
0.613 0.003 49.41
0.609 0.004 49.44
0.606 0.003 49.47
0.604 0.002 49.51
0.602 0.001 49.54
0.604 0.002 49.57
0.605 0.002 49.61
0.605 0.0 49.64
0.605 0.001 49.68
0.604 0.001 49.71
0 0 49.74
0.596 0.009 49.77
0 0 49.8
0.594 0.009 49.84
0.592 0.004 49.87
0.591 0.002 49.91
0.589 0.003 49.94
0.59 0.003 49.97
0.588 0.002 50.01
0.585 0.004 50.05
0 0 50.07
0.591 0.007 50.1
0.59 0.004 50.14
0.59 0.001 50.18
0.591 0.002 50.21
0.598 0.009 50.24
0 0 50.27
0.599 0.003 50.31
0.6 0.002 50.34
0 0 50.37
0 0 50.4
0 0 50.44
0 0 50.47
0.605 0.01 50.51
0 0 50.54
0.608 0.004 50.57
0.603 0.006 50.61
0.605 0.002 50.64
0 0 50.67
0 0 50.7
0 0 50.74
0 0 50.77
0 0 50.8
0 0 50.84
0 0 50.87
0 0 50.9
0 0 50.94
0 0 50.97
0.622 0.022 51.01
0 0 51.04
0 0 51.07
0 0 51.1
0 0 51.14
0 0 51.17
0 0 51.2
0 0 51.24
0.605 0.019 51.27
0.6 0.007 51.31
0 0 51.34
0 0 51.37
0.576 0.03 51.41
0.572 0.007 51.45
0.563 0.01 51.47
0.557 0.008 51.51
0.553 0.007 51.54
0.551 0.01 51.57
0.542 0.01 51.6
0.527 0.015 51.64
0.514 0.013 51.67
0.497 0.017 51.71
0.486 0.012 51.74
0.47 0.016 51.77
0.454 0.016 51.8
0.443 0.012 51.84
0.428 0.016 51.87
0.414 0.015 51.91
0.406 0.01 51.94
0.393 0.015 51.97
0.385 0.01 52.01
0.375 0.011 52.04
0.367 0.01 52.08
0.36 0.008 52.11
0.356 0.008 52.15
0.35 0.008 52.17
0.346 0.009 52.21
0.34 0.009 52.24
0.334 0.009 52.27
0.329 0.008 52.31
0.324 0.007 52.34
0.32 0.007 52.37
0.318 0.006 52.41
0.317 0.006 52.44
0.316 0.005 52.47
0.316 0.004 52.51
0.316 0.004 52.54
0.318 0.005 52.57
0.318 0.004 52.61
0.317 0.002 52.64
0.317 0.002 52.67
0.317 0.002 52.71
0.317 0.002 52.74
0.317 0.002 52.77
0.317 0.002 52.81
0 0 52.84
0.319 0.005 52.87
0 0 52.9
0 0 52.94
0.32 0.003 52.97
0 0 53.0
0.322 0.002 53.04
0.324 0.004 53.08
0.324 0.003 53.11
0.323 0.003 53.14
0 0 53.17
0.322 0.003 53.21
0 0 53.24
0 0 53.27
0 0 53.3
0.324 0.007 53.34
0.322 0.002 53.37
0 0 53.4
0 0 53.44
0.324 0.004 53.47
0 0 53.5
0 0 53.54
0.325 0.003 53.57
0 0 53.6
0.327 0.003 53.64
0 0 53.67
0.326 0.003 53.7
0 0 53.74
0 0 53.77
0.325 0.005 53.8
0 0 53.84
0 0 53.87
0.319 0.004 53.9
0.318 0.002 53.94
0 0 53.97
0 0 54.0
0 0 54.04
0 0 54.07
0 0 54.1
0 0 54.14
0.311 0.007 54.17
0 0 54.2
0 0 54.24
0.307 0.001 54.27
0 0 54.31
0 0 54.34
0 0 54.37
0 0 54.4
0.297 0.007 54.44
0 0 54.47
0.294 0.005 54.51
0 0 54.54
0 0 54.57
0 0 54.6
0 0 54.63
0.282 0.011 54.67
0.28 0.003 54.7
0.281 0.001 54.74
0 0 54.77
0 0 54.8
0.274 0.008 54.84
0 0 54.87
0 0 54.9
0 0 54.94
0 0 54.97
0.261 0.021 55.01
0.261 0.004 55.04
0.261 0.005 55.07
0.256 0.005 55.1
0.258 0.005 55.14
0.26 0.006 55.17
0.253 0.007 55.2
0.259 0.007 55.24
0.262 0.009 55.27
0.264 0.009 55.3
0.272 0.009 55.34
0.281 0.009 55.37
0.291 0.011 55.4
0.292 0.01 55.44
0.3 0.01 55.47
0.31 0.01 55.5
0.311 0.01 55.54
0.32 0.01 55.57
0.327 0.009 55.6
0.328 0.009 55.64
0.337 0.01 55.68
0.345 0.009 55.71
0.35 0.011 55.74
0.36 0.011 55.77
0.366 0.008 55.8
0.374 0.009 55.84
0.374 0.008 55.87
0.387 0.014 55.9
0.394 0.009 55.93
0.395 0.009 55.97
0.411 0.017 56.0
0.418 0.009 56.04
0.424 0.012 56.07
0 0 56.1
0 0 56.13
0 0 56.17
0 0 56.2
0.467 0.048 56.24
0 0 56.27
0 0 56.3
0 0 56.33
0 0 56.37
0 0 56.4
0 0 56.43
0 0 56.47
0 0 56.5
0 0 56.53
0 0 56.57
0 0 56.6
0 0 56.63
0 0 56.67
0 0 56.7
0 0 56.73
0 0 56.77
0 0 56.8
0.524 0.087 56.84
0 0 56.87
0 0 56.9
0 0 56.93
0 0 56.97
0 0 57.0
0 0 57.03
0.512 0.014 57.07
0.519 0.009 57.1
0.519 0.002 57.14
0.515 0.002 57.17
0.517 0.003 57.2
0.513 0.005 57.24
0.511 0.002 57.27
0.512 0.002 57.3
0 0 57.33
0 0 57.37
0.508 0.007 57.4
0.506 0.003 57.44
0.504 0.003 57.47
0.506 0.005 57.5
0.508 0.003 57.54
0.507 0.003 57.57
0.502 0.006 57.6
0.508 0.007 57.64
0.507 0.004 57.67
0 0 57.7
0.509 0.006 57.74
0.504 0.007 57.77
0 0 57.8
0.502 0.003 57.84
0 0 57.87
0.499 0.003 57.9
0.495 0.003 57.94
0.49 0.006 57.97
0.488 0.002 58.0
0.486 0.002 58.04
0.482 0.004 58.07
0.476 0.006 58.1
0.472 0.003 58.13
0.468 0.005 58.17
0.465 0.003 58.2
0.463 0.002 58.24
0.457 0.005 58.27
0 0 58.3
0.45 0.008 58.34
0.448 0.003 58.37
0.442 0.005 58.4
0.441 0.002 58.44
0.44 0.001 58.47
0.439 0.003 58.51
0.44 0.002 58.54
0.438 0.003 58.57
0.44 0.003 58.6
0.441 0.0 58.64
0.44 0.0 58.67
0.44 0.001 58.7
0.439 0.001 58.73
0.437 0.002 58.77
0.439 0.006 58.8
0.436 0.003 58.84
0.437 0.005 58.87
0.435 0.002 58.9
0.432 0.003 58.94
0 0 58.97
0.432 0.002 59.0
0 0 59.03
0.432 0.002 59.07
0 0 59.1
0.433 0.002 59.14
0 0 59.17
0.43 0.003 59.2
0.431 0.003 59.24
0.43 0.002 59.27
0 0 59.3
0.427 0.003 59.34
0.429 0.003 59.37
0.428 0.003 59.4
0 0 59.43
0.432 0.005 59.47
0 0 59.5
0.434 0.001 59.54
0 0 59.57
0.437 0.003 59.6
0 0 59.63
0.443 0.006 59.67
0.447 0.003 59.7
0 0 59.73
0 0 59.77
0.454 0.007 59.8
0 0 59.83
0 0 59.87
0 0 59.9
0 0 59.94
0 0 59.97
0.458 0.002 60.0
0 0 60.03
0.462 0.002 60.07
0.459 0.003 60.1
0.459 0.001 60.14
0.46 0.002 60.17
0 0 60.2
0 0 60.23
0.468 0.005 60.27
0.468 0.0 60.3
0.469 0.003 60.34
0.469 0.001 60.37
0.467 0.004 60.4
0.467 0.002 60.44
0 0 60.47
0.478 0.007 60.5
0.477 0.002 60.54
0.479 0.003 60.57
0 0 60.6
0 0 60.63
0.472 0.008 60.67
0 0 60.7
0.477 0.003 60.74
0.474 0.003 60.77
0.474 0.003 60.8
0.473 0.003 60.84
0 0 60.87
0 0 60.9
0.467 0.013 60.93
0 0 60.96
0 0 61.0
0.46 0.01 61.03
0.453 0.009 61.07
0 0 61.1
0.444 0.02 61.13
0.441 0.006 61.17
0.438 0.007 61.2
0.441 0.006 61.24
0.44 0.009 61.27
0.434 0.007 61.3
0.428 0.008 61.34
0.418 0.01 61.37
0.409 0.01 61.4
0.406 0.012 61.43
0.396 0.01 61.47
0.386 0.01 61.51
0.375 0.011 61.54
0.367 0.008 61.57
0.358 0.011 61.6
0.349 0.009 61.63
0.349 0.01 61.67
0.342 0.007 61.7
0.333 0.01 61.73
0.326 0.008 61.77
0.319 0.008 61.8
0.311 0.01 61.84
0.314 0.009 61.87
0.307 0.008 61.9
0.301 0.008 61.94
0.295 0.007 61.97
0.295 0.007 62.01
0.289 0.007 62.04
0.285 0.006 62.07
0.286 0.006 62.1
0.282 0.005 62.14
0.278 0.005 62.17
0.281 0.004 62.2
0.279 0.003 62.24
0.277 0.004 62.27
0.281 0.002 62.3
0.281 0.004 62.34
0.28 0.004 62.37
0.28 0.001 62.4
0.291 0.001 62.44
0.291 0.001 62.48
0.29 0.001 62.51
0.296 0.001 62.54
0.297 0.003 62.57
0.296 0.002 62.6
0.302 0.002 62.64
0.302 0.0 62.67
0.302 0.001 62.71
0.308 0.001 62.74
0.308 0.001 62.77
0.307 0.002 62.8
0.307 0.002 62.84
0.31 0.003 62.87
0.31 0.002 62.91
0.308 0.003 62.94
0.312 0.002 62.97
0.31 0.004 63.01
0.308 0.003 63.04
0.312 0.004 63.07
0.309 0.005 63.1
0.308 0.004 63.14
0.311 0.004 63.17
0.309 0.005 63.2
0.308 0.004 63.24
0.306 0.004 63.27
0 0 63.3
0.309 0.009 63.34
0.31 0.004 63.37
0.313 0.003 63.4
0 0 63.43
0 0 63.47
0.317 0.007 63.5
0 0 63.54
0 0 63.57
0.316 0.004 63.6
0.32 0.001 63.64
0 0 63.67
0.319 0.003 63.7
0.326 0.001 63.74
0.325 0.002 63.77
0.324 0.004 63.8
0 0 63.84
0 0 63.87
0.321 0.007 63.9
0 0 63.93
0 0 63.96
0 0 64.0
0.312 0.013 64.04
0.311 0.006 64.07
0 0 64.1
0 0 64.13
0 0 64.17
0 0 64.2
0 0 64.23
0 0 64.27
0 0 64.3
0 0 64.34
0 0 64.37
0 0 64.4
0 0 64.43
0 0 64.47
0 0 64.5
0 0 64.53
0 0 64.57
0 0 64.6
0.33 0.022 64.64
0.332 0.006 64.67
0.335 0.006 64.7
0 0 64.73
0.342 0.009 64.77
0.346 0.006 64.8
0.352 0.005 64.84
0.356 0.005 64.87
0.359 0.005 64.91
0.365 0.005 64.94
0.369 0.006 64.97
0.373 0.006 65.01
0.378 0.006 65.04
0.382 0.005 65.07
0.386 0.006 65.11
0.391 0.005 65.14
0.396 0.005 65.17
0.399 0.005 65.2
0.405 0.006 65.24
0.409 0.005 65.27
0.413 0.005 65.3
0.418 0.006 65.34
0.422 0.006 65.37
0.427 0.007 65.41
0.432 0.007 65.43
0.439 0.008 65.47
0.446 0.008 65.5
0.452 0.008 65.53
0.459 0.008 65.57
0.467 0.008 65.6
0.474 0.008 65.64
0.482 0.009 65.67
0.49 0.009 65.7
0.497 0.008 65.73
0.505 0.009 65.77
0.511 0.007 65.8
0.518 0.008 65.84
0.528 0.01 65.87
0 0 65.9
0.541 0.014 65.94
0.547 0.006 65.97
0.556 0.009 66.0
0.563 0.007 66.04
0.57 0.008 66.07
0.576 0.006 66.1
0.579 0.006 66.14
0.588 0.009 66.17
0.593 0.006 66.21
0 0 66.23
0 0 66.27
0.608 0.016 66.3
0.609 0.005 66.34
0 0 66.37
0.615 0.007 66.4
0 0 66.43
0 0 66.47
0 0 66.5
0 0 66.54
0 0 66.57
0 0 66.6
0 0 66.63
0 0 66.67
0 0 66.7
0 0 66.73
0 0 66.77
0 0 66.8
0.626 0.082 66.84
0.625 0.012 66.87
0.62 0.008 66.9
0.616 0.007 66.94
0.612 0.006 66.97
0.608 0.006 67.01
0.608 0.006 67.04
0.607 0.004 67.07
0.609 0.006 67.1
0.605 0.004 67.14
0.607 0.003 67.17
0.607 0.002 67.2
0.604 0.005 67.24
0.607 0.004 67.27
0.609 0.003 67.3
0.613 0.004 67.34
0.611 0.007 67.37
0.612 0.004 67.4
0.619 0.007 67.43
0.62 0.006 67.47
0.622 0.007 67.5
0.625 0.007 67.53
0.629 0.006 67.57
0.63 0.009 67.6
0.633 0.006 67.64
0.635 0.006 67.67
0.638 0.006 67.71
0.64 0.005 67.74
0.642 0.004 67.77
0.646 0.004 67.8
0.645 0.006 67.84
0.651 0.006 67.87
0.654 0.004 67.9
0.657 0.003 67.93
0.661 0.004 67.97
0.663 0.002 68.0
0.664 0.002 68.04
0.664 0.003 68.07
0.665 0.002 68.1
0.665 0.003 68.13
0.665 0.002 68.17
0 0 68.2
0.664 0.005 68.24
0.666 0.002 68.27
0.66 0.01 68.3
0.663 0.003 68.34
0.66 0.005 68.38
0.66 0.002 68.41
0.659 0.002 68.44
0.662 0.004 68.47
0.659 0.004 68.5
0.656 0.005 68.53
0.658 0.004 68.57
0.656 0.004 68.6
0.659 0.003 68.64
0.659 0.002 68.67
0.66 0.002 68.71
0.664 0.004 68.74
0.667 0.004 68.77
0 0 68.8
0 0 68.83
0.674 0.008 68.87
0.675 0.002 68.9
0 0 68.93
0.675 0.004 68.97
0.675 0.002 69.0
0.675 0.001 69.03
0.673 0.002 69.07
0.669 0.005 69.11
0.67 0.002 69.14
0.665 0.008 69.17
0.663 0.003 69.21
0.663 0.002 69.24
0.662 0.002 69.27
0.658 0.007 69.31
0.656 0.002 69.34
0.654 0.003 69.37
0.65 0.005 69.4
0.649 0.002 69.43
0.647 0.004 69.47
0.647 0.002 69.5
0.645 0.003 69.53
0.644 0.002 69.57
0.642 0.002 69.61
0.638 0.005 69.64
0.636 0.002 69.67
0.632 0.005 69.7
0 0 69.73
0 0 69.77
0.622 0.012 69.8
0.621 0.003 69.84
0.618 0.003 69.87
0.616 0.004 69.9
0.616 0.002 69.93
0 0 69.96
0.612 0.003 70.0
0.612 0.004 70.03
0.611 0.002 70.07
0.61 0.001 70.11
0.609 0.003 70.14
0.608 0.002 70.17
0.603 0.005 70.21
0.6 0.004 70.24
0.598 0.002 70.27
0.599 0.006 70.31
0 0 70.33
0.593 0.007 70.37
0.593 0.003 70.4
0.586 0.002 70.43
0 0 70.47
0.585 0.001 70.5
0.586 0.007 70.54
0 0 70.57
0.584 0.002 70.6
0.582 0.002 70.63
0.58 0.002 70.67
0 0 70.7
0.582 0.004 70.73
0.573 0.006 70.77
0 0 70.8
0.57 0.004 70.83
0 0 70.87
0 0 70.9
0 0 70.93
0.572 0.007 70.97
0.571 0.003 71.0
0.568 0.006 71.03
0.57 0.002 71.07
0.566 0.002 71.1
0.562 0.005 71.13
0.562 0.0 71.17
0.559 0.002 71.2
0.558 0.002 71.24
0.556 0.004 71.27
0.552 0.002 71.3
0.553 0.002 71.34
0.555 0.003 71.37
0.553 0.007 71.4
0.549 0.002 71.44
0.55 0.002 71.47
0.548 0.003 71.5
0.543 0.001 71.54
0.546 0.004 71.57
0.543 0.005 71.6
0.536 0.003 71.63
0.539 0.005 71.67
0.538 0.001 71.7
0.526 0.001 71.74
0.526 0.001 71.77
0 0 71.8
0 0 71.83
0 0 71.86
0.515 0.007 71.9
0 0 71.93
0.508 0.003 71.97
0.508 0.002 72.0
0 0 72.03
0.501 0.005 72.07
0.501 0.002 72.1
0.5 0.001 72.13
0 0 72.16
0.499 0.009 72.2
0.503 0.005 72.23
0.507 0.005 72.27
0.506 0.008 72.3
0 0 72.33
0.516 0.011 72.37
0.511 0.003 72.4
0.513 0.002 72.43
0.517 0.005 72.47
0.512 0.004 72.5
0.515 0.005 72.53
0.515 0.002 72.57
0.511 0.005 72.6
0.512 0.002 72.63
0.51 0.004 72.67
0.514 0.005 72.7
0 0 72.73
0 0 72.76
0.51 0.003 72.8
0.504 0.001 72.83
0.504 0.001 72.87
0.505 0.001 72.9
0.5 0.001 72.93
0.5 0.001 72.97
0.501 0.002 73.0
0.501 0.001 73.03
0.488 0.002 73.07
0.487 0.002 73.1
0 0 73.13
0.481 0.001 73.17
0 0 73.2
0.481 0.001 73.24
0.476 0.003 73.27
0.477 0.001 73.3
0.478 0.001 73.34
0.471 0.0 73.37
0 0 73.4
0 0 73.43
0.474 0.006 73.47
0.469 0.001 73.5
0.471 0.003 73.53
0.471 0.001 73.57
0 0 73.6
0.469 0.006 73.63
0 0 73.67
0 0 73.7
0.466 0.004 73.73
0.469 0.004 73.77
0.465 0.001 73.8
0.469 0.005 73.83
0.476 0.009 73.87
0.475 0.003 73.9
0.473 0.003 73.93
0.474 0.001 73.97
0.476 0.002 74.0
0.475 0.005 74.03
0.474 0.003 74.07
0 0 74.1
0.475 0.006 74.13
0.474 0.003 74.17
0.479 0.006 74.2
0.479 0.002 74.23
0.471 0.002 74.27
0.477 0.007 74.3
0.481 0.004 74.33
0.478 0.002 74.36
0.479 0.002 74.4
0.481 0.003 74.44
0.481 0.004 74.47
0.482 0.002 74.5
0.478 0.005 74.54
0.474 0.002 74.57
0 0 74.6
0.479 0.007 74.63
0 0 74.67
0.481 0.006 74.7
0.48 0.002 74.73
0.484 0.005 74.77
0 0 74.8
0.484 0.004 74.84
0 0 74.86
0 0 74.9
0 0 74.93
0.485 0.004 74.97
0.478 0.007 75.0
0 0 75.03
0 0 75.06
0 0 75.1
0.48 0.006 75.13
0.478 0.002 75.17
0.478 0.001 75.2
0 0 75.23
0.472 0.005 75.27
0.475 0.005 75.3
0 0 75.33
0 0 75.36
0 0 75.4
0 0 75.43
0.467 0.006 75.47
0.471 0.006 75.5
0.468 0.004 75.53
0 0 75.57
0.464 0.003 75.6
0.472 0.012 75.63
0.462 0.014 75.67
0.466 0.007 75.7
0.466 0.0 75.73
0.465 0.001 75.77
0 0 75.8
0.464 0.001 75.84
0 0 75.86
0.461 0.003 75.9
0.46 0.001 75.94
0.459 0.001 75.97
0.454 0.006 76.0
0 0 76.03
0.457 0.006 76.06
0 0 76.1
0.451 0.007 76.13
0.457 0.009 76.17
0.453 0.006 76.2
0 0 76.23
0 0 76.26
0.458 0.008 76.3
0.453 0.006 76.33
0.45 0.004 76.37
0.451 0.002 76.4
0.448 0.003 76.43
0.454 0.009 76.47
0.448 0.007 76.5
0.445 0.003 76.53
0 0 76.56
0.446 0.004 76.6
0.443 0.003 76.63
0 0 76.66
0.436 0.007 76.7
0.437 0.002 76.73
0.44 0.006 76.76
0.437 0.005 76.8
0.439 0.004 76.84
0.438 0.002 76.87
0.438 0.002 76.91
0.435 0.004 76.94
0.436 0.003 76.97
0 0 77.0
0.438 0.001 77.04
0.437 0.001 77.08
0.438 0.001 77.11
0.436 0.004 77.14
0.436 0.001 77.17
0.437 0.002 77.2
0.438 0.001 77.24
0.44 0.003 77.28
0.438 0.003 77.31
0.44 0.001 77.34
0.438 0.003 77.37
0.439 0.002 77.41
0.44 0.001 77.43
0.44 0.0 77.47
0.441 0.0 77.51
0 0 77.54
0.446 0.005 77.58
0.443 0.004 77.61
0.444 0.001 77.64
0.447 0.0 77.67
0.447 0.0 77.71
0 0 77.73
0.447 0.002 77.77
0.446 0.001 77.81
0.447 0.001 77.84
0.453 0.005 77.87
0.452 0.001 77.91
0.447 0.007 77.93
0.45 0.005 77.97
0 0 78.0
0 0 78.03
0.449 0.004 78.07
0.452 0.002 78.11
0.45 0.002 78.14
0.448 0.003 78.17
0.446 0.004 78.2
0.444 0.003 78.24
0.437 0.007 78.27
0 0 78.31
0 0 78.34
0.432 0.009 78.37
0.428 0.004 78.4
0.433 0.002 78.43
0.429 0.007 78.47
0.427 0.004 78.51
0.428 0.004 78.54
0 0 78.57
0.422 0.011 78.61
0.423 0.004 78.64
0 0 78.67
0.418 0.007 78.7
0.413 0.007 78.73
0.413 0.004 78.76
0.411 0.003 78.8
0.408 0.003 78.84
0.412 0.005 78.87
0.41 0.003 78.9
0.408 0.004 78.93
0 0 78.96
0 0 79.0
0.407 0.009 79.03
0.406 0.001 79.07
0.406 0.004 79.1
0.4 0.006 79.13
0.395 0.005 79.17
0.397 0.003 79.2
0 0 79.23
0 0 79.26
0 0 79.3
0 0 79.33
0 0 79.36
0.393 0.018 79.4
0 0 79.43
0 0 79.46
0.391 0.005 79.5
0.395 0.001 79.53
0.394 0.002 79.57
0 0 79.6
0.399 0.001 79.63
0 0 79.66
0.401 0.003 79.7
0.406 0.001 79.73
0.404 0.002 79.77
0 0 79.8
0.41 0.003 79.84
0.411 0.001 79.87
0.41 0.001 79.9
0 0 79.93
0.417 0.004 79.96
0 0 80.0
0.415 0.005 80.03
0.424 0.002 80.07
0.424 0.001 80.1
0.426 0.002 80.13
0 0 80.16
0.429 0.002 80.2
0.431 0.002 80.23
0.43 0.001 80.27
0.435 0.001 80.3
0 0 80.33
0.434 0.0 80.36
0 0 80.4
0.437 0.002 80.43
0 0 80.46
0.442 0.005 80.5
0.439 0.003 80.53
0.439 0.001 80.57
0.44 0.001 80.6
0 0 80.63
0.438 0.002 80.67
0.439 0.003 80.7
0 0 80.73
0.438 0.004 80.76
0.437 0.003 80.8
0 0 80.83
0 0 80.86
0 0 80.9
0 0 80.93
0.435 0.011 80.97
0.433 0.003 81.01
0.431 0.004 81.03
0.43 0.003 81.06
0 0 81.1
0.426 0.009 81.13
0.422 0.006 81.17
0.416 0.007 81.2
0 0 81.23
0.404 0.017 81.26
0.397 0.009 81.3
0.388 0.009 81.33
0.381 0.01 81.36
0.372 0.01 81.4
0.363 0.009 81.43
0.352 0.011 81.46
0.345 0.009 81.5
0.335 0.011 81.53
0.328 0.008 81.56
0.322 0.008 81.6
0.316 0.006 81.63
0.309 0.008 81.67
0.3 0.011 81.7
0 0 81.73
0 0 81.76
0 0 81.8
0.278 0.028 81.83
0.273 0.009 81.87
0.268 0.009 81.91
0.266 0.004 81.94
0.263 0.006 81.97
0.259 0.008 82.0
0.256 0.004 82.03
0.253 0.007 82.07
0.25 0.006 82.1
0.247 0.005 82.13
0.244 0.006 82.17
0.239 0.009 82.2
0.238 0.006 82.23
0 0 82.26
0.236 0.01 82.3
0.236 0.005 82.33
0.236 0.005 82.37
0.236 0.005 82.4
0.235 0.005 82.43
0.236 0.004 82.47
0 0 82.5
0.234 0.009 82.53
0.232 0.004 82.56
0.231 0.003 82.6
0.23 0.006 82.63
0 0 82.66
0 0 82.7
0.235 0.007 82.73
0 0 82.76
0.236 0.003 82.8
0 0 82.83
0.241 0.004 82.86
0 0 82.9
0 0 82.93
0 0 82.96
0 0 83.0
0.246 0.007 83.03
0 0 83.06
0.246 0.003 83.1
0 0 83.13
0 0 83.16
0 0 83.2
0 0 83.23
0.242 0.009 83.26
0 0 83.3
0.239 0.006 83.33
0.238 0.001 83.36
0 0 83.4
0.241 0.006 83.43
0.241 0.006 83.46
0.244 0.002 83.5
0 0 83.53
0 0 83.56
0.251 0.006 83.6
0.253 0.005 83.63
0 0 83.67
0.256 0.005 83.7
0 0 83.73
0.257 0.008 83.77
0.258 0.004 83.8
0.26 0.002 83.83
0.26 0.003 83.86
0 0 83.9
0 0 83.93
0 0 83.96
0 0 84.0
0 0 84.03
0 0 84.06
0.265 0.011 84.1
0.265 0.004 84.13
0 0 84.17
0.267 0.007 84.2
0.267 0.006 84.23
0.27 0.003 84.26
0.269 0.003 84.3
0 0 84.33
0.274 0.004 84.36
0.276 0.004 84.4
0.278 0.003 84.43
0.288 0.003 84.47
0.289 0.003 84.5
0.292 0.004 84.53
0.295 0.004 84.56
0.302 0.005 84.6
0.306 0.006 84.63
0.31 0.006 84.67
0.32 0.007 84.7
0.326 0.009 84.73
0.332 0.009 84.76
0.345 0.01 84.8
0.353 0.01 84.83
0.364 0.012 84.87
0.378 0.011 84.9
0.388 0.011 84.93
0 0 84.96
0.407 0.021 85.0
0.421 0.01 85.03
0.43 0.009 85.07
0.438 0.008 85.1
0 0 85.13
0.46 0.019 85.17
0.466 0.007 85.2
0.48 0.009 85.23
0.489 0.009 85.26
0.499 0.01 85.3
0.507 0.009 85.33
0.526 0.015 85.37
0 0 85.4
0.545 0.02 85.43
0.558 0.009 85.47
0.567 0.009 85.5
0.573 0.006 85.53
0.584 0.007 85.57
0 0 85.6
0.595 0.011 85.63
0.606 0.004 85.66
0.613 0.008 85.7
0.617 0.004 85.73
0.616 0.004 85.77
0.623 0.005 85.8
0.623 0.002 85.84
0.621 0.004 85.86
0 0 85.9
0.622 0.007 85.93
0.623 0.003 85.96
0.623 0.002 86.0
0 0 86.03
0.625 0.004 86.06
0.633 0.003 86.1
0.631 0.003 86.13
0.634 0.003 86.17
0.633 0.001 86.2
0.634 0.003 86.23
0.633 0.003 86.27
0 0 86.3
0.633 0.002 86.34
0 0 86.36
0.629 0.006 86.4
0.632 0.001 86.43
0.631 0.002 86.46
0 0 86.5
0 0 86.53
0.632 0.003 86.57
0.632 0.001 86.6
0.628 0.005 86.63
0.629 0.001 86.67
0.627 0.003 86.7
0.623 0.005 86.73
0.623 0.002 86.76
0.621 0.003 86.8
0.621 0.001 86.83
0 0 86.86
0 0 86.9
0.625 0.004 86.93
0.623 0.002 86.96
0.623 0.002 87.0
0 0 87.03
0.626 0.003 87.07
0.63 0.003 87.1
0.63 0.002 87.13
0.63 0.001 87.17
0 0 87.19
0.634 0.003 87.23
0.633 0.002 87.26
0 0 87.3
0.637 0.004 87.33
0.639 0.002 87.36
0.636 0.003 87.4
0.636 0.0 87.43
0.635 0.002 87.46
0.633 0.003 87.5
0.631 0.003 87.54
0.625 0.005 87.57
0 0 87.6
0.629 0.008 87.64
0.631 0.003 87.67
0.634 0.004 87.71
0.637 0.003 87.74
0.638 0.002 87.77
0.637 0.002 87.8
0 0 87.83
0.631 0.006 87.87
0.631 0.005 87.9
0.629 0.003 87.93
0.629 0.002 87.96
0.626 0.004 88.0
0.626 0.0 88.03
0.628 0.004 88.07
0 0 88.1
0.629 0.001 88.13
0.632 0.003 88.17
0.634 0.003 88.2
0.636 0.003 88.24
0.637 0.003 88.27
0.637 0.002 88.3
0.637 0.001 88.33
0.633 0.005 88.37
0 0 88.39
0 0 88.43
0 0 88.46
0.629 0.009 88.5
0.626 0.004 88.53
0.623 0.005 88.57
0 0 88.59
0 0 88.63
0.599 0.026 88.66
0.586 0.013 88.7
0 0 88.73
0.563 0.025 88.76
0.547 0.015 88.8
0.538 0.012 88.83
0.527 0.012 88.87
0 0 88.89
0.509 0.021 88.93
0.495 0.014 88.97
0.485 0.011 89.0
0.47 0.015 89.03
0.459 0.012 89.06
0.447 0.012 89.1
0.434 0.014 89.13
0.422 0.013 89.16
0.412 0.011 89.2
0.401 0.011 89.23
0.391 0.011 89.27
0.382 0.011 89.3
0.374 0.011 89.33
0.368 0.008 89.37
0.362 0.008 89.4
0.356 0.009 89.43
0.352 0.006 89.46
0.349 0.007 89.5
0.347 0.004 89.53
0.343 0.006 89.56
0.342 0.003 89.6
0.338 0.005 89.63
0.336 0.003 89.66
0.334 0.003 89.7
0.333 0.003 89.73
0.33 0.003 89.76
0.33 0.002 89.8
0.329 0.002 89.83
0 0 89.86
0 0 89.9
0.328 0.007 89.93
0.327 0.004 89.96
0.328 0.005 90.0
0.327 0.003 90.03
0.328 0.006 90.06
0.327 0.002 90.1
0 0 90.13
0 0 90.16
0.327 0.009 90.2
0 0 90.23
0.326 0.003 90.26
0 0 90.3
0 0 90.33
0 0 90.36
0 0 90.4
0 0 90.43
0 0 90.46
0 0 90.5
0 0 90.53
0 0 90.56
0 0 90.6
0 0 90.63
0 0 90.66
0 0 90.7
0 0 90.73
0 0 90.76
0 0 90.8
0 0 90.83
0 0 90.86
0 0 90.89
0 0 90.93
0.319 0.007 90.96
0.319 0.005 91.0
0 0 91.03
0.323 0.006 91.06
0 0 91.1
0.325 0.006 91.13
0.327 0.004 91.16
0 0 91.2
0.33 0.006 91.23
0.332 0.004 91.26
0.334 0.005 91.3
0.338 0.005 91.34
0.341 0.005 91.38
0.344 0.005 91.41
0.347 0.005 91.44
0.349 0.005 91.47
0.355 0.007 91.5
0.357 0.006 91.53
0.361 0.005 91.56
0.365 0.005 91.6
0.369 0.005 91.63
0.372 0.004 91.67
0.377 0.005 91.7
0.381 0.004 91.73
0.385 0.004 91.76
0.388 0.003 91.79
0.391 0.003 91.83
0.394 0.004 91.87
0.398 0.004 91.9
0.402 0.004 91.93
0.406 0.005 91.96
0.41 0.005 92.0
0.416 0.007 92.03
0.422 0.007 92.06
0 0 92.09
0.438 0.017 92.13
0 0 92.17
0 0 92.19
0 0 92.23
0.476 0.038 92.26
0.486 0.01 92.3
0.498 0.012 92.33
0.508 0.01 92.37
0.521 0.013 92.4
0 0 92.43
0.539 0.019 92.46
0.552 0.013 92.5
0.56 0.008 92.53
0.57 0.011 92.56
0.581 0.01 92.6
0.591 0.011 92.63
0.598 0.007 92.67
0.605 0.007 92.7
0.613 0.008 92.73
0.619 0.007 92.77
0.625 0.006 92.8
0.629 0.004 92.84
0.631 0.004 92.87
0.636 0.006 92.9
0.639 0.003 92.93
0.64 0.003 92.97
0.646 0.007 93.0
0.647 0.003 93.03
0.647 0.002 93.06
0.649 0.002 93.1
0.651 0.003 93.13
0.65 0.002 93.16
0.649 0.001 93.2
0.648 0.002 93.23
0.65 0.003 93.26
0.649 0.001 93.3
0.651 0.002 93.33
0.651 0.001 93.37
0.65 0.001 93.4
0 0 93.43
0.651 0.003 93.47
0.652 0.002 93.5
0.654 0.004 93.54
0.653 0.003 93.57
0.65 0.004 93.6
0.647 0.003 93.63
0.647 0.001 93.66
0.643 0.004 93.7
0.64 0.003 93.73
0.635 0.005 93.76
0.633 0.002 93.8
0.63 0.003 93.83
0.625 0.004 93.87
0 0 93.9
0.618 0.008 93.93
0.616 0.002 93.97
0.613 0.003 94.0
0.613 0.001 94.03
0.613 0.005 94.06
0.606 0.007 94.1
0.608 0.006 94.13
0.607 0.004 94.16
0 0 94.19
0 0 94.23
0.602 0.008 94.26
0 0 94.29
0.602 0.003 94.33
0.606 0.004 94.36
0 0 94.39
0.607 0.005 94.43
0 0 94.46
0.605 0.005 94.5
0.61 0.005 94.54
0.611 0.001 94.57
0.61 0.003 94.6
0.609 0.002 94.63
0.61 0.001 94.67
0.608 0.002 94.7
0 0 94.73
0 0 94.76
0 0 94.79
0 0 94.83
0 0 94.86
0 0 94.89
0.609 0.015 94.93
0.606 0.005 94.96
0.609 0.004 95.0
0.601 0.004 95.03
0 0 95.06
0 0 95.1
0.582 0.02 95.13
0 0 95.16
0.563 0.017 95.2
0.56 0.006 95.23
0.551 0.007 95.27
0.541 0.01 95.3
0.535 0.007 95.33
0.522 0.009 95.36
0.511 0.01 95.4
0.507 0.006 95.43
0.503 0.004 95.46
0.493 0.004 95.5
0.49 0.003 95.53
0.492 0.004 95.56
0.486 0.001 95.6
0 0 95.63
0.493 0.009 95.66
0.482 0.003 95.69
0.491 0.01 95.73
0.501 0.01 95.76
0.499 0.006 95.8
0.506 0.007 95.83
0.513 0.007 95.87
0.521 0.008 95.9
0.521 0.006 95.93
0.527 0.007 95.96
0.53 0.004 96.0
0.53 0.006 96.03
0.533 0.004 96.06
0.538 0.005 96.09
0.537 0.005 96.13
0.542 0.006 96.16
0.547 0.005 96.19
0.549 0.003 96.23
0.546 0.003 96.26
0.549 0.003 96.29
0.555 0.006 96.33
0.55 0.001 96.36
0.549 0.001 96.39
0.552 0.004 96.43
0.546 0.002 96.46
0.546 0.001 96.5
0.548 0.003 96.53
0.544 0.002 96.56
0.543 0.001 96.6
0.543 0.001 96.63
0.547 0.004 96.67
0.538 0.005 96.71
0 0 96.73
0.542 0.005 96.77
0.538 0.001 96.8
0.533 0.006 96.83
0.534 0.001 96.86
0.526 0.001 96.9
0.525 0.001 96.93
0 0 96.96
0.52 0.006 97.0
0.518 0.002 97.03
0.518 0.001 97.06
0.516 0.003 97.1
0 0 97.13
0.512 0.001 97.16
0.512 0.001 97.19
0.512 0.001 97.23
0.508 0.004 97.26
0.51 0.002 97.3
0.505 0.003 97.33
0.502 0.004 97.36
0.502 0.001 97.4
0.502 0.0 97.43
0 0 97.46
0.499 0.001 97.5
0.498 0.001 97.53
0.496 0.001 97.56
0 0 97.59
0.495 0.002 97.63
0.493 0.001 97.66
0.492 0.001 97.7
0.494 0.002 97.73
0.495 0.001 97.77
0.493 0.002 97.8
0.495 0.002 97.83
0.493 0.002 97.86
0.49 0.002 97.89
0.489 0.002 97.93
0.49 0.002 97.96
0.488 0.002 97.99
0.49 0.004 98.03
0.487 0.004 98.06
0.486 0.001 98.09
0.489 0.003 98.13
0.489 0.001 98.16
0.485 0.005 98.19
0.482 0.002 98.23
0.482 0.001 98.26
0.483 0.0 98.3
0.483 0.002 98.33
0.482 0.002 98.36
0.484 0.003 98.4
0.485 0.001 98.43
0.486 0.002 98.46
0.486 0.0 98.49
0.484 0.002 98.53
0.485 0.001 98.56
0.485 0.0 98.59
0.485 0.0 98.63
0.485 0.0 98.66
0.483 0.003 98.69
0.486 0.004 98.73
0.485 0.001 98.76
0.483 0.002 98.79
0.485 0.002 98.83
0.485 0.0 98.86
0.484 0.001 98.9
0.485 0.001 98.93
0.486 0.0 98.96
0.487 0.001 98.99
0.485 0.002 99.03
0.485 0.001 99.06
0.485 0.001 99.09
0.486 0.001 99.13
0.486 0.001 99.16
0.484 0.002 99.2
0.488 0.005 99.23
0.487 0.002 99.26
0.486 0.0 99.29
0.487 0.001 99.33
0.485 0.004 99.37
0.486 0.002 99.4
0.487 0.0 99.43
0.486 0.002 99.46
0.485 0.001 99.49
0.485 0.0 99.53
0.488 0.002 99.56
0.486 0.002 99.59
0.484 0.003 99.63
0.485 0.002 99.66
0.489 0.004 99.7
0.488 0.001 99.73
0.486 0.002 99.76
0 0 99.79
0.486 0.002 99.83
0.487 0.002 99.86
0.488 0.001 99.9
0.486 0.002 99.93
0.487 0.001 99.96
0.488 0.001 99.99
0.488 0.0 100.03
0.489 0.002 100.06
0.491 0.001 100.1
0.491 0.0 100.13
0.488 0.003 100.16
0.489 0.001 100.19
0.497 0.005 100.23
0.495 0.003 100.26
0.492 0.004 100.3
0.5 0.007 100.33
0.498 0.003 100.36
0.498 0.0 100.39
0.502 0.002 100.43
0.5 0.002 100.46
0.5 0.001 100.49
0.504 0.005 100.53
0.505 0.002 100.56
0.502 0.003 100.59
0.505 0.003 100.63
0 0 100.66
0.505 0.004 100.69
0.51 0.007 100.73
0.51 0.004 100.76
0.51 0.001 100.79
0.51 0.001 100.83
0.516 0.003 100.86
0 0 100.89
0.515 0.001 100.92
0.517 0.002 100.96
0 0 100.99
0.518 0.002 101.03
0.516 0.003 101.06
0.521 0.0 101.09
0.519 0.002 101.13
0.519 0.0 101.16
0.525 0.002 101.2
0.526 0.002 101.23
0.526 0.001 101.26
0.529 0.002 101.29
0.527 0.002 101.33
0.53 0.003 101.36
0.529 0.001 101.39
0.539 0.002 101.43
0.539 0.0 101.46
0.536 0.003 101.5
0.54 0.001 101.53
0.539 0.001 101.56
0.541 0.003 101.59
0.544 0.003 101.63
0.543 0.001 101.66
0.543 0.001 101.69
0.542 0.001 101.73
0.548 0.001 101.76
0.547 0.001 101.8
0.546 0.001 101.83
0.551 0.0 101.86
0.554 0.003 101.9
0.55 0.005 101.93
0.555 0.001 101.97
0.553 0.003 101.99
0.554 0.003 102.03
0.56 0.001 102.06
0.559 0.001 102.09
0.556 0.003 102.13
0.558 0.002 102.16
0.56 0.003 102.2
0.562 0.002 102.23
0.563 0.002 102.26
0 0 102.29
0.564 0.005 102.33
0.562 0.002 102.36
0.567 0.002 102.39
0.563 0.003 102.43
0.558 0.006 102.47
0.561 0.003 102.5
0.554 0.007 102.53
0.55 0.004 102.56
0.545 0.006 102.59
0.546 0.009 102.63
0.539 0.007 102.66
0.531 0.009 102.7
0.527 0.008 102.73
0.517 0.011 102.76
0.507 0.01 102.79
0.502 0.009 102.83
0.489 0.014 102.86
0.482 0.008 102.9
0.475 0.012 102.93
0.462 0.013 102.96
0.451 0.012 103.0
0.438 0.013 103.03
0.43 0.014 103.06
0.417 0.013 103.09
0.405 0.012 103.13
0.396 0.013 103.17
0.384 0.013 103.2
0.373 0.013 103.23
0.367 0.012 103.26
0.358 0.011 103.29
0.348 0.012 103.33
0.34 0.01 103.36
0.338 0.009 103.4
0.335 0.007 103.43
0.333 0.005 103.46
0.334 0.005 103.49
0.331 0.005 103.53
0.329 0.005 103.56
0.33 0.005 103.6
0.326 0.006 103.63
0.324 0.005 103.66
0 0 103.69
0 0 103.73
0.326 0.011 103.76
0.327 0.006 103.8
0 0 103.83
0 0 103.86
0.331 0.007 103.9
0 0 103.93
0 0 103.96
0 0 103.99
0 0 104.02
0.341 0.007 104.06
0.343 0.005 104.1
0.343 0.005 104.13
0.345 0.006 104.16
0.344 0.002 104.19
0.345 0.002 104.23
0 0 104.26
0.347 0.004 104.29
0 0 104.33
0 0 104.36
0 0 104.39
0.349 0.008 104.43
0 0 104.46
0.349 0.004 104.49
0 0 104.53
0.35 0.003 104.56
0.353 0.002 104.6
0.35 0.008 104.63
0.353 0.007 104.66
0 0 104.69
0 0 104.72
0 0 104.76
0.352 0.008 104.79
0.353 0.001 104.83
0.355 0.004 104.86
0.355 0.002 104.89
0 0 104.93
0.353 0.004 104.96
0 0 104.99
0.35 0.005 105.03
0.347 0.005 105.06
0 0 105.09
0 0 105.13
0 0 105.16
0 0 105.19
0.343 0.005 105.23
0 0 105.26
0 0 105.29
0 0 105.33
0 0 105.36
0 0 105.39
0.345 0.01 105.43
0 0 105.46
0 0 105.49
0.346 0.001 105.53
0 0 105.56
0 0 105.59
0.346 0.003 105.62
0 0 105.66
0 0 105.69
0.345 0.009 105.73
0.345 0.003 105.76
0.345 0.004 105.8
0.346 0.003 105.83
0.346 0.005 105.86
0.347 0.004 105.9
0.349 0.004 105.93
0 0 105.96
0.351 0.01 106.0
0.351 0.006 106.03
0.353 0.006 106.06
0.356 0.006 106.09
0 0 106.13
0.359 0.012 106.16
0.363 0.007 106.2
0.367 0.007 106.23
0.37 0.007 106.26
0.376 0.009 106.3
0.383 0.01 106.33
0.39 0.01 106.36
0.398 0.012 106.39
0.41 0.015 106.43
0 0 106.46
0.433 0.028 106.49
0.447 0.015 106.53
0 0 106.56
0 0 106.59
0.491 0.046 106.63
0 0 106.66
0.523 0.032 106.69
0.538 0.015 106.73
0.554 0.017 106.76
0.568 0.014 106.79
0.583 0.015 106.83
0.596 0.013 106.86
0.607 0.012 106.9
0.618 0.011 106.93
0.626 0.008 106.96
0.631 0.005 106.99
0.637 0.006 107.03
0.642 0.005 107.06
0.646 0.004 107.09
0.648 0.003 107.13
0.652 0.004 107.16
0.655 0.004 107.2
0.657 0.003 107.23
0.657 0.002 107.26
0.659 0.002 107.3
0.659 0.002 107.33
0.661 0.003 107.37
0.664 0.004 107.4
0.663 0.003 107.43
0.665 0.002 107.46
0.666 0.001 107.5
0.666 0.001 107.53
0.665 0.002 107.56
0.664 0.002 107.59
0.663 0.003 107.63
0.662 0.001 107.66
0.663 0.002 107.69
0.66 0.004 107.73
0.658 0.002 107.76
0.658 0.001 107.79
0.655 0.003 107.83
0.653 0.003 107.86
0.651 0.002 107.89
0.65 0.001 107.93
0.649 0.001 107.96
0.647 0.003 107.99
0.646 0.001 108.02
0.645 0.001 108.06
0.643 0.003 108.09
0.643 0.002 108.13
0.643 0.002 108.16
0 0 108.19
0.64 0.004 108.23
0.641 0.002 108.26
0.639 0.003 108.29
0.639 0.003 108.33
0.64 0.004 108.36
0 0 108.39
0.638 0.003 108.43
0.639 0.002 108.46
0.639 0.001 108.49
0.643 0.006 108.52
0 0 108.56
0.639 0.006 108.6
0 0 108.62
0.64 0.004 108.66
0.64 0.001 108.69
0 0 108.72
0 0 108.76
0.646 0.006 108.79
0 0 108.83
0.646 0.004 108.86
0 0 108.89
0.65 0.004 108.93
0.645 0.006 108.96
0 0 108.99
0.645 0.001 109.03
0 0 109.06
0 0 109.09
0 0 109.12
0.652 0.014 109.16
0.651 0.002 109.2
0.656 0.005 109.23
0.66 0.005 109.26
0 0 109.29
0.659 0.005 109.33
0 0 109.36
0 0 109.39
0 0 109.42
0.667 0.01 109.46
0.666 0.003 109.49
0.671 0.008 109.53
0.668 0.005 109.56
0.672 0.006 109.59
0.673 0.001 109.63
0 0 109.66
0.665 0.008 109.69
0.657 0.009 109.73
0.653 0.004 109.76
0 0 109.79
0.642 0.013 109.83
0.63 0.015 109.86
0.624 0.007 109.89
0.613 0.011 109.93
0 0 109.96
0.595 0.019 109.99
0.586 0.01 110.02
0.577 0.01 110.06
0.566 0.011 110.09
0.556 0.011 110.13
0.545 0.011 110.16
0.536 0.01 110.19
0.527 0.009 110.23
0.518 0.009 110.26
0.512 0.006 110.29
0.504 0.009 110.33
0.496 0.008 110.36
0.488 0.009 110.39
0.481 0.008 110.43
0.472 0.01 110.46
0.465 0.008 110.49
0.459 0.007 110.53
0.45 0.01 110.56
0.442 0.009 110.59
0.436 0.007 110.63
0.428 0.009 110.66
0.419 0.009 110.69
0.412 0.009 110.73
0.403 0.01 110.76
0.397 0.008 110.79
0.39 0.008 110.83
0.384 0.009 110.86
0.378 0.009 110.89
0.375 0.007 110.93
0.373 0.008 110.96
0.369 0.009 110.99
0.367 0.006 111.02
0 0 111.06
0 0 111.09
0.356 0.017 111.13
0 0 111.16
0.351 0.009 111.19
0.35 0.005 111.23
0.348 0.004 111.26
0 0 111.29
0.344 0.008 111.33
0.345 0.006 111.36
0.344 0.003 111.39
0.344 0.002 111.43
0 0 111.46
0 0 111.49
0.344 0.003 111.53
0 0 111.56
0 0 111.59
0.346 0.003 111.63
0.344 0.003 111.66
0.342 0.003 111.69
0 0 111.72
0 0 111.76
0 0 111.79
0 0 111.83
0 0 111.86
0 0 111.89
0 0 111.93
0 0 111.96
0 0 111.99
0 0 112.02
0 0 112.06
0 0 112.09
0 0 112.12
0 0 112.16
0 0 112.19
0.336 0.014 112.23
0.336 0.002 112.26
0 0 112.29
0 0 112.32
0.34 0.007 112.36
0.342 0.003 112.39
0 0 112.43
0 0 112.46
0.349 0.008 112.49
0.351 0.003 112.53
0.353 0.004 112.56
0.357 0.005 112.6
0.36 0.003 112.63
0.362 0.003 112.66
0.365 0.003 112.69
0.368 0.003 112.72
0.371 0.004 112.76
0.372 0.002 112.79
0.374 0.002 112.83
0.376 0.003 112.86
0.378 0.002 112.89
0.379 0.003 112.93
0.38 0.002 112.96
0.382 0.004 112.99
0.383 0.002 113.02
0.384 0.002 113.06
0.385 0.003 113.09
0.386 0.002 113.12
0.389 0.004 113.16
0.39 0.003 113.19
0.393 0.005 113.23
0.396 0.004 113.26
0.398 0.004 113.29
0.401 0.005 113.33
0.404 0.004 113.36
0.405 0.004 113.39
0.406 0.002 113.43
0.407 0.002 113.46
0.406 0.001 113.49
0.407 0.001 113.52
0.408 0.001 113.56
0.41 0.003 113.59
0.409 0.002 113.63
0.411 0.003 113.66
0.414 0.005 113.69
0.415 0.006 113.73
0.421 0.007 113.76
0.428 0.008 113.79
0.434 0.01 113.83
0.441 0.008 113.86
0.449 0.009 113.89
0.453 0.008 113.93
0.461 0.009 113.96
0.47 0.011 113.99
0.479 0.01 114.02
0.482 0.009 114.06
0.492 0.011 114.09
0.502 0.011 114.12
0.511 0.013 114.16
0.522 0.011 114.19
0.536 0.014 114.23
0.54 0.01 114.26
0.55 0.01 114.29
0.56 0.01 114.33
0.569 0.013 114.36
0.576 0.008 114.39
0.583 0.008 114.42
0.591 0.008 114.46
0.593 0.007 114.49
0 0 114.53
0 0 114.56
0 0 114.59
0 0 114.62
0.62 0.033 114.66
0.622 0.007 114.69
0 0 114.72
0.624 0.009 114.76
0 0 114.79
0.621 0.003 114.82
0.624 0.004 114.86
0.623 0.002 114.89
0.619 0.003 114.93
0.616 0.005 114.96
0.619 0.004 115.0
0.612 0.003 115.03
0 0 115.06
0.612 0.002 115.09
0.606 0.002 115.12
0.609 0.004 115.16
0.607 0.003 115.19
0.609 0.002 115.23
0.603 0.002 115.26
0.597 0.008 115.3
0.596 0.001 115.33
0.585 0.001 115.36
0.585 0.002 115.39
0.585 0.003 115.42
0.58 0.004 115.46
0.585 0.005 115.49
0.584 0.002 115.53
0.58 0.003 115.56
0.578 0.003 115.59
0.578 0.001 115.62
0.574 0.006 115.66
0.563 0.004 115.69
0.559 0.006 115.72
0.556 0.003 115.76
0.546 0.004 115.79
0.542 0.004 115.83
0.54 0.002 115.86
0.533 0.002 115.89
0.528 0.006 115.93
0.526 0.002 115.96
0.516 0.003 115.99
0.514 0.002 116.02
0.514 0.002 116.06
0.513 0.002 116.09
0.51 0.005 116.13
0.506 0.007 116.16
0.506 0.001 116.19
0.496 0.004 116.22
0.498 0.003 116.26
0.497 0.001 116.29
0.49 0.001 116.32
0.488 0.002 116.36
0.485 0.003 116.39
0.475 0.004 116.42
0.477 0.006 116.46
0.475 0.003 116.49
0 0 116.52
0.463 0.006 116.56
0.461 0.003 116.59
0 0 116.62
0.445 0.006 116.66
0 0 116.69
0 0 116.72
0.44 0.002 116.76
0 0 116.79
0 0 116.82
0.443 0.004 116.85
0.432 0.004 116.89
0.436 0.006 116.92
0 0 116.95
0 0 116.99
0.433 0.007 117.02
0.438 0.006 117.06
0.434 0.002 117.09
0.432 0.003 117.12
0.435 0.005 117.16
0.425 0.006 117.19
0.429 0.005 117.22
0.431 0.003 117.26
0.431 0.001 117.29
0.421 0.005 117.32
0.422 0.003 117.36
0 0 117.39
0.419 0.005 117.42
0.415 0.007 117.46
0.414 0.0 117.49
0.41 0.001 117.53
0.409 0.002 117.56
0.41 0.001 117.59
0.406 0.002 117.62
0.404 0.002 117.66
0 0 117.69
0.406 0.003 117.73
0.401 0.002 117.76
0.404 0.004 117.79
0.403 0.004 117.83
0.397 0.004 117.86
0.4 0.005 117.89
0.397 0.007 117.92
0.4 0.01 117.96
0.4 0.002 117.99
0.4 0.002 118.02
0.401 0.0 118.06
0.398 0.004 118.09
0.392 0.008 118.12
0.389 0.004 118.16
0.387 0.005 118.19
0 0 118.22
0.388 0.01 118.26
0.386 0.005 118.29
0.387 0.004 118.33
0.388 0.005 118.36
0.385 0.003 118.39
0.384 0.003 118.42
0.386 0.003 118.46
0.384 0.005 118.49
0.384 0.006 118.52
0.386 0.002 118.56
0.388 0.003 118.59
0.387 0.003 118.62
0.39 0.004 118.66
0.393 0.003 118.69
0.394 0.004 118.72
0.396 0.003 118.76
0.404 0.011 118.79
0.405 0.002 118.82
0.405 0.003 118.86
0.404 0.004 118.89
0 0 118.92
0.409 0.007 118.96
0.41 0.004 118.99
0.417 0.007 119.02
0.419 0.005 119.06
0 0 119.09
0 0 119.12
0.422 0.011 119.16
0.426 0.006 119.19
0.427 0.001 119.23
0.424 0.002 119.26
0.422 0.004 119.29
0.418 0.005 119.33
0.415 0.006 119.36
0.407 0.008 119.39
0.403 0.007 119.42
0.396 0.007 119.46
0.39 0.007 119.49
0.382 0.008 119.53
0.377 0.007 119.56
0.37 0.007 119.59
0.364 0.007 119.62
0.364 0.009 119.66
0.358 0.006 119.69
0 0 119.72
0.352 0.008 119.76
0.348 0.004 119.8
0.348 0.007 119.83
0 0 119.86
0.344 0.009 119.89
0.344 0.005 119.93
0 0 119.96
0 0 119.99
0.344 0.003 120.02
0.345 0.001 120.06
0.346 0.002 120.09
0.348 0.002 120.12
0.35 0.003 120.16
0.352 0.003 120.19
0.354 0.003 120.22
0.357 0.003 120.26
0.359 0.002 120.29
0.36 0.002 120.32
0.36 0.002 120.36
0.364 0.003 120.39
0.364 0.002 120.42
0.368 0.004 120.46
0 0 120.49
0.369 0.004 120.52
0.37 0.002 120.56
0.373 0.002 120.59
0.373 0.002 120.63
0.374 0.001 120.66
0.375 0.001 120.7
0 0 120.72
0.376 0.002 120.76
0.377 0.002 120.79
0.381 0.005 120.82
0.381 0.002 120.86
0.382 0.001 120.89
0.384 0.002 120.92
0.389 0.004 120.95
0.386 0.004 120.99
0.388 0.002 121.02
0.394 0.003 121.06
0.395 0.002 121.09
0.395 0.002 121.12
0.401 0.007 121.16
0.402 0.002 121.19
0.404 0.002 121.22
0.403 0.002 121.26
0.407 0.001 121.29
0.408 0.001 121.32
0.41 0.002 121.36
0.408 0.005 121.39
0.409 0.001 121.42
0.413 0.005 121.46
0.414 0.003 121.49
0.413 0.001 121.52
0.413 0.001 121.56
0.415 0.002 121.59
0.417 0.0 121.62
0.416 0.001 121.66
0.415 0.001 121.69
0.418 0.0 121.72
0.418 0.0 121.76
0.419 0.002 121.79
0.423 0.002 121.82
0.42 0.004 121.86
0.419 0.001 121.89
0.425 0.004 121.92
0.423 0.002 121.96
0.422 0.002 121.99
0.421 0.002 122.02
0.427 0.004 122.06
0.427 0.0 122.09
0.425 0.002 122.12
0.428 0.001 122.16
0.427 0.001 122.19
0.427 0.0 122.22
0.432 0.001 122.25
0.432 0.0 122.29
0.433 0.001 122.32
0.442 0.001 122.36
0.443 0.001 122.39
0.439 0.005 122.42
0.442 0.004 122.45
0.445 0.002 122.49
0.442 0.004 122.52
0.443 0.001 122.56
0.448 0.001 122.59
0.447 0.002 122.62
0.449 0.003 122.66
0.455 0.002 122.69
0.452 0.005 122.72
0.452 0.001 122.76
0.452 0.0 122.79
0.458 0.001 122.82
0.457 0.001 122.86
0.458 0.0 122.89
0.463 0.0 122.92
0.462 0.001 122.95
0.462 0.0 122.99
0.468 0.001 123.03
0.466 0.002 123.06
0.469 0.004 123.09
0.473 0.001 123.12
0.472 0.001 123.16
0.471 0.001 123.19
0.473 0.002 123.22
0.477 0.001 123.25
0.479 0.003 123.29
0.478 0.002 123.32
0.484 0.002 123.36
0.483 0.0 123.39
0.48 0.004 123.42
0.486 0.002 123.45
0.487 0.002 123.49
0.487 0.001 123.52
0.484 0.004 123.56
0.488 0.0 123.59
0.488 0.001 123.62
0.49 0.002 123.65
0.495 0.003 123.69
0.496 0.001 123.72
0.494 0.003 123.75
0.499 0.003 123.79
0.494 0.007 123.82
0.497 0.005 123.86
0.498 0.003 123.89
0.496 0.001 123.92
0.495 0.002 123.95
0.495 0.002 123.99
0.495 0.002 124.02
0.492 0.003 124.06
0.493 0.001 124.09
0.495 0.001 124.12
0.493 0.002 124.16
0.495 0.002 124.19
0.498 0.001 124.22
0.499 0.001 124.26
0.496 0.005 124.29
0.499 0.001 124.32
0.501 0.002 124.35
0.5 0.002 124.39
0.5 0.0 124.42
0.502 0.0 124.45
0 0 124.49
0.502 0.0 124.52
0.503 0.001 124.56
0.503 0.0 124.59
0.504 0.001 124.62
0.503 0.003 124.66
0.505 0.002 124.69
0.506 0.002 124.72
0.507 0.003 124.76
0.507 0.0 124.79
0.506 0.001 124.82
0 0 124.85
0.506 0.002 124.89
0.507 0.001 124.92
0 0 124.95
0.505 0.003 124.99
0.504 0.001 125.02
0.503 0.001 125.05
0.506 0.003 125.09
0.504 0.002 125.12
0.499 0.006 125.16
0.497 0.003 125.19
0.496 0.002 125.22
0.492 0.004 125.25
0.486 0.007 125.29
0.48 0.006 125.32
0.474 0.007 125.35
0.465 0.009 125.39
0.458 0.007 125.42
0.45 0.008 125.45
0.438 0.013 125.49
0.426 0.013 125.52
0.414 0.013 125.55
0.399 0.015 125.59
0.386 0.015 125.62
0.372 0.016 125.66
0.357 0.016 125.69
0.341 0.018 125.72
0.327 0.016 125.76
0.315 0.014 125.79
0.303 0.013 125.82
0.291 0.014 125.85
0.28 0.013 125.89
0.268 0.014 125.92
0.261 0.012 125.95
0.252 0.013 125.99
0 0 126.02
0.243 0.022 126.06
0.243 0.01 126.09
0 0 126.12
0 0 126.15
0.238 0.022 126.19
0.237 0.006 126.22
0 0 126.25
0 0 126.29
0 0 126.32
0 0 126.35
0 0 126.39
0 0 126.42
0.241 0.024 126.46
0 0 126.49
0 0 126.52
0.242 0.006 126.55
0 0 126.59
0.243 0.002 126.62
0.244 0.003 126.65
0.243 0.001 126.69
0 0 126.72
0.245 0.004 126.75
0.24 0.01 126.79
0.242 0.006 126.82
0 0 126.85
0.243 0.002 126.89
0 0 126.92
0.242 0.001 126.96
0 0 126.99
0 0 127.02
0 0 127.05
0 0 127.09
0.251 0.007 127.12
0 0 127.16
0.251 0.006 127.19
0.252 0.003 127.22
0 0 127.25
0 0 127.29
0.249 0.009 127.32
0.248 0.003 127.35
0 0 127.39
0 0 127.42
0.245 0.011 127.45
0.246 0.004 127.49
0 0 127.52
0 0 127.55
0.247 0.011 127.59
0.247 0.004 127.62
0.25 0.004 127.66
0.252 0.004 127.69
0.254 0.005 127.72
0.259 0.004 127.76
0.261 0.004 127.79
0.263 0.004 127.82
0.271 0.007 127.85
0.274 0.006 127.89
0.278 0.006 127.92
0.286 0.007 127.96
0.292 0.009 127.99
0.298 0.009 128.02
0.304 0.009 128.05
0.316 0.01 128.09
0 0 128.12
0.333 0.022 128.16
0.35 0.01 128.19
0.359 0.011 128.22
0 0 128.25
0 0 128.29
0.396 0.036 128.32
0.406 0.011 128.35
0.419 0.014 128.39
0.435 0.012 128.43
0.449 0.014 128.45
0.461 0.012 128.49
0.478 0.012 128.52
0.493 0.015 128.55
0.504 0.011 128.59
0.518 0.01 128.62
0.527 0.009 128.66
0.539 0.014 128.69
0.551 0.007 128.72
0.556 0.005 128.76
0.561 0.006 128.79
0.571 0.012 128.82
0.573 0.006 128.86
0.582 0.011 128.89
0.586 0.003 128.92
0.591 0.002 128.95
0.594 0.004 128.99
0.598 0.003 129.02
0.612 0.012 129.05
0.617 0.005 129.09
0.618 0.004 129.12
0.625 0.003 129.16
0.63 0.005 129.19
0 0 129.22
0.633 0.005 129.25
0.645 0.011 129.29
0.639 0.009 129.32
0.641 0.003 129.36
0.65 0.002 129.39
0.651 0.002 129.42
0.652 0.003 129.45
0 0 129.49
0.648 0.008 129.52
0.648 0.0 129.56
0.646 0.004 129.59
0.652 0.004 129.62
0.651 0.002 129.66
0.651 0.003 129.69
0.653 0.002 129.72
0.653 0.003 129.75
0.654 0.001 129.79
0 0 129.82
0.654 0.005 129.86
0 0 129.89
0.654 0.005 129.92
0 0 129.95
0.649 0.005 129.99
0 0 130.02
0.641 0.01 130.05
0.635 0.006 130.09
0.631 0.006 130.12
0.629 0.005 130.16
0.628 0.003 130.19
0 0 130.22
0.624 0.006 130.25
0.626 0.002 130.29
0.624 0.004 130.33
0.626 0.001 130.36
0.626 0.001 130.39
0.623 0.006 130.42
0 0 130.45
0.626 0.003 130.49
0.625 0.005 130.52
0.628 0.003 130.56
0 0 130.59
0.631 0.001 130.63
0.631 0.001 130.65
0.633 0.001 130.69
0.637 0.004 130.72
0.635 0.004 130.75
0.637 0.003 130.79
0.638 0.002 130.82
0.636 0.003 130.86
0.64 0.005 130.89
0.636 0.008 130.92
0.635 0.003 130.95
0.639 0.004 130.99
0.638 0.002 131.02
0.638 0.001 131.05
0.634 0.005 131.09
0.634 0.002 131.12
0.633 0.002 131.16
0.632 0.002 131.19
0.628 0.006 131.22
0.626 0.003 131.26
0.626 0.003 131.29
0.623 0.004 131.32
0.622 0.006 131.36
0.623 0.001 131.39
0.622 0.002 131.42
0.624 0.007 131.45
0.624 0.002 131.49
0 0 131.52
0 0 131.55
0.63 0.01 131.59
0.633 0.004 131.62
0.632 0.003 131.66
0.635 0.004 131.69
0.633 0.001 131.72
0.631 0.002 131.76
0.627 0.005 131.79
0.632 0.007 131.82
0.637 0.007 131.86
0.641 0.004 131.89
0.643 0.002 131.92
0 0 131.95
0.644 0.002 131.99
0.648 0.005 132.02
0.648 0.002 132.05
0.649 0.002 132.09
0.646 0.004 132.12
0.646 0.0 132.16
0.647 0.002 132.19
0.644 0.005 132.22
0.641 0.003 132.26
0.643 0.003 132.29
0.64 0.003 132.32
0.632 0.01 132.36
0.635 0.008 132.39
0.625 0.013 132.42
0.628 0.008 132.46
0.622 0.007 132.49
0.618 0.005 132.52
0.617 0.005 132.56
0.614 0.005 132.59
0.611 0.005 132.62
0.61 0.005 132.66
0.607 0.004 132.69
0.607 0.004 132.72
0.608 0.004 132.75
0.605 0.004 132.79
0.605 0.002 132.82
0 0 132.85
0.606 0.003 132.89
0.608 0.002 132.92
0.607 0.002 132.95
0.612 0.006 132.99
0.612 0.002 133.02
0.614 0.002 133.05
0.616 0.002 133.09
0.616 0.002 133.12
0.617 0.001 133.15
0.62 0.003 133.19
0.62 0.001 133.22
0.62 0.001 133.25
0.619 0.002 133.29
0.617 0.002 133.32
0.613 0.005 133.36
0 0 133.39
0.603 0.01 133.42
0 0 133.45
0.588 0.015 133.49
0.578 0.01 133.52
0.564 0.014 133.55
0.553 0.012 133.59
0.541 0.012 133.62
0.526 0.015 133.66
0.512 0.015 133.69
0.498 0.014 133.72
0.481 0.018 133.75
0.465 0.017 133.79
0.453 0.013 133.82
0.436 0.017 133.85
0 0 133.89
0.41 0.03 133.92
0.398 0.014 133.95
0.389 0.013 133.99
0.378 0.013 134.02
0.372 0.01 134.05
0.367 0.009 134.09
0.361 0.009 134.12
0.356 0.008 134.16
0 0 134.19
0.348 0.013 134.22
0.345 0.005 134.25
0 0 134.29
0.337 0.01 134.32
0.337 0.004 134.35
0.335 0.003 134.39
0.334 0.003 134.42
0.33 0.003 134.45
0.329 0.002 134.49
0.329 0.001 134.53
0.329 0.001 134.56
0.331 0.001 134.59
0.331 0.002 134.62
0.332 0.002 134.66
0.333 0.001 134.69
0 0 134.72
0.337 0.004 134.75
0 0 134.79
0.34 0.004 134.82
0 0 134.85
0.34 0.003 134.89
0.343 0.005 134.92
0.341 0.002 134.95
0.339 0.002 134.99
0 0 135.02
0.338 0.002 135.05
0.336 0.002 135.09
0 0 135.12
0.336 0.003 135.16
0.335 0.002 135.19
0.335 0.003 135.22
0.333 0.002 135.25
0.332 0.001 135.29
0 0 135.32
0.331 0.002 135.35
0.333 0.004 135.39
0 0 135.42
0 0 135.45
0.325 0.008 135.49
0.322 0.004 135.52
0 0 135.55
0 0 135.58
0 0 135.62
0.322 0.004 135.65
0 0 135.69
0.322 0.002 135.72
0 0 135.75
0.325 0.005 135.79
0.329 0.006 135.82
0.33 0.003 135.85
0 0 135.89
0.333 0.006 135.92
0.333 0.004 135.95
0.333 0.003 135.99
0.34 0.008 136.02
0.34 0.004 136.05
0.341 0.003 136.09
0.343 0.003 136.12
0.346 0.003 136.16
0.348 0.003 136.19
0.348 0.003 136.22
0.351 0.003 136.26
0.351 0.003 136.29
0.352 0.003 136.32
0.353 0.003 136.35
0.357 0.004 136.39
0.359 0.003 136.42
0.361 0.003 136.45
0.362 0.004 136.49
0.367 0.006 136.52
0.367 0.004 136.56
0.37 0.004 136.59
0.371 0.003 136.62
0.374 0.003 136.65
0.375 0.003 136.69
0.377 0.003 136.72
0.379 0.003 136.76
0.382 0.003 136.8
0.384 0.003 136.83
0.386 0.003 136.86
0.39 0.005 136.89
0.392 0.004 136.92
0.394 0.004 136.95
0.398 0.005 136.99
0.4 0.005 137.02
0.406 0.006 137.05
0.412 0.007 137.09
0.417 0.007 137.12
0.425 0.009 137.16
0.432 0.008 137.19
0.441 0.009 137.22
0.449 0.009 137.26
0.459 0.01 137.29
0.47 0.012 137.32
0.479 0.01 137.35
0.49 0.011 137.39
0.5 0.01 137.42
0.507 0.009 137.45
0.517 0.01 137.49
0.523 0.007 137.52
0.532 0.009 137.55
0.536 0.007 137.59
0.539 0.007 137.62
0.545 0.007 137.65
0.549 0.007 137.69
0 0 137.72
0.558 0.011 137.75
0 0 137.79
0 0 137.82
0.569 0.015 137.85
0.568 0.004 137.89
0.577 0.01 137.92
0 0 137.95
0.583 0.008 137.99
0.586 0.008 138.02
0.595 0.009 138.05
0 0 138.08
0.595 0.008 138.12
0 0 138.15
0.599 0.005 138.19
0.597 0.001 138.23
0.6 0.004 138.26
0.596 0.005 138.29
0.595 0.005 138.32
0.594 0.002 138.35
0.593 0.002 138.38
0.59 0.003 138.42
0.585 0.003 138.45
0.586 0.004 138.49
0.581 0.005 138.52
0 0 138.55
0.576 0.005 138.59
0.576 0.003 138.62
0 0 138.65
0.571 0.003 138.68
0 0 138.72
0.57 0.003 138.75
0.567 0.003 138.79
0.567 0.001 138.82
0.568 0.003 138.85
0.563 0.001 138.89
0.564 0.003 138.92
0 0 138.95
0.56 0.004 138.99
0 0 139.02
0.562 0.003 139.05
0 0 139.08
0.557 0.001 139.12
0.56 0.005 139.15
0.554 0.007 139.19
0.546 0.006 139.22
0.545 0.002 139.25
0.546 0.001 139.29
0.537 0.004 139.32
0.541 0.005 139.35
0.536 0.008 139.39
0 0 139.42
0 0 139.45
0.531 0.002 139.49
0 0 139.52
0.523 0.004 139.55
0.523 0.002 139.59
0.52 0.005 139.62
0.514 0.002 139.65
0.514 0.002 139.68
0 0 139.72
0.509 0.001 139.75
0.506 0.004 139.79
0.51 0.006 139.82
0.504 0.001 139.85
0.502 0.002 139.89
0.505 0.003 139.92
0.502 0.003 139.95
0.501 0.002 139.99
0.501 0.001 140.02
0.503 0.005 140.05
0 0 140.08
0.495 0.003 140.12
0 0 140.15
0.493 0.002 140.18
0.496 0.004 140.22
0.496 0.001 140.25
0.49 0.001 140.28
0.487 0.005 140.32
0.485 0.002 140.35
0.481 0.004 140.38
0.474 0.003 140.42
0.475 0.001 140.45
0.474 0.001 140.49
0.469 0.002 140.52
0.465 0.007 140.55
0.466 0.001 140.58
0.461 0.002 140.62
0.462 0.002 140.65
0.464 0.002 140.69
0.457 0.003 140.72
0.456 0.001 140.75
0.454 0.002 140.79
0.457 0.004 140.82
0.453 0.001 140.85
0.454 0.001 140.89
0.456 0.002 140.92
0.452 0.003 140.95
0.452 0.002 140.99
0.454 0.002 141.02
0.451 0.001 141.05
0.452 0.002 141.08
0.456 0.004 141.12
0.452 0.004 141.15
0.451 0.004 141.18
0.458 0.007 141.22
0.458 0.002 141.25
0.457 0.002 141.29
0 0 141.32
0.455 0.007 141.35
0.453 0.004 141.38
0.452 0.005 141.42
0.451 0.005 141.45
0.448 0.005 141.49
0.446 0.005 141.52
0.442 0.005 141.55
0.441 0.005 141.58
0.434 0.006 141.62
0.433 0.006 141.65
0.429 0.005 141.69
0.424 0.004 141.72
0.42 0.004 141.75
0.421 0.004 141.79
0.417 0.003 141.82
0 0 141.85
0.415 0.004 141.89
0.414 0.004 141.92
0.409 0.005 141.95
0.41 0.003 141.99
0.407 0.003 142.02
0.405 0.002 142.05
0.403 0.003 142.08
0 0 142.12
0.4 0.005 142.15
0 0 142.18
0 0 142.22
0 0 142.25
0 0 142.28
0.401 0.008 142.32
0.402 0.002 142.35
0 0 142.38
0 0 142.42
0 0 142.45
0 0 142.48
0 0 142.52
0 0 142.55
0 0 142.58
0.389 0.015 142.62
0 0 142.65
0 0 142.68
0 0 142.72
0 0 142.75
0 0 142.78
0 0 142.82
0 0 142.85
0 0 142.88
0 0 142.92
0 0 142.95
0.374 0.017 142.99
0.376 0.004 143.02
0.378 0.004 143.05
0.373 0.005 143.08
0.374 0.004 143.12
0.37 0.004 143.15
0 0 143.18
0.367 0.007 143.22
0.362 0.005 143.25
0.361 0.005 143.28
0 0 143.32
0.35 0.011 143.35
0 0 143.38
0.345 0.009 143.42
0.34 0.005 143.46
0 0 143.49
0 0 143.52
0.334 0.008 143.55
0.334 0.001 143.59
0 0 143.62
0.339 0.006 143.65
0.343 0.004 143.69
0.348 0.002 143.72
0.352 0.004 143.75
0.354 0.003 143.78
0.36 0.005 143.82
0 0 143.85
0.369 0.01 143.89
0.376 0.005 143.93
0.383 0.007 143.95
0.389 0.006 143.99
0.395 0.007 144.02
0.4 0.004 144.05
0.405 0.006 144.08
0.406 0.003 144.12
0.412 0.003 144.15
0.414 0.002 144.19
0.418 0.004 144.22
0.423 0.003 144.25
0.425 0.003 144.28
0.427 0.002 144.32
0.427 0.001 144.35
0.428 0.003 144.39
0.43 0.002 144.42
0.431 0.002 144.45
0.434 0.001 144.49
0.431 0.003 144.52
0.432 0.001 144.55
0.431 0.006 144.58
0.433 0.003 144.62
0.433 0.0 144.65
0.437 0.001 144.69
0.437 0.0 144.72
0.435 0.002 144.75
0 0 144.78
0.44 0.001 144.82
0.441 0.002 144.85
0.438 0.003 144.89
0.446 0.001 144.92
0.447 0.001 144.95
0.447 0.001 144.99
0.449 0.002 145.02
0.45 0.001 145.05
0.45 0.0 145.09
0.455 0.001 145.12
0.456 0.002 145.15
0.454 0.002 145.19
0 0 145.22
0.458 0.001 145.25
0.459 0.002 145.29
0.461 0.002 145.32
0.464 0.002 145.36
0.466 0.002 145.38
0 0 145.42
0.47 0.001 145.45
0.469 0.001 145.49
0.47 0.003 145.52
0.473 0.002 145.56
0.471 0.003 145.59
0.473 0.005 145.62
0.472 0.001 145.65
0.473 0.005 145.69
0.471 0.002 145.72
0.47 0.002 145.75
0 0 145.79
0.471 0.004 145.82
0.469 0.002 145.85
0.475 0.003 145.89
0.473 0.002 145.92
0.471 0.002 145.95
0.477 0.002 145.99
0.473 0.005 146.02
0 0 146.05
0.472 0.001 146.09
0.479 0.003 146.12
0.479 0.001 146.15
0.478 0.001 146.19
0.482 0.001 146.22
0.48 0.003 146.26
0.479 0.001 146.29
0.487 0.001 146.32
0.486 0.001 146.35
0.485 0.001 146.39
0.482 0.003 146.42
0.484 0.002 146.45
0.483 0.003 146.49
0 0 146.52
0.477 0.01 146.55
0.468 0.009 146.59
0.458 0.011 146.62
0.453 0.01 146.65
0.44 0.012 146.69
0.423 0.018 146.72
0.415 0.013 146.75
0 0 146.78
0.385 0.031 146.82
0.371 0.015 146.86
0.362 0.015 146.89
0.351 0.014 146.92
0.341 0.013 146.95
0.336 0.012 146.99
0.33 0.012 147.02
0 0 147.05
0.324 0.021 147.09
0 0 147.12
0.317 0.018 147.15
0.318 0.008 147.19
0 0 147.22
0 0 147.25
0.31 0.02 147.28
0.313 0.007 147.32
0 0 147.35
0 0 147.38
0.313 0.012 147.42
0 0 147.45
0.316 0.008 147.49
0 0 147.52
0 0 147.55
0 0 147.58
0 0 147.62
0 0 147.66
0 0 147.69
0 0 147.72
0 0 147.75
0 0 147.78
0 0 147.82
0 0 147.85
0 0 147.88
0 0 147.92
0 0 147.95
0 0 147.98
0 0 148.02
0 0 148.05
0 0 148.08
0 0 148.12
0.334 0.019 148.15
0 0 148.18
0.339 0.012 148.22
0.342 0.005 148.25
0 0 148.28
0 0 148.32
0 0 148.35
0 0 148.38
0 0 148.42
0 0 148.45
0.361 0.03 148.48
0.365 0.006 148.52
0.37 0.008 148.55
0 0 148.58
0.375 0.013 148.62
0 0 148.65
0.384 0.013 148.68
0.388 0.008 148.72
0.39 0.008 148.75
0.395 0.008 148.78
0.4 0.009 148.82
0.405 0.01 148.85
0.414 0.012 148.89
0.422 0.012 148.92
0.433 0.014 148.95
0.444 0.014 148.99
0 0 149.02
0.473 0.034 149.05
0.487 0.015 149.08
0.501 0.015 149.12
0.514 0.014 149.15
0.529 0.015 149.18
0.542 0.013 149.22
0.553 0.012 149.25
0.564 0.011 149.28
0.578 0.013 149.32
0.587 0.009 149.35
0.594 0.007 149.38
0.604 0.01 149.42
0.611 0.007 149.45
0.615 0.005 149.49
0.62 0.005 149.52
0.624 0.005 149.55
0.631 0.007 149.58
0.634 0.003 149.62
0.637 0.004 149.65
0.641 0.004 149.68
0.642 0.003 149.72
0.645 0.004 149.75
0.646 0.002 149.79
0.648 0.003 149.82
0.65 0.003 149.85
0 0 149.88
0.649 0.004 149.92
0.646 0.004 149.95
0.649 0.004 149.99
0.648 0.002 150.02
0.651 0.004 150.05
0.65 0.002 150.08
0.651 0.001 150.12
0.651 0.001 150.15
0 0 150.18
0.65 0.003 150.22
0.65 0.001 150.25
0 0 150.28
0.647 0.004 150.32
0 0 150.35
0 0 150.38
0.641 0.007 150.42
0.637 0.004 150.45
0.635 0.003 150.48
0.632 0.003 150.52
0.633 0.002 150.55
0.631 0.002 150.58
0 0 150.61
0.632 0.002 150.65
0 0 150.69
0.63 0.002 150.72
0.629 0.002 150.75
0 0 150.78
0.628 0.001 150.82
0.631 0.005 150.85
0.629 0.003 150.88
0 0 150.92
0 0 150.95
0 0 150.98
0.626 0.005 151.02
0.623 0.004 151.05
0 0 151.08
0 0 151.11
0.625 0.007 151.15
0.624 0.001 151.18
0.625 0.002 151.22
0.625 0.004 151.25
0.627 0.002 151.28
0.629 0.002 151.32
0.627 0.002 151.36
0.632 0.009 151.38
0.631 0.002 151.42
0.626 0.008 151.45
0.628 0.005 151.48
0.627 0.001 151.52
0.628 0.001 151.55
0.628 0.002 151.58
0.63 0.003 151.62
0.629 0.002 151.65
0 0 151.68
0 0 151.71
0.631 0.005 151.75
0.632 0.004 151.78
0.626 0.007 151.82
0.628 0.007 151.85
0.624 0.004 151.88
0 0 151.91
0.624 0.005 151.95
0.624 0.001 151.98
0.623 0.001 152.02
0 0 152.05
0 0 152.08
0 0 152.11
0 0 152.15
0 0 152.18
0 0 152.22
0 0 152.25
0.625 0.004 152.28
0 0 152.32
0.622 0.005 152.35
0 0 152.38
0.615 0.009 152.42
0.613 0.005 152.45
0.608 0.007 152.48
0.601 0.011 152.52
0.6 0.008 152.55
0.588 0.014 152.59
0.582 0.007 152.62
0.575 0.007 152.65
0.565 0.012 152.68
0 0 152.71
0.551 0.016 152.75
0.541 0.01 152.78
0.534 0.008 152.82
0.523 0.011 152.85
0 0 152.88
0.499 0.024 152.92
0.485 0.014 152.95
0.469 0.016 152.98
0.454 0.016 153.02
0.435 0.02 153.05
0.419 0.017 153.08
0.401 0.021 153.12
0.384 0.018 153.15
0.369 0.018 153.18
0.354 0.019 153.22
0 0 153.25
0.333 0.028 153.29
0 0 153.32
0.318 0.024 153.35
0 0 153.38
0 0 153.41
0 0 153.45
0 0 153.48
0 0 153.51
0 0 153.55
0 0 153.58
0 0 153.61
0 0 153.65
0 0 153.68
0 0 153.71
0 0 153.75
0 0 153.78
0 0 153.82
0 0 153.85
0.301 0.049 153.88
0 0 153.92
0.304 0.004 153.95
0 0 153.98
0 0 154.02
0 0 154.05
0.31 0.01 154.09
0.314 0.005 154.12
0 0 154.15
0 0 154.18
0.319 0.01 154.22
0 0 154.25
0 0 154.28
0 0 154.32
0.325 0.011 154.35
0 0 154.38
0.327 0.003 154.42
0 0 154.45
0.327 0.004 154.49
0.327 0.001 154.52
0.327 0.001 154.55
0.327 0.001 154.58
0 0 154.61
0.327 0.0 154.65
0.327 0.002 154.68
0.327 0.001 154.72
0.327 0.001 154.75
0.326 0.001 154.78
0 0 154.82
0.325 0.002 154.85
0.324 0.0 154.88
0.324 0.001 154.92
0 0 154.95
0.324 0.001 154.99
0 0 155.01
0 0 155.05
0.327 0.005 155.08
0.325 0.005 155.12
0.326 0.002 155.15
0 0 155.18
0.329 0.009 155.22
0 0 155.25
0.34 0.019 155.28
0.347 0.01 155.32
0 0 155.35
0 0 155.38
0.375 0.038 155.42
0.384 0.012 155.45
0 0 155.48
0.4 0.023 155.52
0.406 0.01 155.55
0.411 0.011 155.58
0.42 0.013 155.62
0.428 0.013 155.65
0.434 0.011 155.69
0.443 0.013 155.72
0.45 0.011 155.75
0.459 0.012 155.78
0.465 0.007 155.82
0.476 0.016 155.85
0.485 0.011 155.88
0 0 155.92
0.503 0.024 155.95
0.51 0.008 155.99
0 0 156.01
0 0 156.05
0.531 0.023 156.08
0 0 156.12
0.541 0.011 156.15
0.547 0.006 156.18
0 0 156.22
0 0 156.25
0 0 156.28
0.558 0.013 156.32
0 0 156.35
0.561 0.004 156.38
0.56 0.003 156.42
0.566 0.007 156.45
0.569 0.004 156.49
0.568 0.002 156.52
0.569 0.002 156.55
0.573 0.005 156.58
0 0 156.61
0 0 156.65
0.586 0.036 156.68
0 0 156.71
0 0 156.75
0 0 156.78
0 0 156.82
0.581 0.046 156.85
0.582 0.006 156.88
0 0 156.91
0 0 156.95
0.578 0.01 156.98
0 0 157.01
0.583 0.01 157.05
0 0 157.08
0 0 157.12
0 0 157.15
0.581 0.011 157.18
0 0 157.22
0 0 157.25
0.578 0.006 157.28
0.578 0.001 157.32
0 0 157.35
0 0 157.38
0 0 157.41
0 0 157.45
0 0 157.48
0 0 157.51
0 0 157.55
0 0 157.58
0 0 157.61
0 0 157.65
0.574 0.01 157.68
0.575 0.001 157.72
0 0 157.75
0 0 157.78
0.569 0.004 157.82
0 0 157.85
0.569 0.003 157.88
0 0 157.91
0.572 0.003 157.95
0.568 0.002 157.98
0.565 0.005 158.02
0 0 158.05
0 0 158.08
0.563 0.003 158.12
0 0 158.15
0 0 158.18
0 0 158.22
0 0 158.25
0 0 158.29
0 0 158.32
0.549 0.011 158.35
0.549 0.001 158.38
0.542 0.004 158.42
0 0 158.46
0 0 158.49
0.54 0.003 158.52
0 0 158.55
0 0 158.58
0.534 0.004 158.62
0 0 158.65
0 0 158.68
0.537 0.003 158.71
0 0 158.75
0 0 158.78
0.532 0.001 158.82
0 0 158.85
0.528 0.001 158.89
0 0 158.91
0 0 158.95
0 0 158.98
0 0 159.01
0.509 0.005 159.05
0 0 159.08
0.515 0.008 159.12
0.512 0.005 159.15
0.502 0.006 159.19
0.501 0.001 159.22
0 0 159.25
0 0 159.28
0 0 159.31
0.502 0.009 159.35
0 0 159.38
0 0 159.42
0 0 159.45
