0 0 12.88
0 0 12.91
0 0 12.94
0 0 12.97
0 0 13.01
0 0 13.04
0 0 13.07
0 0 13.11
0 0 13.14
0 0 13.17
0.387 0.211 13.21
0.382 0.007 13.24
0 0 13.27
0.374 0.011 13.32
0.369 0.005 13.35
0.365 0.004 13.38
0.364 0.003 13.42
0.361 0.003 13.46
0.361 0.002 13.5
0.361 0.002 13.53
0.361 0.002 13.56
0.362 0.002 13.59
0.364 0.003 13.62
0.363 0.001 13.65
0.365 0.003 13.68
0.365 0.001 13.71
0.367 0.004 13.74
0.367 0.0 13.77
0.368 0.002 13.81
0 0 13.84
0.373 0.005 13.87
0 0 13.91
0.375 0.002 13.94
0 0 13.98
0.376 0.002 14.01
0.38 0.003 14.04
0 0 14.07
0 0 14.11
0.377 0.007 14.14
0 0 14.17
0 0 14.21
0.375 0.006 14.24
0 0 14.27
0 0 14.3
0.369 0.014 14.34
0.37 0.008 14.37
0 0 14.4
0.365 0.017 14.44
0.364 0.009 14.48
0.362 0.007 14.51
0.359 0.006 14.54
0.356 0.007 14.58
0 0 14.61
0.352 0.016 14.64
0 0 14.67
0.347 0.014 14.72
0 0 14.74
0.342 0.016 14.78
0.346 0.005 14.8
0.346 0.004 14.84
0 0 14.87
0.342 0.012 14.91
0.342 0.008 14.94
0.339 0.01 14.98
0.335 0.011 15.01
0.335 0.01 15.04
0.334 0.01 15.07
0.332 0.005 15.11
0.336 0.006 15.14
0.335 0.004 15.17
0.335 0.003 15.21
0.337 0.002 15.24
0.337 0.002 15.27
0.337 0.002 15.31
0.336 0.002 15.34
0.343 0.003 15.38
0.345 0.003 15.41
0.348 0.003 15.44
0.357 0.006 15.47
0.364 0.009 15.51
0.372 0.011 15.54
0.387 0.014 15.57
0.399 0.016 15.61
0.413 0.016 15.64
0.435 0.013 15.67
0.446 0.012 15.71
0.456 0.01 15.74
0.461 0.007 15.77
0.473 0.007 15.8
0.475 0.005 15.84
0.475 0.005 15.87
0.478 0.006 15.91
0.477 0.005 15.94
0.474 0.006 15.97
0.48 0.002 16.01
0.477 0.007 16.04
0.477 0.002 16.08
0.481 0.003 16.11
0.477 0.007 16.14
0.476 0.002 16.17
0 0 16.21
0.473 0.014 16.24
0.466 0.011 16.27
0.46 0.011 16.31
0.454 0.018 16.34
0 0 16.37
0.435 0.029 16.41
0.429 0.016 16.44
0.418 0.015 16.47
0 0 16.5
0 0 16.54
0.396 0.036 16.58
0.388 0.009 16.61
0.379 0.009 16.64
0.378 0.008 16.67
0.373 0.007 16.71
0.368 0.006 16.75
0.37 0.005 16.78
0.368 0.004 16.81
0.367 0.004 16.84
0.372 0.004 16.87
0.369 0.003 16.91
0.365 0.004 16.94
0.361 0.004 16.97
0.369 0.003 17.01
0.367 0.003 17.04
0.363 0.004 17.07
0.367 0.003 17.11
0 0 17.14
0 0 17.17
0.368 0.004 17.21
0.366 0.002 17.24
0.366 0.001 17.28
0.369 0.002 17.31
0.367 0.002 17.34
0.366 0.002 17.38
0.364 0.003 17.41
0.369 0.002 17.44
0.369 0.001 17.47
0.37 0.002 17.51
0.374 0.001 17.54
0.374 0.001 17.57
0.373 0.002 17.61
0.376 0.001 17.64
0.377 0.001 17.67
0.376 0.002 17.71
0.38 0.001 17.74
0.381 0.005 17.78
0.381 0.001 17.81
0 0 17.84
0.383 0.003 17.88
0.384 0.003 17.92
0.382 0.003 17.95
0.386 0.002 17.98
0.386 0.001 18.01
0.385 0.004 18.04
0.387 0.006 18.08
0.387 0.008 18.12
0 0 18.15
0 0 18.18
0 0 18.21
0 0 18.24
0 0 18.27
0 0 18.3
0 0 18.34
0 0 18.37
0 0 18.4
0 0 18.44
0 0 18.47
0 0 18.52
0 0 18.56
0 0 18.59
0 0 18.61
0 0 18.64
0 0 18.67
0 0 18.71
0 0 18.74
0 0 18.77
0 0 18.81
0 0 18.84
0 0 18.88
0 0 18.91
0 0 18.94
0 0 18.97
0 0 19.01
0 0 19.04
0 0 19.07
0 0 19.1
0 0 19.14
0 0 19.17
0 0 19.21
0 0 19.24
0 0 19.27
0 0 19.3
0 0 19.34
0 0 19.37
0 0 19.41
0 0 19.44
0 0 19.47
0 0 19.5
0.715 0.341 19.54
0 0 19.57
0 0 19.61
0 0 19.64
0 0 19.67
0 0 19.71
0.707 0.012 19.74
0.707 0.003 19.78
0 0 19.8
0 0 19.84
0.714 0.009 19.88
0 0 19.91
0 0 19.94
0 0 19.97
0 0 20.0
0 0 20.04
0 0 20.07
0 0 20.1
0 0 20.14
0 0 20.17
0 0 20.2
0.703 0.013 20.24
0.7 0.003 20.28
0.697 0.004 20.31
0.704 0.009 20.34
0.702 0.004 20.37
0 0 20.41
0.7 0.005 20.44
0.704 0.003 20.47
0 0 20.5
0.711 0.01 20.54
0 0 20.57
0.718 0.007 20.61
0 0 20.64
0 0 20.67
0.723 0.005 20.71
0.72 0.004 20.74
0 0 20.77
0 0 20.8
0 0 20.84
0.742 0.023 20.88
0 0 20.9
0 0 20.94
0 0 20.97
0 0 21.0
0 0 21.04
0 0 21.07
0 0 21.1
0 0 21.14
0 0 21.17
0 0 21.21
0 0 21.24
0 0 21.27
0 0 21.3
0 0 21.34
0 0 21.37
0 0 21.4
0 0 21.44
0 0 21.47
0 0 21.5
0 0 21.54
0 0 21.57
0 0 21.61
0 0 21.64
0 0 21.67
0 0 21.71
0 0 21.74
0 0 21.77
0 0 21.8
0 0 21.84
0 0 21.87
0 0 21.9
0 0 21.94
0 0 21.97
0 0 22.01
0 0 22.04
0 0 22.07
0 0 22.1
0.718 0.043 22.14
0.713 0.009 22.17
0.705 0.012 22.21
0.693 0.014 22.24
0 0 22.27
0 0 22.3
0 0 22.34
0 0 22.37
0 0 22.41
0 0 22.44
0 0 22.47
0 0 22.5
0.573 0.123 22.54
0.56 0.014 22.57
0.554 0.008 22.61
0.551 0.007 22.64
0.545 0.009 22.67
0 0 22.7
0 0 22.74
0.534 0.02 22.77
0 0 22.81
0 0 22.84
0.508 0.037 22.87
0.499 0.01 22.91
0.488 0.014 22.94
0.479 0.012 22.97
0.469 0.013 23.01
0.461 0.01 23.04
0.454 0.009 23.07
0 0 23.1
0.445 0.012 23.14
0 0 23.17
0.439 0.011 23.21
0.439 0.004 23.24
0.435 0.004 23.27
0.432 0.004 23.31
0.428 0.004 23.34
0.425 0.006 23.38
0.423 0.002 23.41
0 0 23.44
0.423 0.003 23.48
0.423 0.001 23.51
0.423 0.0 23.54
0.424 0.004 23.57
0.424 0.003 23.61
0.426 0.002 23.64
0.428 0.004 23.67
0.43 0.003 23.71
0 0 23.74
0 0 23.77
0.433 0.009 23.81
0.435 0.002 23.84
0 0 23.87
0.434 0.002 23.91
0 0 23.94
0.433 0.004 23.98
0.432 0.002 24.01
0.432 0.002 24.04
0 0 24.07
0.429 0.004 24.1
0.428 0.002 24.14
0.426 0.003 24.18
0.424 0.003 24.21
0.42 0.003 24.24
0.417 0.003 24.27
0.415 0.003 24.3
0.413 0.002 24.34
0.412 0.003 24.38
0.412 0.002 24.41
0.411 0.005 24.44
0.411 0.001 24.47
0.41 0.001 24.51
0.411 0.001 24.54
0.412 0.003 24.58
0.412 0.007 24.61
0.412 0.008 24.64
0.413 0.009 24.67
0.417 0.009 24.71
0.425 0.01 24.74
0 0 24.77
0.446 0.024 24.8
0.458 0.014 24.84
0.477 0.023 24.87
0 0 24.91
0 0 24.94
0 0 24.97
0 0 25.0
0 0 25.04
0 0 25.07
0 0 25.1
0 0 25.14
0 0 25.17
0 0 25.2
0 0 25.24
0 0 25.27
0 0 25.3
0 0 25.34
0 0 25.37
0 0 25.4
0 0 25.43
0 0 25.47
0 0 25.5
0 0 25.54
0 0 25.57
0 0 25.6
0 0 25.64
0 0 25.67
0 0 25.7
0 0 25.74
0 0 25.77
0 0 25.8
0 0 25.84
0 0 25.87
0 0 25.9
0 0 25.94
0 0 25.97
0 0 26.0
0 0 26.04
0 0 26.07
0 0 26.1
0.742 0.282 26.14
0 0 26.17
0 0 26.2
0 0 26.23
0.731 0.017 26.27
0.731 0.001 26.31
0.728 0.004 26.34
0.733 0.008 26.37
0 0 26.4
0.72 0.015 26.44
0.716 0.005 26.47
0 0 26.5
0.718 0.002 26.54
0 0 26.57
0.721 0.009 26.61
0.726 0.005 26.64
0.733 0.007 26.68
0 0 26.7
0 0 26.73
0 0 26.77
0 0 26.8
0 0 26.83
0 0 26.87
0 0 26.9
0 0 26.94
0 0 26.97
0 0 27.0
0 0 27.04
0 0 27.07
0 0 27.1
0.726 0.012 27.14
0.708 0.019 27.18
0 0 27.21
0 0 27.24
0 0 27.27
0 0 27.3
0 0 27.34
0 0 27.37
0 0 27.4
0 0 27.44
0 0 27.47
0 0 27.5
0 0 27.54
0 0 27.57
0 0 27.6
0 0 27.63
0 0 27.67
0.456 0.251 27.71
0.446 0.013 27.74
0 0 27.77
0.424 0.028 27.8
0.418 0.012 27.84
0.412 0.009 27.88
0.41 0.008 27.91
0.409 0.008 27.94
0.408 0.007 27.97
0.406 0.005 28.0
0.406 0.005 28.04
0.405 0.004 28.08
0.402 0.003 28.11
0.402 0.002 28.14
0.399 0.003 28.17
0.395 0.003 28.21
0.393 0.002 28.24
0.39 0.004 28.27
0.389 0.002 28.3
0.382 0.002 28.34
0.382 0.003 28.37
0.381 0.003 28.41
0.379 0.001 28.44
0.379 0.001 28.47
0.379 0.001 28.5
0.376 0.003 28.54
0.376 0.001 28.57
0.374 0.003 28.6
0.37 0.004 28.64
0.369 0.002 28.67
0.367 0.002 28.7
0 0 28.74
0.361 0.003 28.77
0.36 0.006 28.8
0 0 28.83
0.361 0.007 28.87
0.364 0.006 28.9
0.369 0.011 28.94
0.37 0.012 28.97
0 0 29.0
0.392 0.033 29.04
0.402 0.02 29.07
0.421 0.023 29.1
0 0 29.13
0 0 29.17
0 0 29.2
0 0 29.23
0 0 29.27
0 0 29.3
0 0 29.33
0 0 29.37
0 0 29.4
0 0 29.43
0 0 29.47
0 0 29.5
0 0 29.53
0 0 29.57
0 0 29.6
0 0 29.63
0 0 29.67
0 0 29.7
0 0 29.73
0 0 29.77
0 0 29.8
0 0 29.83
0 0 29.87
0 0 29.9
0 0 29.93
0 0 29.97
0 0 30.0
0 0 30.04
0 0 30.07
0 0 30.1
0 0 30.13
0 0 30.17
0 0 30.2
0 0 30.23
0 0 30.27
0 0 30.3
0 0 30.33
0 0 30.37
0 0 30.4
0 0 30.44
0 0 30.47
0 0 30.5
0 0 30.54
0 0 30.57
0 0 30.6
0 0 30.63
0 0 30.67
0 0 30.7
0 0 30.74
0 0 30.77
0 0 30.8
0 0 30.83
0 0 30.87
0 0 30.9
0 0 30.93
0 0 30.97
0 0 31.0
0 0 31.03
0 0 31.07
0 0 31.1
0 0 31.13
0 0 31.17
0 0 31.2
0 0 31.23
0 0 31.27
0 0 31.3
0 0 31.34
0 0 31.37
0 0 31.4
0 0 31.44
0 0 31.47
0 0 31.5
0 0 31.54
0 0 31.57
0 0 31.6
0 0 31.63
0 0 31.67
0 0 31.7
0 0 31.73
0 0 31.77
0 0 31.8
0 0 31.83
0.54 0.285 31.87
0 0 31.9
0 0 31.93
0 0 31.97
0 0 32.0
0 0 32.03
0.529 0.018 32.07
0 0 32.1
0 0 32.14
0 0 32.17
0 0 32.2
0 0 32.23
0 0 32.27
0 0 32.3
0 0 32.33
0 0 32.37
0 0 32.4
0 0 32.44
0 0 32.47
0 0 32.5
0 0 32.53
0 0 32.57
0 0 32.6
0 0 32.63
0 0 32.67
0 0 32.7
0 0 32.73
0 0 32.77
0 0 32.8
0 0 32.83
0 0 32.87
0 0 32.9
0 0 32.94
0 0 32.97
0 0 33.0
0 0 33.04
0 0 33.07
0 0 33.1
0 0 33.13
0 0 33.17
0 0 33.2
0 0 33.24
0 0 33.27
0 0 33.3
0 0 33.33
0 0 33.37
0 0 33.4
0 0 33.43
0 0 33.47
0 0 33.5
0 0 33.54
0 0 33.57
0 0 33.6
0 0 33.63
0 0 33.67
0 0 33.7
0 0 33.73
0 0 33.77
0 0 33.8
0 0 33.84
0 0 33.87
0 0 33.9
0 0 33.94
0 0 33.97
0 0 34.0
0 0 34.03
0 0 34.07
0 0 34.1
0 0 34.13
0 0 34.17
0 0 34.2
0 0 34.24
0 0 34.27
0 0 34.3
0 0 34.33
0 0 34.37
0 0 34.4
0 0 34.44
0 0 34.47
0 0 34.5
0 0 34.54
0 0 34.57
0 0 34.6
0 0 34.63
0 0 34.67
0 0 34.7
0 0 34.73
0 0 34.77
0 0 34.8
0 0 34.83
0 0 34.87
0 0 34.9
0 0 34.94
0 0 34.97
0 0 35.0
0 0 35.04
0 0 35.07
0 0 35.1
0 0 35.13
0 0 35.17
0 0 35.2
0 0 35.23
0 0 35.27
0 0 35.3
0 0 35.33
0 0 35.37
0 0 35.4
0 0 35.44
0 0 35.47
0 0 35.5
0 0 35.54
0 0 35.57
0 0 35.6
0 0 35.64
0 0 35.67
0 0 35.7
0 0 35.73
0 0 35.77
0 0 35.8
0 0 35.83
0 0 35.87
0 0 35.9
0 0 35.93
0 0 35.96
0 0 36.0
0 0 36.04
0 0 36.07
0 0 36.1
0 0 36.13
0 0 36.17
0 0 36.2
0 0 36.23
0 0 36.27
0 0 36.3
0 0 36.33
0 0 36.37
0 0 36.4
0 0 36.43
0 0 36.46
0 0 36.5
0 0 36.53
0 0 36.56
0 0 36.6
0 0 36.63
0 0 36.67
0 0 36.7
0 0 36.73
0 0 36.76
0 0 36.8
0 0 36.83
0 0 36.87
0 0 36.9
0 0 36.93
0 0 36.97
0 0 37.0
0 0 37.03
0 0 37.06
0 0 37.1
0 0 37.13
0 0 37.17
0 0 37.2
0 0 37.23
0 0 37.27
0 0 37.3
0 0 37.33
0 0 37.37
0 0 37.4
0 0 37.43
0 0 37.47
0 0 37.5
0 0 37.53
0 0 37.56
0 0 37.6
0 0 37.63
0 0 37.66
0 0 37.7
0 0 37.73
0 0 37.77
0 0 37.8
0 0 37.83
0 0 37.87
0 0 37.9
0 0 37.93
0 0 37.97
0 0 38.0
0 0 38.03
0 0 38.07
0 0 38.1
0 0 38.13
0 0 38.16
0 0 38.2
0 0 38.23
0 0 38.27
0 0 38.3
0 0 38.33
0 0 38.37
0 0 38.4
0 0 38.43
0 0 38.47
0 0 38.5
0 0 38.53
0 0 38.57
0 0 38.6
0 0 38.63
0 0 38.67
0 0 38.7
0 0 38.73
0 0 38.77
0 0 38.8
0 0 38.83
0 0 38.87
0 0 38.9
0 0 38.94
0 0 38.97
0 0 39.0
0 0 39.03
0 0 39.07
0 0 39.1
0 0 39.13
0 0 39.17
0 0 39.2
0 0 39.23
0 0 39.26
0.485 0.225 39.3
0.468 0.02 39.33
0 0 39.37
0.451 0.026 39.4
0 0 39.43
0.428 0.028 39.47
0.422 0.013 39.5
0.412 0.012 39.54
0.4 0.015 39.57
0 0 39.6
0.389 0.021 39.63
0.386 0.008 39.67
0.382 0.008 39.7
0.385 0.007 39.73
0.384 0.004 39.77
0.383 0.004 39.8
0.387 0.003 39.83
0.387 0.003 39.87
0.387 0.003 39.91
0.394 0.003 39.93
0.394 0.002 39.97
0.393 0.002 40.0
0.391 0.003 40.04
0.393 0.003 40.07
0.393 0.004 40.1
0.392 0.002 40.14
0.394 0.002 40.17
0.393 0.002 40.2
0.392 0.001 40.24
0.394 0.003 40.27
0.392 0.005 40.3
0.393 0.005 40.34
0.394 0.003 40.37
0.396 0.002 40.4
0.396 0.002 40.44
0.397 0.001 40.47
0 0 40.5
0.4 0.002 40.54
0.401 0.004 40.57
0.401 0.005 40.6
0.402 0.001 40.64
0.402 0.001 40.67
0.402 0.004 40.71
0.4 0.002 40.75
0.399 0.002 40.77
0.398 0.005 40.81
0.398 0.001 40.84
0.397 0.002 40.87
0.398 0.001 40.9
0.398 0.002 40.94
0.397 0.003 40.97
0.398 0.003 41.0
0.399 0.006 41.04
0.4 0.006 41.07
0 0 41.1
0 0 41.13
0 0 41.17
0 0 41.2
0.438 0.051 41.24
0.454 0.022 41.27
0 0 41.3
0 0 41.33
0 0 41.37
0 0 41.4
0 0 41.43
0 0 41.47
0 0 41.5
0 0 41.53
0 0 41.57
0 0 41.6
0 0 41.63
0 0 41.66
0 0 41.7
0 0 41.73
0 0 41.77
0 0 41.8
0 0 41.83
0 0 41.87
0 0 41.9
0 0 41.93
0 0 41.97
0 0 42.0
0 0 42.03
0 0 42.07
0 0 42.1
0 0 42.13
0 0 42.17
0 0 42.2
0 0 42.23
0 0 42.27
0 0 42.3
0 0 42.33
0 0 42.37
0 0 42.4
0 0 42.43
0 0 42.47
0 0 42.5
0 0 42.53
0 0 42.57
0 0 42.6
0 0 42.63
0 0 42.67
0 0 42.7
0 0 42.73
0 0 42.77
0 0 42.8
0 0 42.83
0 0 42.87
0 0 42.9
0 0 42.93
0 0 42.97
0 0 43.0
0 0 43.03
0 0 43.07
0 0 43.1
0 0 43.13
0 0 43.16
0 0 43.2
0 0 43.23
0 0 43.27
0 0 43.3
0 0 43.33
0 0 43.37
0 0 43.4
0 0 43.43
0 0 43.46
0 0 43.5
0 0 43.53
0 0 43.56
0 0 43.6
0 0 43.63
0 0 43.67
0.398 0.067 43.7
0.389 0.015 43.73
0 0 43.77
0.381 0.019 43.8
0.377 0.006 43.84
0.376 0.005 43.87
0.375 0.004 43.9
0.374 0.004 43.93
0.374 0.005 43.97
0.372 0.005 44.0
0.374 0.004 44.04
0.372 0.003 44.07
0.372 0.003 44.11
0.373 0.002 44.14
0.373 0.001 44.17
0.374 0.002 44.2
0.373 0.001 44.23
0.372 0.003 44.27
0.371 0.003 44.3
0 0 44.33
0.37 0.001 44.37
0.366 0.005 44.4
0.368 0.005 44.43
0.369 0.003 44.47
0 0 44.5
0.363 0.006 44.53
0 0 44.57
0.359 0.004 44.6
0.358 0.002 44.63
0 0 44.66
0.36 0.01 44.7
0.361 0.008 44.74
0.364 0.011 44.78
0.371 0.014 44.8
0 0 44.83
0 0 44.87
0 0 44.9
0 0 44.93
0 0 44.96
0 0 45.0
0 0 45.03
0 0 45.07
0 0 45.1
0 0 45.13
0 0 45.16
0 0 45.2
0 0 45.24
0 0 45.27
0 0 45.3
0 0 45.33
0 0 45.37
0 0 45.4
0 0 45.43
0 0 45.47
0 0 45.51
0 0 45.53
0 0 45.57
0 0 45.6
0 0 45.63
0 0 45.66
0 0 45.7
0 0 45.73
0 0 45.76
0 0 45.8
0 0 45.83
0 0 45.87
0 0 45.9
0 0 45.93
0 0 45.97
0 0 46.0
0 0 46.03
0 0 46.07
0 0 46.1
0 0 46.13
0 0 46.17
0 0 46.2
0 0 46.24
0 0 46.27
0 0 46.3
0 0 46.33
0 0 46.37
0 0 46.4
0 0 46.43
0 0 46.47
0 0 46.5
0 0 46.53
0 0 46.57
0 0 46.6
0 0 46.63
0 0 46.67
0 0 46.7
0 0 46.73
0 0 46.77
0 0 46.8
0 0 46.83
0 0 46.87
0 0 46.9
0 0 46.93
0 0 46.97
0 0 47.0
0 0 47.04
0 0 47.08
0 0 47.1
0 0 47.13
0 0 47.17
0 0 47.2
0 0 47.23
0 0 47.27
0 0 47.3
0 0 47.33
0 0 47.37
0 0 47.4
0 0 47.43
0 0 47.46
0 0 47.5
0 0 47.53
0 0 47.56
0 0 47.6
0 0 47.63
0 0 47.67
0 0 47.7
0 0 47.73
0.677 0.32 47.77
0 0 47.8
0.659 0.017 47.83
0 0 47.87
0 0 47.9
0 0 47.93
0 0 47.96
0 0 48.0
0 0 48.03
0 0 48.07
0 0 48.1
0 0 48.13
0 0 48.16
0 0 48.2
0 0 48.24
0 0 48.27
0.401 0.251 48.3
0.387 0.019 48.33
0 0 48.37
0.366 0.027 48.4
0.36 0.01 48.45
0.356 0.008 48.48
0.349 0.007 48.51
0.348 0.005 48.54
0.347 0.004 48.57
0.344 0.004 48.6
0 0 48.63
0.343 0.004 48.67
0.34 0.003 48.7
0.336 0.003 48.73
0.335 0.001 48.77
0.334 0.001 48.8
0.329 0.001 48.83
0.328 0.002 48.87
0.328 0.001 48.9
0.322 0.003 48.94
0.321 0.002 48.97
0.318 0.003 49.0
0.313 0.002 49.03
0.311 0.003 49.07
0.31 0.002 49.1
0.31 0.002 49.13
0.304 0.001 49.17
0.304 0.001 49.2
0.305 0.003 49.24
0.3 0.003 49.27
0.304 0.006 49.3
0.307 0.01 49.33
0.305 0.012 49.37
0.315 0.015 49.4
0.33 0.02 49.44
0.342 0.022 49.47
0 0 49.5
0 0 49.53
0 0 49.56
0 0 49.6
0 0 49.63
0 0 49.66
0 0 49.7
0 0 49.73
0 0 49.76
0 0 49.8
0 0 49.83
0 0 49.86
0 0 49.9
0 0 49.93
0 0 49.96
0 0 50.0
0 0 50.03
0 0 50.06
0 0 50.1
0 0 50.13
0 0 50.17
0 0 50.2
0 0 50.23
0 0 50.26
0 0 50.3
0 0 50.33
0 0 50.36
0 0 50.4
0 0 50.43
0 0 50.46
0 0 50.5
0 0 50.53
0 0 50.56
0 0 50.6
0 0 50.63
0 0 50.66
0 0 50.7
0 0 50.73
0 0 50.76
0 0 50.8
0 0 50.83
0 0 50.86
0 0 50.9
0 0 50.93
0 0 50.96
0 0 51.0
0 0 51.03
0 0 51.06
0 0 51.1
0 0 51.13
0 0 51.16
0 0 51.2
0 0 51.23
0 0 51.26
0 0 51.3
0 0 51.33
0 0 51.36
0 0 51.4
0 0 51.43
0 0 51.46
0 0 51.5
0 0 51.53
0 0 51.56
0 0 51.6
0 0 51.63
0 0 51.66
0 0 51.7
0 0 51.73
0 0 51.76
0 0 51.8
0 0 51.83
0 0 51.87
0 0 51.9
0 0 51.93
0 0 51.96
0 0 52.0
0 0 52.03
0 0 52.07
0 0 52.1
0 0 52.13
0 0 52.16
0 0 52.2
0 0 52.23
0 0 52.26
0 0 52.3
0 0 52.33
0 0 52.37
0 0 52.4
0 0 52.43
0 0 52.46
0 0 52.5
0 0 52.53
0 0 52.56
0 0 52.6
0 0 52.63
0 0 52.66
0 0 52.7
0 0 52.73
0 0 52.76
0 0 52.8
0 0 52.83
0 0 52.86
0 0 52.89
0 0 52.93
0 0 52.96
0 0 53.0
0 0 53.03
0 0 53.06
0 0 53.1
0 0 53.13
0 0 53.16
0 0 53.2
0 0 53.23
0 0 53.26
0 0 53.3
0 0 53.33
0 0 53.36
0 0 53.39
0 0 53.43
0 0 53.46
0 0 53.5
0 0 53.53
0 0 53.56
0 0 53.6
0 0 53.63
0 0 53.66
0 0 53.7
0 0 53.73
0 0 53.76
0 0 53.8
0 0 53.83
0 0 53.86
0 0 53.9
0 0 53.93
0 0 53.96
0 0 54.0
0 0 54.03
0 0 54.06
0 0 54.1
0 0 54.13
0 0 54.16
0 0 54.2
0 0 54.23
0 0 54.26
0 0 54.3
0 0 54.33
0 0 54.36
0 0 54.4
0 0 54.43
0 0 54.46
0 0 54.5
0 0 54.53
0 0 54.56
0 0 54.6
0 0 54.63
0 0 54.66
0 0 54.7
0 0 54.73
0 0 54.76
0 0 54.8
0 0 54.83
0 0 54.86
0 0 54.89
0 0 54.93
0 0 54.96
0 0 54.99
0 0 55.03
0 0 55.06
0 0 55.1
0 0 55.13
0 0 55.16
0 0 55.2
0 0 55.23
0 0 55.26
0 0 55.29
0 0 55.33
0 0 55.36
0 0 55.39
0 0 55.43
0 0 55.46
0 0 55.49
0 0 55.53
0 0 55.56
0 0 55.6
0 0 55.63
0 0 55.66
0 0 55.7
0 0 55.73
0 0 55.76
0 0 55.8
0 0 55.83
0 0 55.86
0 0 55.9
0 0 55.93
0 0 55.96
0 0 56.0
0 0 56.03
0 0 56.06
0 0 56.09
0 0 56.13
0 0 56.16
0 0 56.2
0 0 56.23
0 0 56.26
0 0 56.3
0 0 56.33
0 0 56.36
0 0 56.39
0 0 56.43
0 0 56.46
0 0 56.5
0 0 56.53
0 0 56.56
0 0 56.6
0 0 56.63
0 0 56.66
0 0 56.7
0 0 56.73
0 0 56.76
0 0 56.79
0.431 0.058 56.83
0.414 0.023 56.87
0.402 0.016 56.9
0 0 56.93
0.39 0.025 56.96
0.384 0.011 57.0
0 0 57.03
0.377 0.016 57.06
0.372 0.007 57.1
0.372 0.006 57.13
0.37 0.005 57.16
0.37 0.004 57.2
0.37 0.004 57.23
0.374 0.003 57.27
0.372 0.003 57.3
0.369 0.004 57.34
0.37 0.004 57.37
0.369 0.005 57.4
0.366 0.005 57.43
0.37 0.003 57.46
0.368 0.004 57.5
0.368 0.001 57.53
0.371 0.003 57.57
0.372 0.003 57.6
0.372 0.005 57.63
0 0 57.66
0.375 0.003 57.7
0 0 57.73
0.375 0.003 57.76
0.381 0.002 57.8
0.38 0.008 57.83
0.381 0.005 57.87
0.383 0.004 57.9
0.383 0.004 57.93
0.383 0.002 57.96
0.381 0.004 58.0
0.385 0.003 58.03
0.389 0.007 58.06
0 0 58.09
0.397 0.013 58.13
0.401 0.006 58.17
0.402 0.001 58.2
0.404 0.004 58.23
0.402 0.003 58.26
0.401 0.007 58.3
0.4 0.005 58.33
0.397 0.005 58.37
0.396 0.005 58.4
0.394 0.005 58.43
0 0 58.46
0.394 0.009 58.5
0.395 0.004 58.53
0.394 0.003 58.56
0.393 0.003 58.6
0.392 0.002 58.63
0.393 0.001 58.66
0.393 0.003 58.7
0.393 0.009 58.73
0 0 58.76
0 0 58.8
0.415 0.051 58.83
0 0 58.87
0 0 58.89
0 0 58.93
0 0 58.96
0 0 59.0
0 0 59.03
0 0 59.06
0 0 59.1
0 0 59.13
0 0 59.16
0 0 59.2
0 0 59.23
0 0 59.26
0 0 59.29
0 0 59.33
0 0 59.36
0 0 59.39
0 0 59.43
0 0 59.46
0 0 59.5
0 0 59.53
0 0 59.56
0 0 59.6
0 0 59.63
0 0 59.66
0 0 59.7
0 0 59.73
0 0 59.76
0 0 59.8
0 0 59.83
0 0 59.86
0 0 59.89
0 0 59.93
0 0 59.96
0 0 60.0
0 0 60.03
0 0 60.06
0 0 60.09
0 0 60.13
0 0 60.16
0 0 60.2
0 0 60.23
0 0 60.26
0 0 60.29
0 0 60.33
0 0 60.36
0 0 60.4
0 0 60.43
0 0 60.46
0 0 60.49
0 0 60.53
0 0 60.56
0 0 60.6
0 0 60.63
0 0 60.66
0 0 60.7
0 0 60.73
0 0 60.76
0.428 0.029 60.8
0 0 60.83
0.409 0.032 60.86
0.4 0.015 60.9
0.397 0.009 60.93
0.393 0.007 60.96
0.391 0.006 61.0
0.39 0.007 61.03
0 0 61.07
0.392 0.013 61.1
0.391 0.006 61.13
0.391 0.003 61.16
0.391 0.002 61.2
0 0 61.23
0.393 0.006 61.26
0 0 61.3
0 0 61.33
0.395 0.008 61.36
0.397 0.003 61.4
0.4 0.004 61.43
0.403 0.006 61.46
0.407 0.005 61.5
0.411 0.007 61.53
0.415 0.011 61.57
0 0 61.6
0 0 61.63
0 0 61.66
0 0 61.7
0 0 61.73
0 0 61.76
0 0 61.79
0 0 61.83
0 0 61.86
0 0 61.89
0 0 61.93
0 0 61.96
0 0 61.99
0 0 62.03
0 0 62.06
0 0 62.09
0 0 62.13
0 0 62.16
0 0 62.2
0 0 62.23
0 0 62.26
0 0 62.29
0 0 62.33
0 0 62.36
0 0 62.4
0 0 62.43
0 0 62.46
0 0 62.49
0 0 62.53
0 0 62.56
0 0 62.59
0 0 62.63
0 0 62.66
0 0 62.69
0 0 62.73
0 0 62.76
0 0 62.79
0 0 62.83
0 0 62.86
0 0 62.89
0 0 62.93
0 0 62.96
0 0 62.99
0 0 63.03
0 0 63.06
0 0 63.09
0 0 63.13
0 0 63.16
0 0 63.2
0 0 63.23
0 0 63.26
0 0 63.29
0 0 63.33
0 0 63.36
0 0 63.39
0 0 63.43
0 0 63.46
0 0 63.49
0 0 63.53
0 0 63.56
0 0 63.59
0 0 63.63
0 0 63.66
0 0 63.69
0 0 63.73
0 0 63.76
0 0 63.79
0.441 0.074 63.83
0.428 0.018 63.86
0 0 63.9
0.407 0.03 63.93
0.401 0.011 63.96
0 0 63.99
0.395 0.018 64.03
0.391 0.009 64.06
0.391 0.005 64.1
0 0 64.13
0 0 64.16
0.385 0.006 64.2
0.385 0.002 64.23
0.384 0.001 64.26
0.383 0.006 64.3
0.383 0.001 64.33
0.385 0.003 64.36
0.385 0.001 64.4
0.386 0.001 64.43
0.388 0.003 64.46
0.389 0.008 64.5
0.392 0.008 64.53
0.398 0.012 64.56
0.406 0.015 64.6
0.418 0.019 64.63
0.433 0.021 64.66
0 0 64.69
0 0 64.73
0 0 64.76
0 0 64.79
0 0 64.83
0 0 64.86
0 0 64.89
0 0 64.93
0 0 64.96
0 0 64.99
0 0 65.03
0 0 65.06
0 0 65.1
0 0 65.13
0 0 65.16
0 0 65.2
0 0 65.23
0 0 65.26
0 0 65.29
0 0 65.33
0 0 65.36
0 0 65.39
0 0 65.43
0 0 65.46
0 0 65.49
0 0 65.53
0 0 65.56
0 0 65.59
0 0 65.63
0 0 65.66
0 0 65.7
0 0 65.73
0 0 65.76
0 0 65.79
0 0 65.83
0 0 65.86
0 0 65.89
0 0 65.93
0 0 65.96
0 0 65.99
0 0 66.03
0 0 66.06
0 0 66.09
0 0 66.13
0 0 66.16
0 0 66.2
0 0 66.23
0 0 66.26
0 0 66.29
0 0 66.33
0 0 66.36
0 0 66.39
0 0 66.43
0.765 0.347 66.46
0 0 66.49
0 0 66.53
0.754 0.013 66.56
0 0 66.6
0 0 66.63
0 0 66.66
0 0 66.69
0 0 66.73
0 0 66.76
0 0 66.8
0 0 66.83
0 0 66.86
0 0 66.89
0 0 66.93
0 0 66.96
0 0 66.99
0 0 67.03
0 0 67.06
0 0 67.09
0 0 67.13
0 0 67.16
0 0 67.2
0.726 0.049 67.23
0 0 67.26
0 0 67.29
0 0 67.33
0 0 67.36
0 0 67.4
0 0 67.43
0 0 67.46
0 0 67.49
0 0 67.53
0 0 67.56
0 0 67.59
0 0 67.63
0 0 67.66
0 0 67.7
0 0 67.73
0 0 67.76
0 0 67.79
0 0 67.83
0 0 67.86
0 0 67.89
0.536 0.187 67.93
0 0 67.96
0.492 0.043 68.0
0 0 68.03
0.454 0.039 68.06
0 0 68.09
0 0 68.13
0.408 0.053 68.16
0.394 0.017 68.2
0.379 0.017 68.23
0.369 0.013 68.27
0.36 0.01 68.3
0.347 0.009 68.33
0.341 0.01 68.36
0.34 0.01 68.4
0.334 0.007 68.43
0 0 68.46
0.333 0.006 68.5
0.33 0.002 68.53
0.33 0.001 68.56
0.329 0.006 68.6
0.33 0.003 68.63
0.327 0.002 68.66
0.328 0.002 68.7
0.33 0.002 68.73
0.328 0.003 68.76
0.329 0.002 68.79
0.33 0.002 68.83
0.328 0.004 68.86
0 0 68.9
0.331 0.003 68.93
0.33 0.003 68.96
0.331 0.002 69.0
0.334 0.004 69.03
0.335 0.006 69.06
0.334 0.005 69.1
0.339 0.007 69.13
0.343 0.01 69.17
0.347 0.015 69.2
0.355 0.017 69.23
0.369 0.02 69.26
0 0 69.29
0 0 69.33
0 0 69.36
0 0 69.39
0 0 69.43
0 0 69.46
0 0 69.49
0 0 69.53
0 0 69.56
0 0 69.59
0 0 69.63
0 0 69.66
0 0 69.69
0 0 69.73
0 0 69.76
0 0 69.79
0 0 69.83
0 0 69.86
0 0 69.89
0 0 69.93
0 0 69.96
0 0 69.99
0 0 70.03
0 0 70.06
0 0 70.09
0 0 70.13
0 0 70.16
0 0 70.19
0 0 70.22
0 0 70.26
0 0 70.29
0 0 70.33
0 0 70.36
0 0 70.39
0 0 70.43
0 0 70.46
0 0 70.49
0 0 70.53
0 0 70.56
0 0 70.59
0 0 70.63
0 0 70.66
0 0 70.69
0 0 70.72
0 0 70.76
0 0 70.79
0 0 70.82
0 0 70.86
0 0 70.89
0 0 70.93
0 0 70.96
0 0 70.99
0 0 71.03
0 0 71.06
0 0 71.09
0 0 71.12
0 0 71.16
0 0 71.19
0 0 71.22
0 0 71.26
0 0 71.29
0 0 71.33
0 0 71.36
0 0 71.39
0 0 71.42
0 0 71.46
0 0 71.49
0 0 71.53
0 0 71.56
0 0 71.59
0 0 71.63
0 0 71.66
0 0 71.69
0 0 71.72
0 0 71.76
0 0 71.79
0 0 71.82
0 0 71.86
0 0 71.89
0 0 71.93
0 0 71.96
0 0 71.99
0 0 72.03
0 0 72.06
0 0 72.09
0 0 72.12
0 0 72.16
0 0 72.19
0 0 72.23
0 0 72.26
0 0 72.29
0 0 72.33
0 0 72.36
0 0 72.39
0 0 72.43
0 0 72.46
0 0 72.49
0 0 72.53
0 0 72.56
0 0 72.59
0 0 72.62
0 0 72.66
0 0 72.69
0 0 72.73
0 0 72.76
0 0 72.79
0 0 72.82
0 0 72.86
0 0 72.89
0 0 72.93
0 0 72.96
0 0 72.99
0 0 73.03
0 0 73.06
0 0 73.09
0 0 73.12
0 0 73.16
0 0 73.19
0 0 73.23
0 0 73.26
0 0 73.29
0 0 73.32
0 0 73.36
0 0 73.39
0 0 73.42
0 0 73.46
0 0 73.49
0 0 73.53
0 0 73.56
0 0 73.59
0 0 73.62
0 0 73.66
0 0 73.69
0 0 73.72
0 0 73.76
0 0 73.79
0 0 73.83
0 0 73.86
0 0 73.89
0 0 73.93
0 0 73.96
0 0 73.99
0 0 74.03
0 0 74.06
0 0 74.09
0 0 74.12
0 0 74.16
0 0 74.19
0 0 74.22
0 0 74.26
0 0 74.29
0 0 74.33
0 0 74.36
0 0 74.39
0 0 74.42
0 0 74.46
0 0 74.49
0 0 74.53
0 0 74.56
0 0 74.59
0 0 74.62
0 0 74.66
0 0 74.69
0 0 74.72
0 0 74.76
0 0 74.79
0 0 74.82
0 0 74.86
0 0 74.89
0 0 74.92
0 0 74.96
0 0 74.99
0 0 75.03
0 0 75.06
0 0 75.09
0 0 75.13
0 0 75.16
0 0 75.19
0 0 75.23
0 0 75.26
0 0 75.29
0 0 75.33
0 0 75.36
0 0 75.39
0 0 75.43
0 0 75.46
0 0 75.49
0 0 75.53
0.479 0.126 75.56
0 0 75.59
0.458 0.037 75.63
0 0 75.66
0.45 0.024 75.69
0.44 0.018 75.73
0 0 75.76
0.435 0.021 75.79
0.433 0.01 75.83
0.431 0.007 75.86
0.428 0.005 75.89
0 0 75.93
0.426 0.008 75.96
0.422 0.005 75.99
0.423 0.003 76.03
0.42 0.005 76.06
0.417 0.005 76.09
0.413 0.007 76.13
0.407 0.006 76.16
0.403 0.005 76.19
0.402 0.005 76.23
0.398 0.006 76.26
0.392 0.006 76.29
0.388 0.005 76.33
0.389 0.005 76.36
0.386 0.004 76.4
0.384 0.003 76.43
0.384 0.004 76.46
0 0 76.49
0.381 0.003 76.53
0.384 0.001 76.56
0.384 0.001 76.59
0.384 0.005 76.63
0.388 0.005 76.66
0.392 0.008 76.7
0 0 76.73
0.404 0.021 76.76
0 0 76.79
0 0 76.82
0.453 0.059 76.86
0 0 76.89
0 0 76.93
0 0 76.96
0 0 76.99
0 0 77.03
0 0 77.06
0 0 77.09
0 0 77.12
0 0 77.16
0 0 77.19
0 0 77.22
0 0 77.26
0 0 77.29
0 0 77.32
0 0 77.36
0 0 77.39
0 0 77.42
0 0 77.46
0 0 77.49
0 0 77.53
0 0 77.56
0 0 77.59
0 0 77.62
0 0 77.66
0 0 77.69
0 0 77.72
0 0 77.76
0 0 77.79
0 0 77.82
0 0 77.86
0 0 77.89
0 0 77.93
0 0 77.96
0 0 77.99
0 0 78.03
0 0 78.06
0 0 78.09
0 0 78.12
0 0 78.16
0 0 78.19
0 0 78.23
0 0 78.26
0 0 78.29
0 0 78.32
0 0 78.36
0 0 78.39
0 0 78.43
0 0 78.46
0 0 78.49
0 0 78.53
0 0 78.56
0 0 78.59
0 0 78.63
0 0 78.66
0 0 78.69
0 0 78.72
0 0 78.76
0 0 78.79
0 0 78.82
0 0 78.86
0 0 78.89
0 0 78.93
0 0 78.96
0 0 78.99
0 0 79.03
0 0 79.06
0 0 79.09
0 0 79.13
0 0 79.16
0 0 79.19
0 0 79.22
0 0 79.26
0 0 79.29
0 0 79.33
0 0 79.36
0 0 79.39
0 0 79.42
0 0 79.46
0 0 79.49
0 0 79.53
0 0 79.56
0 0 79.59
0 0 79.62
0 0 79.66
0 0 79.69
0 0 79.72
0 0 79.76
0 0 79.79
0 0 79.82
0 0 79.86
0 0 79.89
0 0 79.92
0 0 79.96
0 0 79.99
0 0 80.03
0 0 80.06
0 0 80.09
0 0 80.12
0 0 80.16
0 0 80.2
0 0 80.22
0 0 80.26
0 0 80.29
0 0 80.32
0 0 80.36
0 0 80.39
0 0 80.42
0 0 80.46
0 0 80.49
0 0 80.52
0 0 80.56
0 0 80.59
0 0 80.62
0 0 80.66
0 0 80.69
0 0 80.73
0 0 80.76
0.655 0.211 80.79
0 0 80.82
0.605 0.051 80.86
0 0 80.89
0 0 80.92
0 0 80.96
0 0 80.99
0 0 81.02
0 0 81.06
0 0 81.1
0 0 81.12
0.383 0.226 81.16
0.37 0.015 81.19
0.361 0.012 81.23
0 0 81.26
0.346 0.022 81.3
0.342 0.007 81.33
0.339 0.006 81.36
0.334 0.006 81.39
0.33 0.005 81.43
0.327 0.003 81.46
0 0 81.49
0 0 81.53
0.321 0.01 81.56
0 0 81.59
0.32 0.01 81.63
0.317 0.007 81.66
0 0 81.69
0 0 81.73
0 0 81.76
0.315 0.006 81.79
0.316 0.002 81.83
0.316 0.003 81.86
0.317 0.002 81.89
0.319 0.003 81.93
0 0 81.96
0.321 0.002 81.99
0.325 0.004 82.03
0.327 0.003 82.06
0.33 0.003 82.09
0.334 0.004 82.13
0.337 0.005 82.16
0.342 0.008 82.2
0.35 0.011 82.23
0.363 0.017 82.26
0 0 82.29
0 0 82.32
0 0 82.36
0 0 82.39
0 0 82.42
0 0 82.46
0 0 82.49
0 0 82.53
0 0 82.56
0 0 82.59
0.69 0.337 82.63
0 0 82.66
0 0 82.69
0 0 82.73
0 0 82.76
0 0 82.79
0 0 82.82
0 0 82.86
0 0 82.89
0 0 82.93
0 0 82.96
0 0 82.99
0 0 83.03
0 0 83.06
0 0 83.09
0 0 83.12
0 0 83.16
0 0 83.19
0 0 83.22
0 0 83.26
0 0 83.29
0 0 83.32
0 0 83.36
0 0 83.39
0 0 83.42
0 0 83.46
0 0 83.49
0 0 83.53
0 0 83.56
0 0 83.59
0 0 83.62
0 0 83.66
0 0 83.69
0 0 83.72
0 0 83.76
0 0 83.79
0 0 83.82
0 0 83.86
0 0 83.89
0 0 83.92
0 0 83.96
0 0 83.99
0 0 84.03
0 0 84.06
0 0 84.09
0 0 84.12
0 0 84.16
0 0 84.19
0 0 84.22
0 0 84.26
0 0 84.29
0 0 84.32
0 0 84.36
0 0 84.39
0 0 84.42
0 0 84.46
0 0 84.49
0 0 84.52
0 0 84.56
0 0 84.59
0 0 84.62
0 0 84.65
0 0 84.69
0 0 84.72
0 0 84.76
0 0 84.79
0 0 84.82
0 0 84.86
0 0 84.89
0 0 84.92
0 0 84.96
0 0 84.99
0 0 85.02
0 0 85.06
0 0 85.09
0 0 85.12
0 0 85.16
0 0 85.19
0 0 85.22
0 0 85.26
0 0 85.29
0 0 85.32
0 0 85.36
0 0 85.39
0 0 85.42
0 0 85.46
0 0 85.49
0 0 85.53
0 0 85.56
0 0 85.59
0 0 85.62
0 0 85.66
0 0 85.69
0 0 85.73
0 0 85.76
0 0 85.79
0 0 85.82
0 0 85.86
0 0 85.89
0 0 85.92
0 0 85.96
0 0 85.99
0 0 86.02
0 0 86.05
0 0 86.09
0 0 86.12
0 0 86.16
0 0 86.19
0 0 86.22
0 0 86.26
0 0 86.29
0 0 86.32
0 0 86.36
0 0 86.39
0 0 86.42
0 0 86.46
0 0 86.49
0 0 86.52
0 0 86.55
0 0 86.59
0 0 86.62
0 0 86.66
0 0 86.69
0 0 86.72
0 0 86.75
0 0 86.79
0 0 86.82
0 0 86.86
0 0 86.89
0 0 86.92
0 0 86.96
0 0 86.99
0 0 87.02
0 0 87.05
0 0 87.09
0 0 87.12
0 0 87.16
0 0 87.19
0.628 0.072 87.22
0 0 87.26
0 0 87.29
0 0 87.32
0.612 0.018 87.36
0 0 87.39
0 0 87.43
0 0 87.46
0.59 0.011 87.49
0 0 87.52
0 0 87.55
0.583 0.004 87.59
0 0 87.62
0.579 0.005 87.66
0 0 87.69
0 0 87.72
0.57 0.009 87.76
0.574 0.005 87.79
0.568 0.004 87.82
0.57 0.001 87.86
0 0 87.89
0.564 0.005 87.93
0.567 0.003 87.95
0.561 0.007 87.99
0.562 0.004 88.03
0 0 88.06
0.56 0.002 88.09
0.553 0.006 88.12
0.553 0.002 88.16
0 0 88.19
0.549 0.004 88.22
0.544 0.003 88.26
0.555 0.014 88.29
0 0 88.32
0 0 88.36
0.548 0.007 88.39
0.544 0.005 88.42
0.547 0.006 88.46
0.545 0.002 88.49
0.544 0.002 88.52
0.543 0.002 88.56
0.542 0.001 88.59
0.537 0.006 88.62
0.532 0.006 88.66
0 0 88.69
0.538 0.009 88.72
0.535 0.003 88.76
0.536 0.002 88.79
0.534 0.002 88.82
0.536 0.002 88.86
0.534 0.002 88.89
0.534 0.001 88.92
0 0 88.95
0 0 88.99
0.531 0.004 89.03
0.529 0.002 89.06
0.525 0.005 89.09
0.524 0.001 89.12
0.528 0.005 89.16
0.528 0.0 89.19
0 0 89.22
0.528 0.001 89.26
0.532 0.005 89.29
0.528 0.006 89.33
0.529 0.001 89.36
0.53 0.002 89.39
0 0 89.42
0.531 0.002 89.46
0 0 89.49
0 0 89.52
0 0 89.55
0.529 0.004 89.59
0 0 89.62
0 0 89.65
0 0 89.69
0 0 89.72
0 0 89.75
0 0 89.79
0.529 0.006 89.82
0.532 0.003 89.86
0 0 89.89
0 0 89.92
0.534 0.002 89.96
0 0 89.99
0 0 90.02
0.538 0.004 90.06
0 0 90.09
0.538 0.001 90.12
0 0 90.15
0 0 90.19
0.539 0.002 90.22
0.54 0.001 90.26
0.541 0.001 90.29
0 0 90.32
0.545 0.003 90.36
0.55 0.007 90.39
0 0 90.42
0 0 90.45
0.551 0.004 90.49
0 0 90.52
0.54 0.015 90.55
0 0 90.59
0 0 90.62
0 0 90.65
0 0 90.69
0 0 90.72
0 0 90.75
0.552 0.006 90.79
0 0 90.82
0 0 90.86
0 0 90.89
0.552 0.005 90.92
0.551 0.001 90.96
0 0 90.99
0 0 91.02
0.539 0.017 91.06
0.544 0.007 91.09
0 0 91.12
0 0 91.16
0.544 0.005 91.19
0 0 91.22
0 0 91.26
0 0 91.29
0 0 91.32
0 0 91.36
0 0 91.39
0 0 91.42
0 0 91.45
0.562 0.011 91.49
0 0 91.53
0 0 91.56
0 0 91.59
0 0 91.62
0 0 91.65
0.553 0.018 91.69
0.559 0.009 91.73
0 0 91.76
0.554 0.009 91.79
0 0 91.82
0.546 0.008 91.86
0.555 0.003 91.9
0.556 0.004 91.93
0.549 0.008 91.96
0.547 0.007 92.0
0 0 92.02
0.536 0.012 92.06
0.538 0.003 92.1
0 0 92.13
0.519 0.022 92.16
0.521 0.003 92.2
0.504 0.02 92.23
0 0 92.25
0.484 0.021 92.29
0 0 92.32
0.465 0.027 92.36
0.455 0.012 92.4
0 0 92.42
0 0 92.46
0.427 0.036 92.49
0.419 0.015 92.53
0 0 92.56
0 0 92.59
0.392 0.039 92.63
0.386 0.01 92.66
0 0 92.69
0.374 0.017 92.73
0.375 0.005 92.76
0.371 0.005 92.8
0.367 0.004 92.83
0.37 0.004 92.86
0.369 0.001 92.89
0.369 0.002 92.92
0.375 0.002 92.96
0 0 92.99
0.377 0.005 93.03
0.381 0.002 93.06
0.381 0.002 93.09
0.382 0.002 93.13
0.381 0.001 93.16
0.386 0.001 93.19
0.385 0.002 93.22
0.385 0.003 93.26
0.393 0.002 93.3
0.392 0.003 93.33
0.389 0.003 93.36
0.393 0.003 93.39
0.39 0.003 93.42
0.39 0.004 93.46
0.39 0.004 93.49
0.394 0.002 93.53
0.392 0.003 93.56
0.393 0.003 93.59
0.398 0.001 93.62
0.397 0.001 93.66
0.397 0.003 93.69
0.4 0.002 93.72
0 0 93.75
0.399 0.001 93.79
0.402 0.002 93.83
0.4 0.002 93.86
0.399 0.002 93.89
0.397 0.003 93.93
0.4 0.004 93.96
0.399 0.002 93.99
0.398 0.002 94.03
0.399 0.004 94.06
0.398 0.005 94.09
0.395 0.004 94.13
0.396 0.005 94.16
0.391 0.005 94.19
0.386 0.005 94.22
0.382 0.005 94.26
0.379 0.006 94.29
0.374 0.005 94.33
0.369 0.006 94.36
0.369 0.005 94.39
0.368 0.004 94.42
0.368 0.003 94.46
0.371 0.003 94.5
0.371 0.001 94.53
0.371 0.001 94.56
0.373 0.002 94.59
0.375 0.002 94.62
0.376 0.002 94.66
0.378 0.003 94.69
0 0 94.72
0.385 0.006 94.76
0.388 0.003 94.79
0 0 94.82
0.395 0.006 94.86
0.397 0.002 94.89
0.4 0.002 94.93
0.402 0.003 94.96
0.402 0.001 94.99
0.403 0.001 95.03
0.402 0.003 95.06
0.402 0.001 95.09
0.401 0.002 95.12
0.4 0.003 95.16
0.4 0.001 95.19
0.398 0.004 95.23
0.397 0.002 95.26
0 0 95.29
0.398 0.011 95.32
0.403 0.008 95.36
0 0 95.4
0.415 0.019 95.43
0.415 0.009 95.46
0 0 95.49
0 0 95.52
0.412 0.018 95.56
0.412 0.003 95.59
0.41 0.001 95.63
0 0 95.66
0 0 95.69
0.407 0.007 95.72
0.407 0.004 95.76
0.405 0.005 95.79
0 0 95.82
0 0 95.86
0.401 0.016 95.89
0.401 0.004 95.93
0 0 95.95
0.401 0.007 95.99
0.401 0.002 96.02
0.401 0.001 96.06
0.4 0.004 96.09
0.4 0.004 96.12
0 0 96.16
0.4 0.012 96.19
0 0 96.22
0.406 0.012 96.26
0 0 96.29
0.41 0.005 96.33
0.411 0.004 96.36
0.409 0.006 96.39
0 0 96.42
0.408 0.008 96.46
0.407 0.003 96.49
0.406 0.002 96.52
0.406 0.002 96.56
0.408 0.002 96.6
0.41 0.003 96.63
0 0 96.66
0.414 0.004 96.69
0.415 0.002 96.72
0.415 0.002 96.76
0.415 0.001 96.79
0.415 0.001 96.82
0.417 0.002 96.86
0.42 0.004 96.9
0.421 0.002 96.92
0.424 0.006 96.96
0.423 0.002 96.99
0.423 0.003 97.03
0 0 97.05
0 0 97.09
0.417 0.012 97.12
0.414 0.004 97.16
0.413 0.004 97.19
0.414 0.003 97.23
0.415 0.004 97.26
0.415 0.002 97.29
0.414 0.002 97.32
0.41 0.004 97.36
0.408 0.003 97.39
0.406 0.003 97.43
0.405 0.003 97.46
0.403 0.002 97.49
0.402 0.002 97.53
0 0 97.56
0.401 0.005 97.59
0.402 0.003 97.63
0.402 0.003 97.66
0.401 0.003 97.69
0.396 0.005 97.72
0.393 0.005 97.76
0.389 0.004 97.8
0.388 0.003 97.83
0 0 97.86
0.385 0.004 97.89
0.387 0.002 97.93
0.389 0.003 97.97
0.392 0.003 97.99
0.393 0.004 98.03
0 0 98.06
0.4 0.01 98.09
0.407 0.008 98.13
0.412 0.008 98.16
0.419 0.01 98.2
0.43 0.015 98.23
0 0 98.26
0.453 0.031 98.3
0.468 0.022 98.33
0 0 98.36
0.499 0.038 98.4
0.517 0.021 98.43
0 0 98.45
0 0 98.49
0 0 98.52
0 0 98.55
0 0 98.59
0 0 98.62
0 0 98.65
0 0 98.69
0 0 98.72
0 0 98.75
0 0 98.79
0 0 98.82
0 0 98.86
0 0 98.89
0 0 98.92
0 0 98.95
0 0 98.99
0 0 99.02
0 0 99.05
0 0 99.09
0 0 99.12
0 0 99.15
0 0 99.19
0 0 99.22
0 0 99.25
0 0 99.29
0 0 99.32
0 0 99.36
0 0 99.39
0 0 99.42
0 0 99.45
0 0 99.49
0 0 99.52
0 0 99.55
0 0 99.59
0 0 99.62
0 0 99.65
0 0 99.69
0 0 99.72
0 0 99.75
0 0 99.79
0 0 99.82
0 0 99.85
0 0 99.89
0 0 99.92
0 0 99.95
0 0 99.99
0 0 100.02
0 0 100.05
0 0 100.09
0 0 100.12
0 0 100.15
0 0 100.19
0 0 100.22
0 0 100.25
0 0 100.29
0 0 100.32
0 0 100.35
0 0 100.39
0 0 100.42
0 0 100.45
0 0 100.49
0 0 100.52
0 0 100.55
0 0 100.59
0 0 100.62
0 0 100.65
0 0 100.69
0 0 100.72
0 0 100.75
0 0 100.79
0 0 100.82
0 0 100.85
0 0 100.89
0 0 100.92
0 0 100.95
0 0 100.99
0 0 101.02
0 0 101.05
0 0 101.09
0 0 101.12
0 0 101.15
0 0 101.19
0 0 101.22
0 0 101.25
0 0 101.29
0 0 101.32
0 0 101.35
0 0 101.39
0 0 101.42
0 0 101.45
0 0 101.49
0 0 101.52
0 0 101.55
0 0 101.59
0 0 101.62
0 0 101.65
0 0 101.69
0 0 101.72
0 0 101.75
0 0 101.79
0 0 101.82
0 0 101.86
0 0 101.89
0 0 101.92
0 0 101.95
0 0 101.99
0 0 102.02
0 0 102.05
0 0 102.09
0 0 102.12
0 0 102.16
0 0 102.19
0 0 102.22
0 0 102.26
0 0 102.29
0 0 102.32
0 0 102.36
0 0 102.39
0 0 102.42
0 0 102.46
0 0 102.49
0 0 102.52
0 0 102.56
0 0 102.59
0 0 102.62
0 0 102.66
0 0 102.69
0 0 102.72
0 0 102.75
0 0 102.79
0 0 102.82
0 0 102.85
0 0 102.89
0 0 102.92
0 0 102.95
0 0 102.99
0 0 103.02
0 0 103.05
0 0 103.09
0 0 103.12
0 0 103.15
0 0 103.19
0 0 103.22
0 0 103.25
0 0 103.29
0 0 103.32
0 0 103.36
0 0 103.39
0 0 103.42
0 0 103.45
0 0 103.49
0 0 103.52
0 0 103.56
0 0 103.59
0 0 103.62
0 0 103.65
0 0 103.69
0 0 103.72
0 0 103.75
0 0 103.79
0 0 103.82
0 0 103.85
0 0 103.89
0 0 103.92
0 0 103.95
0 0 103.99
0 0 104.02
0 0 104.05
0 0 104.09
0 0 104.12
0 0 104.15
0 0 104.19
0 0 104.22
0 0 104.26
0 0 104.29
0 0 104.32
0 0 104.36
0 0 104.39
0 0 104.42
0 0 104.45
0.63 0.149 104.49
0.616 0.014 104.53
0.611 0.006 104.56
0.608 0.006 104.59
0 0 104.62
0.594 0.009 104.66
0.589 0.005 104.7
0.58 0.007 104.73
0.578 0.004 104.76
0.572 0.008 104.79
0.566 0.005 104.82
0.564 0.004 104.86
0.561 0.005 104.89
0.559 0.003 104.92
0.555 0.001 104.96
0.554 0.003 104.99
0.555 0.001 105.03
0.548 0.006 105.06
0.55 0.002 105.09
0.547 0.005 105.12
0.544 0.002 105.16
0 0 105.19
0.541 0.005 105.22
0 0 105.25
0.537 0.005 105.29
0.537 0.001 105.32
0 0 105.36
0.531 0.003 105.39
0.528 0.004 105.42
0.526 0.002 105.45
0.522 0.002 105.49
0.522 0.001 105.52
0.521 0.002 105.56
0.512 0.005 105.59
0.513 0.003 105.62
0.51 0.004 105.65
0 0 105.69
0.502 0.003 105.72
0.502 0.001 105.75
0.502 0.001 105.79
0.492 0.005 105.82
0.49 0.002 105.86
0.489 0.002 105.89
0.475 0.002 105.93
0 0 105.95
0.473 0.003 105.99
0.464 0.004 106.02
0 0 106.06
0.463 0.001 106.09
0.455 0.003 106.12
0.457 0.004 106.16
0.455 0.003 106.19
0.457 0.003 106.22
0.45 0.001 106.26
0.452 0.003 106.29
0.455 0.003 106.32
0.449 0.002 106.36
0.454 0.008 106.39
0.46 0.007 106.42
0.459 0.007 106.45
0 0 106.49
0.476 0.021 106.52
0.484 0.01 106.55
0.491 0.017 106.59
0.501 0.012 106.62
0.51 0.011 106.65
0 0 106.69
0.522 0.021 106.72
0.53 0.009 106.75
0.533 0.01 106.79
0.545 0.013 106.82
0.554 0.009 106.86
0 0 106.88
0.563 0.017 106.93
0 0 106.96
0 0 106.99
0.594 0.037 107.03
0 0 107.05
0.61 0.019 107.09
0 0 107.12
0 0 107.15
0 0 107.19
0 0 107.22
0 0 107.26
0 0 107.28
0 0 107.32
0 0 107.35
0 0 107.39
0 0 107.42
0 0 107.45
0 0 107.49
0 0 107.52
0 0 107.55
0 0 107.59
0 0 107.62
0 0 107.65
0 0 107.69
0 0 107.72
0 0 107.75
0 0 107.79
0 0 107.82
0 0 107.85
0 0 107.88
0 0 107.92
0 0 107.95
0 0 107.99
0 0 108.02
0 0 108.05
0 0 108.08
0 0 108.12
0 0 108.15
0 0 108.19
0 0 108.22
0 0 108.25
0 0 108.28
0 0 108.32
0 0 108.35
0 0 108.38
0 0 108.42
0 0 108.45
0 0 108.48
0 0 108.52
0 0 108.55
0 0 108.58
0 0 108.62
0 0 108.65
0 0 108.69
0 0 108.72
0 0 108.75
0 0 108.78
0 0 108.82
0 0 108.85
0 0 108.89
0 0 108.92
0 0 108.95
0 0 108.98
0 0 109.02
0 0 109.05
0 0 109.08
0 0 109.12
0 0 109.15
0 0 109.19
0 0 109.22
0 0 109.25
0 0 109.28
0 0 109.32
0 0 109.35
0 0 109.38
0 0 109.42
0 0 109.45
0 0 109.48
0 0 109.52
0 0 109.55
0 0 109.58
0 0 109.62
0 0 109.65
0 0 109.69
0 0 109.72
0 0 109.75
0 0 109.78
0 0 109.82
0 0 109.85
0 0 109.89
0 0 109.92
0 0 109.95
0 0 109.98
0 0 110.02
0 0 110.05
0 0 110.08
0 0 110.12
0 0 110.15
0 0 110.19
0 0 110.22
0 0 110.25
0 0 110.29
0 0 110.32
0 0 110.35
0 0 110.38
0 0 110.42
0 0 110.45
0 0 110.48
0 0 110.52
0 0 110.55
0 0 110.58
0 0 110.62
0 0 110.65
0 0 110.69
0 0 110.72
0 0 110.75
0 0 110.79
0 0 110.82
0 0 110.85
0 0 110.89
0 0 110.92
0 0 110.95
0 0 110.99
0 0 111.02
0 0 111.05
0 0 111.08
0 0 111.12
0 0 111.15
0 0 111.19
0 0 111.22
0 0 111.25
0 0 111.28
0 0 111.32
0 0 111.35
0 0 111.38
0 0 111.42
0 0 111.45
0 0 111.49
0 0 111.52
0 0 111.55
0 0 111.59
0 0 111.62
0 0 111.65
0 0 111.69
0 0 111.72
0 0 111.75
0 0 111.79
0 0 111.82
0 0 111.85
0 0 111.88
0 0 111.92
0 0 111.95
0 0 111.99
0 0 112.02
0 0 112.05
0 0 112.08
0 0 112.12
0 0 112.15
0 0 112.18
0 0 112.22
0 0 112.25
0 0 112.29
0 0 112.32
0 0 112.35
0 0 112.39
0 0 112.42
0 0 112.45
0 0 112.48
0 0 112.52
0 0 112.55
0 0 112.58
0 0 112.62
0 0 112.65
0 0 112.68
0 0 112.72
0 0 112.75
0 0 112.79
0 0 112.82
0 0 112.86
0 0 112.89
0.473 0.098 112.92
0 0 112.95
0 0 112.98
0 0 113.02
0 0 113.05
0.455 0.026 113.08
0.452 0.004 113.12
0.453 0.003 113.15
0.451 0.003 113.19
0 0 113.22
0 0 113.25
0.448 0.007 113.29
0.448 0.002 113.33
0 0 113.36
0.448 0.004 113.39
0 0 113.42
0.444 0.005 113.46
0.449 0.004 113.48
0.45 0.002 113.52
0.448 0.002 113.55
0.45 0.002 113.59
0 0 113.62
0 0 113.65
0 0 113.69
0 0 113.72
0.443 0.011 113.75
0.438 0.006 113.79
0.436 0.005 113.82
0.433 0.006 113.85
0.423 0.011 113.89
0.416 0.011 113.92
0.406 0.011 113.95
0.393 0.014 113.99
0.384 0.012 114.02
0.37 0.014 114.06
0.356 0.015 114.09
0 0 114.12
0.333 0.031 114.15
0.318 0.016 114.19
0.302 0.018 114.22
0.292 0.015 114.25
0 0 114.28
0.269 0.03 114.32
0.261 0.014 114.35
0.252 0.013 114.39
0.244 0.011 114.42
0.236 0.009 114.45
0.233 0.008 114.49
0.228 0.007 114.52
0.225 0.007 114.55
0.226 0.006 114.59
0.224 0.006 114.62
0.221 0.006 114.65
0.219 0.007 114.69
0.214 0.007 114.72
0.209 0.006 114.76
0.208 0.005 114.79
0.207 0.005 114.82
0.206 0.004 114.86
0.21 0.006 114.89
0 0 114.92
0.217 0.008 114.95
0.221 0.006 114.98
0.226 0.006 115.02
0.229 0.012 115.05
0.232 0.015 115.09
0 0 115.12
0 0 115.15
0 0 115.18
0 0 115.22
0 0 115.25
0.331 0.158 115.29
0 0 115.32
0.386 0.055 115.36
0.412 0.027 115.39
0 0 115.42
0.455 0.041 115.45
0.475 0.02 115.49
0.488 0.015 115.52
0.496 0.011 115.55
0.502 0.009 115.59
0 0 115.62
0 0 115.65
0 0 115.69
0 0 115.72
0 0 115.75
0 0 115.78
0 0 115.82
0 0 115.85
0 0 115.88
0 0 115.92
0 0 115.95
0 0 115.98
0 0 116.02
0 0 116.05
0 0 116.08
0 0 116.12
0 0 116.15
0 0 116.18
0 0 116.22
0 0 116.25
0 0 116.28
0 0 116.32
0 0 116.35
0 0 116.38
0 0 116.42
0 0 116.45
0 0 116.48
0 0 116.52
0 0 116.55
0 0 116.59
0 0 116.62
0 0 116.65
0 0 116.69
0 0 116.72
0 0 116.75
0 0 116.78
0 0 116.82
0 0 116.85
0 0 116.88
0 0 116.92
0 0 116.95
0 0 116.98
0 0 117.02
0 0 117.05
0 0 117.08
0 0 117.12
0 0 117.15
0 0 117.18
0 0 117.22
0 0 117.25
0 0 117.28
0 0 117.32
0 0 117.35
0 0 117.38
0 0 117.41
0 0 117.45
0 0 117.48
0 0 117.52
0 0 117.55
0 0 117.58
0 0 117.62
0 0 117.65
0 0 117.68
0 0 117.72
0 0 117.75
0 0 117.78
0 0 117.82
0 0 117.85
0.469 0.095 117.88
0 0 117.92
0.44 0.039 117.95
0 0 117.98
0 0 118.02
0 0 118.05
0 0 118.08
0.402 0.078 118.12
0.397 0.009 118.15
0.393 0.009 118.19
0 0 118.22
0.382 0.019 118.25
0.377 0.008 118.28
0.376 0.006 118.32
0 0 118.35
0.363 0.014 118.38
0.36 0.007 118.42
0 0 118.45
0.347 0.015 118.48
0.348 0.007 118.52
0.339 0.01 118.55
0 0 118.58
0.332 0.009 118.62
0.334 0.004 118.65
0.329 0.007 118.69
0.326 0.003 118.72
0.329 0.003 118.75
0.328 0.003 118.78
0.327 0.003 118.82
0.337 0.002 118.85
0.336 0.002 118.88
0.333 0.004 118.92
0.337 0.002 118.95
0.336 0.003 118.99
0.338 0.006 119.02
0.344 0.001 119.06
0 0 119.09
0.348 0.006 119.13
0.349 0.002 119.15
0.354 0.001 119.19
0.355 0.001 119.22
0.357 0.003 119.25
0.363 0.002 119.28
0.364 0.002 119.32
0.367 0.004 119.35
0.374 0.003 119.38
0 0 119.42
0.38 0.006 119.45
0.381 0.005 119.48
0.388 0.01 119.52
0 0 119.55
0 0 119.58
0 0 119.62
0 0 119.65
0.448 0.097 119.69
0 0 119.72
0 0 119.75
0 0 119.78
0 0 119.82
0 0 119.85
0.537 0.098 119.88
0 0 119.92
0.564 0.024 119.95
0.573 0.009 119.99
0.582 0.01 120.02
0 0 120.05
0 0 120.08
0 0 120.12
0.608 0.021 120.15
0 0 120.19
0 0 120.22
0 0 120.25
0.616 0.012 120.29
0 0 120.32
0 0 120.35
0 0 120.38
0 0 120.42
0 0 120.45
0 0 120.48
0 0 120.52
0 0 120.55
0.627 0.006 120.59
0.624 0.005 120.62
0.619 0.007 120.65
0.619 0.001 120.69
0 0 120.72
0 0 120.75
0 0 120.78
0.623 0.002 120.82
0 0 120.85
0 0 120.88
0 0 120.92
0.623 0.003 120.95
0 0 120.98
0 0 121.02
0.615 0.01 121.05
0 0 121.08
0 0 121.12
0.613 0.004 121.15
0 0 121.18
0.613 0.003 121.22
0.61 0.004 121.25
0 0 121.28
0.607 0.004 121.32
0 0 121.35
0 0 121.38
0.603 0.005 121.42
0.599 0.007 121.45
0.602 0.006 121.48
0 0 121.52
0.606 0.006 121.55
0.599 0.01 121.59
0 0 121.62
0 0 121.65
0 0 121.68
0 0 121.72
0.603 0.005 121.75
0.603 0.001 121.78
0.602 0.001 121.82
0.601 0.001 121.85
0 0 121.89
0.6 0.002 121.92
0 0 121.95
0 0 121.98
0 0 122.02
0.584 0.022 122.05
0 0 122.08
0.566 0.021 122.12
0 0 122.15
0.548 0.02 122.19
0 0 122.22
0.52 0.032 122.25
0 0 122.28
0 0 122.31
0 0 122.35
0 0 122.38
0.457 0.067 122.42
0.446 0.013 122.45
0 0 122.48
0.43 0.021 122.52
0.421 0.01 122.55
0.419 0.009 122.59
0.415 0.007 122.62
0.411 0.006 122.65
0 0 122.68
0 0 122.72
0.405 0.017 122.75
0.407 0.008 122.78
0.409 0.005 122.82
0.409 0.003 122.85
0.406 0.004 122.88
0.405 0.002 122.92
0.403 0.003 122.95
0.402 0.003 122.98
0.4 0.006 123.02
0.399 0.002 123.05
0.398 0.001 123.09
0.397 0.001 123.12
0.398 0.001 123.15
0.401 0.005 123.19
0.401 0.003 123.22
0.405 0.005 123.25
0.407 0.003 123.29
0.407 0.003 123.32
0.409 0.003 123.35
0.411 0.004 123.38
0.41 0.003 123.42
0.41 0.002 123.45
0.41 0.002 123.49
0.41 0.001 123.52
0.41 0.001 123.55
0.41 0.001 123.59
0.41 0.002 123.62
0.409 0.004 123.65
0.408 0.002 123.69
0.408 0.001 123.72
0.408 0.001 123.75
0.408 0.004 123.79
0.41 0.003 123.82
0.412 0.003 123.85
0.417 0.005 123.88
0.423 0.006 123.92
0.426 0.004 123.95
0.427 0.002 123.99
0.428 0.003 124.02
0.424 0.003 124.05
0.42 0.005 124.08
0.417 0.004 124.12
0.414 0.003 124.15
0.412 0.002 124.18
0.409 0.003 124.22
0.409 0.004 124.25
0.408 0.003 124.29
0.408 0.002 124.32
0.41 0.003 124.35
0.41 0.007 124.38
0.411 0.008 124.42
0 0 124.45
0.418 0.016 124.48
0 0 124.52
0 0 124.55
0 0 124.58
0.422 0.011 124.62
0.42 0.003 124.65
0.419 0.003 124.69
0.417 0.005 124.72
0.414 0.005 124.75
0.411 0.006 124.78
0.407 0.005 124.82
0.402 0.006 124.85
0.396 0.006 124.88
0 0 124.92
0.391 0.008 124.95
0.388 0.006 124.98
0.39 0.003 125.02
0.391 0.003 125.05
0.395 0.004 125.09
0.398 0.005 125.12
0 0 125.15
0.405 0.014 125.19
0.409 0.006 125.22
0.411 0.005 125.25
0.412 0.003 125.29
0.413 0.001 125.32
0 0 125.35
0 0 125.38
0.408 0.017 125.42
0.404 0.007 125.45
0.4 0.006 125.48
0.399 0.006 125.52
0.395 0.004 125.55
0.393 0.005 125.58
0.392 0.006 125.62
0.392 0.01 125.65
0.398 0.011 125.69
0.404 0.016 125.72
0.422 0.02 125.75
0 0 125.78
0 0 125.82
0 0 125.85
0 0 125.88
0 0 125.92
0 0 125.95
0 0 125.98
0 0 126.02
0 0 126.05
0 0 126.08
0 0 126.11
0 0 126.15
0 0 126.18
0 0 126.22
0 0 126.25
0 0 126.28
0 0 126.31
0 0 126.35
0 0 126.38
0 0 126.42
0 0 126.45
0 0 126.48
0 0 126.52
0 0 126.55
0 0 126.58
0 0 126.61
0 0 126.65
0 0 126.69
0 0 126.71
0 0 126.75
0 0 126.78
0 0 126.81
0 0 126.85
0 0 126.88
0 0 126.92
0 0 126.95
0 0 126.98
0 0 127.02
0 0 127.05
0 0 127.08
0 0 127.11
0 0 127.15
0 0 127.18
0 0 127.22
0 0 127.25
0 0 127.28
0 0 127.31
0 0 127.35
0 0 127.38
0 0 127.42
0 0 127.45
0 0 127.48
0 0 127.52
0 0 127.55
0 0 127.58
0 0 127.62
0 0 127.65
0 0 127.68
0 0 127.72
0 0 127.75
0 0 127.78
0 0 127.82
0 0 127.85
0 0 127.88
0 0 127.92
0 0 127.95
0 0 127.98
0 0 128.02
0 0 128.05
0 0 128.08
0 0 128.11
0 0 128.15
0 0 128.18
0 0 128.22
0 0 128.25
0 0 128.28
0 0 128.32
0 0 128.35
0 0 128.38
0 0 128.42
0 0 128.45
0 0 128.48
0 0 128.52
0 0 128.55
0 0 128.58
0 0 128.61
0 0 128.65
0 0 128.68
0 0 128.71
0 0 128.75
0 0 128.78
0 0 128.81
0 0 128.85
0 0 128.88
0 0 128.91
0 0 128.95
0 0 128.98
0 0 129.02
0 0 129.05
0 0 129.08
0 0 129.11
0 0 129.15
0 0 129.18
0 0 129.21
0 0 129.25
0 0 129.28
0 0 129.31
0 0 129.35
0 0 129.38
0 0 129.41
0 0 129.45
0 0 129.48
0 0 129.52
0 0 129.55
0 0 129.58
0 0 129.61
0 0 129.65
