0 0 49.1
0.536 0.006 49.14
0 0 49.17
0 0 49.2
0.538 0.004 49.24
0.537 0.002 49.28
0.539 0.001 49.31
0 0 49.34
0.539 0.004 49.37
0 0 49.4
0 0 49.43
0 0 49.47
0.532 0.006 49.51
0 0 49.54
0.533 0.002 49.57
0.529 0.004 49.61
0.531 0.002 49.64
0 0 49.67
0.535 0.005 49.71
0.529 0.007 49.74
0 0 49.77
0 0 49.8
0.537 0.01 49.84
0 0 49.87
0 0 49.9
0.53 0.008 49.94
0 0 49.97
0 0 50.01
0.531 0.002 50.04
0.533 0.002 50.07
0.535 0.003 50.1
0.53 0.006 50.13
0.531 0.001 50.17
0 0 50.21
0.529 0.003 50.24
0.531 0.002 50.27
0.529 0.002 50.3
0.53 0.001 50.34
0.535 0.006 50.37
0.531 0.004 50.42
0 0 50.44
0 0 50.48
0.539 0.01 50.52
0.531 0.009 50.55
0.536 0.005 50.58
0 0 50.61
0 0 50.64
0.537 0.002 50.68
0 0 50.7
0 0 50.73
0.531 0.007 50.77
0.536 0.005 50.8
0.536 0.0 50.84
0 0 50.87
0 0 50.9
0.542 0.006 50.94
0 0 50.97
0.54 0.004 51.01
0.537 0.004 51.03
0.536 0.001 51.07
0.539 0.002 51.11
0 0 51.13
0.54 0.002 51.17
0 0 51.2
0.539 0.002 51.24
0.538 0.001 51.27
0.538 0.001 51.31
0 0 51.34
0 0 51.37
0 0 51.4
0.54 0.002 51.44
0.537 0.003 51.48
0.537 0.001 51.51
0.538 0.002 51.54
0.533 0.007 51.58
0.529 0.005 51.6
0.525 0.004 51.64
0 0 51.67
0.527 0.002 51.7
0 0 51.73
0.524 0.007 51.77
0.519 0.006 51.81
0.523 0.004 51.84
0.526 0.002 51.87
0.527 0.002 51.9
0 0 51.93
0.521 0.01 51.97
0 0 52.0
0.523 0.005 52.04
0.523 0.002 52.07
0.525 0.002 52.11
0.525 0.001 52.14
0.527 0.002 52.18
0 0 52.21
0.526 0.006 52.24
0.529 0.002 52.27
0.53 0.003 52.3
0.528 0.003 52.34
0 0 52.37
0.533 0.006 52.4
0 0 52.43
0.53 0.008 52.47
0.533 0.003 52.51
0.532 0.005 52.54
0.536 0.004 52.57
0.537 0.001 52.61
0 0 52.63
0.541 0.002 52.67
0.538 0.005 52.7
0.54 0.002 52.74
0.543 0.004 52.77
0.543 0.001 52.8
0.541 0.002 52.84
0.545 0.005 52.87
0 0 52.9
0.548 0.006 52.95
0.544 0.011 52.97
0.547 0.004 53.0
0.543 0.004 53.04
0.548 0.001 53.07
0.545 0.003 53.1
0.544 0.002 53.13
0.544 0.0 53.17
0 0 53.2
0.547 0.002 53.24
0.549 0.003 53.27
0.551 0.004 53.31
0.551 0.0 53.33
0.55 0.002 53.37
0.557 0.003 53.4
0.551 0.007 53.44
0.551 0.0 53.47
0.554 0.003 53.51
0.552 0.002 53.54
0.551 0.002 53.57
0.551 0.0 53.6
0.561 0.001 53.63
0.561 0.0 53.67
0.563 0.003 53.7
0.565 0.005 53.74
0.566 0.001 53.77
0.565 0.0 53.8
0.57 0.0 53.84
0.57 0.0 53.87
0.572 0.003 53.9
0.579 0.004 53.94
0.576 0.004 53.97
0.579 0.005 54.01
0 0 54.04
0.583 0.005 54.07
0.582 0.002 54.11
0.584 0.003 54.14
0.587 0.001 54.17
0.588 0.001 54.2
0.584 0.005 54.24
0.593 0.007 54.27
0.591 0.003 54.3
0.589 0.002 54.34
0.591 0.002 54.37
0.591 0.0 54.4
0.593 0.003 54.44
0.593 0.0 54.47
0.599 0.003 54.5
0.598 0.001 54.53
0.595 0.004 54.57
0.601 0.003 54.6
0.6 0.0 54.64
0 0 54.67
0.603 0.0 54.7
0.603 0.001 54.73
0.603 0.001 54.77
0.605 0.001 54.8
0.603 0.003 54.84
0.603 0.001 54.87
0.602 0.002 54.9
0.607 0.003 54.94
0.608 0.001 54.97
0.606 0.002 55.01
0.609 0.0 55.04
0.605 0.005 55.07
0.606 0.001 55.1
0.609 0.001 55.13
0.609 0.0 55.17
0 0 55.2
0 0 55.24
0.607 0.006 55.27
0.61 0.003 55.3
0.61 0.0 55.34
0.611 0.002 55.37
0.612 0.001 55.4
0.612 0.0 55.43
0.618 0.003 55.47
0.613 0.007 55.5
0.616 0.004 55.54
0.619 0.0 55.57
0.618 0.001 55.6
0.617 0.002 55.63
0.619 0.002 55.67
0.622 0.003 55.7
0.622 0.0 55.73
0.622 0.001 55.77
0.622 0.001 55.8
0.62 0.003 55.84
0.621 0.002 55.87
0.623 0.001 55.9
0.623 0.001 55.93
0.625 0.002 55.97
0.627 0.001 56.0
0.628 0.001 56.04
0.627 0.001 56.07
0.625 0.003 56.1
0.628 0.003 56.14
0.627 0.002 56.17
0.629 0.003 56.2
0.631 0.001 56.24
0.629 0.002 56.27
0.628 0.001 56.3
0 0 56.34
0 0 56.37
0.628 0.001 56.4
0.627 0.002 56.44
0.627 0.0 56.47
0.626 0.001 56.5
0 0 56.53
0.626 0.001 56.57
0.627 0.001 56.6
0.626 0.001 56.64
0.627 0.0 56.67
0.627 0.001 56.7
0.629 0.002 56.74
0.628 0.0 56.77
0.63 0.002 56.81
0 0 56.84
0.625 0.006 56.87
0.629 0.006 56.9
0.625 0.005 56.94
0.626 0.003 56.97
0.625 0.002 57.0
0.625 0.001 57.03
0.624 0.001 57.07
0.624 0.001 57.1
0.621 0.003 57.14
0.622 0.001 57.17
0.622 0.001 57.2
0.621 0.002 57.24
0.618 0.004 57.27
0.618 0.001 57.3
0.615 0.003 57.34
0.618 0.005 57.37
0.622 0.005 57.4
0.619 0.003 57.44
0.619 0.001 57.47
0.617 0.002 57.5
0.618 0.002 57.54
0.618 0.001 57.57
0.616 0.002 57.6
0.616 0.001 57.63
0.616 0.0 57.67
0.618 0.003 57.7
0.616 0.003 57.74
0.617 0.001 57.77
0.619 0.003 57.81
0.616 0.003 57.84
0.616 0.001 57.87
0.618 0.003 57.9
0.62 0.002 57.94
0.616 0.005 57.97
0.617 0.001 58.0
0.621 0.006 58.04
0.62 0.002 58.07
0.622 0.002 58.1
0.62 0.003 58.14
0.619 0.001 58.17
0.623 0.005 58.2
0.622 0.001 58.24
0.623 0.001 58.27
0.621 0.002 58.3
0.624 0.003 58.34
0.622 0.003 58.37
0.621 0.001 58.4
0.621 0.001 58.43
0.62 0.002 58.47
0.619 0.002 58.5
0 0 58.53
0.619 0.002 58.57
0 0 58.6
0.61 0.016 58.63
0.607 0.006 58.67
0.599 0.012 58.71
0.596 0.005 58.74
0.586 0.017 58.77
0.582 0.007 58.8
0.571 0.018 58.84
0 0 58.87
0 0 58.9
0.545 0.047 58.93
0 0 58.97
0 0 59.0
0 0 59.03
0.522 0.049 59.07
0 0 59.1
0.508 0.032 59.13
0.504 0.013 59.17
0.5 0.013 59.21
0.493 0.017 59.24
0.496 0.009 59.27
0.49 0.018 59.3
0.487 0.011 59.34
0.484 0.014 59.37
0.482 0.007 59.4
0 0 59.43
0.476 0.018 59.47
0.472 0.009 59.5
0.468 0.008 59.54
0.466 0.005 59.57
0 0 59.6
0.461 0.011 59.64
0.46 0.004 59.67
0.459 0.002 59.7
0.46 0.004 59.73
0.458 0.004 59.77
0.458 0.002 59.8
0.456 0.002 59.83
0.454 0.003 59.87
0.454 0.005 59.9
0.452 0.004 59.93
0 0 59.97
0.448 0.006 60.0
0.448 0.001 60.03
0.447 0.001 60.07
0.446 0.001 60.1
0.447 0.002 60.14
0.447 0.001 60.17
0.446 0.001 60.2
0.446 0.001 60.24
0.444 0.004 60.27
0.444 0.001 60.3
0.445 0.002 60.33
0.447 0.002 60.37
0.447 0.003 60.4
0.445 0.003 60.43
0.442 0.004 60.47
0.441 0.001 60.5
0.441 0.002 60.54
0.442 0.002 60.57
0.441 0.001 60.61
0.441 0.002 60.64
0.44 0.001 60.67
0.44 0.001 60.7
0.438 0.003 60.73
0.437 0.002 60.77
0.435 0.002 60.8
0.436 0.001 60.84
0.438 0.002 60.87
0.439 0.004 60.9
0.441 0.005 60.93
0.443 0.005 60.97
0.446 0.006 61.0
0.453 0.007 61.03
0.461 0.009 61.07
0 0 61.1
0 0 61.13
0 0 61.17
0 0 61.2
0.472 0.017 61.24
0 0 61.27
0 0 61.3
0 0 61.34
0 0 61.37
0 0 61.4
0 0 61.43
0 0 61.47
0 0 61.5
0 0 61.53
0 0 61.57
0.463 0.01 61.6
0.457 0.006 61.64
0.452 0.005 61.67
0.447 0.005 61.7
0.443 0.005 61.73
0 0 61.76
0.44 0.008 61.8
0.439 0.003 61.84
0.437 0.003 61.87
0 0 61.9
0.435 0.005 61.93
0.435 0.003 61.97
0.434 0.002 62.0
0.432 0.002 62.03
0.431 0.002 62.07
0.429 0.001 62.1
0.428 0.001 62.14
0.427 0.001 62.17
0.425 0.002 62.2
0.423 0.002 62.24
0.423 0.002 62.27
0.423 0.003 62.3
0.426 0.004 62.34
0.43 0.006 62.37
0.437 0.008 62.4
0.445 0.008 62.43
0 0 62.47
0 0 62.5
0 0 62.54
0 0 62.57
0 0 62.6
0 0 62.63
0 0 62.67
0 0 62.7
0 0 62.73
0 0 62.77
0 0 62.8
0 0 62.84
0 0 62.87
0 0 62.9
0 0 62.94
0.449 0.016 62.97
0.442 0.008 63.0
0.434 0.009 63.04
0.426 0.009 63.07
0.422 0.007 63.1
0.418 0.006 63.13
0.414 0.005 63.17
0.412 0.004 63.2
0.411 0.004 63.23
0.412 0.003 63.27
0.412 0.005 63.3
0.411 0.002 63.34
0.411 0.001 63.37
0.411 0.001 63.4
0.41 0.001 63.44
0.41 0.002 63.47
0.409 0.001 63.5
0.408 0.002 63.53
0.408 0.001 63.57
0.409 0.002 63.6
0.409 0.001 63.63
0.408 0.003 63.67
0.409 0.002 63.7
0.41 0.001 63.73
0.411 0.002 63.77
0.412 0.002 63.8
0.414 0.003 63.84
0.415 0.003 63.87
0.415 0.005 63.9
0.414 0.005 63.94
0.411 0.005 63.97
0.41 0.005 64.0
0.411 0.007 64.03
0.413 0.009 64.07
0.417 0.01 64.1
0.421 0.01 64.13
0.427 0.01 64.17
0.434 0.01 64.2
0.443 0.009 64.23
0.461 0.03 64.27
0 0 64.3
0 0 64.33
0 0 64.37
0 0 64.4
0 0 64.43
0 0 64.46
0 0 64.5
0 0 64.53
0 0 64.57
0 0 64.6
0 0 64.63
0 0 64.67
0 0 64.7
0 0 64.73
0 0 64.77
0 0 64.8
0 0 64.83
0 0 64.87
0 0 64.9
0 0 64.93
0 0 64.96
0 0 65.0
0 0 65.03
0 0 65.06
0 0 65.1
0 0 65.13
0 0 65.17
0 0 65.2
0 0 65.23
0 0 65.26
0 0 65.3
0 0 65.33
0 0 65.36
0 0 65.4
0 0 65.43
0 0 65.46
0 0 65.5
0 0 65.53
0 0 65.56
0 0 65.6
0 0 65.63
0 0 65.67
0 0 65.7
0 0 65.73
0 0 65.76
0 0 65.8
0 0 65.83
0 0 65.86
0 0 65.9
0 0 65.93
0 0 65.97
0 0 66.0
0 0 66.03
0 0 66.06
0 0 66.1
0 0 66.13
0 0 66.17
0 0 66.2
0 0 66.23
0 0 66.26
0 0 66.3
0 0 66.33
0 0 66.36
0 0 66.4
0 0 66.43
0 0 66.46
0 0 66.5
0 0 66.53
0 0 66.56
0 0 66.6
0 0 66.63
0 0 66.67
0 0 66.7
0 0 66.73
0 0 66.76
0.339 0.06 66.8
0 0 66.83
0.334 0.013 66.87
0 0 66.9
0.325 0.012 66.93
0 0 66.96
0 0 67.0
0 0 67.03
0.338 0.02 67.07
0.344 0.006 67.1
0.345 0.008 67.13
0.355 0.015 67.17
0.361 0.006 67.2
0.364 0.014 67.24
0 0 67.27
0.381 0.022 67.3
0 0 67.33
0 0 67.36
0.401 0.04 67.4
0.411 0.014 67.43
0.417 0.014 67.47
0.433 0.016 67.5
0 0 67.53
0 0 67.56
0 0 67.6
0 0 67.63
0 0 67.67
0 0 67.7
0 0 67.73
0 0 67.76
0 0 67.8
0 0 67.83
0 0 67.86
0 0 67.9
0 0 67.93
0 0 67.97
0 0 68.0
0 0 68.03
0 0 68.06
0 0 68.1
0 0 68.13
0 0 68.16
0 0 68.2
0 0 68.23
0 0 68.26
0 0 68.3
0 0 68.33
0 0 68.36
0 0 68.4
0 0 68.43
0 0 68.47
0 0 68.5
0 0 68.53
0 0 68.56
0 0 68.6
0 0 68.63
0 0 68.66
0 0 68.7
0 0 68.73
0 0 68.76
0 0 68.8
0 0 68.83
0 0 68.86
0 0 68.9
0 0 68.93
0 0 68.96
0 0 69.0
0 0 69.03
0 0 69.06
0 0 69.1
0 0 69.13
0 0 69.16
0 0 69.2
0 0 69.23
0 0 69.26
0 0 69.3
0 0 69.33
0 0 69.36
0 0 69.4
0 0 69.43
0 0 69.46
0 0 69.5
0 0 69.53
0 0 69.56
0 0 69.6
0 0 69.63
0 0 69.66
0 0 69.7
0 0 69.73
0 0 69.76
0 0 69.8
0 0 69.83
0 0 69.87
0 0 69.9
0 0 69.93
0 0 69.96
0 0 70.0
0 0 70.03
0 0 70.06
0 0 70.1
0 0 70.14
0 0 70.16
0 0 70.2
0 0 70.23
0 0 70.27
0 0 70.3
0 0 70.33
0 0 70.36
0 0 70.4
0 0 70.43
0 0 70.46
0 0 70.5
0 0 70.53
0 0 70.56
0 0 70.6
0 0 70.63
0 0 70.67
0 0 70.7
0 0 70.73
0 0 70.77
0 0 70.8
0 0 70.83
0 0 70.86
0 0 70.9
0 0 70.93
0 0 70.96
0 0 71.0
0 0 71.03
0 0 71.06
0.406 0.13 71.1
0 0 71.13
0 0 71.17
0 0 71.2
0.414 0.01 71.23
0 0 71.27
0.413 0.007 71.31
0.416 0.006 71.34
0 0 71.36
0.417 0.003 71.4
0 0 71.44
0 0 71.47
0 0 71.5
0 0 71.53
0.414 0.009 71.57
0 0 71.6
0 0 71.63
0 0 71.67
0 0 71.7
0 0 71.73
0 0 71.76
0.395 0.024 71.8
0 0 71.83
0.393 0.01 71.86
0 0 71.9
0 0 71.93
0.389 0.008 71.97
0.392 0.008 72.0
0.39 0.002 72.03
0.39 0.001 72.07
0.392 0.004 72.1
0.39 0.003 72.13
0 0 72.17
0.389 0.003 72.2
0 0 72.23
0.393 0.006 72.27
0 0 72.3
0 0 72.33
0.395 0.006 72.37
0.393 0.005 72.4
0.392 0.001 72.43
0.398 0.011 72.47
0.398 0.002 72.5
0.393 0.007 72.53
0.396 0.007 72.57
0 0 72.6
0 0 72.63
0 0 72.66
0.4 0.003 72.7
0.403 0.007 72.73
0.401 0.004 72.76
0.403 0.004 72.8
0.397 0.012 72.84
0.4 0.005 72.87
0.4 0.001 72.9
0.396 0.011 72.93
0 0 72.96
0.404 0.013 73.0
0 0 73.03
0.405 0.003 73.06
0.407 0.003 73.1
0.41 0.001 73.13
0.406 0.007 73.17
0.4 0.011 73.2
0 0 73.23
0 0 73.26
0 0 73.3
0 0 73.33
0 0 73.36
0 0 73.4
0 0 73.43
0 0 73.46
0 0 73.5
0 0 73.53
0 0 73.56
0 0 73.6
0 0 73.63
0.326 0.122 73.67
0 0 73.7
0 0 73.73
0 0 73.76
0.318 0.015 73.8
0.315 0.004 73.83
0.316 0.005 73.86
0.322 0.004 73.9
0.325 0.009 73.93
0.325 0.003 73.96
0.328 0.007 74.0
0 0 74.03
0.332 0.004 74.07
0.332 0.002 74.1
0.336 0.005 74.13
0.33 0.009 74.17
0.33 0.006 74.2
0.33 0.006 74.23
0.326 0.004 74.27
0.32 0.007 74.3
0.32 0.005 74.33
0.313 0.01 74.37
0 0 74.4
0.302 0.014 74.43
0 0 74.46
0.291 0.018 74.5
0.286 0.007 74.53
0.288 0.01 74.57
0.284 0.006 74.6
0.278 0.008 74.63
0.278 0.006 74.66
0.275 0.005 74.7
0.272 0.005 74.73
0 0 74.77
0.27 0.008 74.8
0.268 0.004 74.83
0.265 0.003 74.87
0.266 0.003 74.9
0.265 0.002 74.93
0.263 0.003 74.97
0.267 0.001 75.0
0.268 0.002 75.03
0.27 0.003 75.07
0.276 0.002 75.1
0.277 0.002 75.13
0.278 0.002 75.17
0.278 0.001 75.2
0.284 0.001 75.24
0.283 0.003 75.26
0.283 0.001 75.3
0.285 0.003 75.34
0.284 0.001 75.36
0.283 0.002 75.4
0.286 0.002 75.43
0.286 0.004 75.46
0.286 0.003 75.5
0.287 0.002 75.53
0.285 0.005 75.56
0.285 0.003 75.6
0.283 0.005 75.63
0.285 0.003 75.67
0.284 0.003 75.7
0.284 0.002 75.73
0.285 0.002 75.77
0.284 0.002 75.8
0.282 0.004 75.83
0.283 0.004 75.87
0.281 0.006 75.9
0.281 0.002 75.94
0.282 0.003 75.97
0.28 0.003 76.0
0.279 0.003 76.03
0.276 0.004 76.06
0.276 0.003 76.1
0.274 0.002 76.13
0.273 0.001 76.17
0.275 0.001 76.2
0.276 0.001 76.23
0.276 0.001 76.27
0.277 0.001 76.3
0 0 76.33
0.278 0.004 76.37
0.282 0.005 76.4
0.283 0.004 76.43
0.285 0.005 76.46
0.287 0.005 76.5
0.291 0.005 76.54
0.292 0.007 76.57
0.294 0.007 76.6
0.296 0.008 76.63
0.297 0.01 76.67
0 0 76.7
0.307 0.026 76.74
0.315 0.015 76.77
0.327 0.018 76.8
0 0 76.83
0 0 76.86
0 0 76.89
0 0 76.93
0 0 76.96
0 0 77.0
0 0 77.03
0 0 77.06
0 0 77.09
0 0 77.13
0 0 77.16
0 0 77.19
0 0 77.23
0 0 77.26
0 0 77.29
0 0 77.33
0 0 77.36
0 0 77.39
0 0 77.43
0 0 77.46
0 0 77.5
0 0 77.53
0 0 77.56
0 0 77.59
0 0 77.63
0 0 77.66
0 0 77.69
0 0 77.73
0 0 77.76
0 0 77.8
0 0 77.83
0 0 77.86
0 0 77.9
0 0 77.93
0 0 77.96
0 0 78.0
0 0 78.03
0 0 78.06
0 0 78.09
0 0 78.13
0 0 78.16
0 0 78.19
0 0 78.23
0 0 78.26
0 0 78.3
0 0 78.33
0 0 78.36
0 0 78.4
0 0 78.43
0 0 78.46
0 0 78.5
0 0 78.53
0 0 78.56
0 0 78.6
0 0 78.63
0 0 78.66
0 0 78.69
0 0 78.73
0 0 78.76
0 0 78.8
0 0 78.83
0 0 78.86
0 0 78.9
0 0 78.93
0 0 78.96
0 0 79.0
0 0 79.03
0 0 79.06
0 0 79.1
0 0 79.13
0 0 79.16
0 0 79.2
0 0 79.23
0 0 79.26
0 0 79.3
0 0 79.33
0 0 79.36
0 0 79.39
0 0 79.43
0 0 79.46
0 0 79.5
0 0 79.53
0 0 79.56
0 0 79.6
0 0 79.63
0 0 79.66
0 0 79.69
0 0 79.73
0 0 79.76
0.355 0.034 79.8
0 0 79.83
0.355 0.027 79.86
0.353 0.01 79.9
0.355 0.007 79.93
0.351 0.007 79.97
0.349 0.006 80.0
0.35 0.006 80.03
0.347 0.004 80.06
0.345 0.004 80.1
0.344 0.004 80.13
0.348 0.003 80.17
0.347 0.003 80.2
0.345 0.003 80.23
0.347 0.002 80.26
0.345 0.002 80.3
0.344 0.002 80.33
0.348 0.003 80.37
0.349 0.003 80.4
0.349 0.002 80.43
0.354 0.003 80.47
0.352 0.002 80.5
0.351 0.002 80.53
0.35 0.002 80.56
0.352 0.003 80.6
0.351 0.002 80.63
0.35 0.002 80.66
0.353 0.005 80.7
0.354 0.002 80.73
0.355 0.002 80.77
0.359 0.003 80.8
0.36 0.002 80.83
0.361 0.003 80.86
0.363 0.003 80.9
0.369 0.003 80.93
0.372 0.004 80.96
0.375 0.004 81.0
0.38 0.003 81.03
0.381 0.001 81.06
0.381 0.001 81.1
0.387 0.002 81.13
0.388 0.001 81.17
0.388 0.004 81.2
0.389 0.007 81.23
0.392 0.004 81.26
0.393 0.007 81.3
0.395 0.006 81.33
0.401 0.006 81.37
0.402 0.003 81.4
0.401 0.004 81.43
0.402 0.002 81.46
0.402 0.003 81.5
0.4 0.003 81.53
0.4 0.005 81.57
0.398 0.006 81.6
0.395 0.006 81.63
0.395 0.005 81.67
0.395 0.005 81.7
0.393 0.003 81.73
0.391 0.002 81.76
0.391 0.002 81.8
0.389 0.002 81.83
0.387 0.002 81.86
0.388 0.001 81.9
0.388 0.002 81.93
0.389 0.004 81.97
0.392 0.005 82.0
0.394 0.006 82.04
0.396 0.008 82.07
0.401 0.011 82.1
0.407 0.011 82.13
0.415 0.012 82.17
0.425 0.014 82.2
0.439 0.017 82.23
0.452 0.016 82.27
0.469 0.019 82.3
0.487 0.02 82.33
0.505 0.02 82.36
0 0 82.39
0 0 82.43
0 0 82.46
0 0 82.5
0 0 82.53
0 0 82.56
0 0 82.59
0 0 82.63
0 0 82.66
0 0 82.69
0 0 82.73
0 0 82.76
0 0 82.79
0 0 82.83
0 0 82.86
0 0 82.9
0 0 82.93
0 0 82.96
0 0 83.0
0 0 83.03
0 0 83.06
0 0 83.09
0 0 83.13
0 0 83.16
0 0 83.19
0 0 83.23
0 0 83.26
0 0 83.3
0 0 83.33
0 0 83.36
0 0 83.39
0 0 83.43
0 0 83.47
0 0 83.5
0 0 83.53
0 0 83.56
0 0 83.59
0 0 83.63
0 0 83.66
0 0 83.7
0 0 83.73
0 0 83.76
0 0 83.79
0 0 83.83
0 0 83.86
0 0 83.9
0 0 83.93
0 0 83.96
0 0 84.0
0 0 84.03
0 0 84.06
0 0 84.09
0 0 84.13
0 0 84.16
0 0 84.2
0 0 84.23
0 0 84.26
0 0 84.29
0 0 84.33
0 0 84.36
0 0 84.39
0 0 84.43
0 0 84.46
0 0 84.49
0 0 84.53
0 0 84.56
0 0 84.6
0.448 0.069 84.63
0.435 0.018 84.67
0 0 84.69
0.416 0.029 84.73
0.41 0.012 84.76
0.406 0.01 84.8
0.404 0.009 84.83
0.403 0.008 84.87
0.401 0.006 84.9
0.399 0.004 84.93
0.396 0.004 84.96
0.392 0.004 85.0
0.388 0.003 85.03
0.386 0.002 85.06
0.385 0.002 85.1
0.384 0.001 85.13
0.383 0.001 85.16
0.383 0.001 85.2
0.379 0.001 85.23
0.379 0.003 85.26
0.38 0.006 85.3
0.381 0.01 85.33
0.386 0.015 85.36
0.397 0.02 85.4
0.412 0.023 85.43
0 0 85.46
0 0 85.5
0 0 85.53
0 0 85.56
0 0 85.6
0 0 85.63
0 0 85.66
0 0 85.7
0 0 85.73
0 0 85.76
0 0 85.79
0 0 85.83
0 0 85.86
0 0 85.9
0 0 85.93
0 0 85.96
0 0 85.99
0 0 86.03
0 0 86.06
0 0 86.09
0 0 86.13
0 0 86.16
0 0 86.19
0 0 86.23
0 0 86.26
0 0 86.29
0 0 86.33
0 0 86.36
0 0 86.39
0 0 86.43
0 0 86.46
0 0 86.49
0 0 86.53
0 0 86.56
0 0 86.59
0 0 86.63
0 0 86.66
0 0 86.69
0 0 86.73
0 0 86.76
0 0 86.79
0 0 86.83
0 0 86.86
0 0 86.9
0 0 86.93
0 0 86.96
0 0 86.99
0 0 87.03
0 0 87.06
0 0 87.09
0 0 87.13
0 0 87.16
0 0 87.2
0 0 87.23
0 0 87.26
0 0 87.29
0 0 87.33
0 0 87.36
0 0 87.39
0 0 87.43
0 0 87.46
0 0 87.49
0.644 0.25 87.53
0 0 87.56
0.608 0.042 87.6
0.595 0.023 87.63
0.576 0.023 87.66
0.56 0.021 87.7
0 0 87.73
0.532 0.036 87.77
0.521 0.015 87.8
0.51 0.014 87.84
0.497 0.015 87.87
0.488 0.012 87.9
0.479 0.011 87.93
0.472 0.01 87.96
0.464 0.009 88.0
0.46 0.006 88.03
0.456 0.005 88.06
0.451 0.007 88.1
0.45 0.003 88.13
0.45 0.003 88.17
0.447 0.005 88.2
0.448 0.003 88.23
0.444 0.004 88.26
0.444 0.002 88.3
0.441 0.005 88.33
0.441 0.002 88.36
0.442 0.002 88.4
0.441 0.003 88.43
0.44 0.005 88.46
0.441 0.004 88.5
0.447 0.006 88.53
0.452 0.005 88.56
0.452 0.004 88.6
0.456 0.004 88.63
0.461 0.006 88.66
0.462 0.002 88.69
0.465 0.004 88.73
0.463 0.006 88.76
0.464 0.003 88.8
0.468 0.004 88.83
0.469 0.002 88.86
0.469 0.002 88.9
0.469 0.002 88.93
0.473 0.004 88.96
0.472 0.003 89.0
0.468 0.005 89.03
0.463 0.008 89.07
0.457 0.012 89.1
0.448 0.013 89.13
0.439 0.016 89.16
0.431 0.013 89.2
0.42 0.012 89.23
0.41 0.013 89.27
0.401 0.011 89.3
0.39 0.009 89.33
0.379 0.012 89.37
0.369 0.011 89.39
0.358 0.011 89.43
0 0 89.46
0 0 89.49
0.332 0.023 89.53
0.327 0.007 89.57
0 0 89.59
0.324 0.008 89.63
0.322 0.003 89.66
0.323 0.003 89.69
0.324 0.002 89.73
0.325 0.002 89.76
0.32 0.005 89.8
0.32 0.001 89.83
0.319 0.001 89.86
0.314 0.002 89.89
0.312 0.002 89.93
0 0 89.96
0.307 0.003 90.0
0.307 0.002 90.03
0.306 0.001 90.06
0.302 0.001 90.1
0.302 0.001 90.13
0.303 0.001 90.16
0.3 0.002 90.2
0.301 0.002 90.23
0 0 90.26
0.302 0.002 90.3
0.297 0.002 90.33
0.296 0.003 90.36
0.295 0.002 90.4
0.289 0.003 90.43
0.291 0.004 90.46
0.292 0.006 90.5
0.291 0.007 90.53
0.296 0.011 90.56
0.304 0.014 90.6
0.317 0.017 90.63
0 0 90.66
0 0 90.7
0 0 90.73
0 0 90.76
0 0 90.79
0 0 90.83
0 0 90.86
0 0 90.89
0 0 90.93
0 0 90.96
0 0 90.99
0 0 91.03
0 0 91.06
0 0 91.09
0 0 91.13
0 0 91.16
0 0 91.19
0 0 91.23
0 0 91.26
0 0 91.29
0 0 91.33
0 0 91.37
0 0 91.39
0 0 91.43
0 0 91.46
0 0 91.49
0 0 91.53
0 0 91.56
0 0 91.59
0 0 91.63
0 0 91.66
0 0 91.69
0 0 91.73
0 0 91.76
0 0 91.79
0 0 91.83
0 0 91.86
0 0 91.89
0 0 91.93
0 0 91.96
0 0 92.0
0 0 92.03
0 0 92.06
0 0 92.09
0 0 92.13
0 0 92.16
0 0 92.19
0 0 92.23
0 0 92.26
0 0 92.29
0 0 92.33
0 0 92.36
0 0 92.39
0 0 92.43
0 0 92.46
0 0 92.49
0 0 92.53
0 0 92.56
0 0 92.59
0 0 92.63
0 0 92.66
0 0 92.69
0 0 92.73
0 0 92.76
0 0 92.79
0 0 92.83
0 0 92.86
0 0 92.89
0 0 92.93
0 0 92.96
0 0 93.0
0 0 93.03
0 0 93.06
0 0 93.09
0 0 93.12
0 0 93.16
0 0 93.19
0 0 93.23
0 0 93.26
0 0 93.29
0 0 93.33
0 0 93.36
0 0 93.39
0 0 93.43
0 0 93.46
0 0 93.49
0 0 93.52
0 0 93.56
0 0 93.59
0 0 93.62
0 0 93.66
0 0 93.69
0.379 0.216 93.73
0.365 0.017 93.76
0.353 0.016 93.79
0.338 0.016 93.83
0.328 0.015 93.87
0 0 93.89
0.308 0.024 93.93
0.301 0.01 93.96
0.296 0.007 94.0
0.293 0.006 94.03
0.292 0.006 94.06
0.292 0.004 94.09
0.292 0.003 94.13
0.291 0.004 94.16
0.291 0.003 94.19
0.291 0.004 94.23
0.291 0.004 94.26
0.292 0.003 94.3
0.292 0.002 94.33
0.293 0.002 94.36
0.294 0.003 94.39
0.296 0.002 94.43
0.296 0.003 94.46
0.294 0.006 94.5
0.297 0.003 94.53
0.296 0.003 94.56
0.296 0.003 94.59
0.295 0.005 94.63
0.298 0.004 94.66
0.298 0.002 94.69
0.3 0.002 94.73
0.302 0.002 94.76
0.303 0.001 94.79
0.303 0.002 94.83
0.306 0.001 94.86
0.305 0.001 94.89
0.305 0.001 94.93
0.306 0.001 94.96
0.306 0.001 94.99
0.306 0.001 95.03
0.308 0.001 95.06
0.307 0.001 95.09
0.306 0.001 95.13
0.306 0.003 95.16
0.306 0.001 95.19
0.306 0.002 95.23
0.305 0.002 95.26
0.306 0.001 95.29
0.303 0.003 95.33
0.301 0.002 95.36
0.302 0.003 95.4
0.301 0.0 95.43
0.3 0.002 95.46
0.302 0.003 95.5
0.3 0.003 95.53
0.299 0.002 95.56
0.302 0.001 95.59
0.3 0.002 95.63
0.3 0.001 95.66
0.298 0.003 95.69
0.3 0.003 95.73
0.299 0.001 95.76
0.298 0.001 95.79
0.299 0.005 95.83
0.297 0.005 95.86
0.295 0.003 95.89
0.297 0.004 95.93
0.292 0.009 95.96
0.288 0.008 96.0
0.285 0.011 96.03
0.282 0.007 96.06
0.279 0.006 96.09
0.275 0.006 96.13
0.275 0.007 96.16
0 0 96.2
0.265 0.011 96.23
0.266 0.004 96.26
0.262 0.005 96.29
0.257 0.004 96.33
0.262 0.004 96.36
0.258 0.005 96.39
0 0 96.42
0.252 0.007 96.46
0.254 0.004 96.49
0.252 0.004 96.53
0.248 0.005 96.56
0.246 0.004 96.6
0.244 0.003 96.63
0.242 0.004 96.66
0.252 0.003 96.69
0.251 0.004 96.73
0.25 0.002 96.76
0.257 0.002 96.8
0.257 0.002 96.83
0.257 0.002 96.86
0.256 0.001 96.89
0.262 0.004 96.93
0.261 0.002 96.96
0.261 0.003 97.0
0.267 0.001 97.03
0.268 0.002 97.06
0.269 0.002 97.1
0.276 0.003 97.13
0.275 0.002 97.16
0.274 0.001 97.2
0.278 0.001 97.23
0.279 0.001 97.26
0.279 0.002 97.29
0.279 0.001 97.33
0.287 0.002 97.36
0 0 97.39
0.292 0.006 97.43
0.302 0.004 97.46
0.303 0.003 97.49
0.304 0.005 97.53
0.315 0.003 97.56
0.316 0.003 97.59
0.315 0.002 97.63
0.321 0.002 97.66
0.321 0.002 97.69
0.321 0.002 97.73
0.319 0.002 97.76
0.323 0.002 97.79
0.323 0.002 97.83
0.323 0.003 97.86
0.327 0.003 97.9
0.326 0.001 97.93
0.324 0.002 97.96
0.327 0.004 98.0
0.325 0.002 98.03
0.324 0.002 98.06
0 0 98.09
0.324 0.007 98.13
0.321 0.004 98.16
0.32 0.003 98.19
0.322 0.004 98.23
0.323 0.003 98.26
0.324 0.002 98.29
0.328 0.002 98.33
0.328 0.001 98.36
0.328 0.002 98.39
0 0 98.42
0.333 0.003 98.46
0.333 0.0 98.5
0.336 0.002 98.53
0.335 0.001 98.56
0.335 0.001 98.59
0.336 0.001 98.63
0.34 0.002 98.66
0.341 0.004 98.69
0.341 0.001 98.73
0.343 0.005 98.76
0.343 0.002 98.8
0.342 0.003 98.83
0.348 0.0 98.86
0.348 0.002 98.89
0 0 98.92
0.35 0.004 98.96
0.354 0.004 99.0
0.354 0.001 99.03
0.355 0.001 99.06
0.357 0.003 99.1
0.357 0.002 99.13
0.358 0.004 99.16
0.36 0.004 99.19
0 0 99.22
0.359 0.006 99.26
0.359 0.005 99.29
0.361 0.002 99.33
0 0 99.36
0.363 0.004 99.39
0.365 0.003 99.43
0.365 0.003 99.46
0.365 0.002 99.49
0.367 0.003 99.53
0.368 0.001 99.56
0.368 0.002 99.6
0.371 0.003 99.63
0.371 0.004 99.66
0.371 0.002 99.69
0.369 0.005 99.73
0.369 0.003 99.76
0.368 0.004 99.8
0 0 99.83
0.365 0.004 99.86
0.364 0.002 99.89
0.364 0.001 99.93
0.362 0.003 99.96
0.362 0.001 99.99
0.362 0.003 100.03
0.363 0.006 100.06
0.364 0.002 100.09
0.364 0.004 100.13
0.364 0.002 100.16
0.365 0.002 100.19
0.365 0.001 100.23
0.365 0.002 100.27
0.364 0.005 100.3
0.364 0.001 100.34
0.364 0.003 100.36
0.363 0.002 100.39
0.363 0.002 100.43
0.362 0.001 100.46
0.36 0.005 100.5
0.359 0.003 100.53
0.358 0.003 100.56
0.358 0.004 100.59
0.355 0.006 100.63
0.354 0.004 100.66
0.352 0.006 100.69
0.351 0.002 100.73
0.351 0.002 100.76
0.35 0.004 100.79
0.35 0.001 100.83
0.35 0.002 100.86
0.35 0.003 100.89
0.35 0.001 100.93
0.35 0.002 100.96
0.351 0.001 101.0
0.351 0.002 101.03
0.351 0.002 101.07
0.352 0.002 101.1
0.354 0.004 101.13
0.356 0.005 101.16
0.357 0.002 101.19
0.358 0.004 101.23
0.357 0.003 101.26
0.355 0.004 101.29
0.354 0.005 101.33
0.355 0.003 101.36
0.354 0.002 101.39
0.354 0.002 101.43
0.355 0.001 101.46
0.355 0.003 101.5
0.355 0.002 101.53
0.355 0.002 101.56
0.356 0.004 101.59
0.355 0.003 101.63
0.355 0.002 101.66
0.355 0.001 101.69
0.355 0.005 101.73
0.354 0.001 101.76
0 0 101.79
0 0 101.83
0.351 0.01 101.86
0.35 0.006 101.89
0 0 101.92
0.354 0.008 101.96
0.354 0.004 101.99
0.355 0.006 102.02
0.356 0.004 102.06
0 0 102.09
0.362 0.008 102.13
0.365 0.005 102.16
0.366 0.003 102.19
0.367 0.006 102.23
0.368 0.003 102.26
0.369 0.003 102.29
0 0 102.33
0.371 0.007 102.36
0.371 0.003 102.39
0.369 0.005 102.43
0.37 0.002 102.46
0.369 0.001 102.49
0.368 0.001 102.53
0.368 0.002 102.56
0.368 0.003 102.59
0 0 102.62
0.37 0.008 102.66
0.371 0.003 102.69
0.371 0.002 102.72
0.372 0.002 102.76
0.372 0.002 102.79
0.372 0.002 102.83
0.371 0.002 102.86
0 0 102.89
0.374 0.005 102.93
0.375 0.001 102.97
0.375 0.002 103.0
0.376 0.003 103.03
0.376 0.003 103.06
0 0 103.09
0.376 0.002 103.13
0.377 0.001 103.16
0.378 0.001 103.19
0.379 0.002 103.23
0 0 103.26
0.38 0.003 103.3
0.381 0.005 103.33
0.38 0.003 103.36
0.379 0.005 103.39
0 0 103.42
0.379 0.001 103.46
0.378 0.001 103.5
0.377 0.003 103.53
0 0 103.56
0 0 103.59
0.372 0.006 103.63
0 0 103.66
0.369 0.005 103.69
0 0 103.72
0.37 0.003 103.76
0.371 0.001 103.79
0 0 103.83
0 0 103.86
0.372 0.003 103.89
0 0 103.92
0 0 103.96
0.374 0.004 103.99
0.375 0.001 104.03
0.375 0.001 104.06
0.375 0.005 104.09
0.377 0.007 104.12
0.378 0.002 104.16
0.379 0.006 104.19
0 0 104.22
0 0 104.26
0 0 104.29
0 0 104.33
0 0 104.36
0.385 0.009 104.39
0.386 0.003 104.43
0.386 0.003 104.46
0.389 0.003 104.49
0.392 0.004 104.52
0 0 104.56
0.4 0.009 104.59
0.402 0.003 104.62
0.404 0.003 104.66
0.406 0.002 104.69
0.407 0.003 104.72
0.409 0.003 104.76
0.411 0.002 104.79
0.41 0.003 104.83
0.409 0.002 104.86
0.408 0.003 104.89
0.407 0.004 104.92
0 0 104.96
0 0 104.99
0.401 0.014 105.03
0 0 105.06
0 0 105.09
0 0 105.12
0 0 105.16
0 0 105.19
0 0 105.22
0 0 105.26
0 0 105.29
0 0 105.33
0 0 105.36
0 0 105.39
0 0 105.42
0 0 105.46
0 0 105.49
0 0 105.52
0 0 105.56
0 0 105.59
0 0 105.62
0 0 105.66
0 0 105.69
0 0 105.72
0 0 105.76
0 0 105.79
0 0 105.82
0 0 105.86
0 0 105.89
0 0 105.92
0 0 105.96
0 0 105.99
0 0 106.02
0 0 106.06
0 0 106.09
0 0 106.12
0 0 106.16
0 0 106.19
0 0 106.23
0 0 106.26
0 0 106.29
0 0 106.33
0 0 106.36
0 0 106.39
0 0 106.42
0 0 106.46
0 0 106.49
0 0 106.52
0 0 106.56
0 0 106.59
0 0 106.62
0 0 106.66
0 0 106.69
0 0 106.72
0 0 106.76
0 0 106.79
0 0 106.82
0 0 106.86
0 0 106.89
0 0 106.92
0 0 106.96
0 0 106.99
0 0 107.02
0 0 107.06
0 0 107.09
0 0 107.12
0 0 107.16
0 0 107.19
0 0 107.22
0 0 107.26
0 0 107.29
0 0 107.32
0 0 107.36
0 0 107.39
0 0 107.42
0 0 107.46
0 0 107.49
0 0 107.52
0 0 107.56
0 0 107.59
0 0 107.62
0 0 107.66
0 0 107.69
0 0 107.72
0 0 107.76
0 0 107.79
0 0 107.82
0 0 107.86
0 0 107.89
0 0 107.92
0 0 107.96
0 0 107.99
0 0 108.02
0 0 108.06
0 0 108.09
0 0 108.12
0 0 108.16
0 0 108.19
0 0 108.22
0 0 108.26
0 0 108.29
0 0 108.32
0 0 108.36
0 0 108.39
0 0 108.42
0 0 108.46
0 0 108.49
0 0 108.52
0 0 108.56
0 0 108.59
0 0 108.62
0 0 108.66
0 0 108.69
0 0 108.72
0 0 108.76
0 0 108.79
0 0 108.82
0 0 108.86
0 0 108.89
0 0 108.92
0 0 108.96
0 0 108.99
0 0 109.02
0 0 109.06
0 0 109.09
0.427 0.082 109.13
0 0 109.16
0 0 109.19
0 0 109.22
0.418 0.03 109.26
0 0 109.29
0 0 109.32
0.417 0.019 109.36
0.418 0.004 109.39
0 0 109.42
0.415 0.005 109.46
0 0 109.49
0.407 0.008 109.52
0.402 0.006 109.56
0.398 0.004 109.59
0.395 0.004 109.63
0.389 0.004 109.66
0.388 0.003 109.69
0.386 0.003 109.72
0.379 0.005 109.76
0.377 0.003 109.79
0.376 0.002 109.83
0.372 0.001 109.87
0.373 0.003 109.89
0.372 0.004 109.93
0 0 109.96
0.367 0.002 109.99
0.368 0.002 110.02
0.367 0.003 110.06
0.362 0.001 110.09
0.362 0.001 110.13
0.362 0.002 110.16
0.358 0.004 110.19
0.36 0.003 110.22
0.361 0.002 110.26
0.357 0.003 110.3
0.358 0.002 110.33
0.36 0.003 110.36
0.355 0.002 110.39
0.356 0.001 110.42
0.355 0.001 110.46
0.355 0.001 110.49
0.344 0.001 110.53
0.345 0.001 110.56
0.345 0.0 110.59
0.339 0.0 110.62
0.339 0.003 110.66
0.339 0.003 110.69
0.334 0.005 110.72
0.333 0.002 110.76
0.334 0.002 110.8
0.328 0.001 110.83
0.329 0.001 110.86
0.331 0.004 110.89
0.33 0.002 110.93
0.324 0.001 110.96
0 0 110.99
0.323 0.001 111.02
0.317 0.002 111.06
0.317 0.004 111.09
0.319 0.004 111.13
0.314 0.001 111.16
0.315 0.002 111.19
0.317 0.003 111.22
0.317 0.002 111.26
0.311 0.001 111.29
0 0 111.32
0.311 0.004 111.36
0.305 0.004 111.39
0.308 0.006 111.42
0 0 111.45
0.31 0.016 111.49
0.317 0.011 111.53
0.324 0.011 111.56
0.325 0.009 111.59
0.335 0.012 111.62
0.346 0.015 111.66
0.354 0.011 111.69
0.354 0.009 111.72
0.36 0.007 111.76
0 0 111.79
0 0 111.82
0 0 111.85
0 0 111.89
0 0 111.92
0.383 0.057 111.96
0.396 0.015 111.99
0.403 0.017 112.02
0 0 112.05
0.432 0.033 112.09
0 0 112.12
0 0 112.16
0.464 0.047 112.19
0.472 0.011 112.22
0 0 112.25
0.483 0.022 112.29
0.488 0.007 112.32
0 0 112.35
0 0 112.39
0 0 112.42
0 0 112.45
0 0 112.49
0 0 112.52
0 0 112.55
0 0 112.59
0.491 0.027 112.62
0.504 0.018 112.66
0.499 0.001 112.69
0.506 0.009 112.72
0 0 112.75
0 0 112.79
0 0 112.82
0.504 0.01 112.86
0.521 0.022 112.89
0 0 112.92
0 0 112.95
0 0 112.99
0 0 113.02
0 0 113.05
0 0 113.09
0 0 113.12
0 0 113.16
0 0 113.19
0 0 113.22
0 0 113.25
0 0 113.29
0 0 113.32
0 0 113.35
0 0 113.39
0 0 113.42
0 0 113.45
0 0 113.49
0 0 113.52
0 0 113.55
0 0 113.59
0 0 113.62
0 0 113.66
0 0 113.69
0 0 113.72
0 0 113.75
0 0 113.79
0 0 113.82
0 0 113.85
0 0 113.89
0 0 113.92
0 0 113.95
0 0 113.99
0 0 114.02
0 0 114.05
0 0 114.09
0.499 0.032 114.12
0.507 0.013 114.16
0 0 114.19
0.498 0.008 114.22
0.499 0.004 114.26
0.493 0.006 114.29
0.496 0.007 114.33
0.494 0.004 114.36
0.496 0.004 114.39
0.494 0.001 114.42
0.491 0.003 114.46
0.493 0.003 114.49
0 0 114.52
0.486 0.006 114.56
0.487 0.003 114.59
0.477 0.013 114.63
0 0 114.66
0 0 114.69
0 0 114.72
0 0 114.76
0 0 114.79
0 0 114.82
0 0 114.85
0 0 114.89
0.474 0.004 114.92
0 0 114.96
0 0 114.99
0.478 0.006 115.03
0.471 0.008 115.06
0.471 0.001 115.09
0.472 0.002 115.12
0.473 0.002 115.16
0.473 0.001 115.19
0.469 0.006 115.22
0.475 0.008 115.26
0.47 0.006 115.29
0.468 0.003 115.33
0.47 0.003 115.36
0 0 115.39
0.466 0.005 115.42
0.471 0.007 115.46
0.46 0.015 115.49
0.465 0.006 115.53
0.466 0.0 115.56
0.462 0.004 115.59
0.465 0.003 115.62
0.462 0.005 115.66
0.462 0.001 115.69
0.459 0.004 115.72
0.46 0.0 115.76
0.463 0.003 115.79
0.465 0.004 115.83
0.459 0.008 115.86
0.459 0.001 115.89
0.457 0.002 115.92
0.46 0.004 115.96
0.46 0.001 115.99
0.456 0.006 116.03
0.457 0.002 116.06
0.458 0.001 116.09
0.458 0.001 116.12
0.461 0.005 116.16
0.457 0.005 116.19
0.458 0.001 116.22
0.459 0.002 116.25
0.459 0.0 116.29
0.459 0.003 116.32
0.458 0.002 116.36
0.461 0.005 116.39
0.461 0.003 116.43
0.462 0.002 116.46
0.461 0.003 116.49
0.463 0.001 116.53
0.464 0.001 116.55
0.463 0.002 116.59
0.463 0.001 116.62
0.466 0.004 116.66
0.463 0.003 116.69
0.461 0.002 116.72
0 0 116.75
0.466 0.002 116.79
0.467 0.003 116.82
0.467 0.003 116.86
0.466 0.001 116.89
0.462 0.005 116.92
0.463 0.002 116.96
0.461 0.005 117.0
0.458 0.004 117.02
0.46 0.002 117.06
0.46 0.003 117.09
0.457 0.005 117.12
0.459 0.003 117.16
0.458 0.005 117.19
0.453 0.006 117.23
0.45 0.004 117.26
0.449 0.005 117.29
0.446 0.004 117.32
0.443 0.004 117.35
0.439 0.006 117.39
0.439 0.004 117.42
0.436 0.003 117.45
0.429 0.01 117.49
0.434 0.002 117.52
0.429 0.008 117.55
0.428 0.002 117.59
0.428 0.006 117.62
0 0 117.66
0.424 0.008 117.69
0.421 0.005 117.72
0.422 0.004 117.76
0.419 0.006 117.79
0.416 0.005 117.82
0.42 0.001 117.86
0.418 0.004 117.89
0.416 0.002 117.92
0 0 117.96
0.417 0.006 117.99
0.415 0.002 118.02
0.419 0.001 118.05
0.419 0.001 118.09
0.419 0.001 118.12
0.416 0.004 118.16
0.419 0.001 118.19
0.418 0.001 118.22
0.418 0.002 118.25
0.421 0.002 118.29
0 0 118.32
0.419 0.002 118.35
0.423 0.001 118.39
0.421 0.003 118.43
0.421 0.001 118.46
0.426 0.004 118.5
0 0 118.52
0.426 0.002 118.56
0.426 0.002 118.59
0.427 0.004 118.62
0.428 0.001 118.66
0.426 0.003 118.69
0.429 0.001 118.72
0.425 0.004 118.75
0 0 118.79
0 0 118.82
0 0 118.85
0 0 118.89
0 0 118.92
0 0 118.95
0 0 118.99
0.394 0.059 119.02
0 0 119.05
0.378 0.025 119.09
0 0 119.12
0 0 119.15
0 0 119.19
0.353 0.042 119.23
0 0 119.27
0.342 0.018 119.3
0.336 0.012 119.33
0 0 119.36
0.334 0.013 119.39
0.334 0.005 119.42
0.331 0.007 119.45
0.334 0.004 119.49
0.331 0.006 119.52
0.329 0.003 119.56
0.327 0.004 119.59
0.323 0.005 119.62
0.32 0.005 119.66
0.322 0.005 119.69
0 0 119.72
0.317 0.007 119.75
0 0 119.79
0.31 0.009 119.83
0.308 0.002 119.86
0.306 0.004 119.89
0 0 119.92
0 0 119.95
0.306 0.004 119.99
0.308 0.001 120.02
0.308 0.003 120.06
0.309 0.001 120.09
0 0 120.12
0.31 0.008 120.16
0.31 0.008 120.19
0.31 0.011 120.22
0 0 120.25
0 0 120.29
0 0 120.32
0 0 120.36
0 0 120.39
0 0 120.42
0 0 120.45
0 0 120.49
0 0 120.52
0 0 120.55
0 0 120.59
0 0 120.62
0 0 120.65
0 0 120.69
0 0 120.72
0 0 120.75
0 0 120.79
0 0 120.82
0 0 120.85
0 0 120.89
0 0 120.92
0 0 120.95
0 0 120.99
0 0 121.02
0 0 121.05
0 0 121.09
0 0 121.12
0 0 121.16
0 0 121.19
0 0 121.22
0 0 121.25
0 0 121.29
0 0 121.32
0 0 121.35
0 0 121.39
0 0 121.42
0 0 121.45
0 0 121.49
0 0 121.52
0 0 121.55
0 0 121.59
0 0 121.62
0 0 121.65
0 0 121.69
0 0 121.72
0 0 121.75
0 0 121.79
0 0 121.82
0 0 121.85
0 0 121.89
0 0 121.92
0 0 121.95
0 0 121.99
0 0 122.02
0 0 122.05
0 0 122.09
0 0 122.12
0 0 122.15
0 0 122.19
0 0 122.22
0 0 122.25
0 0 122.29
0 0 122.32
0 0 122.35
0 0 122.39
0 0 122.42
0 0 122.45
0 0 122.49
0 0 122.52
0 0 122.55
0 0 122.59
0 0 122.62
0 0 122.65
0 0 122.69
0 0 122.72
0 0 122.75
0 0 122.79
0 0 122.82
0 0 122.85
0 0 122.89
0 0 122.92
0 0 122.95
0 0 122.99
0 0 123.02
0 0 123.05
0 0 123.09
0 0 123.12
0 0 123.15
0 0 123.19
0 0 123.22
0 0 123.25
0 0 123.29
0 0 123.32
0 0 123.35
0 0 123.39
0 0 123.42
0 0 123.45
0 0 123.49
0 0 123.52
0 0 123.55
0 0 123.59
0 0 123.62
0 0 123.65
0 0 123.69
0 0 123.72
0 0 123.75
0 0 123.79
0 0 123.82
0 0 123.85
0 0 123.89
0 0 123.92
0 0 123.95
0 0 123.99
0 0 124.02
0 0 124.05
0 0 124.09
0 0 124.12
0 0 124.15
0 0 124.19
0 0 124.22
0 0 124.25
0 0 124.29
0 0 124.32
0 0 124.35
0 0 124.39
0 0 124.42
0 0 124.45
0 0 124.49
0 0 124.52
0 0 124.55
0 0 124.59
0 0 124.62
0 0 124.66
0 0 124.69
0 0 124.72
0 0 124.75
0 0 124.79
0 0 124.82
0 0 124.85
0 0 124.89
0 0 124.92
0 0 124.95
0 0 124.99
0 0 125.02
0 0 125.05
0 0 125.08
0 0 125.12
0 0 125.15
0 0 125.19
0 0 125.22
0.473 0.06 125.26
0 0 125.29
0.473 0.005 125.32
0 0 125.35
0.471 0.004 125.39
0.471 0.002 125.42
0 0 125.45
0.466 0.009 125.49
0.465 0.004 125.52
0.461 0.005 125.55
0 0 125.59
0.458 0.006 125.62
0 0 125.65
0.452 0.007 125.69
0 0 125.72
0.443 0.011 125.75
0 0 125.79
0.436 0.008 125.82
0.436 0.003 125.85
0.433 0.005 125.89
0.432 0.002 125.92
0.435 0.004 125.96
0.434 0.001 125.99
0.433 0.001 126.02
0 0 126.05
0.431 0.003 126.09
0.43 0.002 126.12
0.428 0.003 126.16
0.428 0.002 126.19
0.428 0.003 126.22
0.432 0.004 126.25
0.436 0.005 126.29
0.441 0.007 126.32
0.447 0.009 126.36
0 0 126.39
0 0 126.42
0.474 0.035 126.45
0.484 0.013 126.49
0 0 126.52
0 0 126.55
0 0 126.59
0 0 126.62
0 0 126.65
0 0 126.69
0 0 126.72
0 0 126.75
0 0 126.79
0 0 126.82
0 0 126.85
0 0 126.89
0 0 126.92
0 0 126.95
0 0 126.99
0 0 127.02
0 0 127.05
0 0 127.09
0 0 127.12
0 0 127.15
0 0 127.18
0 0 127.22
0 0 127.25
0 0 127.29
0 0 127.32
0 0 127.35
0 0 127.39
0 0 127.42
0 0 127.45
0 0 127.49
0 0 127.52
0 0 127.55
0 0 127.59
0 0 127.62
0 0 127.66
0 0 127.68
0 0 127.72
0 0 127.75
0 0 127.79
0 0 127.82
0 0 127.85
0 0 127.89
0 0 127.92
0 0 127.95
0 0 127.99
0 0 128.02
0 0 128.05
0 0 128.09
0 0 128.12
0 0 128.15
0 0 128.19
0 0 128.22
0 0 128.25
0 0 128.29
0 0 128.32
0 0 128.35
0 0 128.39
0 0 128.42
0 0 128.45
0 0 128.49
0 0 128.52
0 0 128.55
0 0 128.58
0 0 128.62
0 0 128.65
0 0 128.69
0 0 128.72
0 0 128.75
0 0 128.79
0 0 128.82
0 0 128.85
0 0 128.89
0 0 128.92
0 0 128.95
0 0 128.99
0 0 129.02
0 0 129.06
0 0 129.09
0 0 129.12
0 0 129.15
0 0 129.18
0 0 129.22
0 0 129.25
0 0 129.29
0 0 129.32
0 0 129.35
0 0 129.39
0 0 129.42
0 0 129.45
0 0 129.49
0 0 129.52
0 0 129.55
0 0 129.59
0 0 129.62
0 0 129.65
0 0 129.69
0 0 129.72
0 0 129.75
0 0 129.79
0 0 129.82
0.395 0.076 129.85
0.389 0.011 129.89
0.385 0.009 129.92
0.384 0.007 129.95
0.382 0.004 129.99
0.38 0.003 130.02
0.379 0.001 130.05
0.378 0.001 130.09
0.379 0.003 130.12
0.378 0.003 130.16
0.378 0.003 130.19
0.375 0.005 130.22
0.375 0.002 130.25
0.374 0.003 130.29
0.375 0.003 130.32
0.373 0.003 130.35
0.373 0.004 130.39
0.374 0.006 130.42
0 0 130.46
0.378 0.005 130.49
0.379 0.002 130.52
0.382 0.003 130.55
0.384 0.003 130.59
0.384 0.003 130.63
0.386 0.004 130.66
0.385 0.005 130.69
0.385 0.003 130.72
0.384 0.003 130.75
0.382 0.004 130.79
0.383 0.002 130.82
0.382 0.001 130.86
0.382 0.002 130.89
0 0 130.92
0.382 0.003 130.95
0.383 0.002 130.99
0.383 0.001 131.02
0.384 0.001 131.06
0.385 0.001 131.09
0.387 0.003 131.12
0.39 0.003 131.15
0.391 0.002 131.19
0.392 0.002 131.22
0.394 0.003 131.25
0.393 0.004 131.29
0.394 0.003 131.32
0.392 0.003 131.35
0.389 0.004 131.39
0.387 0.003 131.42
0.387 0.003 131.45
0.384 0.003 131.49
0.381 0.004 131.52
0.383 0.005 131.55
0.385 0.003 131.59
0.387 0.003 131.62
0.389 0.002 131.66
0.391 0.002 131.69
0.393 0.002 131.72
0.394 0.003 131.75
0.396 0.005 131.79
0 0 131.82
0.394 0.01 131.86
0.392 0.002 131.89
0.391 0.003 131.92
0.39 0.003 131.95
0.391 0.003 131.99
0.389 0.002 132.02
0.391 0.002 132.05
0.39 0.004 132.09
0.393 0.005 132.12
0.396 0.004 132.15
0.399 0.004 132.18
0.401 0.005 132.22
0.401 0.005 132.25
0.4 0.004 132.29
0.399 0.004 132.32
0 0 132.35
0.394 0.006 132.39
0.394 0.003 132.42
0.393 0.002 132.45
0.392 0.004 132.49
0.389 0.004 132.52
0.389 0.003 132.56
0.389 0.001 132.59
0.387 0.001 132.62
0.388 0.001 132.66
0.389 0.003 132.69
0.389 0.002 132.72
0.389 0.001 132.75
0 0 132.79
0.391 0.005 132.82
0 0 132.85
0.391 0.003 132.89
0.391 0.0 132.92
0.391 0.005 132.95
0.39 0.002 132.99
0.389 0.002 133.03
0.386 0.002 133.06
0.387 0.004 133.09
0.387 0.003 133.12
0.384 0.004 133.15
0.382 0.002 133.19
0.38 0.004 133.22
0.379 0.004 133.26
0.38 0.001 133.29
0.38 0.001 133.32
0.38 0.001 133.35
0.378 0.001 133.39
0.38 0.002 133.42
0 0 133.45
0.379 0.004 133.49
0.379 0.001 133.52
0.377 0.004 133.55
0.373 0.0 133.59
0.373 0.0 133.62
0.371 0.003 133.65
0.373 0.002 133.69
0.37 0.002 133.72
0.372 0.002 133.75
0.373 0.002 133.79
0.37 0.002 133.82
0.369 0.001 133.85
0.37 0.003 133.89
0.364 0.002 133.92
0.364 0.001 133.96
0 0 133.99
0.358 0.003 134.02
0.356 0.003 134.05
0.354 0.003 134.09
0.352 0.003 134.12
0.346 0.002 134.15
0.347 0.001 134.19
0.347 0.001 134.22
0.34 0.001 134.26
0.338 0.003 134.29
0.34 0.004 134.32
0.331 0.004 134.35
0.332 0.002 134.39
0.333 0.002 134.42
0.328 0.001 134.45
0.327 0.001 134.49
0.328 0.001 134.52
0.328 0.002 134.55
0.322 0.003 134.58
0.322 0.006 134.62
0.323 0.008 134.65
0.32 0.01 134.69
0.326 0.011 134.72
0.334 0.012 134.76
0.336 0.012 134.79
0.345 0.012 134.82
0 0 134.85
0 0 134.88
0 0 134.92
0 0 134.95
0 0 134.99
0 0 135.02
0 0 135.05
0 0 135.08
0 0 135.12
0 0 135.15
0 0 135.18
0 0 135.22
0 0 135.25
0 0 135.28
0 0 135.32
0 0 135.35
0 0 135.38
0 0 135.42
0 0 135.45
0 0 135.48
0 0 135.52
0 0 135.55
0 0 135.59
0 0 135.62
0 0 135.65
0 0 135.68
0 0 135.72
0 0 135.75
0 0 135.78
0 0 135.82
0 0 135.85
0 0 135.88
0 0 135.92
0 0 135.95
0 0 135.99
0 0 136.02
0 0 136.05
0 0 136.08
0 0 136.11
0 0 136.15
0 0 136.18
0 0 136.22
0 0 136.25
0 0 136.28
0 0 136.32
0 0 136.35
0 0 136.38
0 0 136.42
0 0 136.45
0 0 136.48
0 0 136.52
0 0 136.55
0 0 136.58
0 0 136.61
0 0 136.65
0 0 136.68
0 0 136.72
0 0 136.75
0 0 136.78
0 0 136.82
0 0 136.85
0 0 136.88
0 0 136.92
0 0 136.95
0 0 136.98
0 0 137.02
0 0 137.05
0 0 137.08
0 0 137.12
0 0 137.15
0 0 137.18
0 0 137.22
0 0 137.25
0 0 137.28
0 0 137.32
0 0 137.35
0 0 137.38
0 0 137.42
0 0 137.45
0 0 137.49
0 0 137.52
0 0 137.55
0 0 137.58
0 0 137.62
0 0 137.65
0 0 137.68
0 0 137.72
0 0 137.75
0 0 137.78
0 0 137.82
0 0 137.85
0 0 137.88
0 0 137.92
0 0 137.95
0 0 137.98
0 0 138.02
0 0 138.05
0 0 138.08
0 0 138.12
0 0 138.15
0 0 138.18
0 0 138.22
0 0 138.25
0 0 138.28
0 0 138.32
0 0 138.35
0 0 138.38
0 0 138.41
0 0 138.45
0 0 138.48
0 0 138.51
0 0 138.55
0 0 138.58
0 0 138.61
0 0 138.65
0 0 138.68
0 0 138.71
0 0 138.75
0 0 138.78
0 0 138.82
0 0 138.85
0 0 138.88
0 0 138.92
0 0 138.95
0 0 138.98
0 0 139.02
0 0 139.05
0 0 139.08
0 0 139.12
0 0 139.15
0 0 139.18
0 0 139.22
0 0 139.25
0 0 139.28
0 0 139.32
0 0 139.35
0 0 139.38
0 0 139.41
0 0 139.45
0 0 139.48
0 0 139.51
0 0 139.55
0 0 139.58
0 0 139.61
0 0 139.65
0 0 139.68
0 0 139.72
0 0 139.75
0 0 139.78
0 0 139.82
0 0 139.85
0 0 139.88
0 0 139.92
0 0 139.95
0 0 139.98
0 0 140.01
0 0 140.05
0 0 140.08
0 0 140.12
0 0 140.15
0 0 140.18
0 0 140.21
0 0 140.25
0 0 140.28
0 0 140.32
0 0 140.35
0 0 140.38
0 0 140.42
0 0 140.45
0 0 140.48
0 0 140.51
0 0 140.55
0 0 140.58
0.425 0.082 140.62
0.423 0.005 140.65
0 0 140.68
0 0 140.72
0 0 140.75
0 0 140.78
0 0 140.82
0 0 140.85
0.41 0.029 140.88
0 0 140.92
0 0 140.95
0 0 140.98
0 0 141.02
0 0 141.05
0 0 141.08
0 0 141.12
0.41 0.036 141.15
0.404 0.01 141.19
0.397 0.009 141.22
0.399 0.01 141.25
0.393 0.008 141.28
0.39 0.007 141.32
0.392 0.005 141.35
0.391 0.004 141.39
0.39 0.005 141.42
0.391 0.003 141.45
0.401 0.004 141.49
0.404 0.003 141.52
0.406 0.003 141.55
0.413 0.002 141.58
0.415 0.002 141.62
0.417 0.003 141.65
0.425 0.003 141.68
0.428 0.003 141.72
0.431 0.004 141.75
0.435 0.005 141.78
0.444 0.005 141.82
0.449 0.005 141.85
0.454 0.005 141.89
0.462 0.006 141.92
0.465 0.006 141.95
0.468 0.007 141.99
0.473 0.007 142.02
0.473 0.007 142.05
0.471 0.008 142.09
0.473 0.005 142.12
0.471 0.008 142.15
0.468 0.006 142.19
0.464 0.008 142.22
0.466 0.006 142.25
0.463 0.007 142.28
0.459 0.007 142.32
0.459 0.005 142.35
0 0 142.38
0.444 0.018 142.42
0.442 0.009 142.45
0.437 0.008 142.49
0.433 0.007 142.52
0.434 0.006 142.55
0.431 0.004 142.58
0.427 0.004 142.62
0.423 0.004 142.66
0.423 0.003 142.69
0.42 0.003 142.72
0.419 0.003 142.75
0.422 0.003 142.78
0.42 0.003 142.82
0.418 0.002 142.85
0.42 0.002 142.89
0.42 0.002 142.92
0.419 0.002 142.95
0.419 0.002 142.99
0.42 0.002 143.02
0.419 0.002 143.05
0.418 0.001 143.08
0.419 0.002 143.12
0.418 0.002 143.15
0.416 0.002 143.18
0.417 0.001 143.22
0.418 0.002 143.26
0.419 0.002 143.28
0.422 0.002 143.32
0.422 0.002 143.35
0.423 0.002 143.38
0.423 0.001 143.42
0.425 0.001 143.45
0.426 0.001 143.48
0.426 0.003 143.52
0.429 0.002 143.55
0.429 0.002 143.59
0.429 0.001 143.62
0.431 0.003 143.65
0.429 0.003 143.68
0.427 0.003 143.72
0.426 0.003 143.75
0.425 0.004 143.78
0.424 0.004 143.82
0.423 0.002 143.85
0.424 0.003 143.89
0.425 0.002 143.92
0.425 0.001 143.95
0.423 0.002 143.99
0.423 0.001 144.02
0.424 0.002 144.06
0.423 0.001 144.09
0.421 0.003 144.12
0.42 0.002 144.16
0.418 0.003 144.19
0.418 0.003 144.22
0.417 0.005 144.25
0.418 0.001 144.28
0.419 0.001 144.32
0.42 0.001 144.35
0.42 0.001 144.39
0.418 0.001 144.42
0.419 0.002 144.46
0.419 0.001 144.49
0.419 0.001 144.52
0.419 0.003 144.55
0.42 0.001 144.59
0.421 0.002 144.62
0.42 0.002 144.65
0.419 0.001 144.68
0.419 0.001 144.72
0.417 0.002 144.75
0.417 0.001 144.79
0.417 0.002 144.82
0.418 0.001 144.86
0.419 0.001 144.89
0.418 0.001 144.92
0.419 0.001 144.95
0.42 0.002 144.99
0.421 0.001 145.02
0.421 0.003 145.05
0.421 0.0 145.08
0.421 0.001 145.12
0.42 0.002 145.15
0.419 0.004 145.18
0.421 0.002 145.22
0.421 0.001 145.25
0.42 0.002 145.28
0.419 0.003 145.32
0.418 0.003 145.35
0.418 0.002 145.39
0.417 0.004 145.42
0.417 0.001 145.45
0.418 0.002 145.49
0.419 0.003 145.52
0 0 145.55
0.424 0.011 145.58
0.429 0.009 145.62
0.437 0.012 145.65
0.449 0.015 145.68
0.464 0.017 145.72
0 0 145.75
0 0 145.78
0 0 145.82
0 0 145.85
0 0 145.88
0 0 145.91
0 0 145.95
0 0 145.98
0 0 146.02
0 0 146.05
0 0 146.08
0 0 146.12
0 0 146.15
0 0 146.18
0 0 146.22
0 0 146.25
0 0 146.28
0 0 146.32
0 0 146.35
0 0 146.38
0 0 146.41
0 0 146.45
0 0 146.48
0 0 146.51
0 0 146.55
0 0 146.58
0 0 146.61
0 0 146.65
0 0 146.68
0 0 146.71
0 0 146.75
0 0 146.78
0 0 146.82
0 0 146.85
0 0 146.88
0 0 146.92
0 0 146.95
0 0 146.98
0 0 147.01
0 0 147.05
0 0 147.08
0 0 147.11
0 0 147.15
0 0 147.18
0 0 147.22
0 0 147.25
0 0 147.28
0 0 147.32
0 0 147.35
0 0 147.38
0 0 147.41
0 0 147.45
0 0 147.48
0 0 147.52
0 0 147.55
0 0 147.58
0 0 147.62
0 0 147.65
0 0 147.68
0 0 147.71
0 0 147.75
0 0 147.78
0 0 147.82
0 0 147.85
0.722 0.266 147.88
0 0 147.91
0 0 147.95
0 0 147.98
0 0 148.01
0 0 148.05
0 0 148.08
0 0 148.12
0 0 148.15
0 0 148.18
0 0 148.21
0 0 148.25
0 0 148.28
0.506 0.216 148.32
0 0 148.35
0.479 0.033 148.39
0 0 148.42
0.461 0.028 148.45
0.455 0.013 148.48
0.451 0.01 148.52
0.447 0.008 148.55
0.446 0.007 148.58
0.444 0.005 148.62
0.444 0.003 148.65
0.445 0.002 148.68
0.445 0.002 148.72
0.445 0.002 148.75
0.446 0.001 148.78
0.445 0.003 148.82
0.447 0.002 148.85
0.448 0.003 148.89
0.45 0.002 148.92
0.452 0.003 148.95
0.453 0.002 148.98
0.455 0.002 149.02
0.456 0.002 149.05
0.456 0.003 149.08
0.457 0.002 149.12
0.457 0.003 149.15
0.457 0.003 149.18
0.459 0.002 149.22
0.459 0.001 149.25
0.46 0.001 149.28
0.459 0.002 149.32
0.459 0.002 149.35
0.458 0.002 149.38
0.459 0.001 149.42
0.459 0.001 149.45
0.459 0.003 149.48
0.458 0.004 149.52
0.456 0.01 149.55
0.458 0.009 149.59
0.459 0.012 149.62
0.46 0.014 149.65
0.463 0.011 149.68
0.466 0.012 149.72
0.468 0.007 149.75
0.469 0.006 149.79
0.47 0.004 149.82
0.47 0.001 149.85
0.469 0.005 149.88
0.468 0.003 149.92
0.468 0.003 149.95
0.467 0.002 149.98
0.465 0.002 150.02
0.466 0.004 150.05
0 0 150.08
0.465 0.001 150.12
0.465 0.001 150.15
0.464 0.001 150.18
0 0 150.21
0 0 150.25
0.457 0.008 150.28
0.452 0.006 150.32
0.444 0.008 150.35
0.436 0.008 150.38
0.426 0.01 150.42
0.416 0.011 150.45
0.405 0.011 150.48
0.397 0.009 150.52
0 0 150.55
0.389 0.012 150.58
0 0 150.62
0 0 150.65
0 0 150.68
0.393 0.01 150.72
0.396 0.003 150.75
0 0 150.78
0.401 0.008 150.82
0.405 0.005 150.85
0 0 150.88
0.408 0.009 150.92
0.41 0.007 150.95
0.414 0.006 150.98
0.417 0.006 151.02
0.42 0.006 151.05
0.425 0.006 151.08
0.43 0.006 151.12
0.433 0.005 151.15
0.439 0.007 151.18
0.444 0.006 151.22
0.451 0.008 151.25
0.458 0.007 151.28
0.465 0.008 151.32
0 0 151.35
0 0 151.38
0 0 151.41
0 0 151.45
0 0 151.48
0 0 151.52
0 0 151.55
0 0 151.58
0 0 151.61
0 0 151.65
0 0 151.68
0 0 151.71
0 0 151.75
0 0 151.78
0.583 0.155 151.82
0 0 151.85
0 0 151.88
0 0 151.91
0.597 0.02 151.95
0.603 0.008 151.98
0.603 0.003 152.01
0 0 152.05
0.607 0.006 152.08
0 0 152.11
0.603 0.01 152.15
0 0 152.18
0 0 152.21
0 0 152.25
0 0 152.28
0 0 152.32
0 0 152.35
0 0 152.38
0 0 152.42
0 0 152.45
0 0 152.48
0 0 152.51
0.622 0.024 152.55
0.639 0.025 152.58
0 0 152.62
0 0 152.65
0 0 152.68
0 0 152.71
0 0 152.75
0 0 152.78
0 0 152.82
0 0 152.85
0 0 152.88
0 0 152.91
0 0 152.95
0 0 152.98
0 0 153.01
0 0 153.05
0 0 153.08
0 0 153.11
0 0 153.15
0 0 153.18
0 0 153.21
0 0 153.25
0 0 153.28
0 0 153.31
0 0 153.35
0 0 153.38
0 0 153.41
0 0 153.45
0 0 153.48
0 0 153.51
0 0 153.55
0 0 153.58
0.635 0.034 153.61
0 0 153.65
0 0 153.68
0 0 153.71
0 0 153.75
0.635 0.014 153.78
0 0 153.82
0 0 153.85
0 0 153.88
0 0 153.91
0 0 153.95
0 0 153.98
0 0 154.01
0.606 0.02 154.05
0.605 0.008 154.08
0.607 0.006 154.11
0.604 0.003 154.15
0.598 0.007 154.18
0.59 0.003 154.22
0.594 0.008 154.25
0.591 0.003 154.28
0.58 0.005 154.32
0.574 0.006 154.35
0.575 0.003 154.38
0.57 0.004 154.41
0.568 0.003 154.45
0.57 0.004 154.48
0.561 0.002 154.51
0 0 154.55
0.561 0.001 154.58
0.558 0.004 154.61
0.559 0.01 154.65
0.555 0.005 154.68
0.555 0.0 154.71
0.544 0.005 154.75
0.548 0.007 154.78
0.548 0.001 154.82
0.538 0.005 154.85
0 0 154.88
0.534 0.004 154.91
0.523 0.004 154.95
0.522 0.004 154.98
0.515 0.007 155.01
0.512 0.006 155.05
0.497 0.009 155.08
0.489 0.009 155.11
0.483 0.008 155.15
0.466 0.01 155.18
0 0 155.21
0.45 0.017 155.25
0.437 0.007 155.28
0.432 0.006 155.32
0 0 155.35
0.418 0.01 155.38
0.416 0.004 155.42
0.412 0.004 155.45
0.41 0.003 155.48
0.403 0.003 155.52
0 0 155.55
0 0 155.58
0.386 0.004 155.62
0 0 155.65
0.39 0.005 155.68
0.382 0.004 155.71
0.385 0.003 155.75
0.387 0.003 155.78
0.387 0.004 155.82
0.385 0.005 155.85
0.387 0.004 155.88
0.389 0.003 155.91
0.386 0.003 155.95
0.389 0.004 155.98
0.391 0.003 156.02
0.389 0.005 156.05
0.39 0.003 156.08
0.391 0.002 156.11
0.388 0.003 156.15
0.389 0.001 156.18
0.391 0.003 156.21
0.39 0.002 156.25
0.387 0.007 156.28
0.386 0.003 156.32
0 0 156.35
0.384 0.008 156.38
0.387 0.006 156.42
0 0 156.45
0.386 0.011 156.48
0.388 0.005 156.52
0.391 0.006 156.55
0.388 0.005 156.58
0.389 0.005 156.61
0.388 0.006 156.65
0.389 0.008 156.68
0.386 0.009 156.71
0.388 0.011 156.75
0.388 0.012 156.78
0 0 156.81
0.385 0.023 156.85
0 0 156.88
0.378 0.027 156.91
0 0 156.95
0 0 156.98
0 0 157.02
0 0 157.05
0 0 157.08
0 0 157.11
0 0 157.15
0 0 157.18
0 0 157.21
0 0 157.25
0 0 157.28
0 0 157.32
0 0 157.34
0 0 157.38
0 0 157.41
0 0 157.45
0 0 157.48
0 0 157.51
0 0 157.55
0 0 157.58
0 0 157.61
0 0 157.65
0 0 157.68
0 0 157.71
0 0 157.75
0 0 157.78
0 0 157.81
0 0 157.85
0 0 157.88
0 0 157.91
0 0 157.95
0 0 157.98
0 0 158.01
0 0 158.05
0 0 158.08
0 0 158.11
0 0 158.15
0 0 158.18
0 0 158.21
0 0 158.25
0 0 158.28
0 0 158.31
0 0 158.35
0 0 158.38
0 0 158.41
0 0 158.45
0 0 158.48
0 0 158.51
0 0 158.55
0 0 158.58
0 0 158.61
0 0 158.65
0 0 158.68
0 0 158.72
0 0 158.75
0 0 158.78
0 0 158.81
0 0 158.85
0 0 158.88
0 0 158.91
0 0 158.95
0 0 158.98
0 0 159.01
0 0 159.05
0 0 159.08
0 0 159.11
0 0 159.15
0 0 159.18
0 0 159.21
0 0 159.25
0 0 159.28
0 0 159.31
0 0 159.35
0 0 159.38
0 0 159.41
0 0 159.45
0 0 159.48
0 0 159.51
0 0 159.55
0 0 159.58
0 0 159.61
0 0 159.65
0 0 159.68
0 0 159.71
0 0 159.75
0 0 159.78
0 0 159.81
0 0 159.84
0 0 159.88
0 0 159.91
0 0 159.94
0 0 159.98
0 0 160.01
0 0 160.04
0 0 160.08
0.289 0.261 160.11
0 0 160.15
0 0 160.18
0.273 0.022 160.21
0 0 160.24
0 0 160.28
0.289 0.028 160.32
0.298 0.014 160.35
0.306 0.011 160.38
0.315 0.017 160.41
0 0 160.44
0.328 0.022 160.48
0.334 0.011 160.51
0.339 0.009 160.55
0.342 0.003 160.58
0.344 0.005 160.62
0.347 0.007 160.65
0.349 0.003 160.68
0.35 0.004 160.71
0 0 160.75
0.356 0.013 160.78
0.354 0.003 160.82
0.357 0.006 160.85
0.361 0.003 160.88
0 0 160.91
0 0 160.94
0.366 0.009 160.98
0 0 161.01
0 0 161.05
0.373 0.006 161.08
0.379 0.005 161.11
0.38 0.003 161.15
0 0 161.18
0.381 0.002 161.21
0.381 0.001 161.25
0 0 161.28
0.379 0.002 161.32
0.39 0.004 161.35
0.389 0.001 161.38
0.387 0.005 161.41
0.389 0.002 161.45
0.391 0.002 161.48
0.387 0.007 161.52
0.389 0.003 161.55
0 0 161.58
0.381 0.011 161.61
0.381 0.007 161.65
0.372 0.014 161.68
0.363 0.012 161.71
0.353 0.011 161.75
0.347 0.013 161.78
0 0 161.81
0.323 0.027 161.85
0.312 0.016 161.88
0.297 0.017 161.91
0.284 0.016 161.95
0.276 0.013 161.98
0.266 0.011 162.01
0.258 0.009 162.05
0.257 0.005 162.08
0.256 0.002 162.11
0 0 162.15
0.256 0.003 162.18
0 0 162.21
0.266 0.006 162.25
0.268 0.004 162.28
0.273 0.003 162.32
0.274 0.004 162.35
0.275 0.002 162.38
0.279 0.005 162.42
0 0 162.45
0.286 0.011 162.48
0.294 0.005 162.51
0.299 0.006 162.55
0.3 0.005 162.58
0.3 0.007 162.61
0.305 0.007 162.65
0.302 0.004 162.68
0.303 0.003 162.72
0.308 0.002 162.75
0.308 0.001 162.78
0.306 0.002 162.81
0.307 0.003 162.85
0.307 0.0 162.88
0.307 0.002 162.92
0.31 0.003 162.95
0 0 162.98
0.312 0.003 163.01
0.312 0.003 163.05
0.313 0.005 163.08
0 0 163.11
0.311 0.007 163.15
0 0 163.18
0.311 0.008 163.22
0.305 0.007 163.25
0 0 163.28
0 0 163.32
0.287 0.028 163.35
0.284 0.006 163.38
0.277 0.011 163.42
0.271 0.008 163.45
0.265 0.009 163.48
0.261 0.009 163.51
0.257 0.006 163.55
0.254 0.006 163.58
0.252 0.005 163.62
0.249 0.005 163.65
0.247 0.003 163.68
0.248 0.004 163.71
0.25 0.004 163.75
0 0 163.78
0.253 0.004 163.81
0.254 0.001 163.85
0.254 0.002 163.88
0.254 0.002 163.91
0.256 0.002 163.95
0.257 0.002 163.98
0.257 0.001 164.01
0.258 0.001 164.05
0.26 0.005 164.08
0.26 0.003 164.11
0.259 0.002 164.15
0.259 0.004 164.18
0.259 0.002 164.21
0.26 0.002 164.25
0 0 164.28
0.263 0.005 164.31
0.264 0.003 164.35
0.263 0.002 164.38
0.263 0.002 164.41
0.262 0.001 164.45
0.261 0.001 164.48
0.261 0.001 164.52
0.262 0.003 164.55
0.261 0.002 164.58
0.26 0.003 164.61
0.261 0.002 164.65
0.262 0.003 164.68
0.263 0.001 164.71
0.263 0.002 164.75
0.262 0.001 164.78
0.262 0.002 164.81
0.262 0.001 164.84
0.264 0.002 164.88
0.265 0.004 164.91
0.266 0.002 164.95
0.267 0.002 164.98
0.269 0.001 165.01
0.27 0.004 165.05
0.274 0.004 165.08
0.278 0.004 165.11
0.281 0.003 165.15
0.283 0.002 165.18
0.283 0.004 165.21
0.283 0.003 165.25
0.283 0.003 165.28
0.28 0.006 165.31
0.277 0.005 165.35
0.276 0.005 165.38
0.277 0.001 165.41
0.278 0.002 165.45
0.28 0.002 165.48
0.283 0.006 165.51
0.284 0.002 165.55
0.287 0.003 165.58
0.289 0.001 165.61
0.289 0.001 165.65
0.29 0.002 165.69
0.294 0.003 165.72
0.295 0.001 165.75
0.296 0.002 165.78
0.295 0.003 165.81
0.299 0.001 165.85
0.3 0.001 165.88
0.302 0.002 165.91
0.307 0.003 165.95
0.308 0.001 165.98
0.308 0.001 166.01
0.311 0.002 166.04
0.312 0.001 166.08
0.312 0.001 166.11
0.312 0.001 166.15
0.315 0.003 166.18
0.318 0.004 166.21
0.321 0.004 166.25
0.326 0.005 166.28
0.328 0.001 166.31
0.327 0.001 166.35
0.329 0.002 166.38
0.327 0.003 166.41
0.324 0.003 166.44
0.325 0.002 166.48
0.324 0.002 166.51
0.324 0.001 166.55
0.324 0.001 166.58
0.328 0.002 166.61
0.329 0.001 166.65
0.33 0.001 166.68
0.335 0.002 166.71
0.335 0.004 166.74
0.334 0.002 166.78
0.335 0.003 166.81
0.332 0.004 166.84
0.328 0.004 166.88
0.329 0.004 166.91
0.325 0.005 166.95
0.323 0.002 166.98
0.322 0.001 167.01
0.325 0.004 167.04
0.325 0.004 167.08
0.325 0.006 167.11
0.335 0.008 167.15
0.34 0.01 167.18
0.347 0.012 167.21
0.361 0.013 167.24
0.371 0.014 167.28
0 0 167.31
0 0 167.34
0.419 0.051 167.38
0 0 167.41
0 0 167.44
0 0 167.48
0 0 167.51
0 0 167.55
0 0 167.58
0 0 167.61
0 0 167.65
0 0 167.68
0 0 167.71
0 0 167.75
0 0 167.78
0 0 167.81
0 0 167.84
0 0 167.88
0 0 167.91
0 0 167.94
0 0 167.98
0 0 168.01
0 0 168.04
0 0 168.08
0 0 168.11
0 0 168.14
0 0 168.18
0 0 168.21
0 0 168.24
0 0 168.28
0 0 168.31
0 0 168.34
0 0 168.38
0 0 168.41
0 0 168.44
0 0 168.48
0 0 168.51
0 0 168.55
0 0 168.58
0 0 168.61
0 0 168.64
0 0 168.68
0 0 168.71
0 0 168.74
0 0 168.78
0 0 168.81
0 0 168.84
0 0 168.88
0 0 168.91
0 0 168.94
0 0 168.98
0 0 169.01
0 0 169.04
0 0 169.08
0 0 169.11
0 0 169.14
0 0 169.18
0 0 169.21
0 0 169.24
0 0 169.28
0 0 169.31
0 0 169.34
0 0 169.38
0 0 169.41
0 0 169.44
0 0 169.48
0 0 169.51
0 0 169.54
0 0 169.58
0 0 169.61
0 0 169.65
0 0 169.68
0 0 169.71
0 0 169.74
0 0 169.78
0 0 169.81
0 0 169.85
0 0 169.88
0 0 169.91
0 0 169.94
0 0 169.98
0 0 170.01
0 0 170.04
0 0 170.08
0 0 170.11
0 0 170.14
0 0 170.18
0 0 170.21
0 0 170.24
0 0 170.28
0.42 0.066 170.31
0.411 0.015 170.35
0.406 0.01 170.38
0.404 0.008 170.41
0 0 170.44
0.4 0.015 170.48
0.402 0.007 170.51
0.403 0.006 170.55
0.402 0.006 170.58
0.402 0.004 170.61
0.4 0.005 170.65
0.397 0.006 170.68
0.394 0.005 170.71
0.391 0.005 170.74
0.388 0.004 170.78
0.386 0.005 170.81
0.384 0.004 170.85
0.381 0.003 170.88
0.381 0.004 170.91
0.379 0.005 170.94
0.38 0.003 170.98
0.381 0.001 171.01
0.383 0.004 171.04
0.383 0.004 171.08
0.383 0.001 171.11
0.384 0.002 171.15
0.384 0.0 171.18
0.385 0.001 171.21
0.384 0.005 171.24
0.384 0.002 171.28
0.385 0.002 171.31
0.385 0.002 171.35
0.386 0.002 171.38
0.388 0.002 171.41
0.39 0.004 171.44
0.392 0.004 171.48
0.394 0.001 171.51
0.396 0.006 171.55
0.398 0.002 171.58
0.4 0.002 171.61
0.4 0.003 171.65
0.4 0.002 171.68
0.401 0.002 171.71
0.401 0.002 171.75
0.4 0.001 171.78
0.401 0.003 171.81
0.401 0.002 171.84
0.4 0.001 171.88
0.401 0.004 171.91
0.404 0.003 171.94
0.406 0.003 171.98
0.407 0.003 172.02
0.407 0.002 172.05
0.408 0.001 172.08
0.407 0.002 172.11
0.407 0.002 172.15
0.406 0.001 172.18
0.404 0.001 172.21
0.402 0.002 172.25
0.401 0.002 172.28
0.398 0.002 172.31
0.397 0.001 172.35
0.398 0.001 172.38
0.4 0.002 172.41
0.4 0.002 172.44
0.4 0.0 172.48
0.4 0.001 172.51
0.399 0.001 172.54
0.398 0.001 172.58
0.395 0.003 172.61
0.392 0.002 172.65
0.391 0.001 172.68
0.391 0.003 172.72
0.386 0.003 172.75
0.386 0.003 172.78
0.387 0.005 172.81
0.39 0.004 172.84
0.389 0.001 172.88
0.389 0.001 172.91
0.387 0.002 172.95
0.384 0.002 172.98
0.384 0.002 173.01
0.385 0.002 173.04
0.386 0.001 173.08
0.387 0.002 173.11
0.389 0.003 173.15
0.392 0.006 173.19
0.393 0.002 173.21
0.393 0.001 173.24
0.392 0.002 173.28
0.391 0.003 173.31
0.391 0.001 173.34
0.39 0.003 173.38
0.388 0.003 173.42
0.388 0.002 173.45
0.387 0.001 173.48
0.386 0.0 173.51
0.386 0.003 173.55
0.384 0.005 173.58
0.384 0.005 173.61
0.384 0.006 173.65
0.384 0.004 173.68
0.385 0.004 173.71
0.385 0.006 173.75
0.389 0.004 173.78
0.392 0.004 173.81
0.393 0.003 173.84
0.395 0.002 173.88
0.396 0.003 173.91
0.397 0.004 173.95
0.397 0.001 173.98
0.399 0.004 174.01
0.4 0.001 174.05
0.401 0.003 174.08
0.399 0.002 174.11
0.399 0.001 174.15
0.398 0.002 174.18
0.396 0.002 174.21
0.396 0.004 174.24
0.393 0.003 174.28
0.392 0.001 174.31
0.391 0.001 174.34
0.388 0.003 174.38
0 0 174.41
0.384 0.004 174.44
0.382 0.003 174.48
0.383 0.004 174.51
0.38 0.004 174.54
0.381 0.001 174.58
0.381 0.001 174.61
0.383 0.002 174.65
0.383 0.002 174.68
0.384 0.002 174.71
0.383 0.004 174.74
0.385 0.004 174.78
0.384 0.004 174.81
0.384 0.001 174.85
0.384 0.001 174.88
0.383 0.004 174.92
0.386 0.002 174.95
0.388 0.002 174.98
0.389 0.002 175.01
0.39 0.002 175.04
0.391 0.002 175.08
0.393 0.003 175.11
0.396 0.003 175.15
0.397 0.003 175.18
0.397 0.002 175.21
0.398 0.002 175.25
0 0 175.27
0.398 0.009 175.31
0.399 0.006 175.35
0.396 0.003 175.38
0.397 0.002 175.41
0.4 0.005 175.44
0.401 0.002 175.48
0.401 0.001 175.51
0.399 0.002 175.54
0.398 0.002 175.58
0.397 0.001 175.61
0.397 0.001 175.65
0.398 0.001 175.68
0.399 0.002 175.71
0.397 0.004 175.74
0.398 0.002 175.78
0.399 0.002 175.81
0.399 0.001 175.85
0 0 175.88
0.398 0.001 175.91
0.398 0.003 175.94
0.4 0.003 175.98
0.398 0.002 176.01
0.397 0.002 176.04
0.397 0.002 176.08
0.394 0.002 176.11
0.394 0.001 176.14
0.394 0.003 176.18
0.391 0.004 176.21
0.393 0.004 176.24
0.391 0.003 176.28
0.39 0.002 176.32
0.389 0.003 176.35
0.391 0.003 176.38
0.393 0.003 176.41
0.394 0.003 176.44
0.396 0.003 176.48
0.399 0.003 176.52
0.398 0.002 176.55
0.399 0.001 176.58
0.399 0.001 176.61
0.396 0.002 176.64
0.396 0.001 176.68
0.393 0.006 176.71
0.394 0.001 176.74
0.39 0.002 176.78
0.387 0.004 176.81
0.387 0.001 176.84
0.38 0.002 176.88
0.378 0.002 176.91
0.377 0.003 176.94
0.369 0.006 176.98
0.369 0.003 177.01
0.368 0.002 177.04
0 0 177.07
0 0 177.11
0.362 0.002 177.14
0 0 177.18
0 0 177.21
0.356 0.003 177.24
0.355 0.002 177.28
0.351 0.003 177.31
0.352 0.003 177.34
0.355 0.003 177.38
0.354 0.004 177.41
0.357 0.004 177.44
0.358 0.006 177.48
0.357 0.008 177.51
0 0 177.54
0.363 0.007 177.58
0.364 0.005 177.61
0.358 0.002 177.64
0.358 0.0 177.68
0.358 0.002 177.71
0.353 0.003 177.74
0.353 0.004 177.78
0.352 0.001 177.81
0.348 0.003 177.84
0.349 0.002 177.88
0.349 0.002 177.91
0.347 0.003 177.95
0.347 0.001 177.98
0.346 0.002 178.01
0.345 0.003 178.04
0.334 0.001 178.08
0.332 0.006 178.11
0.334 0.002 178.14
0.328 0.005 178.18
0.33 0.002 178.21
0.331 0.003 178.24
0.328 0.003 178.28
0.332 0.004 178.31
0.334 0.002 178.34
0.336 0.003 178.38
0.333 0.004 178.41
0.335 0.003 178.44
0.338 0.004 178.48
0.333 0.003 178.51
0.333 0.002 178.54
0.333 0.002 178.58
0.326 0.002 178.61
0.326 0.005 178.64
0.323 0.003 178.68
0.316 0.003 178.71
0.313 0.004 178.75
0 0 178.77
0.311 0.005 178.81
0.308 0.005 178.84
0.312 0.005 178.88
0.315 0.007 178.91
0.315 0.005 178.94
0 0 178.97
0 0 179.01
0 0 179.04
0.318 0.02 179.08
0 0 179.11
0 0 179.14
0.316 0.005 179.18
0 0 179.21
0.316 0.005 179.24
0 0 179.27
0 0 179.31
0 0 179.34
0.293 0.018 179.38
0.29 0.003 179.41
0.289 0.004 179.44
0.285 0.002 179.48
0.285 0.002 179.51
0 0 179.54
0.283 0.003 179.58
0.286 0.003 179.61
0.287 0.003 179.64
0.287 0.001 179.67
0.285 0.001 179.71
0 0 179.74
0 0 179.77
0.285 0.006 179.81
0.287 0.003 179.84
0.289 0.003 179.88
0.288 0.001 179.91
0 0 179.94
0.286 0.002 179.98
0.283 0.003 180.01
0.281 0.002 180.04
0.279 0.004 180.08
0.276 0.004 180.11
0 0 180.14
0 0 180.17
0.276 0.007 180.21
0.274 0.001 180.24
0.275 0.005 180.27
0 0 180.31
0.272 0.001 180.34
0.27 0.002 180.37
0 0 180.41
0.269 0.003 180.44
0.267 0.002 180.48
0.266 0.003 180.51
0.264 0.003 180.54
0.263 0.005 180.57
0 0 180.61
0.262 0.008 180.64
0 0 180.68
0.258 0.004 180.71
0.257 0.001 180.74
0.259 0.007 180.78
0.259 0.001 180.81
0.259 0.0 180.84
0.259 0.001 180.87
0.261 0.003 180.91
0 0 180.94
0.261 0.004 180.98
0.259 0.004 181.01
0.258 0.001 181.05
0.259 0.004 181.08
0.258 0.004 181.11
0.259 0.001 181.14
0.259 0.001 181.18
0 0 181.21
0 0 181.24
0.263 0.005 181.28
0.263 0.003 181.31
0 0 181.34
0 0 181.37
0.264 0.004 181.41
0.264 0.001 181.44
0.263 0.001 181.48
0.262 0.001 181.51
0.261 0.001 181.54
0.261 0.001 181.58
0 0 181.61
0 0 181.64
0.261 0.004 181.68
0.26 0.001 181.71
0 0 181.74
0.263 0.004 181.78
0.264 0.001 181.81
0.265 0.002 181.84
0.266 0.004 181.88
0.265 0.002 181.91
0 0 181.94
0 0 181.98
0 0 182.01
0 0 182.04
0.26 0.012 182.08
0.258 0.002 182.11
0 0 182.14
0.26 0.008 182.18
0.258 0.003 182.21
0 0 182.24
0 0 182.27
0.259 0.003 182.31
0.258 0.001 182.34
0.26 0.002 182.37
0.257 0.004 182.41
0.257 0.002 182.44
0 0 182.47
0.258 0.004 182.51
0.258 0.002 182.54
0.257 0.001 182.57
0 0 182.61
0.256 0.002 182.64
0.258 0.002 182.68
0.264 0.002 182.71
0.265 0.003 182.74
0.267 0.003 182.78
0 0 182.81
0.274 0.005 182.84
0.277 0.004 182.87
0.284 0.005 182.91
0.288 0.005 182.94
0.294 0.006 182.98
0.3 0.006 183.01
0.307 0.005 183.04
0.311 0.005 183.07
0.315 0.004 183.11
0.321 0.003 183.14
0.325 0.004 183.17
0.327 0.004 183.21
0.332 0.004 183.24
0.335 0.004 183.27
0.338 0.003 183.31
0.344 0.003 183.34
0.346 0.003 183.38
0.348 0.002 183.41
0.348 0.001 183.44
0.352 0.0 183.48
0.353 0.002 183.51
0.35 0.003 183.54
0.353 0.001 183.58
0.353 0.003 183.61
0.352 0.002 183.64
0 0 183.67
0 0 183.71
0.355 0.005 183.74
0 0 183.77
0 0 183.81
0.361 0.004 183.84
0.361 0.001 183.88
0.367 0.002 183.91
0 0 183.94
0.372 0.007 183.98
0.382 0.006 184.01
0.387 0.008 184.04
0.393 0.01 184.08
0 0 184.11
0 0 184.15
0 0 184.18
0 0 184.21
0 0 184.24
0 0 184.27
0 0 184.31
0 0 184.34
0 0 184.37
0 0 184.41
0 0 184.44
0 0 184.48
0 0 184.51
0 0 184.54
0 0 184.57
0 0 184.61
0 0 184.64
0 0 184.67
0 0 184.71
0 0 184.74
0 0 184.78
0 0 184.81
0 0 184.85
0 0 184.88
0 0 184.91
0 0 184.94
0 0 184.98
0 0 185.01
0 0 185.04
0 0 185.07
0 0 185.11
0 0 185.14
0 0 185.17
0 0 185.21
0 0 185.24
0 0 185.28
0 0 185.31
0 0 185.34
0 0 185.37
0 0 185.41
0 0 185.44
0 0 185.48
0 0 185.51
0 0 185.54
0 0 185.58
0 0 185.61
0 0 185.64
0 0 185.67
0 0 185.71
0 0 185.74
0 0 185.77
0 0 185.81
0 0 185.84
0 0 185.88
0 0 185.91
0 0 185.94
0 0 185.97
0 0 186.01
0 0 186.04
0 0 186.07
0 0 186.11
0 0 186.14
0 0 186.18
0 0 186.21
0 0 186.24
0 0 186.27
0 0 186.31
0 0 186.34
0 0 186.37
0 0 186.41
0 0 186.44
0 0 186.48
0 0 186.51
0 0 186.54
0 0 186.57
0 0 186.61
0 0 186.64
0 0 186.67
0 0 186.71
0 0 186.74
0 0 186.77
0 0 186.81
0 0 186.84
0 0 186.87
