hand to make: 0.105
timestamp, distance, x, y, z, rx, ry, rz
181.085 0.409 -0.0080 -0.0966 0.3975 -0.3972  -0.3739  0.9885 
181.116 0.411 -0.0077 -0.0957 0.3999 -0.3773  -0.3843  0.9776 
202.778 0.439 -0.0559 -0.0904 0.4261 -0.4223  -0.1095  1.1113 
221.307 0.410 -0.0391 -0.0839 0.3990 -0.4177  -0.0161  1.1206 
221.343 0.410 -0.0392 -0.0842 0.3994 -0.4232  -0.0116  1.1193 
230.540 0.376 -0.0590 -0.0915 0.3602 -0.4825  0.0530  1.1110 
239.538 0.382 -0.0373 -0.0898 0.3691 -0.4427  -0.1520  1.1230 
239.576 0.381 -0.0384 -0.0901 0.3680 -0.4417  -0.1462  1.1260 
261.907 0.432 -0.0305 -0.1108 0.4167 -0.4607  -0.1789  1.1016 
261.934 0.433 -0.0286 -0.1093 0.4177 -0.4600  -0.1837  1.0936 
261.967 0.433 -0.0261 -0.1073 0.4188 -0.4629  -0.1662  1.0892 
285.963 0.446 -0.0208 -0.0798 0.4387 -0.3937  -0.2665  1.1091 
285.996 0.454 -0.0132 -0.0765 0.4469 -0.3498  -0.3116  1.1170 
286.028 0.458 -0.0045 -0.0716 0.4521 -0.3239  -0.3651  1.1254 
286.060 0.467 0.0066 -0.0658 0.4625 -0.3074  -0.4283  1.1245 
309.724 0.392 -0.0488 -0.0555 0.3847 -0.5193  -0.4858  1.1349 
309.789 0.394 -0.0467 -0.0544 0.3870 -0.5076  -0.4938  1.1308 
309.825 0.393 -0.0460 -0.0538 0.3866 -0.5117  -0.4892  1.1286 
