hand to make: 0.13
timestamp, distance, x, y, z, rx, ry, rz
87.571 0.194 -0.0309 -0.0438 0.1861 -0.4180  -0.1903  1.3738 
87.872 0.193 -0.0167 -0.0064 0.1918 -0.3725  -0.1959  1.2585 
87.906 0.193 -0.0148 -0.0023 0.1927 -0.3545  -0.1944  1.2470 
88.374 0.194 -0.0218 -0.0278 0.1905 -0.3775  -0.0909  1.3226 
88.407 0.194 -0.0235 -0.0339 0.1892 -0.3892  -0.1018  1.3424 
88.440 0.194 -0.0252 -0.0400 0.1880 -0.4021  -0.1014  1.3509 
88.770 0.195 -0.0313 -0.0653 0.1806 -0.4186  -0.1429  1.4086 
89.006 0.195 -0.0253 -0.0415 0.1886 -0.3874  -0.2104  1.3467 
89.040 0.195 -0.0240 -0.0369 0.1898 -0.3881  -0.2046  1.3341 
91.137 0.262 -0.0031 -0.0681 0.2533 -0.3385  -0.2271  1.2849 
91.172 0.264 -0.0026 -0.0697 0.2548 -0.3438  -0.2240  1.2796 
91.203 0.268 -0.0023 -0.0717 0.2578 -0.3279  -0.2200  1.2781 
127.597 0.237 -0.0006 -0.0242 0.2363 -0.4757  -0.0556  1.3082 
133.165 0.215 -0.0065 -0.0190 0.2141 -0.4630  -0.1335  1.2853 
133.196 0.215 -0.0067 -0.0189 0.2142 -0.4580  -0.1474  1.2862 
141.931 0.182 -0.0027 -0.0258 0.1803 -0.5242  -0.1507  1.3676 
141.963 0.182 -0.0028 -0.0260 0.1802 -0.5240  -0.1463  1.3704 
148.896 0.181 0.0085 -0.0398 0.1766 -0.5016  -0.2367  1.3213 
148.928 0.181 0.0099 -0.0362 0.1770 -0.4987  -0.2344  1.3077 
148.962 0.181 0.0109 -0.0329 0.1778 -0.4864  -0.2305  1.2997 
157.359 0.167 -0.0148 -0.0495 0.1584 -0.5522  -0.1774  1.3541 
157.393 0.166 -0.0134 -0.0470 0.1584 -0.5472  -0.1880  1.3331 
166.796 0.154 0.0034 -0.0224 0.1520 -0.4934  -0.2893  1.2423 
166.828 0.154 0.0036 -0.0216 0.1527 -0.4911  -0.2902  1.2448 
198.257 0.179 -0.0005 -0.0169 0.1782 -0.5555  -0.2318  1.2984 
198.287 0.179 -0.0023 -0.0206 0.1779 -0.5557  -0.2241  1.3129 
198.323 0.179 -0.0038 -0.0246 0.1772 -0.5678  -0.2337  1.3184 
