hand to make: 0.095
timestamp, distance, x, y, z, rx, ry, rz
21.523 0.360 -0.0040 -0.0708 0.3532 0.2995  0.0372  -2.0878 
21.558 0.362 -0.0041 -0.0713 0.3551 0.2773  0.1423  -2.0791 
21.588 0.361 -0.0042 -0.0714 0.3542 0.2964  0.1123  -2.0796 
54.881 0.343 -0.0090 -0.1086 0.3255 0.3061  -0.0938  -1.9061 
54.913 0.345 -0.0044 -0.1082 0.3277 0.2972  -0.0632  -1.8951 
54.947 0.345 0.0002 -0.1069 0.3281 0.2987  -0.0999  -1.8923 
54.980 0.348 0.0049 -0.1062 0.3312 0.2762  -0.0531  -1.8862 
60.614 0.347 0.0060 -0.1014 0.3320 0.3080  -0.0331  -1.9156 
60.646 0.348 0.0059 -0.1014 0.3324 0.3090  -0.0304  -1.9147 
60.684 0.346 0.0058 -0.1009 0.3309 0.3021  -0.0717  -1.9201 
87.641 0.334 -0.0146 -0.0787 0.3246 0.3789  0.1016  -1.9387 
95.510 0.298 -0.0252 -0.1038 0.2780 0.3823  -0.1463  -1.8387 
109.937 0.320 0.0069 -0.0772 0.3101 0.5720  -0.1336  -1.8692 
121.434 0.286 0.0037 -0.0616 0.2790 0.6209  -0.0707  -1.8151 
121.468 0.286 0.0022 -0.0653 0.2780 0.6064  -0.0790  -1.7998 
154.229 0.300 -0.0150 -0.0803 0.2891 0.6145  -0.2312  -1.8412 
172.025 0.346 -0.0073 -0.0778 0.3370 0.6733  -0.2563  -1.7898 
172.057 0.345 -0.0085 -0.0816 0.3350 0.6745  -0.2546  -1.7814 
172.091 0.343 -0.0095 -0.0835 0.3325 0.6749  -0.2643  -1.7710 
172.223 0.341 -0.0062 -0.0767 0.3320 0.6755  -0.2968  -1.8028 
172.257 0.342 -0.0044 -0.0730 0.3337 0.6851  -0.2865  -1.8184 
193.054 0.330 -0.0049 -0.0563 0.3253 0.6519  -0.3217  -1.8280 
193.087 0.330 -0.0051 -0.0566 0.3252 0.6483  -0.3234  -1.8294 
212.785 0.366 -0.0289 -0.0757 0.3571 0.8678  -0.3692  -1.7821 
212.817 0.364 -0.0300 -0.0788 0.3540 0.8584  -0.3864  -1.7664 
