hand to make: 0.095
timestamp, distance, x, y, z, rx, ry, rz
48.383 0.211 -0.0593 -0.0658 0.1911 -0.2660  -0.0839  0.9939 
48.448 0.211 -0.0593 -0.0660 0.1915 -0.2634  -0.0814  0.9956 
54.217 0.211 -0.0572 -0.0696 0.1908 -0.2827  -0.0880  1.0131 
73.845 0.213 -0.0299 -0.0723 0.1980 -0.4008  -0.0306  1.0265 
81.682 0.203 -0.0159 -0.0640 0.1922 -0.3728  -0.1747  1.0292 
81.846 0.203 -0.0162 -0.0640 0.1915 -0.3768  -0.1748  1.0286 
82.111 0.219 -0.0185 -0.0702 0.2071 -0.3653  -0.1642  1.0538 
84.410 0.212 -0.0170 -0.0678 0.2004 -0.3623  -0.1456  1.0484 
84.444 0.214 -0.0172 -0.0681 0.2026 -0.3566  -0.1533  1.0478 
84.476 0.216 -0.0172 -0.0682 0.2042 -0.3583  -0.1455  1.0479 
84.677 0.216 -0.0162 -0.0682 0.2044 -0.3618  -0.1483  1.0452 
84.710 0.215 -0.0160 -0.0681 0.2031 -0.3644  -0.1563  1.0433 
84.845 0.211 -0.0161 -0.0680 0.1989 -0.3713  -0.1596  1.0436 
84.877 0.210 -0.0162 -0.0678 0.1979 -0.3798  -0.1578  1.0453 
84.911 0.209 -0.0163 -0.0678 0.1975 -0.3761  -0.1655  1.0407 
85.045 0.210 -0.0166 -0.0677 0.1976 -0.3731  -0.1628  1.0423 
128.269 0.219 -0.0207 -0.0603 0.2097 -0.5293  -0.3711  1.0025 
128.302 0.221 -0.0191 -0.0543 0.2132 -0.5032  -0.3940  0.9814 
128.470 0.235 -0.0162 -0.0512 0.2286 -0.4925  -0.3292  0.9754 
137.673 0.208 -0.0185 -0.0605 0.1983 -0.4559  -0.2421  1.0439 
137.703 0.209 -0.0184 -0.0607 0.1993 -0.4542  -0.2409  1.0446 
151.529 0.228 -0.0187 -0.0645 0.2176 -0.4835  -0.2639  1.0737 
181.626 0.236 -0.0074 -0.0568 0.2285 -0.5215  -0.4575  1.0568 
181.660 0.236 -0.0074 -0.0568 0.2287 -0.5136  -0.4766  1.0496 
192.757 0.230 -0.0014 -0.0538 0.2232 -0.3704  -0.3320  1.1171 
192.790 0.230 -0.0010 -0.0535 0.2234 -0.3758  -0.3170  1.1143 
199.223 0.210 -0.0280 -0.0530 0.2009 -0.3851  -0.3013  1.0194 
199.254 0.210 -0.0278 -0.0533 0.2016 -0.3859  -0.3002  1.0187 
199.287 0.211 -0.0277 -0.0536 0.2023 -0.3848  -0.3012  1.0212 
