hand to make: 0.125
22.520 0.429 -0.0209 -0.0644 0.4237 -0.3657  0.2461  1.2614 
22.548 0.430 -0.0208 -0.0638 0.4244 -0.3643  0.2394  1.2583 
43.580 0.207 -0.0226 -0.0475 0.1998 -0.3154  -0.1228  1.3217 
63.943 0.225 0.0103 -0.0187 0.2236 -0.3290  -0.0961  1.2065 
63.979 0.226 0.0124 -0.0165 0.2251 -0.3257  -0.0828  1.2016 
96.167 0.288 -0.0479 -0.0712 0.2745 -0.4109  -0.1484  1.1911 
112.799 0.250 -0.0223 -0.0574 0.2418 -0.5592  -0.3947  1.1884 
112.832 0.250 -0.0221 -0.0577 0.2426 -0.5564  -0.3917  1.1916 
169.651 0.248 -0.0697 -0.0506 0.2321 -0.3113  -0.1390  1.1815 
193.281 0.259 -0.0336 -0.0648 0.2488 -0.3211  -0.2499  1.2204 
204.349 0.246 -0.0549 -0.0603 0.2323 -0.3269  -0.3221  1.2294 
221.944 0.180 -0.0387 -0.0338 0.1721 -0.3681  -0.1803  1.2907 
252.106 0.191 -0.0189 -0.0307 0.1877 -0.3403  -0.2025  1.3754 
252.143 0.192 -0.0189 -0.0305 0.1885 -0.3339  -0.2013  1.3745 
252.174 0.192 -0.0188 -0.0304 0.1886 -0.3295  -0.2093  1.3746 
252.208 0.193 -0.0189 -0.0309 0.1893 -0.3301  -0.1986  1.3785 
324.122 0.350 -0.0400 -0.0112 0.3470 -0.0523  -0.4491  1.3129 
324.156 0.350 -0.0403 -0.0110 0.3471 -0.0232  -0.4382  1.3112 
324.188 0.349 -0.0405 -0.0108 0.3463 -0.0661  -0.4619  1.3093 
378.246 0.219 -0.0095 -0.0280 0.2173 -0.2788  -0.3506  1.3746 
378.278 0.220 -0.0097 -0.0284 0.2181 -0.2650  -0.3587  1.3774 
392.210 0.227 -0.0205 -0.0209 0.2250 -0.2672  -0.3006  1.4456 
392.242 0.227 -0.0199 -0.0209 0.2251 -0.2535  -0.3089  1.4483 
405.708 0.229 0.0163 -0.0074 0.2287 -0.2494  -0.4612  1.3940 
405.741 0.230 0.0163 -0.0071 0.2290 -0.2490  -0.4704  1.3934 
405.775 0.231 0.0165 -0.0070 0.2305 -0.2580  -0.4422  1.3952 
425.405 0.247 0.0168 -0.0329 0.2443 -0.2737  -0.4358  1.3877 
425.435 0.247 0.0169 -0.0329 0.2441 -0.2775  -0.4432  1.3869 
425.470 0.248 0.0174 -0.0332 0.2455 -0.2710  -0.4394  1.3928 
425.501 0.247 0.0179 -0.0330 0.2446 -0.2820  -0.4457  1.3859 
446.967 0.247 0.0364 -0.0260 0.2432 -0.2475  -0.4737  1.4768 
466.694 0.186 0.0158 -0.0079 0.1852 -0.2136  -0.3656  1.3812 
481.629 0.207 0.0419 -0.0196 0.2013 -0.1483  -0.3871  1.4033 
481.659 0.207 0.0420 -0.0199 0.2016 -0.1426  -0.3708  1.4093 
