hand to make: 0.115
timestamp, distance, x, y, z, rx, ry, rz
22.442 0.208 0.0048 -0.0437 0.2028 -0.3871  0.1845  1.2869 
49.333 0.203 0.0130 -0.0387 0.1991 -0.3752  0.0424  1.2661 
49.369 0.203 0.0130 -0.0386 0.1987 -0.3748  0.0446  1.2661 
49.403 0.202 0.0130 -0.0385 0.1980 -0.3851  0.0456  1.2676 
89.897 0.237 0.0102 -0.0485 0.2315 -0.4558  -0.1230  1.3084 
106.358 0.255 0.0154 -0.0460 0.2502 -0.4806  -0.0815  1.2523 
122.852 0.234 0.0188 -0.0594 0.2251 -0.4156  -0.1190  1.2281 
122.886 0.235 0.0188 -0.0598 0.2262 -0.4067  -0.1205  1.2264 
141.850 0.233 0.0128 -0.0567 0.2252 -0.4266  -0.0866  1.2856 
230.997 0.242 0.0141 -0.0612 0.2334 -0.5039  -0.2122  1.3187 
246.795 0.246 -0.0119 -0.0360 0.2431 -0.6420  -0.4010  1.2095 
246.825 0.246 -0.0120 -0.0360 0.2436 -0.6306  -0.4189  1.2075 