hand to make: 0.115
timestamp, distance, x, y, z, rx, ry, rz
160.446 0.327 0.0186 -0.0711 0.3182 -0.4857  -0.2939  1.4302 
178.640 0.362 0.0048 -0.0750 0.3545 -0.3789  -0.0979  1.3353 
193.473 0.363 0.0146 -0.0689 0.3562 -0.3322  -0.1651  1.2802 
208.666 0.354 0.0268 -0.0703 0.3459 -0.3261  -0.2474  1.2760 
227.996 0.378 0.0068 -0.0436 0.3758 -0.4613  -0.3525  1.4098 
249.758 0.333 0.0054 -0.0522 0.3285 -0.4361  -0.4022  1.4208 
249.792 0.332 0.0057 -0.0503 0.3279 -0.4363  -0.4016  1.4127 
276.952 0.332 0.0209 -0.0647 0.3253 -0.3984  -0.3628  1.3817 
284.585 0.362 0.0067 -0.0631 0.3559 -0.3223  -0.2874  1.3596 
