hand to make: 0.105
timestamp, distance, x, y, z, rx, ry, rz
9.229 0.362 0.0231 -0.0513 0.3579 -0.0335  0.0278  -1.8387 
44.318 0.419 -0.0180 -0.0706 0.4123 0.1415  -0.0174  -1.7623 
53.452 0.372 -0.0197 -0.0662 0.3655 0.2937  -0.2124  -1.7521 
61.019 0.358 -0.0129 -0.0635 0.3525 0.2390  -0.0900  -1.7635 
61.049 0.357 -0.0121 -0.0632 0.3513 0.2760  -0.1257  -1.7634 
61.087 0.358 -0.0115 -0.0632 0.3522 0.2718  -0.0905  -1.7621 
71.281 0.399 -0.0061 -0.0672 0.3935 0.1993  0.0658  -1.7223 
77.546 0.383 -0.0235 -0.0708 0.3760 0.2405  -0.0378  -1.7205 
97.644 0.380 -0.0185 -0.0522 0.3759 0.4364  -0.1318  -1.7380 
121.535 0.438 -0.0256 -0.0469 0.4342 0.2527  0.1092  -1.7798 
121.568 0.440 -0.0258 -0.0473 0.4365 0.1739  0.1326  -1.7780 
121.603 0.436 -0.0256 -0.0468 0.4328 0.3205  0.1023  -1.7768 
