hand to make: 0.105
timestamp, distance, x, y, z, rx, ry, rz
24.450 0.202 -0.0433 -0.0452 0.1920 0.0463  -0.3938  -1.9969 
24.481 0.202 -0.0433 -0.0453 0.1916 0.0437  -0.4045  -1.9984 
33.577 0.205 -0.0233 -0.0750 0.1893 0.0343  -0.4888  -1.8175 
33.612 0.209 -0.0227 -0.0738 0.1943 0.1013  -0.3587  -1.8655 
33.645 0.208 -0.0210 -0.0702 0.1952 0.1114  -0.3503  -1.8814 
33.679 0.208 -0.0194 -0.0662 0.1961 0.1167  -0.3457  -1.9021 
33.714 0.207 -0.0178 -0.0618 0.1964 0.1341  -0.3357  -1.9180 
83.403 0.195 0.0019 -0.0619 0.1844 0.2635  -0.3032  -2.0285 
83.436 0.194 0.0018 -0.0621 0.1839 0.2511  -0.3174  -2.0300 
87.702 0.195 -0.0030 -0.0668 0.1832 0.2385  -0.3282  -2.0027 
87.733 0.194 -0.0028 -0.0669 0.1825 0.2265  -0.3429  -2.0021 
87.768 0.194 -0.0024 -0.0671 0.1825 0.2270  -0.3416  -1.9967 
87.800 0.194 -0.0020 -0.0669 0.1817 0.2351  -0.3476  -2.0023 
92.037 0.193 0.0081 -0.0658 0.1808 0.2069  -0.3627  -1.9528 
92.068 0.193 0.0083 -0.0660 0.1807 0.2084  -0.3630  -1.9522 
96.237 0.237 0.0281 -0.0150 0.2348 0.0672  -0.2072  -1.6937 
96.267 0.246 0.0332 -0.0141 0.2433 0.0723  -0.2203  -1.6965 
100.467 0.190 -0.0079 -0.0260 0.1877 0.1079  -0.2962  -1.7398 
100.500 0.190 -0.0071 -0.0268 0.1878 0.1194  -0.3071  -1.7385 
105.634 0.203 -0.0095 -0.0331 0.1996 0.1711  -0.2437  -1.7025 
105.669 0.203 -0.0095 -0.0326 0.1997 0.1601  -0.2434  -1.7016 
110.602 0.199 -0.0011 -0.0358 0.1957 0.1019  -0.2659  -1.7467 
110.635 0.198 -0.0013 -0.0357 0.1949 0.0937  -0.2731  -1.7483 
141.524 0.192 -0.0036 -0.0629 0.1817 0.5221  -0.4428  -2.0340 
141.591 0.192 -0.0043 -0.0637 0.1810 0.5183  -0.4410  -2.0427 
149.724 0.183 -0.0040 -0.0489 0.1763 0.5279  -0.4833  -2.0388 
149.756 0.184 -0.0043 -0.0493 0.1767 0.5577  -0.4693  -2.0343 
153.356 0.187 -0.0049 -0.0533 0.1793 0.5312  -0.5058  -2.0420 
153.388 0.189 -0.0049 -0.0536 0.1810 0.5073  -0.4991  -2.0304 
153.423 0.187 -0.0052 -0.0534 0.1796 0.4929  -0.5272  -2.0427 
153.454 0.188 -0.0053 -0.0538 0.1803 0.5102  -0.5094  -2.0425 
