hand to make: 0.095
timestamp, distance, x, y, z, rx, ry, rz
35.477 0.342 0.0390 -0.0861 0.3283 -0.1187  0.0698  1.2412 
35.508 0.342 0.0391 -0.0856 0.3285 -0.1194  0.0712  1.2398 
35.543 0.342 0.0390 -0.0852 0.3292 -0.1126  0.0696  1.2384 
35.579 0.342 0.0387 -0.0846 0.3296 -0.0990  0.0690  1.2410 
35.611 0.342 0.0382 -0.0842 0.3296 -0.1003  0.0725  1.2379 
35.645 0.341 0.0376 -0.0837 0.3285 -0.1217  0.0624  1.2344 
39.079 0.355 0.0451 -0.1014 0.3372 -0.2065  0.2653  1.2627 
39.111 0.355 0.0454 -0.1005 0.3373 -0.1837  0.2398  1.2627 
39.143 0.354 0.0458 -0.0991 0.3369 -0.1610  0.2048  1.2648 
70.436 0.348 0.0529 -0.0973 0.3295 -0.1341  -0.0783  1.4044 
70.470 0.346 0.0528 -0.0969 0.3279 -0.1348  -0.0718  1.4051 
70.501 0.346 0.0529 -0.0969 0.3277 -0.1300  -0.0726  1.4081 
149.418 0.417 0.0028 -0.0927 0.4067 0.0386  -0.1810  1.2300 
173.314 0.409 0.0130 -0.0448 0.4066 -0.1416  -0.1665  1.2083 
188.383 0.472 0.0190 -0.0715 0.4663 -0.2037  -0.2444  1.2398 
188.412 0.473 0.0173 -0.0770 0.4663 -0.2031  -0.2460  1.2606 
207.175 0.433 -0.0243 -0.1090 0.4179 0.0471  -0.1069  1.4118 
237.002 0.452 -0.0292 -0.0712 0.4457 0.1788  -0.1782  1.2433 
254.297 0.432 -0.0032 -0.0576 0.4281 0.0388  -0.2077  1.1834 
254.329 0.431 0.0020 -0.0463 0.4285 0.0178  -0.1747  1.1473 
265.729 0.433 -0.0321 -0.0673 0.4260 0.2214  -0.1173  1.2092 
265.761 0.435 -0.0298 -0.0653 0.4288 0.1456  -0.1281  1.2019 
275.659 0.438 -0.0503 -0.1558 0.4057 -0.1158  -0.0253  1.4771 
298.720 0.531 -0.0295 -0.0244 0.5300 -0.1100  -0.1910  1.0542 
308.984 0.502 -0.0373 -0.1168 0.4873 0.1643  -0.3053  1.4160 
