0 0 2.26
0 0 2.28
0 0 2.31
0 0 2.35
0 0 2.38
0 0 2.38
0 0 2.41
0 0 2.44
0 0 2.48
0 0 2.51
0 0 2.55
0 0 2.58
0 0 2.61
0 0 2.65
0 0 2.68
0 0 2.71
0 0 2.75
0 0 2.78
0 0 2.81
0 0 2.85
0 0 2.88
0 0 2.92
0 0 2.95
0 0 2.98
0 0 3.02
0 0 3.05
0 0 3.08
0 0 3.12
0 0 3.15
0 0 3.19
0 0 3.22
0 0 3.25
0 0 3.28
0 0 3.32
0 0 3.35
0 0 3.38
0 0 3.42
0 0 3.45
0 0 3.48
0 0 3.52
0 0 3.55
0 0 3.58
0 0 3.62
0 0 3.65
0 0 3.68
0 0 3.72
0 0 3.75
0 0 3.78
0 0 3.81
0 0 3.85
0 0 3.88
0 0 3.92
0 0 3.95
0 0 3.98
0 0 4.02
0 0 4.05
0 0 4.09
0 0 4.12
0 0 4.15
0 0 4.19
0 0 4.22
0 0 4.25
0 0 4.28
0 0 4.32
0 0 4.35
0 0 4.38
0 0 4.42
0 0 4.45
0 0 4.48
0 0 4.52
0 0 4.55
0 0 4.59
0 0 4.62
0 0 4.65
0 0 4.69
0 0 4.72
0 0 4.75
0 0 4.78
0 0 4.82
0 0 4.85
0 0 4.89
0 0 4.92
0 0 4.95
0 0 4.99
0 0 5.02
0 0 5.05
0 0 5.09
0 0 5.12
0 0 5.15
0 0 5.19
0 0 5.22
0 0 5.25
0 0 5.28
0 0 5.32
0 0 5.35
0 0 5.38
0 0 5.42
0 0 5.45
0 0 5.49
0 0 5.52
0 0 5.55
0 0 5.59
0 0 5.62
0 0 5.65
0 0 5.69
0 0 5.72
0 0 5.75
0 0 5.79
0 0 5.82
0 0 5.85
0 0 5.88
0 0 5.92
0 0 5.95
0 0 5.98
0 0 6.02
0 0 6.05
0 0 6.09
0 0 6.12
0 0 6.15
0 0 6.19
0 0 6.22
0 0 6.25
0 0 6.28
0 0 6.32
0 0 6.35
0 0 6.38
0 0 6.42
0 0 6.45
0 0 6.48
0 0 6.52
0 0 6.55
0 0 6.58
0 0 6.62
0 0 6.65
0 0 6.69
0 0 6.72
0 0 6.75
0 0 6.78
0 0 6.82
0 0 6.85
0 0 6.88
0 0 6.92
0 0 6.95
0 0 6.98
0 0 7.02
0 0 7.05
0 0 7.08
0 0 7.12
0.43832630196370254 12.883578452768173 7.15
0 0 7.19
0.44316223841019475 1.6614289133996978 7.22
0.444589420265282 0.6270073104425254 7.25
0.4439003811673589 0.4437502391173259 7.29
0.44731855280672617 0.3886267071533707 7.32
0.4521979448498208 0.3631197537157199 7.35
0.4519366104852893 0.23219165341104822 7.39
0.4573450896386955 0.2609429385743405 7.42
0.45611071668822 0.20748366645089825 7.45
0.4572287609291731 0.13058617385386434 7.49
0.45507941025244614 0.09883356851840024 7.52
0.45353436021721544 0.06567783654494873 7.55
0.4509864066313727 0.09263259599521087 7.59
0.4495865697315665 0.055826428665783794 7.62
0.4499767927351322 0.03384096161831921 7.65
0.44581348201203697 0.13754639272009395 7.69
0.4454264918025707 0.047279291113588605 7.72
0.44382213479671473 0.07533519890542115 7.75
0.44319196834909896 0.06607585986701518 7.78
0.4423084901936556 0.0694465105907536 7.82
0.4438382152215598 0.07874036661007139 7.85
0.4443696576556084 0.08086571925789547 7.89
0.4422901685617357 0.11947555613184847 7.92
0.44386647547116864 0.11155964479090147 7.95
0.44130477500406323 0.14204603878817884 7.99
0.4402262541301085 0.10701587128066237 8.02
0.4392304032986478 0.11025025164682671 8.05
0.43885751341101614 0.09656629654483909 8.08
0.43861503030984467 0.0829205472007379 8.12
0.4335294503307542 0.16104111234917337 8.15
0.43172472539639956 0.0686898200684344 8.19
0.4322263095385325 0.03565406294432743 8.22
0.42975727852843576 0.08241958783860562 8.25
0.4287706869469533 0.04160731285547259 8.29
0.4268322929160149 0.07226082706415658 8.32
0.42673164676243586 0.04070738451587721 8.35
0.4231030440723546 0.11142192028418743 8.39
0.4205114186126402 0.09345740885876093 8.42
0.4187021120177918 0.06190551641426567 8.45
0.41196861503455273 0.2060602542388642 8.49
0.4088980312572252 0.09425381625001439 8.52
0.4065724545713728 0.06655962291498858 8.55
0.40210795452512277 0.1397188153479798 8.59
0.39733581368296744 0.1417762695340745 8.62
0.3924230817008512 0.16175854287062622 8.65
0.3884695155420736 0.12273359800317962 8.69
0.38469559790363694 0.11383229031254728 8.72
0.3801039896228716 0.15682133890251854 8.75
0.3771284629128195 0.09627273671101176 8.79
0.3731672430316742 0.12292340044727611 8.82
0.37069546802949743 0.07827639870679969 8.85
0.3674666150931645 0.09528728192957668 8.89
0.36413968846185774 0.10814214257503482 8.92
0.35954583132074347 0.13691526543830487 8.95
0.35605498832553034 0.10740071987921108 8.99
0.3523387706295587 0.11056486045043694 9.02
0.3472062118320699 0.14685653410611782 9.05
0.34246320136185754 0.15883625964579084 9.08
0.3385274646234734 0.11956007849341108 9.12
0.3331807477088486 0.15819716425267422 9.15
0.32673115672763703 0.19637904606175677 9.19
0.32201688126642897 0.1319946800025472 9.22
0.3169019132901024 0.1608476911257447 9.25
0.31160371103526074 0.15681155853207815 9.29
0.30674174940099164 0.1526899756755006 9.32
0.30337775479937534 0.10184596403164657 9.36
0.2978860452188789 0.1561123058125295 9.39
0.29489938490531986 0.10822930580706827 9.42
0.2905131815363307 0.13932310926580474 9.45
0.2870162846087628 0.11867217686252737 9.49
0.2821216687066988 0.16129807075801736 9.52
0.279005374587141 0.0965459404928131 9.55
0.27745376395308274 0.06868288754751882 9.59
0.27365501427382816 0.11771079508259545 9.62
0.2693098051507984 0.14380117311252175 9.65
0.26831401765955476 0.05123493568858095 9.69
0.26501857854558863 0.09492031123587591 9.72
0.26312155342164906 0.07524857238686848 9.75
0.2607043268147698 0.07779029612408288 9.79
0.2590062520808544 0.0560040040165898 9.82
0.256531073937947 0.07921573105585297 9.85
0.2536102367048703 0.08819261663734308 9.89
0.251117384446205 0.07940428535983107 9.92
0.24935635337884668 0.05381158945829796 9.95
0.24805840622089786 0.04499328609646534 9.99
0.24587281890475018 0.06892892752921793 10.02
0.24280273589876403 0.08733815024848617 10.05
0.2417292434435094 0.04897106354631327 10.09
0.23954588098081328 0.06539349323390178 10.12
0.23808341726267926 0.04531214560324843 10.15
0.23666934446259974 0.04426295326327307 10.19
0.23512015825812413 0.04504484929354094 10.22
0.23376278632144978 0.04035141562116148 10.25
0.23296899560525025 0.028081832901058146 10.29
0.2315185712499383 0.04598779473878274 10.32
0.22996668740110052 0.045168926995680814 10.35
0.22818586295769497 0.055118982439885264 10.39
0.22701748299530503 0.037630106709470285 10.42
0.22607931667673373 0.03165262890273521 10.45
0.22302643809621656 0.09484548032961128 10.49
0.2209934922474548 0.0616631609367073 10.52
0.21985727268429678 0.038144621552913614 10.56
0.21852266303010037 0.04434772076613349 10.59
0.2161433120258695 0.07247335637081267 10.62
0.21367421929266364 0.08489603416663137 10.65
0.2122771352565022 0.04538411736737965 10.69
0.21118831523459483 0.03573544545808527 10.72
0.2080581138543401 0.09753423036856147 10.75
0.20731570817861406 0.030978655692799267 10.79
0.20486862187449661 0.07616824667624252 10.82
0.20320146203912962 0.04962201380819241 10.85
0.20112275714569394 0.06276999098614904 10.89
0.19866005620134322 0.078959014999354 10.92
0.1967811565950617 0.05846363080719857 10.95
0.19412567258913008 0.08104213937451651 10.99
0.19277718333647162 0.04848674583039939 11.02
0.1906307445938667 0.06282150182404979 11.06
0.18951456485879153 0.04140929274102019 11.09
0.18778720459614084 0.059738996264727784 11.12
0.1867983609240477 0.031387306579724335 11.15
0.1854916867473241 0.04218842562627293 11.19
0.18439504712070157 0.029840471435033787 11.22
0.18273483799815626 0.054323755007660166 11.26
0.18150280826878643 0.03644425899835679 11.29
0.1804253286390476 0.037650920463889584 11.32
0.1795036000030536 0.03194137812945632 11.36
0.17831147260458413 0.03618675724549474 11.39
0.17725774096694086 0.03524193357413924 11.42
0.1769758331080911 0.014093560049830608 11.45
0.17690571110240694 0.00511762008340756 11.49
0.17691175903431242 0.0087239559417896 11.52
0.1772651128222998 0.01797075669144382 11.55
0.1789898950033412 0.06460969708546498 11.59
0.17958529383380642 0.03300951550114125 11.62
0.18079785918079608 0.04539490185318384 11.65
0.18261379639723002 0.06716902607036654 11.69
0.18372374366915223 0.0363663220367325 11.72
0.18494080099146354 0.043834771481134946 11.75
0.18632968779402453 0.045323029630356754 11.78
0.18706649330333758 0.029807300633571142 11.82
0.18646996837132254 0.024109342132151754 11.86
0.18673397664016167 0.019481847659677944 11.89
0.1867801895250083 0.018825373125638423 11.92
0.18639116892488963 0.018972769142824364 11.95
0.18598372811541045 0.022130031116565366 11.99
0.1856013121336144 0.01935779486594964 12.03
0.18534531683436545 0.019068758422177316 12.06
0.18496491026189624 0.025622574676152903 12.09
0.18530802875217148 0.026001812337604888 12.12
0.1852843662601874 0.028186452557964953 12.15
0.18484239561876314 0.026201798258013737 12.19
0.18484485107956092 0.019027748642635442 12.22
0.18489279794275618 0.016665939585456854 12.25
0.18498952540221658 0.01355788304396673 12.29
0.18537248047055047 0.013751128486985046 12.32
0.1855469261821408 0.008758346056677932 12.36
0.18674905867311156 0.03188782438569761 12.38
0.18869965935251495 0.07005302485131704 12.42
0.19078912432581946 0.06424340608080445 12.45
0.19511729355705798 0.1311346630513296 12.49
0.20205752589674555 0.21365760573325934 12.52
0.21077090438178842 0.2445640710408742 12.55
0.2225923838596813 0.3707118173190339 12.59
0.23540157209715332 0.3889990974501441 12.62
0.25049300963084287 0.46139079667491806 12.66
0.2668474666463418 0.4609728632895479 12.69
0.284332888621527 0.5541688312562364 12.72
0.3027610924633582 0.6009712714542189 12.75
0.32400728285135866 0.6294092017746786 12.78
0.3475673744674808 0.7380182364421972 12.82
0.37502783636507014 0.8609578396890096 12.85
0.40405911356475976 0.8109908949073033 12.88
0.43448898244320566 0.9883399110346376 12.92
0.4646987915051655 0.8915779886936663 12.95
0.4932310848787524 0.9225136199798886 12.98
0.5178152138629301 0.7465411204850632 13.02
0.539097847002153 0.5918039278749043 13.05
0.5570495294049027 0.5796956327867043 13.08
0.570036069122472 0.38371182744835847 13.12
0.5797252158578488 0.2879870486918371 13.15
0.5876271424080989 0.23363391771028205 13.19
0.5933225910291036 0.16006619051584284 13.22
0.5985333135063354 0.17007351131078882 13.25
0.6037143684892016 0.1528876195689666 13.28
0.6085285354778945 0.14726704529284146 13.32
0.6105507845107755 0.06421856910741106 13.35
0.6173184447954787 0.18802053547940664 13.39
0.6224974187647461 0.1639752885314194 13.42
0.6238720976106825 0.04989768442391883 13.45
0.6325645127518424 0.26362718751378456 13.48
0.635154213457635 0.08359430100831594 13.52
0.6430514580734333 0.23264544413270447 13.55
0.647711318880517 0.14959332104181347 13.59
0.6495269483154792 0.06222785564465501 13.62
0.6529894008989525 0.11510795354858565 13.65
0.6577771860204679 0.16990707578382835 13.68
0.6577320440039309 0.06365621320656974 13.72
0.6674898526628994 0.3109735468141216 13.75
0.6669693320628343 0.03550597512395673 13.78
0.6748060519668775 0.23918571316210765 13.82
0.6786002752358725 0.12171587391658972 13.85
0.68059992552591 0.058858879961867706 13.88
0.6789350166942946 0.05786845275214456 13.92
0.682120799201937 0.09727423617444385 13.95
0.6874613046479368 0.1631110197173228 13.98
0.6880247250231806 0.023198044271946352 14.02
0.6903349129171048 0.06905721334125696 14.05
0.6885462841038238 0.056878318828696886 14.08
0.6868713537422085 0.051761835487329856 14.12
0.6869757242192198 0.024852347958675466 14.15
0.6965423743579873 0.28293750879342117 14.19
0.6996019919940876 0.1000406058912248 14.22
0.6947092276556918 0.16687380638522936 14.25
0.6967390655398426 0.09437154570814968 14.28
0.7010575226732396 0.14430565369592932 14.32
0.7041126862248271 0.09650947616905098 14.35
0.7049718554252882 0.03450258448957333 14.38
0.7032325460836254 0.05586048587520097 14.42
0.7015326393451252 0.05954250833831391 14.45
0.7043605468641633 0.09467214830947623 14.48
0.7049236421942704 0.03988524652199408 14.52
0.6989904399887059 0.16708176860029386 14.55
0.6976010221111693 0.04707321259643872 14.58
0.6945802826901372 0.09032745673512475 14.62
0.6987254716387237 0.12726349366424217 14.65
0.697331331663086 0.04521941245538743 14.69
0.6960773594129499 0.03952733706184334 14.72
0.6983903665203338 0.07566554616992789 14.75
0.6959644375936642 0.07193980450527498 14.78
0.6940144216798824 0.05762253928845992 14.82
0.6917781027850661 0.07214352523170214 14.85
0.6856940553639439 0.1738823733861047 14.88
0.6858592113383803 0.005959215432428015 14.92
0.6904863210446549 0.14077867946532316 14.95
0.6875757102624391 0.09152928983485178 14.98
0.6860730761524811 0.04436255712333577 15.02
0.6815380252302584 0.13010100771738822 15.05
0.6826851246705916 0.04002848838996069 15.08
0.6833097670968392 0.02362649098513257 15.12
0.6817920458928425 0.04629587778619137 15.15
0.675594594151273 0.18821959644973352 15.19
0.676639417169059 0.032801694360047325 15.22
0.6721961873515013 0.1434796405908102 15.25
0.6703472205297317 0.05319012092235902 15.28
0.6707757766628959 0.018067961913087887 15.32
0.6693280862552257 0.04270278561049316 15.35
0.6670629282075575 0.06486133469161134 15.38
0.6629739051003559 0.12394458219028762 15.42
0.6611553649587323 0.04942829574728738 15.45
0.6625555606805358 0.04555680777291399 15.49
0.6587649708531556 0.11165572031722391 15.52
0.6563439501112058 0.07338854652816297 15.55
0.652720701198798 0.11724471042040452 15.58
0.653319698828381 0.02138066760037866 15.62
0.6535993620591821 0.013502347994985555 15.65
0.650824882832288 0.09306228215143 15.68
0.6492806429071506 0.04431270763403756 15.72
0.6426376495082513 0.19532485592351892 15.75
0.6423177279489183 0.012968120244550069 15.78
0.6437856452710488 0.043652989547490174 15.82
0.6405848763713441 0.09890664431219136 15.85
0.6369682024806936 0.10547910095914789 15.88
0.6329336072088524 0.13301760105014054 15.92
0.6295142966209362 0.1018582701380533 15.95
0.6282417561934533 0.05333928315682613 15.98
0.6280310803903899 0.026420298456348405 16.02
0.6261000734384811 0.05776168041802008 16.05
0.619419840475268 0.210691195402457 16.08
0.6158046723770275 0.11540875874561116 16.12
0.6137725275714097 0.0703964595726853 16.15
0.6115892884131252 0.06582804107775157 16.18
0.6115536709512502 0.011676129581766155 16.22
0.6060264916128746 0.16862740092020473 16.25
0.6039744403194726 0.06364839356445721 16.28
0.6005748057581524 0.10823048754652558 16.32
0.5972188777521413 0.09732381030712653 16.35
0.5962636033069165 0.03244188133348086 16.38
0.5918169366711385 0.13988570348934 16.42
0.5917966974103807 0.017943952290689052 16.45
0.5886595933991777 0.09374172098366958 16.48
0.589174981081707 0.027282217926234316 16.52
0.586985388150847 0.06572671970599278 16.55
0.587447718331846 0.026016911578429235 16.58
0.5847311295250082 0.08075950252056671 16.62
0.57971994569729 0.15723877414904758 16.65
0.5803673173080369 0.028328925486912356 16.68
0.5787599560510912 0.05057283921541367 16.72
0.579076860265287 0.027109522781392153 16.75
0.5778235949913956 0.04760933397500063 16.78
0.5780831532078611 0.03169246794594324 16.82
0.576182962360639 0.06159745129806236 16.85
0.5766245001057421 0.0237387094400496 16.88
0.574616571830428 0.06278675409789988 16.92
0.5746360047019451 0.014916414849701765 16.95
0.5752975447238521 0.03376815479281516 16.98
0.5746962920421081 0.030800439997738717 17.02
0.5706034008861254 0.11198268064159933 17.05
0.5703147171942393 0.016638322452105895 17.08
0.5668151809391327 0.10327955422062848 17.12
0.5653606961044948 0.04543657832819253 17.15
0.5627642219565165 0.07861546702282261 17.18
0.5589267081453474 0.112544215059607 17.22
0.554643898427433 0.13906297919957636 17.25
0.550639649014276 0.1275539860692424 17.28
0.5438080575060118 0.21479496407600226 17.32
0.5397131568741509 0.14905363536815747 17.35
0.5304424845885376 0.27485015667833435 17.38
0.5224030130868813 0.25495133306346945 17.42
0.5127555243299686 0.29906761012645217 17.45
0.5013592698193674 0.3388133956915448 17.48
0.4907070509469358 0.33531052531495736 17.52
0.47884542873180325 0.3141076474185624 17.55
0.46743313016900917 0.38236997980533416 17.58
0.45379626491856523 0.4026642918689191 17.62
0.4432140625551652 0.32442065561979916 17.65
0.43371009624977463 0.3019820445587639 17.69
0.4217392051773374 0.32728507999025913 17.72
0.4108901492951035 0.3654546852673127 17.75
0.40228916497400374 0.2575311981391125 17.78
0.3913673887594436 0.3337210788765086 17.82
0.383326835009255 0.23814363168468014 17.85
0.37326176438117725 0.29742138519414163 17.88
0.3633847843571067 0.3022726687620352 17.92
0.3557515593666672 0.22101870089041162 17.95
0.34806297943338466 0.25316164583286555 17.98
0.3423338781400894 0.17269962700705488 18.02
0.3350874625384421 0.21021929575044174 18.05
0.3283751757787007 0.20862463297063338 18.08
0.32320509881037895 0.17451002068997248 18.12
0.3188281502044177 0.1315766340830952 18.15
0.31116018502397563 0.23498453931017485 18.19
0.30737979432282675 0.11407847687771545 18.22
0.30150345188345773 0.18576873111311393 18.25
0.2967120595902647 0.1391440563083487 18.28
0.29149745467002053 0.16533899064749044 18.32
0.2859323651935289 0.17020043157995415 18.35
0.2827057913577453 0.08800040034264231 18.38
0.277823218533886 0.16485272628001466 18.42
0.2739836982949326 0.11751632517545377 18.45
0.27064661585445887 0.10891322851060518 18.48
0.2659298335574114 0.15105785789519804 18.52
0.2629355237023701 0.09655276212443986 18.55
0.2595121122790202 0.11973204935530962 18.59
0.25576751497111433 0.12001547363382069 18.62
0.2531638386231198 0.08479716638781956 18.65
0.25166991839774944 0.04578310128837554 18.69
0.2493865877981795 0.0688883408583444 18.72
0.24762506757070735 0.05727456936155863 18.75
0.2453695976231379 0.07181790723247707 18.78
0.24374869571114813 0.05088377895461026 18.82
0.24298522539509654 0.025086726336873855 18.85
0.24061653596981664 0.06645348785919956 18.88
0.2396712133937953 0.032923233823590914 18.92
0.2381067453379157 0.04547757347747415 18.95
0.23699116283732688 0.033594361082147375 18.99
0.23594083978057503 0.03374728081558884 19.02
0.23374567538375066 0.06590711912813647 19.05
0.23266818125044889 0.03897783611620557 19.09
0.23125185212188443 0.04697311466507396 19.12
0.23027517531239017 0.044279786276872464 19.15
0.2281527580587199 0.07405509353266873 19.19
0.2257865593177694 0.07232976304390118 19.22
0.2241835663189469 0.05911794217398014 19.25
0.2223942012580284 0.06286769686662518 19.28
0.2205396453687363 0.06756391661314286 19.32
0.2179038047370993 0.08126921496345522 19.35
0.2158393094958119 0.061866285810031306 19.39
0.21457405702166943 0.04455554702794238 19.42
0.2128456924645237 0.05587966054940835 19.45
0.21166849241769511 0.035612117192835385 19.49
0.20990565639038755 0.055011051460392715 19.52
0.20850957419630786 0.04117217184978154 19.55
0.20676867279598152 0.05646465974171348 19.59
0.20529227837624026 0.0441766610688088 19.62
0.20379292687891135 0.04630160787109575 19.65
0.20204858843588225 0.05396342670443978 19.69
0.20082811652447863 0.036571414410587706 19.72
0.19984641459381744 0.033234123879264554 19.75
0.1985891158396886 0.03891068428169741 19.79
0.19643259173573094 0.0638498361780547 19.82
0.19486868128568607 0.04971895066525024 19.85
0.1932512896459366 0.04910649422720688 19.89
0.19229018383980656 0.036486522397365335 19.92
0.19035644157375284 0.05933543462313039 19.95
0.18948455394135902 0.032660618780945415 19.99
0.18780471601874735 0.050613024029511976 20.02
0.18658642483635904 0.0366299625439832 20.05
0.18482452002617256 0.055824672605855365 20.09
0.18377992231543094 0.034142899734497294 20.12
0.18257067186582351 0.03803601043698308 20.15
0.18169063521896153 0.02769715095655077 20.19
0.18062864960435107 0.03290224208173238 20.22
0.17888674210083766 0.05910673184291246 20.25
0.17797218744233365 0.030600373886772367 20.29
0.17660674553152617 0.04229869687163427 20.32
0.17586913907788687 0.024197832474853676 20.35
0.1747512387254788 0.03318936942170304 20.39
0.1745052422516849 0.01346623971836315 20.42
0.17274461421014178 0.05430340121529998 20.45
0.17207548012837073 0.024319706243197882 20.49
0.1719526684670187 0.013372619337137088 20.52
0.1708089532665672 0.0350558551776029 20.55
0.17084492052536285 0.012682605416604112 20.59
0.17006399548538909 0.0253417247408127 20.62
0.1697091602141183 0.015240163872840287 20.65
0.16974327214955856 0.009371531425407075 20.69
0.16978164222826314 0.01137168413663 20.72
0.16914860537194923 0.02011706227947384 20.75
0.1697525945108581 0.02089555772945937 20.79
0.16931076657046293 0.01473339066857229 20.82
0.17026946092274897 0.03264121985912352 20.85
0.1706770097772357 0.01511045737924335 20.89
0.17103324074624016 0.012155020378529299 20.92
0.1717572284536952 0.02635138525958742 20.95
0.17254733670912525 0.02328176246201506 20.99
0.1731062471683112 0.0186703838782232 21.02
0.1738556751626144 0.02479627092837951 21.05
0.17481450422022485 0.03754373190504097 21.09
0.17537597855602366 0.02591255877594204 21.12
0.17575640723168667 0.02390908831512986 21.15
0.17617002164871565 0.02342645698881866 21.19
0.17691778142729891 0.025589015316949834 21.22
0.1770700875276465 0.01796754154380895 21.25
0.17789544838513846 0.03018424235002925 21.28
0.17920260098476812 0.044691022477529374 21.32
0.1805088732703225 0.04299591966156248 21.35
0.1821729767197455 0.05320014948099205 21.39
0.18583379795245134 0.11557741618524009 21.42
0.1894348762782763 0.11683195065505277 21.45
0.19542548413600339 0.18471803765721695 21.49
0.20412026839516814 0.2531911356089487 21.52
0.21624677341535725 0.3737302260488964 21.55
0.2354130729446603 0.6124727447714541 21.58
0.2640702058654201 0.9145386581322607 21.62
0.3000531648789325 1.1913502692717155 21.65
0.34029133671357736 1.2593184068911516 21.69
0.38360785153151244 1.2199171296832763 21.72
0.42885840182588253 1.4663687097989564 21.75
0.4652562875590223 1.1411421476162964 21.78
0.508957943262467 1.2894370613246935 21.82
0.5458215921637137 1.0857565026945704 21.85
0.5823311074040797 1.0498953075216209 21.88
0.61352888885175 1.0218524899841777 21.92
0.645751120901407 0.9548500801269632 21.95
0.6772713389036072 1.0238248778945347 21.98
0.7004815243582154 0.6918919298504201 22.02
0.7308728112825503 0.8254453480848284 22.05
0.7557469390712331 0.8310628219767549 22.08
0.772573300370599 0.5111202021983556 22.12
0.7922763152353589 0.579098226064712 22.15
0.8111089572648774 0.5715860770325933 22.18
0.824095722301464 0.3622191287903667 22.22
0.8331136003406705 0.28223283436762997 22.25
0.8468447025436747 0.41664421429966525 22.28
0.8588641738221674 0.3661052279281156 22.32
0.8640609667294415 0.15188426552254464 22.35
0.8701555480052792 0.179454047217236 22.38
0.8766067342957063 0.21613269388194056 22.42
0.8810738218791115 0.1398107461676873 22.45
0.8823186975037349 0.11590053146698072 22.48
0.888029559312661 0.2185923412901044 22.52
0.8968200454810078 0.29201580105250047 22.55
0.8821841810647174 0.4642688465868344 22.58
0.8761936193520509 0.22479488484531154 22.62
0.8706472789542103 0.20912388414691074 22.65
0.868344222497269 0.11055307009458312 22.68
0.858462218143268 0.30570651633151974 22.72
0.8542044301715124 0.16162126285395936 22.75
0.8444511177624321 0.3027131632758752 22.78
0.8409569908219544 0.11509815648592416 22.82
0.8353241636963359 0.18252369969664642 22.85
0.8272818497805318 0.23231691874256688 22.88
0.8243893974794867 0.09299896701465561 22.92
0.8175307311382258 0.19289471034852018 22.95
0.8106436923472231 0.23413937571066312 22.98
0.7981191993833053 0.3691424877997612 23.02
0.7922114921966416 0.16440667226911504 23.05
0.7872159047265586 0.16925757721875967 23.08
0.7756100730994543 0.34234052533100745 23.12
0.7674129033380406 0.2454232138232404 23.15
0.7633701583455792 0.13483045667430402 23.18
0.7559452870354312 0.2257550917159179 23.22
0.7530972893960509 0.11386233084535619 23.25
0.7412726674541732 0.34672191499563726 23.28
0.7372029693620766 0.14864331219561447 23.32
0.7305184757438007 0.23089461800050437 23.35
0.7213435412850067 0.2764331692194059 23.38
0.7117450529072941 0.33734590801009634 23.42
0.7083718139424303 0.15844031084025761 23.45
0 0 23.48
0.6919257783967308 0.6018615989876468 23.52
0.6733607014601535 0.52218513729486 23.55
0.658633426652009 0.5395452115537648 23.58
0.6399340545928419 0.6217264336010794 23.62
0.6100173062794569 1.1456143266291596 23.65
0 0 23.68
0 0 23.71
0 0 23.75
0 0 23.78
0 0 23.81
0 0 23.85
0 0 23.88
0 0 23.92
0 0 23.95
0 0 23.98
0 0 24.02
0 0 24.05
0 0 24.08
0 0 24.11
0 0 24.15
0 0 24.18
0 0 24.21
0 0 24.25
0 0 24.28
0 0 24.31
0 0 24.35
0 0 24.38
0 0 24.41
0 0 24.45
0 0 24.48
0 0 24.51
0 0 24.55
0 0 24.58
0 0 24.61
0 0 24.65
0 0 24.68
0 0 24.75
0 0 24.76
0 0 24.78
0 0 24.81
0 0 24.85
0 0 24.88
0 0 24.91
0 0 24.95
0 0 24.98
0 0 25.01
0 0 25.05
0 0 25.08
0 0 25.11
0 0 25.15
0 0 25.18
0 0 25.21
0 0 25.25
0 0 25.28
0 0 25.31
0 0 25.35
0 0 25.38
0 0 25.41
0 0 25.45
0 0 25.48
0 0 25.52
0 0 25.55
0 0 25.58
0 0 25.61
0 0 25.65
0 0 25.68
0 0 25.72
0 0 25.75
0 0 25.78
0 0 25.81
0 0 25.85
0 0 25.88
0 0 25.92
0 0 25.95
0 0 25.98
0 0 26.02
0 0 26.05
0 0 26.08
0 0 26.12
0 0 26.15
0 0 26.18
0 0 26.22
0 0 26.25
0 0 26.28
0 0 26.32
0 0 26.35
0 0 26.38
0 0 26.41
0 0 26.45
0 0 26.48
0 0 26.52
0 0 26.55
0 0 26.58
0 0 26.61
0 0 26.65
0 0 26.68
0 0 26.71
0 0 26.75
0 0 26.78
0 0 26.81
0 0 26.85
0 0 26.88
0 0 26.92
0 0 26.95
0 0 26.98
0 0 27.02
0 0 27.05
0 0 27.08
0 0 27.11
0 0 27.15
0 0 27.18
0 0 27.21
0 0 27.25
0 0 27.28
0 0 27.31
0 0 27.35
0.38712576569899004 6.513424060865099 27.38
0.39981849985650203 0.8890558009727226 27.42
0.40955693271746946 0.8720225662579439 27.45
0 0 27.48
0.43323099200320697 1.654620368772793 27.52
0.44325216020945485 0.5107081247935503 27.55
0.4526794704588717 0.4421421023600375 27.58
0 0 27.61
0.46280221133917315 0.4994277029489509 27.65
0.4696111250815194 0.19976013799244377 27.69
0.4737188181547975 0.12710572603963488 27.72
0.4795400485987662 0.19454278332176664 27.75
0.48406288311445805 0.15107080709449983 27.78
0.49052639490333017 0.19659245405483594 27.82
0.5008519243750706 0.31226566000671857 27.85
0.5062360730811709 0.19421559068117572 27.88
0.51544472597345 0.30165151156992653 27.92
0.5204863298669634 0.16698976940750168 27.95
0.5263683429355159 0.19853805970406746 27.98
0.5313887299566746 0.159354854281673 28.02
0.5289484941243469 0.10826951645153982 28.05
0.5283596541668658 0.08354214072902058 28.08
0.5246230900725265 0.12483130226406805 28.12
0.5261819551078277 0.05945222302974971 28.15
0.5233263414025963 0.09480993062223599 28.19
0.5210063267595411 0.06704276640333322 28.22
0.520002504473973 0.04982426456485761 28.25
0.5207814661095044 0.051864869014224095 28.28
0.5200804618063386 0.054795079315996274 28.32
0.5180385777776986 0.08126141026304838 28.35
0.5156330942218189 0.09856646284737677 28.38
0.5157727074583098 0.04944007825648771 28.42
0.515991215056408 0.037481964857295484 28.45
0.5141260202860877 0.06716770126935259 28.48
0.5126316675404512 0.05792029718722012 28.52
0.5111623981557939 0.04850871753372315 28.55
0.5101856871865543 0.04564225072905261 28.58
0.5084110454487484 0.061144117862157704 28.62
0.5059235552487157 0.08063610927792719 28.65
0.505267065923345 0.03722317931466163 28.68
0.5047583684566394 0.024689312937852172 28.72
0.5035853504176523 0.04096883617360481 28.75
0.5023701686410829 0.03935270404883872 28.78
0.5028189836846183 0.019930649835973258 28.82
0.5004959261448205 0.0720993243176836 28.85
0.501112239191454 0.030025462786985143 28.88
0.49958424389646133 0.05803306155355963 28.92
0.4977853752752375 0.058279746366532395 28.95
0.49663347520627865 0.044534821356494926 28.98
0.49810091813009394 0.04784224796633673 29.02
0.49545832754425667 0.07687484590672197 29.05
0.49566646112529456 0.025739187514981585 29.08
0.49432963386634104 0.04176772230587525 29.12
0.4926673988336719 0.05044542920873486 29.15
0.4902985039012303 0.07439045830922969 29.18
0.489220573228941 0.030638127913077507 29.22
0.48952048157036665 0.019393444609505133 29.25
0.486395724247525 0.10059450655741455 29.28
0.48446180201323125 0.06936838167004063 29.32
0.48098786082027617 0.1044824363922896 29.35
0.480024373021089 0.06116816479616496 29.38
0.4722827616741171 0.27142624216728556 29.42
0.4647982710838686 0.2517802440908112 29.45
0.45856525454561986 0.22787424398404402 29.48
0.44934647760497465 0.31091806720843557 29.52
0.4406531717647957 0.27078020866899216 29.55
0.4301346441772192 0.35327088350080094 29.58
0.41927110479517327 0.33003171987460744 29.62
0.4093626639864664 0.30835810649257084 29.65
0.39893481543798254 0.32179310573608033 29.68
0.38698347612412454 0.3460838509760428 29.72
0.3726560317131656 0.4669631452063172 29.75
0.3586334608027107 0.41845814972221607 29.78
0.3448550029021442 0.4036612827557467 29.82
0.327110873529655 0.549503359745297 29.85
0.31147853129829667 0.4594185178195767 29.88
0.29556794052794205 0.5086145712368603 29.92
0.27930841960120695 0.47708118126899296 29.95
0.26279805167532627 0.5629836113218128 29.99
0.24849338182658987 0.4446679759680022 30.02
0.23541655976473486 0.40251937414868605 30.05
0.2256704276431742 0.33031841003658147 30.08
0.21760524020350103 0.2677003633540486 30.12
0.21266461556714553 0.16878726611647998 30.15
0.20943610186918732 0.11649122333466269 30.19
0.20675815944126488 0.10590025928034251 30.22
0.20543091423400991 0.07517292273205474 30.25
0.2046857812792759 0.05455032637632382 30.28
0.20467519844416357 0.04414775952799287 30.32
0.2051071099369581 0.03836500882605755 30.35
0.2056260234603894 0.0376905264320317 30.38
0.20646046282862013 0.03880908735133978 30.42
0.20736178546322212 0.03094664672457028 30.45
0.20773215089862967 0.023675231708698546 30.48
0.20865685295823583 0.03386266633149453 30.52
0.20985949400089957 0.040346481802447084 30.55
0.21033573835719618 0.037251090234585955 30.59
0.2111062278309276 0.032881918403868816 30.62
0.21162985060175368 0.026047166980647487 30.65
0.21228760406961286 0.02169213847273549 30.68
0.2117204711985162 0.0181405354170589 30.72
0.21173222055735455 0.002012549059397814 30.75
0.21244727462933427 0.022402966697818646 30.78
0.21144924552208225 0.030779647777437774 30.82
0.2119856090525167 0.020176177082184967 30.85
0.21180961482815816 0.01978744041387581 30.88
0.21107691315550317 0.03299598013495689 30.92
0.21070678842504673 0.022648474873756236 30.95
0.21001599196197715 0.028863438303562437 30.98
0.21023654109361728 0.014237849657723272 31.02
0.20891834317769095 0.0388770449075338 31.05
0.2093104273389608 0.015244540016502037 31.08
0.20899184670908721 0.015180879149973682 31.12
0.20901993754342982 0.016490852608830278 31.15
0.20843848908602644 0.02015424066869456 31.18
0.20922779234504785 0.026639301488591786 31.22
0.20827656265664563 0.03593596010359479 31.25
0.2081281628316341 0.012347273084769572 31.29
0.20842428480857209 0.009862896011043936 31.32
0.20797904741599713 0.01819046335077378 31.35
0.2081379627784824 0.01678107159327353 31.38
0.20764953397141242 0.025970709345314813 31.42
0.20818199976955287 0.018362589368738105 31.45
0.20773097148514366 0.01598079109841862 31.48
0.2078109137584242 0.011852423048410388 31.52
0.2078452154691886 0.010323023512794014 31.55
0.20688988652042573 0.03205543255970811 31.58
0.2076919561359391 0.02551450920629596 31.62
0.2072763307148939 0.01864924589859445 31.65
0.20766022782643495 0.01354577598781828 31.69
0.2076162078863922 0.00630420045726793 31.72
0.20738514069744285 0.010079319093869155 31.75
0.20748356712212446 0.01536044776375397 31.78
0.20773345819652525 0.015271261231015364 31.82
0.20808190901100526 0.018743195185176066 31.85
0.20773789542599513 0.02097378440682701 31.88
0.20831503226876052 0.02623349604259502 31.92
0.20767703268807086 0.023631680518460013 31.95
0.20852905695416551 0.026688324237903804 31.98
0.20862741984157485 0.011750294384909033 32.02
0.20788909802695227 0.022472160743222235 32.05
0.20810056129656918 0.009626113494287795 32.08
0.20741168335219365 0.021465485347710898 32.12
0.2076696523471462 0.008186735535841693 32.15
0.20733060779347817 0.015043006582595924 32.19
0.20748129722106406 0.01749505072974895 32.22
0.20725718801149076 0.018763029864897363 32.25
0.20690458142640833 0.019653415486829598 32.28
0.20617395247520737 0.025947317251614577 32.32
0.20677167302451827 0.017937665290182477 32.35
0.2060038027885306 0.0234331972611357 32.38
0.20598432386496063 0.002888062876633632 32.42
0.2056153424793108 0.013220056866976143 32.45
0.20606622481418566 0.013747277377532088 32.48
0.2056653174080655 0.012291783559419544 32.52
0.20539754479484723 0.00787193774857304 32.55
0.20484683178016988 0.01777649584649766 32.58
0.20523215339535897 0.011730570018324131 32.62
0.20493798302860466 0.015543785539213243 32.65
0.2049496953487498 0.022840965872385266 32.69
0.20534703391050102 0.02119603807519184 32.72
0.20497561433158726 0.040873036891029446 32.75
0.20504091096107005 0.034924279060745286 32.78
0.2055463419850501 0.03236267390148103 32.82
0.20548487315907457 0.0276997632812208 32.85
0.20523566803118573 0.017458458160476246 32.88
0.2059219306305458 0.021581358826109325 32.92
0.20562659101737896 0.00979891947136196 32.95
0.20592535131411624 0.015879705950515688 32.98
0.20684922622492377 0.03230075122011202 33.02
0.2065825828943141 0.01640532789034169 33.05
0.20670677688763273 0.018256214060530445 33.08
0.2062021566097338 0.022921736224108636 33.12
0.20630063253537712 0.012922387388296437 33.15
0.20576635346217845 0.018459548248955945 33.19
0.20604512034414257 0.013180047387332833 33.22
0.20591359624885952 0.02218322231929746 33.25
0.20599676198136926 0.015236051589255097 33.28
0.2053638691912605 0.023372106606977767 33.32
0.20524107810738165 0.01349617643149567 33.35
0.205370942810338 0.013772964904135444 33.38
0.2053268643351033 0.010928232777526926 33.42
0.205689462052631 0.013129669594217888 33.45
0.20561584390500257 0.012495710574246966 33.49
0.20587270826741041 0.00775238995446922 33.52
0.20613432822673608 0.015937888743066377 33.55
0.20554841591104955 0.02727682337109421 33.59
0.204785828253868 0.03665700779699089 33.62
0.20216364148065324 0.10445374683508848 33.65
0.19845368204029518 0.13002191561214085 33.69
0.19452001164640792 0.1228453711970477 33.72
0.18857923674581334 0.20179702183309073 33.75
0.1841025335643128 0.14404213009700104 33.78
0.17936792974494842 0.14424074193151568 33.82
0.17527753142766403 0.13270433689894018 33.85
0.17254301058534446 0.08055745083591802 33.88
0.1693157638511221 0.09901649078566012 33.92
0.167151831567857 0.06980082689334952 33.95
0.1656676801597144 0.05585498327359403 33.98
0.1644577610728248 0.040173077776115076 34.02
0.16410957661179756 0.020337732785082448 34.05
0.16414914252334745 0.0159643095966637 34.08
0.16418160236410767 0.01434294834561514 34.12
0.16469156469315452 0.023705541084853895 34.15
0.16502907374014747 0.014902186221913418 34.19
0.16553960162961584 0.01582236543123627 34.22
0.1651654328999674 0.017251493147336414 34.25
0.16574422350003748 0.02014759277431434 34.28
0.16640336369061295 0.020028043439877706 34.32
0.16619631124377776 0.010830163529425462 34.35
0.16680362970517343 0.019681296341903833 34.38
0.16701083670807843 0.008612426586544476 34.42
0.16701539212907482 0.007251535662608379 34.45
0.16771418936708068 0.02310395902703166 34.48
0.16766143472130252 0.0026540448870239425 34.52
0.16731779414957848 0.010292522944673737 34.55
0.16808514282333809 0.024189266628907843 34.58
0.16791380863288619 0.00872153860651175 34.62
0.1679255687693813 0.00608368245844385 34.65
0.16761653817180927 0.011555783233402133 34.68
0.16731533389232567 0.011254193347904154 34.72
0.16763741822345948 0.01387401023289579 34.75
0.16735348353918084 0.015123156051745324 34.78
0.16760072865280803 0.015431296468401658 34.82
0.16785164296327462 0.01917219711153016 34.85
0.16860042094977346 0.027807112386618697 34.88
0.16813572975395474 0.02346540761614551 34.92
0.16840795056116237 0.015615560420150573 34.95
0.1690346614767373 0.0206557847820418 34.98
0.16864697111148894 0.013181535268688645 35.02
0.1691147813814854 0.013865425552908742 35.05
0.16898103951445842 0.006024597235775256 35.08
0.1693953075102491 0.012737923108339532 35.12
0.16913693587650994 0.010143360174174871 35.15
0.16966035891571535 0.01812819738618626 35.18
0.16990428306651315 0.01454229551168569 35.22
0.17110772493018947 0.0382702231814669 35.25
0.17316294026380102 0.06143890736020231 35.28
0.1756889090200473 0.08094700566236925 35.32
0.18011510843854628 0.12350759502934994 35.35
0.18716949800172905 0.20825637124495996 35.38
0.1982442660482121 0.41143694604841813 35.42
0.21243379192949918 0.43217654060483224 35.45
0.22849975758133995 0.5182891457032439 35.48
0.24701711253157796 0.5552451998692869 35.52
0.26625643416603845 0.5784411083779231 35.55
0.28700145215471584 0.7030783510432859 35.58
0.30739751444254854 0.5887048406613776 35.61
0.32948780226620916 0.6954794835769104 35.65
0.3531122952840942 0.7027641347275294 35.68
0.3740863856522108 0.6131027663814037 35.71
0.3961563741159268 0.7564601384145743 35.75
0.41947798314044665 0.719032294053274 35.78
0.44360290820806186 0.7400176679544429 35.81
0.4630431206073043 0.5974614144197526 35.85
0.4823309188078907 0.5906741804466218 35.88
0.498713709826519 0.5639556975046703 35.91
0.5144453316000476 0.5130484702449201 35.95
0.5262353379272899 0.457724636503857 35.98
0.538171278550709 0.41680262891675046 36.02
0.5473772329835395 0.2770090904103222 36.05
0 0 36.08
0 0 36.11
0 0 36.15
0 0 36.18
0 0 36.21
0.5827021098734243 1.3413406099861254 36.25
0 0 36.28
0 0 36.31
0 0 36.35
0 0 36.38
0 0 36.41
0 0 36.45
0 0 36.48
0 0 36.51
0 0 36.54
0 0 36.58
0 0 36.61
0 0 36.65
0 0 36.68
0 0 36.71
0 0 36.74
0 0 36.78
0.6072808608625799 0.9226042846652999 36.81
0 0 36.85
0 0 36.88
0 0 36.91
0 0 36.94
0 0 36.98
0 0 37.01
0 0 37.05
0 0 37.08
0.599769158055573 0.3785824629146907 37.11
0 0 37.15
0 0 37.18
0 0 37.21
0 0 37.25
0.6006365893621465 0.1294915213481082 37.28
0 0 37.31
0 0 37.35
0 0 37.38
0 0 37.41
0 0 37.45
0 0 37.48
0.6076703144441129 0.2889763314143984 37.51
0.5940509949202113 0.40208530584887725 37.55
0.5936660286095022 0.04375542802460308 37.58
0 0 37.61
0 0 37.65
0 0 37.68
0 0 37.71
0 0 37.74
0 0 37.78
0.576185945740418 0.7691854995198933 37.81
0 0 37.85
0 0 37.88
0 0 37.91
0 0 37.95
0 0 37.98
0 0 38.01
0 0 38.04
0 0 38.08
0 0 38.11
0 0 38.15
0 0 38.18
0 0 38.21
0 0 38.25
0 0 38.28
0 0 38.31
0 0 38.35
0 0 38.38
0 0 38.41
0 0 38.44
0 0 38.48
0 0 38.51
0 0 38.54
0 0 38.58
0 0 38.61
0 0 38.65
0 0 38.68
0 0 38.71
0 0 38.75
0 0 38.78
0 0 38.81
0 0 38.85
0 0 38.88
0 0 38.91
0 0 38.94
0 0 38.98
0 0 39.01
0 0 39.05
0 0 39.08
0 0 39.11
0 0 39.14
0 0 39.18
0 0 39.21
0 0 39.24
0 0 39.28
0 0 39.31
0 0 39.35
0 0 39.38
0 0 39.41
0 0 39.44
0 0 39.48
0 0 39.51
0 0 39.55
0 0 39.58
0 0 39.61
0 0 39.65
0 0 39.68
0 0 39.71
0 0 39.75
0 0 39.78
0 0 39.81
0 0 39.85
0 0 39.88
0 0 39.91
0 0 39.95
0 0 39.98
0 0 40.01
0 0 40.05
0 0 40.08
0 0 40.11
0 0 40.15
0 0 40.18
0 0 40.21
0 0 40.25
0 0 40.28
0 0 40.31
0 0 40.35
0 0 40.38
0 0 40.41
0 0 40.45
0 0 40.48
0 0 40.52
0 0 40.55
0 0 40.58
0 0 40.61
0 0 40.65
0 0 40.68
0 0 40.71
0 0 40.75
0 0 40.78
0 0 40.81
0 0 40.85
0 0 40.88
0 0 40.91
0 0 40.95
0 0 40.98
0 0 41.01
0 0 41.05
0 0 41.08
0 0 41.11
0 0 41.15
0 0 41.18
0 0 41.21
0 0 41.25
0 0 41.28
0 0 41.31
0 0 41.35
0 0 41.38
0 0 41.41
0 0 41.44
0 0 41.48
0 0 41.51
0 0 41.54
0 0 41.58
0 0 41.61
0 0 41.64
0 0 41.68
0 0 41.71
0 0 41.74
0 0 41.78
0 0 41.81
0 0 41.85
0 0 41.88
0 0 41.91
0 0 41.94
0 0 41.98
0 0 42.01
0 0 42.04
0 0 42.08
0 0 42.11
0 0 42.14
0 0 42.18
0 0 42.21
0 0 42.25
0 0 42.28
0 0 42.31
0 0 42.35
0 0 42.38
0 0 42.41
0 0 42.44
0 0 42.48
0 0 42.51
0 0 42.55
0 0 42.58
0 0 42.61
0 0 42.64
0 0 42.68
0 0 42.71
0 0 42.74
0 0 42.78
0 0 42.81
0 0 42.85
0 0 42.88
0 0 42.91
0 0 42.94
0 0 42.98
0 0 43.01
0 0 43.04
0 0 43.08
0 0 43.11
0 0 43.14
0 0 43.18
0 0 43.21
0 0 43.25
0 0 43.28
0 0 43.31
0 0 43.35
0 0 43.38
0 0 43.41
0 0 43.44
0 0 43.48
0 0 43.51
0 0 43.54
0 0 43.58
0 0 43.61
0 0 43.64
0 0 43.68
0 0 43.71
0 0 43.75
0 0 43.78
0 0 43.81
0 0 43.85
0 0 43.88
0 0 43.91
0 0 43.95
0 0 43.98
0 0 44.01
0 0 44.04
0 0 44.08
0 0 44.11
0 0 44.14
0 0 44.18
0 0 44.21
0 0 44.25
0 0 44.28
0 0 44.31
0 0 44.35
0 0 44.38
0 0 44.41
0 0 44.44
0 0 44.48
0 0 44.51
0 0 44.54
0 0 44.58
0 0 44.61
0 0 44.64
0 0 44.68
0 0 44.71
0 0 44.74
0 0 44.78
0 0 44.81
0 0 44.85
0 0 44.88
0 0 44.91
0 0 44.94
0 0 44.98
0 0 45.01
0 0 45.04
0 0 45.08
0 0 45.11
